low,high,open,close,volume,year,month,day,weekday,days
8096.0,9740.0,9436.0,8500.0,3124600,2020,12,28,1,18624
8218.0,8583.0,8401.0,8400.0,1886191,2020,12,29,2,18625
8218.0,8522.0,8462.0,8300.0,1396514,2020,12,30,3,18626
8096.0,8279.0,8279.0,8200.0,1188032,2020,12,31,4,18627
7975.0,8279.0,8218.0,8100.0,1668474,2021,1,4,1,18631
7609.0,8096.0,8096.0,7900.0,2694485,2021,1,5,2,18632
7914.0,8462.0,7914.0,8300.0,1600793,2021,1,6,3,18633
7061.0,8401.0,8279.0,8200.0,1282512,2021,1,7,4,18634
8218.0,8401.0,8279.0,8300.0,1895056,2021,1,8,5,18635
8279.0,8401.0,8340.0,8300.0,1430979,2021,1,11,1,18638
8157.0,8401.0,8340.0,8200.0,1199367,2021,1,12,2,18639
8157.0,8401.0,8279.0,8200.0,1344451,2021,1,13,3,18640
8157.0,8279.0,8218.0,8200.0,1011050,2021,1,14,4,18641
8218.0,8644.0,8218.0,8400.0,3513332,2021,1,15,5,18642
8583.0,8949.0,8583.0,8800.0,1699857,2021,1,18,1,18645
7914.0,8827.0,8766.0,8400.0,1669363,2021,1,19,2,18646
7609.0,8340.0,8218.0,8000.0,1809537,2021,1,20,3,18647
8096.0,8340.0,8218.0,8200.0,968994,2021,1,21,4,18648
8157.0,8462.0,8340.0,8200.0,768123,2021,1,22,5,18649
7975.0,8218.0,8218.0,8100.0,634245,2021,1,25,1,18652
7609.0,8096.0,8096.0,7800.0,1887092,2021,1,26,2,18653
7488.0,7914.0,7731.0,7600.0,795936,2021,1,27,3,18654
6514.0,7548.0,7488.0,6700.0,3779320,2021,1,28,4,18655
6392.0,7366.0,6514.0,7100.0,864558,2021,1,29,5,18656
7001.0,7488.0,7305.0,7200.0,427872,2021,2,1,1,18659
6818.0,7305.0,7183.0,7100.0,1788081,2021,2,2,2,18660
7122.0,7548.0,7183.0,7400.0,957886,2021,2,3,3,18661
7305.0,7670.0,7488.0,7500.0,1986722,2021,2,4,4,18662
7488.0,7792.0,7548.0,7700.0,1295769,2021,2,5,5,18663
7427.0,7853.0,7731.0,7600.0,1463214,2021,2,8,1,18666
7548.0,7731.0,7609.0,7700.0,628355,2021,2,9,2,18667
7609.0,7792.0,7731.0,7700.0,2926458,2021,2,17,3,18675
7731.0,8035.0,7792.0,7900.0,852997,2021,2,18,4,18676
7853.0,8035.0,7975.0,7900.0,541969,2021,2,19,5,18677
7853.0,7975.0,7914.0,7900.0,729909,2021,2,22,1,18680
7731.0,7853.0,7853.0,7800.0,605861,2021,2,23,2,18681
7731.0,7914.0,7853.0,7800.0,655957,2021,2,24,3,18682
7731.0,7853.0,7853.0,7800.0,372620,2021,2,25,4,18683
7670.0,7792.0,7731.0,7700.0,679000,2021,2,26,5,18684
7731.0,7853.0,7731.0,7800.0,1004444,2021,3,1,1,18687
7792.0,7914.0,7914.0,7800.0,1097250,2021,3,2,2,18688
7731.0,7853.0,7853.0,7800.0,1338919,2021,3,3,3,18689
7792.0,8035.0,7792.0,7900.0,2346474,2021,3,4,4,18690
7792.0,7975.0,7914.0,7900.0,1283697,2021,3,5,5,18691
7853.0,8035.0,7914.0,7900.0,2594485,2021,3,8,1,18694
7975.0,8644.0,7975.0,8400.0,6415601,2021,3,9,2,18695
8401.0,8827.0,8583.0,8600.0,2289910,2021,3,10,3,18696
8401.0,8705.0,8644.0,8500.0,2180547,2021,3,11,4,18697
8401.0,8583.0,8401.0,8500.0,2372801,2021,3,12,5,18698
8462.0,8583.0,8522.0,8500.0,2448443,2021,3,15,1,18701
8522.0,8888.0,8583.0,8800.0,6346277,2021,3,16,2,18702
8827.0,9314.0,8827.0,9100.0,4548460,2021,3,17,3,18703
9009.0,9314.0,9131.0,9100.0,3639299,2021,3,18,4,18704
8888.0,9131.0,9131.0,9000.0,3632585,2021,3,19,5,18705
8827.0,9009.0,8949.0,8900.0,2044043,2021,3,22,1,18708
8644.0,8949.0,8888.0,8800.0,2299036,2021,3,23,2,18709
8279.0,8705.0,8705.0,8600.0,2921161,2021,3,24,3,18710
8401.0,8644.0,8522.0,8500.0,1734031,2021,3,25,4,18711
8157.0,8522.0,8522.0,8400.0,1565814,2021,3,26,5,18712
8462.0,8766.0,8522.0,8600.0,1616109,2021,3,29,1,18715
8705.0,8949.0,8827.0,8800.0,3520350,2021,3,30,2,18716
8888.0,9070.0,9009.0,9000.0,3160686,2021,3,31,3,18717
8705.0,9131.0,9009.0,9000.0,6379211,2021,4,1,4,18718
9070.0,10044.0,9070.0,9800.0,8148379,2021,4,2,5,18719
9740.0,10653.0,9862.0,10400.0,6477154,2021,4,5,1,18722
10044.0,10653.0,10592.0,10300.0,4994357,2021,4,6,2,18723
10166.0,10957.0,10410.0,10700.0,6305788,2021,4,7,3,18724
10714.0,12297.0,12297.0,10900.0,7216754,2021,4,8,4,18725
10653.0,12175.0,10957.0,10800.0,3097478,2021,4,9,5,18726
10836.0,11262.0,10836.0,11000.0,6079610,2021,4,12,1,18729
10592.0,11323.0,11262.0,10900.0,5918919,2021,4,13,2,18730
10531.0,10897.0,10897.0,10700.0,3147210,2021,4,14,3,18731
10653.0,10957.0,10836.0,10800.0,2956922,2021,4,15,4,18732
9983.0,10775.0,10775.0,10400.0,6027301,2021,4,16,5,18733
10044.0,10531.0,10410.0,10400.0,1752980,2021,4,19,1,18736
10288.0,10714.0,10653.0,10500.0,2242837,2021,4,20,2,18737
9923.0,10470.0,10410.0,10100.0,2855735,2021,4,22,4,18739
9740.0,10288.0,9983.0,10000.0,3079570,2021,4,23,5,18740
9740.0,10349.0,10044.0,10000.0,2083817,2021,4,26,1,18743
9740.0,9983.0,9923.0,9900.0,1122140,2021,4,27,2,18744
9862.0,10227.0,9923.0,10100.0,1867030,2021,4,28,3,18745
10166.0,10470.0,10166.0,10400.0,3091510,2021,4,29,4,18746
9923.0,10470.0,10044.0,10300.0,2519480,2021,5,4,2,18751
10288.0,10653.0,10288.0,10500.0,3356560,2021,5,5,3,18752
10349.0,11079.0,10470.0,10900.0,9123091,2021,5,6,4,18753
10653.0,11079.0,10897.0,10900.0,5115141,2021,5,7,5,18754
10653.0,11201.0,10836.0,11000.0,5881726,2021,5,10,1,18757
10836.0,11140.0,11018.0,11000.0,3986339,2021,5,11,2,18758
10714.0,10957.0,10897.0,10800.0,3235146,2021,5,12,3,18759
10775.0,11140.0,10897.0,11000.0,4826484,2021,5,13,4,18760
10957.0,11627.0,10957.0,11400.0,6584869,2021,5,14,5,18761
11140.0,11566.0,11384.0,11300.0,3731120,2021,5,17,1,18764
10957.0,11323.0,11262.0,11100.0,3279691,2021,5,18,2,18765
11018.0,11262.0,11140.0,11100.0,3022172,2021,5,19,3,18766
11140.0,11810.0,11201.0,11500.0,6307742,2021,5,20,4,18767
11566.0,12114.0,11627.0,11900.0,5010102,2021,5,21,5,18768
11688.0,11992.0,11992.0,11800.0,3551158,2021,5,24,1,18771
11688.0,12053.0,11810.0,11800.0,4302393,2021,5,25,2,18772
11871.0,12418.0,11871.0,12200.0,5979051,2021,5,26,3,18773
12175.0,13697.0,12297.0,12900.0,10970976,2021,5,27,4,18774
12905.0,13940.0,13088.0,13500.0,8030163,2021,5,28,5,18775
13514.0,15523.0,13819.0,14700.0,12708209,2021,5,31,1,18778
14306.0,15706.0,15523.0,15100.0,11380879,2021,6,1,2,18779
14001.0,14853.0,14853.0,14300.0,8133179,2021,6,2,3,18780
14184.0,15645.0,14366.0,15100.0,8006045,2021,6,3,4,18781
14793.0,15767.0,15097.0,15200.0,5990691,2021,6,4,5,18782
13819.0,15158.0,15097.0,14200.0,6443115,2021,6,7,1,18785
12723.0,14306.0,13940.0,13400.0,6273536,2021,6,8,2,18786
12358.0,13819.0,12784.0,13100.0,5587021,2021,6,9,3,18787
12845.0,13575.0,13392.0,13100.0,3337254,2021,6,10,4,18788
12966.0,14062.0,12966.0,13500.0,3141491,2021,6,11,5,18789
13392.0,13940.0,13758.0,13600.0,3419709,2021,6,14,1,18792
13088.0,13697.0,13697.0,13400.0,2407856,2021,6,15,2,18793
13027.0,13392.0,13392.0,13200.0,2240017,2021,6,16,3,18794
12784.0,13210.0,13210.0,13000.0,2385688,2021,6,17,4,18795
13088.0,13392.0,13149.0,13300.0,2043605,2021,6,18,5,18796
13027.0,13636.0,13332.0,13200.0,1566222,2021,6,21,1,18799
13027.0,13636.0,13149.0,13400.0,4251778,2021,6,22,2,18800
13514.0,14184.0,13514.0,13800.0,4238488,2021,6,23,3,18801
13636.0,14184.0,13819.0,13800.0,1624247,2021,6,24,4,18802
13392.0,13758.0,13697.0,13600.0,1733334,2021,6,25,5,18803
13697.0,14062.0,13758.0,13900.0,4464844,2021,6,28,1,18806
14062.0,14549.0,14062.0,14300.0,4105325,2021,6,29,2,18807
14001.0,14366.0,14245.0,14100.0,2413082,2021,6,30,3,18808
13819.0,14306.0,14001.0,14100.0,3566154,2021,7,1,4,18809
14245.0,14488.0,14245.0,14300.0,3225907,2021,7,2,5,18810
14184.0,14732.0,14427.0,14500.0,5270616,2021,7,5,1,18813
13392.0,15097.0,14610.0,14700.0,5271799,2021,7,6,2,18814
13514.0,14184.0,13940.0,13900.0,3432010,2021,7,7,3,18815
13636.0,14184.0,14184.0,13900.0,2408492,2021,7,8,4,18816
13453.0,14793.0,13697.0,14200.0,7478023,2021,7,9,5,18817
12175.0,14366.0,14306.0,13000.0,4378431,2021,7,12,1,18820
12845.0,13636.0,13332.0,13200.0,2448132,2021,7,13,2,18821
12297.0,13332.0,13271.0,12700.0,3117444,2021,7,14,3,18822
12418.0,13088.0,12479.0,12800.0,1554309,2021,7,15,4,18823
12723.0,13088.0,12966.0,12800.0,1384386,2021,7,16,5,18824
11079.0,12723.0,12662.0,11700.0,4841235,2021,7,19,1,18827
10897.0,11871.0,10957.0,11400.0,2781242,2021,7,20,2,18828
10957.0,11992.0,10957.0,11800.0,1264744,2021,7,21,3,18829
11444.0,11992.0,11749.0,11800.0,1509569,2021,7,22,4,18830
11566.0,12053.0,11992.0,11800.0,1554394,2021,7,23,5,18831
11262.0,11627.0,11566.0,11400.0,1263142,2021,7,26,1,18834
11505.0,11810.0,11505.0,11600.0,1118235,2021,7,27,2,18835
11505.0,11749.0,11749.0,11600.0,832637,2021,7,28,3,18836
11566.0,12297.0,11566.0,12000.0,2329717,2021,7,29,4,18837
12236.0,12601.0,12236.0,12400.0,2167381,2021,7,30,5,18838
12297.0,12784.0,12601.0,12600.0,2258126,2021,8,2,1,18841
12479.0,13027.0,12662.0,12800.0,3199606,2021,8,3,2,18842
12723.0,12966.0,12845.0,12900.0,1607435,2021,8,4,3,18843
12662.0,12966.0,12723.0,12900.0,1216091,2021,8,5,4,18844
12784.0,12966.0,12905.0,12800.0,2064740,2021,8,6,5,18845
12601.0,12966.0,12784.0,12700.0,1790083,2021,8,9,1,18848
12845.0,13392.0,12905.0,13200.0,3098059,2021,8,10,2,18849
13210.0,13575.0,13392.0,13400.0,2454317,2021,8,11,3,18850
13210.0,13453.0,13332.0,13300.0,1754540,2021,8,12,4,18851
12784.0,13332.0,13332.0,13100.0,2317528,2021,8,13,5,18852
12966.0,13514.0,13027.0,13200.0,2438889,2021,8,16,1,18855
13392.0,13819.0,13453.0,13600.0,2728245,2021,8,17,2,18856
13392.0,13636.0,13636.0,13500.0,1163721,2021,8,18,3,18857
13210.0,13514.0,13514.0,13300.0,2105819,2021,8,19,4,18858
12358.0,13392.0,13392.0,12900.0,3606154,2021,8,20,5,18859
12236.0,12601.0,12601.0,12400.0,2733229,2021,8,23,1,18862
12175.0,12479.0,12297.0,12300.0,1672258,2021,8,24,2,18863
12175.0,12479.0,12358.0,12300.0,878912,2021,8,25,3,18864
12236.0,12723.0,12479.0,12400.0,981496,2021,8,26,4,18865
12053.0,12418.0,12175.0,12400.0,1801449,2021,8,27,5,18866
12175.0,12479.0,12358.0,12300.0,1454097,2021,8,30,1,18869
12297.0,12662.0,12479.0,12400.0,1389468,2021,8,31,2,18870
12175.0,12418.0,12358.0,12300.0,1651735,2021,9,1,3,18871
12236.0,12418.0,12297.0,12300.0,2021081,2021,9,6,1,18876
12418.0,13027.0,12418.0,12800.0,3923538,2021,9,7,2,18877
12662.0,13697.0,13027.0,12800.0,1270371,2021,9,8,3,18878
12540.0,12723.0,12723.0,12600.0,1401505,2021,9,9,4,18879
12540.0,13088.0,12905.0,12600.0,1618521,2021,9,10,5,18880
12297.0,12601.0,12601.0,12400.0,1300468,2021,9,13,1,18883
13498.0,13699.0,13632.0,13600.0,959367,2021,9,14,2,18884
12175.0,12540.0,12236.0,12300.0,1178072,2021,9,15,3,18885
12358.0,12601.0,12479.0,12500.0,992052,2021,9,16,4,18886
13766.0,14169.0,13766.0,14000.0,2199215,2021,9,17,5,18887
12723.0,13332.0,12784.0,13100.0,3371542,2021,9,20,1,18890
12662.0,13027.0,13027.0,12800.0,2124766,2021,9,21,2,18891
12723.0,12966.0,12723.0,12900.0,1265745,2021,9,22,3,18892
12845.0,13392.0,13027.0,13200.0,4084514,2021,9,23,4,18893
13210.0,13636.0,13271.0,13400.0,4323552,2021,9,24,5,18894
12784.0,13636.0,13392.0,13100.0,1798475,2021,9,27,1,18897
12479.0,12966.0,12784.0,12700.0,1585885,2021,9,28,2,18898
12540.0,12845.0,12784.0,12700.0,1209946,2021,9,29,3,18899
12662.0,12905.0,12662.0,12800.0,1064206,2021,9,30,4,18900
12479.0,12784.0,12784.0,12600.0,1924284,2021,10,1,5,18901
12358.0,12601.0,12540.0,12400.0,2499832,2021,10,4,1,18904
12358.0,12601.0,12418.0,12500.0,784574,2021,10,5,2,18905
12418.0,12601.0,12540.0,12500.0,722082,2021,10,6,3,18906
12540.0,12723.0,12662.0,12600.0,663189,2021,10,7,4,18907
10714.0,12662.0,12479.0,12500.0,782347,2021,10,8,5,18908
12540.0,12905.0,12540.0,12700.0,1348518,2021,10,11,1,18911
10836.0,13088.0,10836.0,12900.0,809702,2021,10,12,2,18912
10957.0,12905.0,10957.0,12800.0,785298,2021,10,13,3,18913
12175.0,13027.0,12175.0,12900.0,1576654,2021,10,14,4,18914
12175.0,12966.0,12175.0,12800.0,1620327,2021,10,15,5,18915
12479.0,12966.0,12479.0,12800.0,1029405,2021,10,18,1,18918
12479.0,12845.0,12479.0,12700.0,770584,2021,10,19,2,18919
12479.0,12905.0,12479.0,12800.0,1382027,2021,10,20,3,18920
12662.0,12905.0,12662.0,12800.0,922848,2021,10,21,4,18921
12479.0,12905.0,12479.0,12800.0,938393,2021,10,22,5,18922
12479.0,12784.0,12479.0,12600.0,1186289,2021,10,25,1,18925
12479.0,12662.0,12662.0,12600.0,1239893,2021,10,26,2,18926
10836.0,13392.0,10836.0,13100.0,2600085,2021,10,27,3,18927
12966.0,13332.0,13149.0,13100.0,2252543,2021,10,28,4,18928
12236.0,13210.0,12236.0,13100.0,2171755,2021,10,29,5,18929
13027.0,13271.0,13088.0,13100.0,2903547,2021,11,1,1,18932
13149.0,13636.0,13392.0,13500.0,5279714,2021,11,2,2,18933
13392.0,14793.0,13575.0,13900.0,8675121,2021,11,3,3,18934
14062.0,14610.0,14610.0,14300.0,3339916,2021,11,4,4,18935
13819.0,14306.0,14001.0,14000.0,2347852,2021,11,5,5,18936
15042.0,15580.0,15378.0,15300.0,5122248,2021,11,8,1,18939
15853.0,16742.0,16668.0,16100.0,3071611,2021,11,9,2,18940
15631.0,16149.0,16075.0,15800.0,1800883,2021,11,10,3,18941
15260.0,15853.0,15853.0,15400.0,2920142,2021,11,11,4,18942
15260.0,15779.0,15260.0,15500.0,1484280,2021,11,12,5,18943
13186.0,15853.0,13186.0,15600.0,1394029,2021,11,15,1,18946
13705.0,15779.0,13705.0,15600.0,1259536,2021,11,16,2,18947
15409.0,15631.0,15631.0,15500.0,1162710,2021,11,17,3,18948
15409.0,15779.0,15409.0,15500.0,1706396,2021,11,18,4,18949
15409.0,16298.0,15409.0,15900.0,3821388,2021,11,19,5,18950
15705.0,17335.0,15705.0,16700.0,7425098,2021,11,22,1,18953
16149.0,17038.0,17038.0,16600.0,1953114,2021,11,23,2,18954
16372.0,18150.0,17038.0,17400.0,11773565,2021,11,24,3,18955
17483.0,18150.0,18150.0,17700.0,4011387,2021,11,25,4,18956
16298.0,17927.0,16298.0,17500.0,3107531,2021,11,26,5,18957
16668.0,17112.0,16742.0,16800.0,3617859,2021,11,29,1,18960
16298.0,17261.0,16890.0,16700.0,4849477,2021,11,30,2,18961
14446.0,16742.0,14446.0,16400.0,2977215,2021,12,1,3,18962
16372.0,16742.0,16372.0,16500.0,987045,2021,12,2,4,18963
14149.0,16594.0,14149.0,16200.0,3213269,2021,12,3,5,18964
14964.0,16001.0,15927.0,15500.0,3236798,2021,12,6,1,18967
14446.0,15779.0,14446.0,15600.0,1396883,2021,12,7,2,18968
15409.0,15927.0,15557.0,15600.0,3263119,2021,12,8,3,18969
15483.0,16224.0,16224.0,15600.0,877812,2021,12,9,4,18970
13705.0,15927.0,13705.0,15700.0,1212060,2021,12,10,5,18971
15409.0,15705.0,15409.0,15600.0,1714745,2021,12,13,1,18974
15335.0,15631.0,15557.0,15500.0,1767901,2021,12,14,2,18975
15260.0,15705.0,15260.0,15500.0,1406692,2021,12,15,3,18976
15260.0,15557.0,15260.0,15400.0,1387817,2021,12,16,4,18977
15186.0,15483.0,15186.0,15400.0,1793895,2021,12,17,5,18978
15409.0,15705.0,15483.0,15500.0,1498049,2021,12,20,1,18981
15409.0,15705.0,15705.0,15500.0,1119431,2021,12,21,2,18982
15335.0,16298.0,16298.0,15500.0,1399073,2021,12,22,3,18983
14964.0,15705.0,15705.0,15200.0,3309859,2021,12,23,4,18984
15186.0,15853.0,15557.0,15600.0,3437579,2021,12,24,5,18985
15779.0,17779.0,15779.0,16900.0,5589501,2021,12,27,1,18988
16594.0,17409.0,17038.0,17000.0,4801813,2021,12,28,2,18989
16594.0,17187.0,17038.0,16800.0,3042459,2021,12,29,3,18990
15927.0,16964.0,16816.0,16200.0,4669777,2021,12,30,4,18991
16075.0,16668.0,16298.0,16400.0,2315161,2021,12,31,5,18992
16149.0,16668.0,16594.0,16300.0,2677870,2022,1,4,2,18996
16298.0,16742.0,16668.0,16400.0,4339612,2022,1,5,3,18997
15927.0,16668.0,16446.0,16100.0,2683357,2022,1,6,4,18998
16001.0,16298.0,16298.0,16100.0,2356401,2022,1,7,5,18999
15631.0,16298.0,16298.0,15900.0,3292396,2022,1,10,1,19002
15483.0,15927.0,15927.0,15700.0,2111110,2022,1,11,2,19003
15260.0,16001.0,15705.0,15600.0,3346275,2022,1,12,3,19004
15779.0,16372.0,15927.0,16100.0,2867623,2022,1,13,4,19005
15927.0,16372.0,16075.0,16200.0,3185278,2022,1,14,5,19006
15631.0,16298.0,16224.0,16000.0,3639020,2022,1,17,1,19009
15260.0,15927.0,15631.0,15500.0,2371280,2022,1,18,2,19010
15335.0,15631.0,15483.0,15500.0,1026169,2022,1,19,3,19011
15335.0,15927.0,15779.0,15400.0,1406080,2022,1,20,4,19012
15483.0,15927.0,15631.0,15700.0,2478109,2022,1,21,5,19013
15483.0,15927.0,15927.0,15800.0,2146739,2022,1,24,1,19016
15483.0,16075.0,15779.0,15800.0,2160994,2022,1,25,2,19017
16075.0,17038.0,16075.0,16700.0,5025759,2022,1,26,3,19018
16668.0,16964.0,16816.0,16800.0,2045522,2022,1,27,4,19019
16742.0,17187.0,16816.0,17000.0,3045134,2022,1,28,5,19020
16964.0,17409.0,17038.0,17200.0,3806624,2022,2,7,1,19030
16964.0,17409.0,17409.0,17100.0,3861386,2022,2,8,2,19031
16890.0,17187.0,17187.0,17000.0,5550187,2022,2,9,3,19032
17000.0,19000.0,17000.0,18100.0,7924417,2022,2,10,4,19033
17900.0,18500.0,18200.0,18100.0,2766652,2022,2,11,5,19034
17300.0,18200.0,18100.0,17600.0,4203103,2022,2,14,1,19037
17100.0,17600.0,17500.0,17300.0,2810120,2022,2,15,2,19038
17200.0,17500.0,17400.0,17400.0,1762053,2022,2,16,3,19039
17300.0,17500.0,17500.0,17400.0,1329928,2022,2,17,4,19040
17200.0,17400.0,17400.0,17300.0,1369386,2022,2,18,5,19041
17100.0,17400.0,17400.0,17200.0,2014775,2022,2,21,1,19044
16800.0,17300.0,17100.0,17000.0,3366573,2022,2,22,2,19045
17000.0,17300.0,17100.0,17100.0,1199752,2022,2,23,3,19046
16500.0,17100.0,17100.0,16800.0,3115059,2022,2,24,4,19047
16700.0,17000.0,16800.0,16800.0,1505363,2022,2,25,5,19048
16600.0,16900.0,16900.0,16700.0,1104659,2022,2,28,1,19051
16600.0,16800.0,16800.0,16700.0,1337649,2022,3,1,2,19052
16400.0,16800.0,16700.0,16500.0,1442080,2022,3,2,3,19053
16400.0,16700.0,16600.0,16500.0,1133404,2022,3,3,4,19054
16500.0,16900.0,16700.0,16700.0,2039626,2022,3,4,5,19055
16400.0,16800.0,16700.0,16500.0,1629613,2022,3,7,1,19058
16100.0,16600.0,16500.0,16300.0,1494881,2022,3,8,2,19059
16000.0,16400.0,16100.0,16100.0,2066914,2022,3,9,3,19060
16100.0,16400.0,16200.0,16300.0,887186,2022,3,10,4,19061
15900.0,16300.0,16300.0,16100.0,1354011,2022,3,11,5,19062
15700.0,16100.0,16100.0,15800.0,1832258,2022,3,14,1,19065
15800.0,16000.0,15800.0,15900.0,906564,2022,3,15,2,19066
15800.0,16100.0,15900.0,15900.0,782793,2022,3,16,3,19067
15900.0,16100.0,16000.0,16000.0,959873,2022,3,17,4,19068
16000.0,16200.0,16200.0,16100.0,640594,2022,3,18,5,19069
16000.0,16200.0,16100.0,16000.0,802850,2022,3,21,1,19072
16000.0,16500.0,16100.0,16300.0,1871646,2022,3,22,2,19073
16400.0,16800.0,16400.0,16700.0,2518602,2022,3,23,3,19074
16400.0,16800.0,16800.0,16500.0,691019,2022,3,24,4,19075
16300.0,16600.0,16500.0,16400.0,1039082,2022,3,25,5,19076
15900.0,16300.0,16100.0,16000.0,3161745,2022,3,28,1,19079
15900.0,16300.0,16300.0,16000.0,1568362,2022,3,29,2,19080
15700.0,16100.0,16000.0,15900.0,2649586,2022,3,30,3,19081
15800.0,16100.0,15800.0,15900.0,1592587,2022,3,31,4,19082
15800.0,16100.0,15900.0,16000.0,1627468,2022,4,1,5,19083
16000.0,16500.0,16100.0,16300.0,1798478,2022,4,4,1,19086
16000.0,16300.0,16200.0,16100.0,1032172,2022,4,5,2,19087
15900.0,16200.0,16100.0,16100.0,1345653,2022,4,6,3,19088
15900.0,16200.0,16200.0,16000.0,1164870,2022,4,7,4,19089
15700.0,16100.0,16000.0,15800.0,2171420,2022,4,8,5,19090
15100.0,15800.0,15800.0,15300.0,4288156,2022,4,12,2,19094
14600.0,15300.0,15100.0,14900.0,2516547,2022,4,13,3,19095
14900.0,15200.0,15000.0,15000.0,1192102,2022,4,14,4,19096
14400.0,15000.0,15000.0,14700.0,2247093,2022,4,15,5,19097
13700.0,14800.0,14700.0,14000.0,3115187,2022,4,18,1,19100
13400.0,14000.0,13900.0,13600.0,2573891,2022,4,19,2,19101
13000.0,13500.0,13400.0,13300.0,2584779,2022,4,20,3,19102
11800.0,13100.0,13000.0,12500.0,3678393,2022,4,21,4,19103
12600.0,13400.0,12600.0,13100.0,1981252,2022,4,22,5,19104
12300.0,13400.0,13200.0,12800.0,2107119,2022,4,25,1,19107
12000.0,13200.0,12800.0,12500.0,2043791,2022,4,26,2,19108
12400.0,13000.0,13000.0,12700.0,1417787,2022,4,27,3,19109
12800.0,13100.0,13000.0,12900.0,1133300,2022,4,28,4,19110
12700.0,13000.0,12900.0,12900.0,1600291,2022,4,29,5,19111
12700.0,13100.0,12900.0,12900.0,1475000,2022,5,4,3,19116
12700.0,13100.0,12900.0,12800.0,1565102,2022,5,5,4,19117
12300.0,12800.0,12800.0,12500.0,1503821,2022,5,6,5,19118
11300.0,12400.0,12400.0,11800.0,2541878,2022,5,9,1,19121
11000.0,11900.0,11500.0,11500.0,1803861,2022,5,10,2,19122
11500.0,11900.0,11700.0,11700.0,1151843,2022,5,11,3,19123
11000.0,11700.0,11600.0,11300.0,2590510,2022,5,12,4,19124
10400.0,11200.0,11200.0,10900.0,2532768,2022,5,13,5,19125
10600.0,11600.0,11600.0,11000.0,1411642,2022,5,16,1,19128
10600.0,11700.0,10800.0,11200.0,2628672,2022,5,17,2,19129
11500.0,12000.0,12000.0,11800.0,1822680,2022,5,18,3,19130
11300.0,11700.0,11600.0,11500.0,1383966,2022,5,19,4,19131
11500.0,12500.0,12500.0,11600.0,1367755,2022,5,20,5,19132
11300.0,12400.0,12400.0,11500.0,1437567,2022,5,23,1,19135
11200.0,13200.0,13200.0,11500.0,1254292,2022,5,24,2,19136
11500.0,12200.0,11900.0,11800.0,5139331,2022,5,25,3,19137
11900.0,12300.0,12000.0,12100.0,3129371,2022,5,26,4,19138
11900.0,12200.0,12000.0,12100.0,1717686,2022,5,27,5,19139
12000.0,12200.0,12100.0,12100.0,1353479,2022,5,30,1,19142
11800.0,12100.0,12100.0,11900.0,1493276,2022,5,31,2,19143
11600.0,12000.0,11900.0,11800.0,1307350,2022,6,1,3,19144
11600.0,11800.0,11700.0,11700.0,854281,2022,6,2,4,19145
11400.0,11700.0,11400.0,11500.0,657011,2022,6,3,5,19146
11300.0,11600.0,11400.0,11500.0,804597,2022,6,6,1,19149
11100.0,11500.0,11300.0,11200.0,1152230,2022,6,7,2,19150
11300.0,11800.0,11300.0,11600.0,1713808,2022,6,8,3,19151
9900.0,11800.0,9900.0,11600.0,474488,2022,6,9,4,19152
11300.0,11700.0,11300.0,11500.0,896998,2022,6,10,5,19153
10800.0,11400.0,11400.0,11000.0,1861916,2022,6,13,1,19156
10500.0,11000.0,10600.0,10700.0,1494534,2022,6,14,2,19157
10200.0,10800.0,10400.0,10400.0,1765037,2022,6,15,3,19158
8900.0,10700.0,8900.0,10400.0,667835,2022,6,16,4,19159
9800.0,10400.0,10100.0,10100.0,2368859,2022,6,17,5,19160
8600.0,10200.0,8600.0,10000.0,1394829,2022,6,20,1,19163
9600.0,10000.0,9600.0,9800.0,1022225,2022,6,21,2,19164
9800.0,10200.0,9900.0,10000.0,1537322,2022,6,22,3,19165
9900.0,10200.0,10000.0,10100.0,586040,2022,6,23,4,19166
10100.0,10400.0,10100.0,10200.0,1688965,2022,6,24,5,19167
10100.0,10500.0,10200.0,10300.0,944086,2022,6,27,1,19170
10400.0,10700.0,10400.0,10600.0,1335164,2022,6,28,2,19171
10500.0,10800.0,10700.0,10600.0,1079073,2022,6,29,3,19172
10300.0,10700.0,10600.0,10500.0,864182,2022,6,30,4,19173
10000.0,10400.0,10400.0,10200.0,948831,2022,7,1,5,19174
10200.0,10400.0,10300.0,10300.0,654715,2022,7,4,1,19177
10000.0,10500.0,10300.0,10300.0,1285825,2022,7,5,2,19178
10200.0,10400.0,10300.0,10300.0,1123871,2022,7,6,3,19179
10000.0,10300.0,10300.0,10200.0,869354,2022,7,7,4,19180
10100.0,10300.0,10200.0,10200.0,594798,2022,7,8,5,19181
10000.0,10300.0,10200.0,10100.0,1214316,2022,7,11,1,19184
10000.0,10300.0,10300.0,10100.0,697724,2022,7,12,2,19185
10100.0,10800.0,10200.0,10500.0,3183252,2022,7,13,3,19186
10400.0,10900.0,10500.0,10700.0,2260269,2022,7,14,4,19187
10600.0,10900.0,10600.0,10800.0,1164560,2022,7,15,5,19188
10500.0,10800.0,10800.0,10600.0,2156414,2022,7,18,1,19191
10300.0,10600.0,10600.0,10400.0,1238382,2022,7,19,2,19192
10400.0,10800.0,10500.0,10600.0,1069381,2022,7,20,3,19193
10600.0,11000.0,10600.0,10900.0,3836789,2022,7,21,4,19194
10900.0,11300.0,10900.0,11100.0,2627683,2022,7,22,5,19195
10800.0,11100.0,11100.0,10900.0,1133417,2022,7,25,1,19198
10700.0,10900.0,10900.0,10800.0,1618276,2022,7,26,2,19199
10600.0,11000.0,10700.0,10700.0,1984296,2022,7,27,3,19200
10900.0,11500.0,10900.0,11300.0,4203073,2022,7,28,4,19201
11300.0,11600.0,11400.0,11400.0,2121824,2022,7,29,5,19202
11400.0,11800.0,11400.0,11600.0,2756757,2022,8,1,1,19205
11600.0,11800.0,11700.0,11700.0,2114470,2022,8,2,2,19206
11300.0,11800.0,11700.0,11600.0,2192391,2022,8,3,3,19207
11600.0,11800.0,11800.0,11700.0,2147377,2022,8,4,4,19208
11600.0,11800.0,11700.0,11700.0,921518,2022,8,5,5,19209
11600.0,11800.0,11700.0,11700.0,1546607,2022,8,8,1,19212
11600.0,11800.0,11600.0,11700.0,1618066,2022,8,9,2,19213
11600.0,11800.0,11700.0,11700.0,1351071,2022,8,10,3,19214
11700.0,12100.0,11800.0,11900.0,2707203,2022,8,11,4,19215
11600.0,11800.0,11800.0,11700.0,946412,2022,8,12,5,19216
11700.0,12100.0,11700.0,12000.0,2165789,2022,8,15,1,19219
11800.0,12000.0,12000.0,11900.0,1103965,2022,8,16,2,19220
11700.0,12000.0,11900.0,11800.0,939135,2022,8,17,3,19221
11600.0,11800.0,11700.0,11700.0,1160118,2022,8,18,4,19222
11600.0,11800.0,11800.0,11700.0,1123156,2022,8,19,5,19223
11500.0,11700.0,11700.0,11600.0,1491085,2022,8,22,1,19226
11400.0,11700.0,11600.0,11500.0,1156533,2022,8,23,2,19227
11500.0,11800.0,11700.0,11700.0,1067809,2022,8,24,3,19228
11600.0,11900.0,11700.0,11800.0,936385,2022,8,25,4,19229
11600.0,11900.0,11800.0,11800.0,1463961,2022,8,26,5,19230
11400.0,11700.0,11700.0,11500.0,2038304,2022,8,29,1,19233
11500.0,11800.0,11500.0,11600.0,825822,2022,8,30,2,19234
11400.0,11600.0,11600.0,11500.0,848989,2022,8,31,3,19235
11500.0,11700.0,11500.0,11600.0,618225,2022,9,5,1,19240
11400.0,11700.0,11600.0,11500.0,946944,2022,9,6,2,19241
11100.0,11500.0,11500.0,11300.0,1836992,2022,9,7,3,19242
11000.0,11300.0,11200.0,11100.0,1493234,2022,9,8,4,19243
11000.0,11300.0,11200.0,11100.0,842579,2022,9,9,5,19244
11100.0,11300.0,11200.0,11200.0,566418,2022,9,12,1,19247
10900.0,11200.0,11200.0,11000.0,634392,2022,9,13,2,19248
10800.0,11000.0,10900.0,10800.0,1158845,2022,9,14,3,19249
10800.0,11000.0,10800.0,10900.0,497596,2022,9,15,4,19250
10700.0,11000.0,10800.0,10800.0,917286,2022,9,16,5,19251
10400.0,10900.0,10800.0,10600.0,1457428,2022,9,19,1,19254
10500.0,10700.0,10500.0,10600.0,699732,2022,9,20,2,19255
10400.0,10600.0,10600.0,10500.0,839582,2022,9,21,3,19256
10400.0,10600.0,10500.0,10500.0,648199,2022,9,22,4,19257
10400.0,10700.0,10600.0,10600.0,657957,2022,9,23,5,19258
10100.0,10500.0,10400.0,10200.0,1802742,2022,9,26,1,19261
10000.0,10300.0,10100.0,10200.0,646315,2022,9,27,2,19262
10000.0,10200.0,10200.0,10100.0,887864,2022,9,28,3,19263
10000.0,10300.0,10100.0,10100.0,523238,2022,9,29,4,19264
9800.0,10200.0,10000.0,10000.0,1403834,2022,9,30,5,19265
9500.0,10100.0,10100.0,9800.0,1585269,2022,10,3,1,19268
9600.0,10300.0,9800.0,9700.0,940773,2022,10,4,2,19269
9700.0,9900.0,9800.0,9800.0,982811,2022,10,5,3,19270
9100.0,9900.0,9900.0,9500.0,1581047,2022,10,6,4,19271
8500.0,9500.0,9500.0,8800.0,2953622,2022,10,7,5,19272
8300.0,8800.0,8500.0,8600.0,2006551,2022,10,10,1,19275
8100.0,8800.0,8700.0,8400.0,1316353,2022,10,11,2,19276
8100.0,8800.0,8300.0,8600.0,1543655,2022,10,12,3,19277
8500.0,8700.0,8700.0,8600.0,589953,2022,10,13,4,19278
8700.0,9300.0,8700.0,9000.0,2228700,2022,10,14,5,19279
8700.0,9200.0,9000.0,8900.0,653724,2022,10,17,1,19282
8900.0,9200.0,8900.0,9000.0,517314,2022,10,18,2,19283
8800.0,9000.0,9000.0,8900.0,765020,2022,10,19,3,19284
8700.0,9000.0,9000.0,8800.0,539296,2022,10,20,4,19285
8300.0,8900.0,8900.0,8500.0,1136587,2022,10,21,5,19286
7700.0,8600.0,8500.0,8000.0,2007713,2022,10,24,1,19289
7500.0,8200.0,8000.0,7900.0,989473,2022,10,25,2,19290
7800.0,8200.0,8100.0,7900.0,1098630,2022,10,26,3,19291
7800.0,8400.0,8000.0,8200.0,1480517,2022,10,27,4,19292
8300.0,8600.0,8300.0,8400.0,840419,2022,10,28,5,19293
8200.0,8700.0,8500.0,8400.0,889220,2022,10,31,1,19296
8200.0,8500.0,8300.0,8400.0,1100567,2022,11,1,2,19297
8300.0,8500.0,8400.0,8400.0,513969,2022,11,2,3,19298
8200.0,8400.0,8300.0,8300.0,562578,2022,11,3,4,19299
7900.0,8300.0,8300.0,8100.0,951296,2022,11,4,5,19300
7800.0,8300.0,8100.0,7900.0,523232,2022,11,7,1,19303
7800.0,8000.0,7800.0,7900.0,669078,2022,11,8,2,19304
7900.0,8100.0,7900.0,8000.0,336516,2022,11,9,3,19305
7300.0,8000.0,8000.0,7600.0,1252501,2022,11,10,4,19306
7000.0,7800.0,7600.0,7400.0,1352181,2022,11,11,5,19307
6600.0,7300.0,7300.0,6900.0,1183644,2022,11,14,1,19310
6000.0,6900.0,6500.0,6200.0,2198904,2022,11,15,2,19311
5800.0,6800.0,6000.0,6200.0,1988285,2022,11,16,3,19312
6600.0,7100.0,6700.0,7000.0,2132540,2022,11,17,4,19313
6700.0,7300.0,7100.0,7000.0,1279387,2022,11,18,5,19314
6800.0,7400.0,7100.0,7100.0,1915387,2022,11,21,1,19317
7100.0,7700.0,7200.0,7400.0,2137973,2022,11,22,2,19318
7200.0,7600.0,7500.0,7300.0,1012691,2022,11,23,3,19319
7000.0,7400.0,7200.0,7200.0,1176948,2022,11,24,4,19320
7200.0,7600.0,7300.0,7400.0,1535142,2022,11,25,5,19321
7600.0,8100.0,7700.0,7900.0,1580790,2022,11,28,1,19324
7800.0,8200.0,8200.0,8000.0,1394039,2022,11,29,2,19325
8000.0,8200.0,8100.0,8100.0,1060035,2022,11,30,3,19326
8100.0,8900.0,8200.0,8500.0,4473372,2022,12,1,4,19327
8400.0,8900.0,8600.0,8700.0,1585564,2022,12,2,5,19328
8700.0,9300.0,8900.0,9000.0,2222285,2022,12,5,1,19331
8300.0,9400.0,9100.0,8900.0,3488206,2022,12,6,2,19332
7700.0,8800.0,8500.0,8200.0,3102457,2022,12,7,3,19333
8000.0,8800.0,8200.0,8500.0,1567836,2022,12,8,4,19334
8200.0,8600.0,8600.0,8400.0,892305,2022,12,9,5,19335
8200.0,8600.0,8200.0,8400.0,1474284,2022,12,12,1,19338
8200.0,8500.0,8300.0,8300.0,933760,2022,12,13,2,19339
8300.0,8600.0,8500.0,8500.0,879943,2022,12,14,3,19340
8400.0,8700.0,8500.0,8600.0,1041482,2022,12,15,4,19341
8400.0,8600.0,8500.0,8500.0,657670,2022,12,16,5,19342
8300.0,8600.0,8500.0,8500.0,942607,2022,12,19,1,19345
8000.0,8400.0,8400.0,8100.0,1263007,2022,12,20,2,19346
7900.0,8300.0,8200.0,8000.0,816552,2022,12,21,3,19347
7900.0,8200.0,8100.0,8100.0,448869,2022,12,22,4,19348
8000.0,8200.0,8100.0,8100.0,812707,2022,12,23,5,19349
7700.0,8100.0,8100.0,7900.0,894000,2022,12,26,1,19352
7700.0,8000.0,7800.0,7900.0,434710,2022,12,27,2,19353
7800.0,8100.0,8000.0,8000.0,448539,2022,12,28,3,19354
7900.0,8100.0,8000.0,8000.0,219565,2022,12,29,4,19355
7900.0,8000.0,8000.0,8000.0,294937,2022,12,30,5,19356
8000.0,8400.0,8000.0,8200.0,881520,2023,1,3,2,19360
8200.0,8400.0,8400.0,8300.0,1181054,2023,1,4,3,19361
8200.0,8400.0,8400.0,8300.0,420999,2023,1,5,4,19362
8200.0,8500.0,8400.0,8400.0,1194942,2023,1,6,5,19363
8300.0,8500.0,8300.0,8400.0,443754,2023,1,9,1,19366
8200.0,8400.0,8400.0,8300.0,530166,2023,1,10,2,19367
8300.0,8400.0,8400.0,8300.0,685226,2023,1,11,3,19368
8300.0,8400.0,8300.0,8400.0,408436,2023,1,12,4,19369
8300.0,8500.0,8300.0,8400.0,730314,2023,1,13,5,19370
8300.0,8500.0,8400.0,8400.0,635447,2023,1,16,1,19373
8400.0,8600.0,8400.0,8500.0,1119533,2023,1,17,2,19374
8500.0,8700.0,8500.0,8600.0,1145458,2023,1,18,3,19375
8600.0,8700.0,8600.0,8600.0,897049,2023,1,19,4,19376
8600.0,8900.0,8600.0,8800.0,2149117,2023,1,27,5,19384
8600.0,8900.0,8800.0,8700.0,1308526,2023,1,30,1,19387
8500.0,8800.0,8700.0,8700.0,1485444,2023,1,31,2,19388
8500.0,8800.0,8800.0,8700.0,1591284,2023,2,1,3,19389
8500.0,8700.0,8500.0,8500.0,773516,2023,2,2,4,19390
8400.0,8600.0,8500.0,8500.0,753156,2023,2,3,5,19391
8300.0,8500.0,8400.0,8400.0,1043380,2023,2,6,1,19394
8000.0,8500.0,8500.0,8200.0,1748585,2023,2,7,2,19395
8000.0,8200.0,8200.0,8100.0,951765,2023,2,8,3,19396
8100.0,8300.0,8100.0,8200.0,304212,2023,2,9,4,19397
7900.0,8300.0,8200.0,8000.0,1473975,2023,2,10,5,19398
7800.0,8100.0,8000.0,7900.0,1151661,2023,2,13,1,19401
7900.0,8000.0,7900.0,7900.0,292815,2023,2,14,2,19402
7800.0,8100.0,7900.0,7900.0,564225,2023,2,15,3,19403
7900.0,8100.0,7900.0,8000.0,734305,2023,2,16,4,19404
7900.0,8100.0,8100.0,8000.0,422236,2023,2,17,5,19405
8000.0,8200.0,8100.0,8000.0,1327330,2023,2,20,1,19408
8100.0,8300.0,8100.0,8200.0,1082291,2023,2,21,2,19409
8000.0,8200.0,8200.0,8100.0,813029,2023,2,22,3,19410
7900.0,8200.0,8100.0,8000.0,808574,2023,2,23,4,19411
7900.0,8100.0,8100.0,8000.0,213446,2023,2,24,5,19412
7800.0,8000.0,8000.0,7900.0,1069452,2023,2,27,1,19415
7800.0,8000.0,7900.0,7900.0,365349,2023,2,28,2,19416
