low,high,open,close,volume,year,month,day,weekday,days
273.0,316.125,315.75,277.5,115083,2000,2,8,2,10995
243.75,276.75,276.0,264.0,47983,2000,2,9,3,10996
265.5,294.0,265.5,287.15625,47200,2000,2,10,4,10997
261.375,281.25,274.125,268.5,32250,2000,2,11,5,10998
268.5,306.0,271.125,274.5,41150,2000,2,14,1,11001
258.75,292.5,274.875,287.25,46617,2000,2,15,2,11002
287.25,336.0,298.125,310.5,75250,2000,2,16,3,11003
273.0,321.75,321.75,279.75,69733,2000,2,17,4,11004
256.5,282.0,281.625,264.75,62717,2000,2,18,5,11005
225.0,265.5,265.5,236.25,60083,2000,2,22,2,11009
243.75,273.0,247.5,270.0,27450,2000,2,23,3,11010
270.0,299.25,279.0,289.5,46433,2000,2,24,4,11011
264.0,300.0,298.5,270.0,88967,2000,2,25,5,11012
224.625,277.5,267.0,240.0,42167,2000,2,28,1,11015
262.5,330.0,270.0,270.0,206083,2000,2,29,2,11016
276.75,329.25,309.75,283.875,112033,2000,3,1,3,11017
273.375,306.75,285.0,275.25,42067,2000,3,2,4,11018
270.0,294.75,281.25,274.5,29833,2000,3,3,5,11019
264.0,280.875,276.0,267.0,39833,2000,3,6,1,11022
246.0,279.0,271.5,271.5,61983,2000,3,7,2,11023
272.25,327.0,272.25,300.0,118567,2000,3,8,3,11024
297.75,360.0,310.5,315.75,148517,2000,3,9,4,11025
300.0,324.0,319.5,301.5,50917,2000,3,10,5,11026
273.75,298.125,298.125,282.75,22600,2000,3,13,1,11029
235.5,291.0,284.625,249.75,56833,2000,3,14,2,11030
240.0,276.0,269.625,254.25,82800,2000,3,15,3,11031
195.0,257.25,257.25,204.0,54333,2000,3,16,4,11032
186.0,222.0,222.0,198.0,46817,2000,3,17,5,11033
168.375,216.0,210.0,178.5,25783,2000,3,20,1,11036
135.0,181.5,181.5,141.0,74833,2000,3,21,2,11037
139.5,184.5,151.5,181.5,111583,2000,3,22,3,11038
168.0,216.0,215.25,183.0,47550,2000,3,23,4,11039
166.5,186.0,177.0,177.0,23200,2000,3,24,5,11040
168.0,182.25,181.5,181.5,6033,2000,3,27,1,11043
145.5,178.875,176.25,156.75,34000,2000,3,28,2,11044
144.0,159.75,154.5,149.34375,21967,2000,3,29,3,11045
109.5,154.5,150.75,117.0,79183,2000,3,30,4,11046
112.5,135.0,133.5,122.25,41283,2000,3,31,5,11047
102.0,130.5,126.375,111.0,48600,2000,4,3,1,11050
90.0,122.625,122.25,115.5,68333,2000,4,4,2,11051
102.0,129.0,116.25,123.75,123500,2000,4,5,3,11052
105.0,135.0,129.0,111.0,70917,2000,4,6,4,11053
105.0,119.625,114.375,108.75,41833,2000,4,7,5,11054
89.25,111.65625,111.375,96.0,44967,2000,4,10,1,11057
84.0,96.75,96.0,84.375,55800,2000,4,11,2,11058
81.0,87.0,87.0,84.375,33600,2000,4,12,3,11059
80.25,94.5,86.625,83.625,27817,2000,4,13,4,11060
60.0,76.5,72.09375,64.875,89600,2000,4,14,5,11061
62.25,75.0,64.125,66.0,28467,2000,4,17,1,11064
69.75,87.0,69.75,84.75,33583,2000,4,18,2,11065
88.875,96.0,93.0,90.0,38533,2000,4,19,3,11066
88.875,94.5,92.625,90.0,18633,2000,4,20,4,11067
86.25,91.5,90.0,90.0,28433,2000,4,24,1,11071
88.875,93.0,92.0625,91.5,8433,2000,4,25,2,11072
89.8125,93.75,90.0,90.75,10167,2000,4,26,3,11073
87.0,91.5,89.625,89.25,1300,2000,4,27,4,11074
87.75,99.0,87.75,99.0,10983,2000,4,28,5,11075
98.25,122.25,99.0,120.0,34250,2000,5,1,1,11078
108.0,117.0,108.0,110.625,14217,2000,5,2,2,11079
102.0,116.25,103.125,111.75,17900,2000,5,3,3,11080
106.5,121.5,114.0,115.875,7150,2000,5,4,4,11081
114.75,123.0,118.5,114.75,6000,2000,5,5,5,11082
113.25,117.0,114.75,115.125,10250,2000,5,8,1,11085
109.5,115.125,115.125,112.125,12017,2000,5,9,2,11086
104.25,112.5,112.5,106.125,13833,2000,5,10,3,11087
103.5,117.0,107.625,104.25,59950,2000,5,11,4,11088
105.0,114.75,105.0,114.0,10250,2000,5,12,5,11089
105.75,117.0,111.0,116.625,10183,2000,5,15,1,11092
114.0,118.5,118.3125,118.5,10867,2000,5,16,2,11093
118.125,132.0,118.5,129.0,17950,2000,5,17,3,11094
110.625,131.25,131.25,118.125,17450,2000,5,18,4,11095
117.0,126.0,119.625,122.25,14733,2000,5,19,5,11096
87.375,123.0,121.5,98.25,69567,2000,5,22,1,11099
87.0,101.25,101.25,87.0,10250,2000,5,23,2,11100
63.0,87.0,84.75,87.0,59017,2000,5,24,3,11101
79.5,89.25,88.5,83.25,17617,2000,5,25,4,11102
74.25,84.0,84.0,80.25,5700,2000,5,26,5,11103
74.25,87.75,74.25,86.625,7717,2000,5,30,2,11107
81.75,88.5,86.625,83.25,6167,2000,5,31,3,11108
82.125,87.0,87.0,86.25,17500,2000,6,1,4,11109
87.0,93.0,88.5,90.75,11683,2000,6,2,5,11110
88.5,96.0,92.25,96.0,15683,2000,6,5,1,11113
96.75,111.0,96.75,102.0,34083,2000,6,6,2,11114
96.0,108.0,100.5,102.0,5150,2000,6,7,3,11115
97.5,103.125,97.5,99.75,4067,2000,6,8,4,11116
99.0,114.0,102.375,108.75,13333,2000,6,9,5,11117
93.75,115.6875,114.375,95.25,8500,2000,6,12,1,11120
93.75,101.90625,93.9375,96.375,8033,2000,6,13,2,11121
90.0,104.25,97.875,90.0,7567,2000,6,14,3,11122
84.0,93.0,87.0,89.25,4967,2000,6,15,4,11123
89.25,93.75,92.25,91.5,11450,2000,6,16,5,11124
90.75,95.25,94.5,94.125,10500,2000,6,19,1,11127
93.375,97.875,97.5,96.09375,10617,2000,6,20,2,11128
95.25,101.25,96.0,98.25,14233,2000,6,21,3,11129
87.09375,102.0,100.3125,87.09375,7283,2000,6,22,4,11130
87.375,98.25,87.375,93.75,10450,2000,6,23,5,11131
89.34375,99.0,98.8125,94.5,16500,2000,6,26,1,11134
91.125,96.75,93.0,96.75,9833,2000,6,27,2,11135
96.75,102.75,96.75,100.5,15900,2000,6,28,3,11136
94.5,105.0,105.0,99.0,16233,2000,6,29,4,11137
97.5,107.625,102.75,99.75,28267,2000,6,30,5,11138
95.25,105.0,96.0,97.875,15450,2000,7,3,1,11141
96.0,120.0,98.625,111.75,20150,2000,7,5,3,11143
105.75,117.0,117.0,113.71875,33850,2000,7,6,4,11144
110.25,117.0,115.5,114.0,45783,2000,7,7,5,11145
109.5,117.75,114.75,112.875,12650,2000,7,10,1,11148
111.75,129.75,114.0,126.0,40650,2000,7,11,2,11149
111.0,130.5,130.5,119.25,24400,2000,7,12,3,11150
105.375,125.25,120.375,110.25,19083,2000,7,13,4,11151
110.25,120.0,111.0,113.25,9817,2000,7,14,5,11152
106.125,120.0,117.75,108.75,14533,2000,7,17,1,11155
110.25,116.25,111.0,115.5,7400,2000,7,18,2,11156
103.5,115.5,115.5,104.25,8067,2000,7,19,3,11157
102.0,108.75,108.0,108.0,54417,2000,7,20,4,11158
100.5,114.0,110.25,102.375,19450,2000,7,21,5,11159
101.25,104.625,103.5,104.25,17800,2000,7,24,1,11162
102.0,108.0,102.75,106.125,6817,2000,7,25,2,11163
102.0,108.0,108.0,108.0,5183,2000,7,26,3,11164
102.375,111.0,105.75,102.75,19817,2000,7,27,4,11165
99.75,103.125,102.75,99.75,15117,2000,7,28,5,11166
99.75,107.25,106.5,105.0,10300,2000,7,31,1,11169
100.5,108.0,102.375,101.25,3967,2000,8,1,2,11170
94.5,103.5,103.5,95.25,12100,2000,8,2,3,11171
83.625,95.25,95.25,94.5,16167,2000,8,3,4,11172
90.0,99.0,94.5,99.0,4800,2000,8,4,5,11173
99.0,102.0,100.875,100.125,6433,2000,8,7,1,11176
90.75,97.125,93.75,95.625,25250,2000,8,8,2,11177
90.0,96.75,94.6875,93.0,9383,2000,8,9,3,11178
93.0,97.5,93.0,97.5,8350,2000,8,10,4,11179
93.0,102.0,97.5,98.625,16750,2000,8,11,5,11180
93.0,100.5,100.125,97.5,5017,2000,8,14,1,11183
93.0,98.625,97.125,97.5,17367,2000,8,15,2,11184
92.25,97.5,97.5,93.75,2750,2000,8,16,3,11185
90.75,96.0,93.75,93.375,15650,2000,8,17,4,11186
92.25,95.625,93.1875,95.25,4267,2000,8,18,5,11187
88.125,97.125,93.75,97.125,17683,2000,8,21,1,11190
93.0,97.125,96.0,96.0,11567,2000,8,22,2,11191
91.875,96.375,94.125,93.75,8117,2000,8,23,3,11192
92.71875,99.0,94.5,96.75,10800,2000,8,24,4,11193
96.375,103.5,96.375,98.25,21050,2000,8,25,5,11194
96.75,101.625,101.625,97.875,15600,2000,8,28,1,11197
90.75,100.875,96.0,93.75,10333,2000,8,29,2,11198
93.0,96.0,96.0,93.375,2500,2000,8,30,3,11199
93.0,102.0,93.0,101.25,12383,2000,8,31,4,11200
97.875,109.5,104.625,109.125,14333,2000,9,1,5,11201
105.0,110.625,105.5625,109.875,23600,2000,9,5,2,11205
102.0,109.125,108.9375,103.5,11033,2000,9,6,3,11206
99.75,108.0,104.25,101.625,11300,2000,9,7,4,11207
99.0,102.0,101.25,99.75,5883,2000,9,8,5,11208
94.5,99.75,99.0,95.625,4183,2000,9,11,1,11211
93.0,100.5,99.0,96.0,5617,2000,9,12,2,11212
93.375,98.625,98.625,95.625,4550,2000,9,13,3,11213
94.125,98.25,96.75,94.125,6533,2000,9,14,4,11214
93.75,96.75,94.125,93.75,5417,2000,9,15,5,11215
90.75,96.0,93.0,96.0,10867,2000,9,18,1,11218
91.125,94.5,94.5,93.75,7850,2000,9,19,2,11219
91.5,96.0,93.75,94.5,5783,2000,9,20,3,11220
90.0,94.5,93.375,93.0,4083,2000,9,21,4,11221
88.5,96.0,90.0,94.875,10667,2000,9,22,5,11222
91.875,96.0,96.0,92.25,4950,2000,9,25,1,11225
88.5,92.25,91.5,88.875,5817,2000,9,26,2,11226
75.375,90.0,89.625,81.0,22117,2000,9,27,3,11227
76.5,94.125,76.5,91.875,22683,2000,9,28,4,11228
82.5,95.25,91.125,88.5,17233,2000,9,29,5,11229
78.0,87.0,86.625,85.5,5683,2000,10,2,1,11232
84.0,87.75,84.0,87.0,11083,2000,10,3,2,11233
81.75,87.0,86.8125,86.25,5983,2000,10,4,3,11234
84.375,90.0,86.90625,85.5,4983,2000,10,5,4,11235
78.75,85.5,84.0,79.5,4367,2000,10,6,5,11236
70.5,80.25,78.75,78.375,5450,2000,10,9,1,11239
74.25,79.5,74.625,74.25,3733,2000,10,10,2,11240
66.0,75.75,75.75,70.5,22900,2000,10,11,3,11241
63.0,72.0,72.0,63.75,10267,2000,10,12,4,11242
62.34375,69.75,63.0,69.0,19850,2000,10,13,5,11243
63.75,71.25,71.25,64.125,8650,2000,10,16,1,11246
66.75,72.0,66.75,72.0,19933,2000,10,17,2,11247
68.25,72.375,70.875,70.125,8233,2000,10,18,3,11248
69.75,88.5,71.4375,87.375,12950,2000,10,19,4,11249
78.09375,93.0,81.375,90.0,11150,2000,10,20,5,11250
83.25,90.0,90.0,85.125,7483,2000,10,23,1,11253
82.5,87.0,85.5,82.5,8217,2000,10,24,2,11254
84.0,89.625,85.5,86.625,12083,2000,10,25,3,11255
79.5,93.375,81.0,90.375,8683,2000,10,26,4,11256
84.0,93.0,89.625,85.5,8633,2000,10,27,5,11257
85.875,90.375,88.875,89.625,10533,2000,10,30,1,11260
87.375,90.75,90.75,89.625,18817,2000,10,31,2,11261
87.0,90.0,88.5,90.0,5417,2000,11,1,3,11262
84.375,90.375,88.5,90.0,6633,2000,11,2,4,11263
89.625,99.0,90.75,96.375,28933,2000,11,3,5,11264
91.875,97.5,96.75,91.875,8450,2000,11,6,1,11267
87.75,91.5,90.375,89.625,16317,2000,11,7,2,11268
87.0,90.5625,90.09375,87.0,25183,2000,11,8,3,11269
84.0,90.0,90.0,84.75,7967,2000,11,9,4,11270
78.75,85.5,84.0,81.0,9583,2000,11,10,5,11271
69.75,79.5,78.375,73.5,24067,2000,11,13,1,11274
75.0,87.0,80.25,83.625,15583,2000,11,14,2,11275
79.5,85.125,81.0,81.75,6400,2000,11,15,3,11276
78.0,89.25,83.25,81.0,10717,2000,11,16,4,11277
81.75,87.0,84.0,85.5,5567,2000,11,17,5,11278
78.75,84.75,82.5,78.75,5317,2000,11,20,1,11281
77.25,82.875,78.75,80.25,9200,2000,11,21,2,11282
72.75,79.40625,79.3125,75.375,23533,2000,11,22,3,11283
73.5,77.25,75.1875,75.0,7450,2000,11,24,5,11285
76.5,81.0,76.875,79.875,25083,2000,11,27,1,11288
71.25,80.25,80.25,71.25,16950,2000,11,28,2,11289
71.625,75.75,72.75,74.25,22783,2000,11,29,3,11290
69.0,74.25,72.375,72.375,20867,2000,11,30,4,11291
72.75,75.375,72.75,75.0,21017,2000,12,1,5,11292
68.25,76.5,75.0,69.75,11967,2000,12,4,1,11295
67.5,97.5,69.0,96.0,16300,2000,12,5,2,11296
78.0,95.625,95.625,79.125,10133,2000,12,6,3,11297
76.5,93.0,82.5,81.0,7983,2000,12,7,4,11298
78.0,84.0,81.0,84.0,8500,2000,12,8,5,11299
79.5,84.375,84.0,81.0,9033,2000,12,11,1,11302
81.46875,88.5,81.5625,87.0,5683,2000,12,12,2,11303
83.25,89.625,85.5,87.0,6200,2000,12,13,3,11304
81.75,89.625,89.625,82.5,5383,2000,12,14,4,11305
78.0,84.0,79.5,79.125,10217,2000,12,15,5,11306
79.5,87.0,79.5,84.0,46700,2000,12,18,1,11309
82.5,90.75,84.75,90.0,9350,2000,12,19,2,11310
78.75,84.0,81.75,80.25,14517,2000,12,20,3,11311
73.5,81.0,78.75,74.25,8667,2000,12,21,4,11312
72.0,78.0,72.0,75.375,12167,2000,12,22,5,11313
73.875,78.75,75.0,73.875,4533,2000,12,26,2,11317
72.0,77.0625,74.625,76.125,7550,2000,12,27,3,11318
66.375,76.125,72.0,71.25,26350,2000,12,28,4,11319
61.5,71.625,70.3125,66.375,56617,2000,12,29,5,11320
63.0,67.5,67.125,66.375,6450,2001,1,2,2,11324
64.5,74.25,66.375,74.25,7750,2001,1,3,3,11325
65.25,78.75,72.0,76.125,9867,2001,1,4,4,11326
63.375,72.375,70.875,64.5,29183,2001,1,5,5,11327
63.0,66.0,66.0,64.5,10800,2001,1,8,1,11330
63.0,67.125,65.25,66.375,9183,2001,1,9,2,11331
63.375,72.0,66.09375,67.875,13717,2001,1,10,3,11332
64.875,72.0,69.75,72.0,12783,2001,1,11,4,11333
66.75,72.0,71.25,69.0,11583,2001,1,12,5,11334
67.875,74.25,69.0,71.625,14433,2001,1,16,2,11338
71.25,84.0,71.625,82.125,25917,2001,1,17,3,11339
81.0,82.875,82.78125,81.75,7983,2001,1,18,4,11340
79.5,84.0,82.875,81.375,8183,2001,1,19,5,11341
79.875,90.0,80.25,89.25,11500,2001,1,22,1,11344
84.09375,96.375,85.5,93.0,25733,2001,1,23,2,11345
93.0,103.5,93.75,100.5,31217,2001,1,24,3,11346
93.0,101.625,100.5,96.0,10933,2001,1,25,4,11347
92.25,96.0,92.25,95.25,14133,2001,1,26,5,11348
93.0,100.5,100.5,96.0,14533,2001,1,29,1,11351
91.21875,96.75,95.625,91.21875,6500,2001,1,30,2,11352
91.5,96.0,91.5,94.5,12067,2001,1,31,3,11353
92.25,96.0,96.0,94.5,8850,2001,2,1,4,11354
90.84375,102.0,92.25,96.75,17017,2001,2,2,5,11355
93.0,99.75,97.5,98.625,21367,2001,2,5,1,11358
98.625,108.0,100.5,105.0,60800,2001,2,6,2,11359
99.375,109.125,108.375,102.0,14533,2001,2,7,3,11360
100.875,107.25,107.15625,101.625,9600,2001,2,8,4,11361
93.0,100.5,99.375,96.0,20467,2001,2,9,5,11362
84.375,100.5,95.34375,90.0,14283,2001,2,12,1,11365
88.875,92.25,88.875,90.375,37217,2001,2,13,2,11366
88.5,91.5,90.0,91.5,8900,2001,2,14,3,11367
90.0,93.375,91.875,90.75,4067,2001,2,15,4,11368
90.0,94.875,91.125,91.125,5800,2001,2,16,5,11369
89.25,93.0,89.625,92.90625,2917,2001,2,20,2,11373
89.25,92.25,90.75,90.0,6150,2001,2,21,3,11374
83.25,89.625,85.6875,87.375,32167,2001,2,22,4,11375
85.875,87.375,86.25,87.375,10617,2001,2,23,5,11376
86.25,93.0,86.25,93.0,11300,2001,2,26,1,11379
88.5,95.625,94.5,90.75,12100,2001,2,27,2,11380
88.3125,94.5,88.3125,93.75,13150,2001,2,28,3,11381
94.125,103.125,95.4375,101.625,28850,2001,3,1,4,11382
97.5,102.0,100.125,98.625,22250,2001,3,2,5,11383
94.125,102.75,102.65625,96.375,29983,2001,3,5,1,11386
93.75,98.25,96.0,98.25,42333,2001,3,6,2,11387
96.75,100.5,99.0,97.875,7567,2001,3,7,3,11388
95.25,99.0,99.0,95.25,24467,2001,3,8,4,11389
91.875,96.0,95.25,94.125,7667,2001,3,9,5,11390
87.375,93.75,93.375,90.0,8967,2001,3,12,1,11393
86.25,91.875,89.25,91.875,20833,2001,3,13,2,11394
86.90625,96.75,86.90625,96.0,46350,2001,3,14,3,11395
96.375,99.0,97.78125,98.625,14117,2001,3,15,4,11396
92.25,98.4375,98.4375,93.0,14233,2001,3,16,5,11397
86.625,94.125,94.125,90.375,13550,2001,3,19,1,11400
90.0,96.75,90.0,93.75,10483,2001,3,20,2,11401
88.125,93.75,90.0,90.0,7117,2001,3,21,3,11402
78.0,90.375,90.0,84.0,28950,2001,3,22,4,11403
84.0,89.15625,84.0,84.75,25567,2001,3,23,5,11404
87.75,91.875,87.75,90.0,17217,2001,3,26,1,11407
82.5,91.875,91.875,87.375,18100,2001,3,27,2,11408
82.5,87.375,87.1875,84.0,8467,2001,3,28,3,11409
81.0,84.75,84.0,84.375,11667,2001,3,29,4,11410
81.75,94.5,84.75,90.0,38167,2001,3,30,5,11411
85.875,90.75,88.875,87.75,5417,2001,4,2,1,11414
75.0,92.625,85.5,91.5,64967,2001,4,3,2,11415
81.0,90.0,87.09375,85.125,106483,2001,4,4,3,11416
76.5,85.125,84.375,81.75,19900,2001,4,5,4,11417
78.0,81.0,78.0,81.0,4817,2001,4,6,5,11418
78.72000122070312,84.54000091552734,81.4800033569336,83.69999694824219,7800,2001,4,9,1,11421
81.95999908447266,98.58000183105469,83.0999984741211,97.19999694824219,29567,2001,4,10,2,11422
90.0,98.4000015258789,94.55999755859375,90.72000122070312,10617,2001,4,11,3,11423
87.77999877929688,94.26000213623047,91.08000183105469,90.0,7833,2001,4,12,4,11424
88.73999786376953,93.18000030517578,88.80000305175781,89.45999908447266,10367,2001,4,16,1,11428
85.55999755859375,90.5999984741211,88.86000061035156,88.0199966430664,9400,2001,4,17,2,11429
89.16000366210938,92.63999938964844,91.0199966430664,89.16000366210938,10300,2001,4,18,3,11430
89.0999984741211,96.30000305175781,90.12000274658203,94.80000305175781,9267,2001,4,19,4,11431
90.36000061035156,94.55999755859375,94.55999755859375,90.66000366210938,11317,2001,4,20,5,11432
88.31999969482422,96.30000305175781,92.4000015258789,93.30000305175781,12583,2001,4,23,1,11435
91.80000305175781,103.68000030517578,92.69999694824219,103.5,59900,2001,4,24,2,11436
98.45999908447266,103.44000244140625,100.5,99.12000274658203,10533,2001,4,25,3,11437
99.0,102.0,99.05999755859375,101.4000015258789,8300,2001,4,26,4,11438
101.33999633789062,105.0,101.33999633789062,104.33999633789062,18400,2001,4,27,5,11439
103.62000274658203,111.0,105.05999755859375,104.04000091552734,33950,2001,4,30,1,11442
99.18000030517578,106.73999786376953,102.5999984741211,104.69999694824219,4950,2001,5,1,2,11443
102.0,107.04000091552734,107.04000091552734,102.66000366210938,6600,2001,5,2,3,11444
102.5999984741211,104.94000244140625,102.66000366210938,102.9000015258789,3367,2001,5,3,4,11445
99.83999633789062,104.87999725341797,100.19999694824219,103.9800033569336,2783,2001,5,4,5,11446
98.81999969482422,104.94000244140625,101.76000213623047,98.81999969482422,11083,2001,5,7,1,11449
91.86000061035156,101.87999725341797,101.87999725341797,96.4800033569336,16783,2001,5,8,2,11450
94.08000183105469,102.30000305175781,95.5199966430664,102.05999755859375,6350,2001,5,9,3,11451
102.36000061035156,105.36000061035156,104.33999633789062,103.5,25083,2001,5,10,4,11452
99.66000366210938,103.44000244140625,103.44000244140625,99.9000015258789,7517,2001,5,11,5,11453
93.9000015258789,102.54000091552734,102.0,97.73999786376953,6600,2001,5,14,1,11456
103.5,113.4000015258789,109.37999725341797,110.4000015258789,83950,2001,5,15,2,11457
106.5,118.19999694824219,112.73999786376953,107.27999877929688,60000,2001,5,16,3,11458
103.19999694824219,113.22000122070312,110.16000366210938,104.5199966430664,39183,2001,5,17,4,11459
102.30000305175781,105.30000305175781,102.36000061035156,104.87999725341797,31550,2001,5,18,5,11460
107.04000091552734,111.9000015258789,109.5,111.83999633789062,47367,2001,5,21,1,11463
111.83999633789062,120.5999984741211,114.5999984741211,120.5999984741211,50017,2001,5,22,2,11464
117.5999984741211,120.0,119.4000015258789,119.4000015258789,8383,2001,5,23,3,11465
110.4000015258789,120.12000274658203,119.81999969482422,115.91999816894531,11550,2001,5,24,4,11466
114.0,117.36000061035156,114.0,115.80000305175781,4700,2001,5,25,5,11467
111.0,117.05999755859375,112.80000305175781,112.5,9450,2001,5,29,2,11471
109.5,114.0,114.0,110.69999694824219,50000,2001,5,30,3,11472
110.69999694824219,121.19999694824219,110.69999694824219,118.80000305175781,8417,2001,5,31,4,11473
111.66000366210938,123.0,117.72000122070312,114.05999755859375,11433,2001,6,1,5,11474
111.95999908447266,116.94000244140625,111.95999908447266,116.4000015258789,12500,2001,6,4,1,11477
113.33999633789062,116.94000244140625,116.4000015258789,114.36000061035156,6683,2001,6,5,2,11478
113.69999694824219,116.69999694824219,116.69999694824219,114.95999908447266,7650,2001,6,6,3,11479
112.80000305175781,115.44000244140625,115.44000244140625,112.80000305175781,8167,2001,6,7,4,11480
108.0,117.5999984741211,117.5999984741211,109.86000061035156,8517,2001,6,8,5,11481
108.0,120.0,113.33999633789062,119.4000015258789,27783,2001,6,11,1,11484
117.4800033569336,128.27999877929688,123.5999984741211,117.72000122070312,40317,2001,6,12,2,11485
117.0,121.19999694824219,121.19999694824219,117.0,11083,2001,6,13,3,11486
111.36000061035156,117.5999984741211,114.30000305175781,114.9000015258789,4267,2001,6,14,4,11487
112.5,116.4000015258789,113.69999694824219,116.33999633789062,12417,2001,6,15,5,11488
108.0,117.83999633789062,115.80000305175781,108.95999908447266,9600,2001,6,18,1,11491
106.5,111.0,109.5,106.73999786376953,8583,2001,6,19,2,11492
102.95999908447266,107.94000244140625,104.4000015258789,106.80000305175781,9500,2001,6,20,3,11493
106.9800033569336,114.0,106.9800033569336,113.76000213623047,9133,2001,6,21,4,11494
109.31999969482422,114.0,110.45999908447266,109.44000244140625,2450,2001,6,22,5,11495
108.66000366210938,114.0,108.66000366210938,113.0999984741211,15833,2001,6,25,1,11498
110.45999908447266,114.83999633789062,111.5999984741211,112.80000305175781,18833,2001,6,26,2,11499
109.91999816894531,114.0,111.05999755859375,109.91999816894531,38600,2001,6,27,3,11500
109.5,114.0,109.5,111.9000015258789,5033,2001,6,28,4,11501
110.5199966430664,120.18000030517578,111.12000274658203,118.5,35850,2001,6,29,5,11502
111.30000305175781,117.9000015258789,117.83999633789062,112.91999816894531,14233,2001,7,2,1,11505
112.19999694824219,116.94000244140625,112.19999694824219,113.76000213623047,9583,2001,7,3,2,11506
107.4000015258789,112.80000305175781,112.44000244140625,107.81999969482422,18633,2001,7,5,4,11508
102.18000030517578,108.5999984741211,108.5999984741211,106.68000030517578,16317,2001,7,6,5,11509
106.68000030517578,111.18000030517578,111.18000030517578,108.9000015258789,22167,2001,7,9,1,11512
100.5,110.22000122070312,110.16000366210938,107.0999984741211,13517,2001,7,10,2,11513
102.0,107.4000015258789,107.4000015258789,103.80000305175781,13400,2001,7,11,3,11514
103.86000061035156,107.16000366210938,105.54000091552734,104.45999908447266,13283,2001,7,12,4,11515
102.5999984741211,111.36000061035156,103.44000244140625,106.19999694824219,16550,2001,7,13,5,11516
107.69999694824219,108.77999877929688,108.77999877929688,107.69999694824219,12550,2001,7,16,1,11519
103.5,107.76000213623047,107.76000213623047,106.80000305175781,12833,2001,7,17,2,11520
102.0,106.68000030517578,106.68000030517578,105.66000366210938,13750,2001,7,18,3,11521
102.5999984741211,108.05999755859375,107.87999725341797,103.19999694824219,26633,2001,7,19,4,11522
97.80000305175781,104.4000015258789,104.4000015258789,98.69999694824219,52283,2001,7,20,5,11523
99.30000305175781,104.0999984741211,102.0,100.44000244140625,53200,2001,7,23,1,11526
95.94000244140625,101.94000244140625,101.69999694824219,96.05999755859375,40183,2001,7,24,2,11527
83.4000015258789,96.54000091552734,96.05999755859375,88.73999786376953,93817,2001,7,25,3,11528
88.80000305175781,101.58000183105469,88.80000305175781,97.68000030517578,38783,2001,7,26,4,11529
94.5,102.36000061035156,97.80000305175781,96.5999984741211,17400,2001,7,27,5,11530
94.26000213623047,97.19999694824219,94.80000305175781,96.95999908447266,7600,2001,7,30,1,11533
97.08000183105469,102.5999984741211,97.08000183105469,97.80000305175781,4617,2001,7,31,2,11534
97.19999694824219,101.33999633789062,101.33999633789062,99.0,9167,2001,8,1,3,11535
93.4800033569336,100.5,99.0,96.23999786376953,9317,2001,8,2,4,11536
93.66000366210938,100.80000305175781,96.5999984741211,100.80000305175781,4567,2001,8,3,5,11537
99.05999755859375,103.31999969482422,100.80000305175781,102.9000015258789,10700,2001,8,6,1,11540
95.69999694824219,103.80000305175781,102.30000305175781,96.0,13017,2001,8,7,2,11541
93.0,98.76000213623047,96.0,96.0,12950,2001,8,8,3,11542
93.9000015258789,100.19999694824219,94.91999816894531,99.18000030517578,11617,2001,8,9,4,11543
96.9000015258789,102.0,99.4800033569336,101.76000213623047,28117,2001,8,10,5,11544
99.0,101.94000244140625,100.26000213623047,101.94000244140625,4083,2001,8,13,1,11547
97.44000244140625,102.0,101.94000244140625,97.5,8900,2001,8,14,2,11548
94.9800033569336,101.76000213623047,99.0,95.69999694824219,22233,2001,8,15,3,11549
94.80000305175781,97.5,94.80000305175781,95.63999938964844,8683,2001,8,16,4,11550
94.5,96.83999633789062,94.80000305175781,96.83999633789062,11783,2001,8,17,5,11551
93.30000305175781,97.19999694824219,96.54000091552734,96.5999984741211,11233,2001,8,20,1,11554
96.0,98.0999984741211,96.0,97.26000213623047,6483,2001,8,21,2,11555
96.66000366210938,99.23999786376953,97.5,98.4000015258789,11917,2001,8,22,3,11556
95.04000091552734,97.5,96.9000015258789,97.19999694824219,6267,2001,8,23,4,11557
95.33999633789062,97.5,97.5,96.0,10517,2001,8,24,5,11558
96.0,97.19999694824219,96.30000305175781,96.18000030517578,11517,2001,8,27,1,11561
95.0999984741211,96.95999908447266,96.95999908447266,96.23999786376953,10583,2001,8,28,2,11562
95.69999694824219,97.37999725341797,96.54000091552734,96.9000015258789,7900,2001,8,29,3,11563
95.4000015258789,97.19999694824219,97.19999694824219,96.05999755859375,6833,2001,8,30,4,11564
95.33999633789062,96.54000091552734,96.30000305175781,95.94000244140625,10883,2001,8,31,5,11565
95.4000015258789,99.9000015258789,97.19999694824219,96.0,8367,2001,9,4,2,11569
95.76000213623047,100.5,96.0,100.5,9700,2001,9,5,3,11570
95.4000015258789,101.0999984741211,100.5,97.80000305175781,9850,2001,9,6,4,11571
94.13999938964844,97.19999694824219,94.13999938964844,94.5,11450,2001,9,7,5,11572
88.5,95.33999633789062,95.33999633789062,88.62000274658203,10800,2001,9,10,1,11575
75.05999755859375,88.80000305175781,88.80000305175781,78.12000274658203,19433,2001,9,17,1,11582
78.0,82.44000244140625,78.0,78.05999755859375,15967,2001,9,18,2,11583
66.30000305175781,78.5999984741211,78.0,77.94000244140625,23417,2001,9,19,3,11584
66.95999908447266,81.0,72.05999755859375,80.27999877929688,24683,2001,9,20,4,11585
70.5,76.80000305175781,75.54000091552734,72.0,45733,2001,9,21,5,11586
72.5999984741211,79.19999694824219,75.5999984741211,78.18000030517578,14550,2001,9,24,1,11589
74.16000366210938,79.5,79.5,75.66000366210938,17967,2001,9,25,2,11590
70.5,76.80000305175781,76.80000305175781,70.5,10750,2001,9,26,3,11591
69.9000015258789,75.0,71.94000244140625,75.0,6567,2001,9,27,4,11592
72.0,77.4000015258789,76.26000213623047,76.5,21333,2001,9,28,5,11593
75.23999786376953,80.63999938964844,76.80000305175781,78.36000061035156,10450,2001,10,1,1,11596
77.16000366210938,80.33999633789062,77.69999694824219,78.54000091552734,30100,2001,10,2,2,11597
78.5999984741211,90.77999877929688,79.55999755859375,90.0,17917,2001,10,3,3,11598
82.55999755859375,92.45999908447266,92.45999908447266,85.55999755859375,25883,2001,10,4,4,11599
82.26000213623047,86.87999725341797,84.05999755859375,86.76000213623047,14867,2001,10,5,5,11600
83.69999694824219,87.0,86.16000366210938,84.12000274658203,4417,2001,10,8,1,11603
82.62000274658203,88.73999786376953,83.69999694824219,88.73999786376953,15733,2001,10,9,2,11604
84.54000091552734,92.4000015258789,87.5999984741211,90.4800033569336,13833,2001,10,10,3,11605
87.9000015258789,91.5,89.4000015258789,91.37999725341797,6650,2001,10,11,4,11606
90.05999755859375,93.0,90.30000305175781,91.73999786376953,6050,2001,10,12,5,11607
94.19999694824219,102.30000305175781,97.55999755859375,100.55999755859375,43217,2001,10,15,1,11610
93.0,102.30000305175781,101.94000244140625,95.0999984741211,26183,2001,10,16,2,11611
91.5,96.12000274658203,96.12000274658203,92.0999984741211,18583,2001,10,17,3,11612
91.55999755859375,95.22000122070312,94.73999786376953,92.69999694824219,16067,2001,10,18,4,11613
90.77999877929688,96.05999755859375,92.16000366210938,93.23999786376953,6517,2001,10,19,5,11614
90.72000122070312,96.23999786376953,93.23999786376953,95.22000122070312,5000,2001,10,22,1,11617
90.05999755859375,96.0,94.19999694824219,90.05999755859375,8367,2001,10,23,2,11618
88.86000061035156,93.54000091552734,90.12000274658203,88.86000061035156,7700,2001,10,24,3,11619
85.37999725341797,92.33999633789062,90.4800033569336,92.33999633789062,8000,2001,10,25,4,11620
89.58000183105469,95.94000244140625,94.5,91.91999816894531,21333,2001,10,26,5,11621
88.80000305175781,93.12000274658203,93.12000274658203,88.80000305175781,3700,2001,10,29,1,11624
83.4000015258789,90.9000015258789,90.0,84.05999755859375,13667,2001,10,30,2,11625
86.4000015258789,90.0,87.9000015258789,87.66000366210938,11117,2001,10,31,3,11626
86.4000015258789,94.08000183105469,86.4000015258789,93.5999984741211,5150,2001,11,1,4,11627
87.0,91.19999694824219,91.19999694824219,87.05999755859375,10017,2001,11,2,5,11628
89.27999877929688,96.0,89.94000244140625,91.73999786376953,8567,2001,11,5,1,11631
90.41999816894531,96.0,90.9000015258789,96.0,13050,2001,11,6,2,11632
91.80000305175781,96.54000091552734,96.54000091552734,93.0,11133,2001,11,7,3,11633
89.0999984741211,94.5,94.13999938964844,89.16000366210938,9417,2001,11,8,4,11634
88.19999694824219,90.72000122070312,89.16000366210938,89.87999725341797,11800,2001,11,9,5,11635
87.12000274658203,90.5999984741211,90.4800033569336,90.05999755859375,7383,2001,11,12,1,11638
90.72000122070312,93.23999786376953,91.13999938964844,91.37999725341797,16200,2001,11,13,2,11639
92.45999908447266,97.08000183105469,94.19999694824219,94.19999694824219,9700,2001,11,14,3,11640
91.80000305175781,95.63999938964844,95.63999938964844,91.80000305175781,10250,2001,11,15,4,11641
88.80000305175781,93.18000030517578,93.18000030517578,88.86000061035156,6783,2001,11,16,5,11642
89.04000091552734,92.4000015258789,89.0999984741211,91.68000030517578,10917,2001,11,19,1,11645
89.45999908447266,96.0,91.80000305175781,96.0,13100,2001,11,20,2,11646
93.12000274658203,96.5999984741211,96.05999755859375,93.72000122070312,6217,2001,11,21,3,11647
93.05999755859375,96.41999816894531,93.36000061035156,95.58000183105469,9183,2001,11,23,5,11649
96.0,100.19999694824219,96.30000305175781,98.45999908447266,21600,2001,11,26,1,11652
92.87999725341797,97.5,96.0,94.5,34217,2001,11,27,2,11653
93.5999984741211,96.0,95.0999984741211,95.58000183105469,13017,2001,11,28,3,11654
95.4000015258789,101.94000244140625,96.0,101.94000244140625,27017,2001,11,29,4,11655
100.80000305175781,103.19999694824219,101.94000244140625,102.36000061035156,27333,2001,11,30,5,11656
98.16000366210938,102.9000015258789,102.54000091552734,102.0,30500,2001,12,3,1,11659
99.12000274658203,102.36000061035156,102.0,101.94000244140625,24933,2001,12,4,2,11660
97.80000305175781,104.4000015258789,102.05999755859375,100.73999786376953,19867,2001,12,5,3,11661
99.36000061035156,102.9000015258789,100.80000305175781,102.36000061035156,14183,2001,12,6,4,11662
100.62000274658203,102.77999877929688,102.0,100.62000274658203,9217,2001,12,7,5,11663
98.16000366210938,102.0,101.87999725341797,99.0,12133,2001,12,10,1,11666
90.54000091552734,99.9000015258789,98.4000015258789,97.44000244140625,34150,2001,12,11,2,11667
94.13999938964844,97.80000305175781,97.5,95.63999938964844,16000,2001,12,12,3,11668
92.33999633789062,96.0,94.26000213623047,96.0,13983,2001,12,13,4,11669
94.80000305175781,99.5999984741211,95.69999694824219,96.05999755859375,26233,2001,12,14,5,11670
95.94000244140625,99.0,96.0,99.0,29450,2001,12,17,1,11673
97.5,100.44000244140625,99.0,98.4000015258789,15417,2001,12,18,2,11674
96.0,98.58000183105469,97.5,97.19999694824219,25317,2001,12,19,3,11675
96.41999816894531,101.04000091552734,97.73999786376953,97.5,22333,2001,12,20,4,11676
96.95999908447266,100.86000061035156,100.68000030517578,100.5,32800,2001,12,21,5,11677
98.4000015258789,105.41999816894531,98.4000015258789,105.0,8700,2001,12,24,1,11680
105.0,109.19999694824219,105.0,107.4000015258789,29900,2001,12,26,3,11682
106.26000213623047,108.36000061035156,106.26000213623047,107.0999984741211,16167,2001,12,27,4,11683
101.0999984741211,106.9800033569336,106.80000305175781,101.4000015258789,15183,2001,12,28,5,11684
97.5,101.58000183105469,100.13999938964844,98.4000015258789,33517,2001,12,31,1,11687
92.87999725341797,100.19999694824219,99.5999984741211,92.94000244140625,63517,2002,1,2,3,11689
93.12000274658203,95.94000244140625,93.30000305175781,93.83999633789062,25000,2002,1,3,4,11690
93.5999984741211,98.4000015258789,93.5999984741211,98.0999984741211,25950,2002,1,4,5,11691
96.30000305175781,100.44000244140625,99.36000061035156,99.4800033569336,18150,2002,1,7,1,11694
94.5,101.22000122070312,99.12000274658203,100.9800033569336,25183,2002,1,8,2,11695
97.5,100.80000305175781,98.4000015258789,97.5,17917,2002,1,9,3,11696
93.0,98.69999694824219,97.5,94.5,69233,2002,1,10,4,11697
85.5,91.26000213623047,90.30000305175781,90.0,534417,2002,1,11,5,11698
87.0,90.0,89.0999984741211,87.12000274658203,59967,2002,1,14,1,11701
87.30000305175781,90.5999984741211,87.54000091552734,89.04000091552734,72150,2002,1,15,2,11702
85.13999938964844,89.0999984741211,89.04000091552734,85.37999725341797,45200,2002,1,16,3,11703
84.66000366210938,87.5999984741211,85.80000305175781,87.12000274658203,33817,2002,1,17,4,11704
76.26000213623047,85.9800033569336,85.9800033569336,81.30000305175781,94700,2002,1,18,5,11705
75.23999786376953,84.30000305175781,82.80000305175781,78.5999984741211,58683,2002,1,22,2,11709
77.0999984741211,79.80000305175781,78.18000030517578,78.5999984741211,34783,2002,1,23,3,11710
78.30000305175781,80.81999969482422,78.9000015258789,79.62000274658203,53283,2002,1,24,4,11711
80.22000122070312,85.31999969482422,80.27999877929688,84.30000305175781,48633,2002,1,25,5,11712
79.5,88.55999755859375,88.19999694824219,79.55999755859375,29783,2002,1,28,1,11715
78.66000366210938,83.69999694824219,80.0999984741211,80.58000183105469,16617,2002,1,29,2,11716
80.33999633789062,85.19999694824219,80.94000244140625,80.33999633789062,42783,2002,1,30,3,11717
80.69999694824219,84.30000305175781,81.05999755859375,83.69999694824219,33917,2002,1,31,4,11718
83.16000366210938,86.22000122070312,84.9000015258789,84.05999755859375,61267,2002,2,1,5,11719
78.0,85.19999694824219,85.08000183105469,78.0,41567,2002,2,4,1,11722
78.9000015258789,81.0,80.22000122070312,79.19999694824219,52467,2002,2,5,2,11723
75.0,80.69999694824219,80.69999694824219,75.54000091552734,33233,2002,2,6,3,11724
66.05999755859375,75.41999816894531,75.41999816894531,72.30000305175781,83167,2002,2,7,4,11725
71.69999694824219,75.9000015258789,72.30000305175781,75.9000015258789,17517,2002,2,8,5,11726
75.9000015258789,80.5199966430664,78.12000274658203,75.95999908447266,40600,2002,2,11,1,11729
72.36000061035156,78.0,78.0,75.30000305175781,52250,2002,2,12,2,11730
77.0999984741211,81.30000305175781,78.36000061035156,78.12000274658203,55783,2002,2,13,3,11731
78.72000122070312,82.31999969482422,80.4000015258789,79.91999816894531,94517,2002,2,14,4,11732
78.0,81.0,80.33999633789062,78.5999984741211,44600,2002,2,15,5,11733
70.91999816894531,79.08000183105469,78.30000305175781,71.4000015258789,38617,2002,2,19,2,11737
71.69999694824219,76.19999694824219,72.5999984741211,72.18000030517578,42483,2002,2,20,3,11738
70.5,76.5,73.44000244140625,70.5,45433,2002,2,21,4,11739
70.08000183105469,74.0999984741211,72.0,74.0999984741211,23067,2002,2,22,5,11740
71.0999984741211,75.23999786376953,74.33999633789062,71.87999725341797,27367,2002,2,25,1,11743
70.5,73.80000305175781,70.80000305175781,73.80000305175781,28917,2002,2,26,2,11744
74.0999984741211,78.0,75.95999908447266,76.80000305175781,25233,2002,2,27,3,11745
77.58000183105469,81.5999984741211,78.72000122070312,78.23999786376953,67667,2002,2,28,4,11746
75.9000015258789,81.23999786376953,78.9000015258789,76.91999816894531,26883,2002,3,1,5,11747
78.9000015258789,83.4000015258789,82.19999694824219,79.31999969482422,35867,2002,3,4,1,11750
79.62000274658203,81.95999908447266,80.4000015258789,81.0,32300,2002,3,5,2,11751
81.54000091552734,84.0,84.0,83.22000122070312,46600,2002,3,6,3,11752
84.30000305175781,87.83999633789062,84.9000015258789,87.83999633789062,103883,2002,3,7,4,11753
87.9000015258789,90.12000274658203,89.4000015258789,89.63999938964844,75267,2002,3,8,5,11754
87.0,89.94000244140625,89.94000244140625,88.9800033569336,29250,2002,3,11,1,11757
86.16000366210938,89.0999984741211,88.5,88.80000305175781,24650,2002,3,12,2,11758
87.95999908447266,89.4000015258789,89.0999984741211,89.0999984741211,19483,2002,3,13,3,11759
87.5999984741211,90.0,89.0999984741211,89.0999984741211,13683,2002,3,14,4,11760
88.26000213623047,90.0,89.4000015258789,90.0,36250,2002,3,15,5,11761
88.08000183105469,90.12000274658203,89.87999725341797,88.08000183105469,25617,2002,3,18,1,11764
87.0,89.0999984741211,88.73999786376953,87.83999633789062,21833,2002,3,19,2,11765
84.0,88.5,88.5,86.22000122070312,30183,2002,3,20,3,11766
84.05999755859375,88.73999786376953,85.62000274658203,88.73999786376953,30817,2002,3,21,4,11767
88.08000183105469,90.0,89.45999908447266,88.80000305175781,25400,2002,3,22,5,11768
86.04000091552734,90.0,89.69999694824219,86.16000366210938,25633,2002,3,25,1,11771
84.5999984741211,89.0999984741211,86.33999633789062,86.4000015258789,19200,2002,3,26,2,11772
83.4000015258789,85.80000305175781,85.80000305175781,83.4000015258789,28000,2002,3,27,3,11773
81.30000305175781,86.4000015258789,84.72000122070312,83.94000244140625,68967,2002,3,28,4,11774
81.0,85.80000305175781,84.30000305175781,83.76000213623047,29700,2002,4,1,1,11778
82.5,84.9000015258789,82.5,83.58000183105469,14400,2002,4,2,2,11779
82.26000213623047,84.9000015258789,83.69999694824219,82.80000305175781,19617,2002,4,3,3,11780
81.0,82.68000030517578,81.66000366210938,82.37999725341797,18667,2002,4,4,4,11781
79.5,83.0999984741211,83.0999984741211,79.5,35067,2002,4,5,5,11782
75.5999984741211,81.5999984741211,81.54000091552734,75.83999633789062,47783,2002,4,8,1,11785
76.26000213623047,78.30000305175781,77.0999984741211,77.16000366210938,102100,2002,4,9,2,11786
76.26000213623047,80.69999694824219,77.0999984741211,80.04000091552734,60567,2002,4,10,3,11787
78.9000015258789,81.83999633789062,81.18000030517578,78.9000015258789,30783,2002,4,11,4,11788
77.69999694824219,80.27999877929688,79.19999694824219,78.05999755859375,30750,2002,4,12,5,11789
77.69999694824219,80.4000015258789,79.80000305175781,79.9800033569336,26267,2002,4,15,1,11792
78.41999816894531,81.30000305175781,80.33999633789062,79.5,33483,2002,4,16,2,11793
77.27999877929688,79.91999816894531,79.91999816894531,77.69999694824219,50533,2002,4,17,3,11794
76.80000305175781,78.66000366210938,78.66000366210938,77.4000015258789,37267,2002,4,18,4,11795
76.5,78.0,78.0,76.55999755859375,23767,2002,4,19,5,11796
69.0,77.94000244140625,76.73999786376953,72.5999984741211,67017,2002,4,22,1,11799
70.19999694824219,74.4000015258789,73.08000183105469,72.77999877929688,37583,2002,4,23,2,11800
72.9000015258789,75.66000366210938,73.5,75.18000030517578,35100,2002,4,24,3,11801
71.81999969482422,76.13999938964844,75.77999877929688,73.68000030517578,27900,2002,4,25,4,11802
69.0,74.04000091552734,74.04000091552734,70.08000183105469,29383,2002,4,26,5,11803
61.560001373291016,73.31999969482422,70.37999725341797,66.0,47633,2002,4,29,1,11806
64.5,70.55999755859375,65.69999694824219,70.55999755859375,31300,2002,4,30,2,11807
65.0999984741211,70.5,69.30000305175781,66.0,32800,2002,5,1,3,11808
61.619998931884766,67.44000244140625,66.23999786376953,64.19999694824219,37683,2002,5,2,4,11809
58.20000076293945,65.58000183105469,62.400001525878906,65.58000183105469,44400,2002,5,3,5,11810
62.400001525878906,66.30000305175781,66.30000305175781,62.400001525878906,30583,2002,5,6,1,11813
60.0,63.29999923706055,62.70000076293945,61.97999954223633,18467,2002,5,7,2,11814
61.20000076293945,68.0999984741211,63.599998474121094,67.0199966430664,31567,2002,5,8,3,11815
63.0,66.5999984741211,66.0,65.0999984741211,12317,2002,5,9,4,11816
61.91999816894531,66.5999984741211,66.23999786376953,66.0,19500,2002,5,10,5,11817
64.44000244140625,67.91999816894531,66.83999633789062,66.30000305175781,20883,2002,5,13,1,11820
66.0,69.54000091552734,68.69999694824219,68.4000015258789,22950,2002,5,14,2,11821
66.83999633789062,70.44000244140625,68.58000183105469,69.5999984741211,17583,2002,5,15,3,11822
65.5199966430664,70.5,70.37999725341797,66.72000122070312,21367,2002,5,16,4,11823
64.80000305175781,67.86000061035156,66.0,65.76000213623047,38967,2002,5,17,5,11824
63.0,66.30000305175781,66.0,63.119998931884766,38667,2002,5,20,1,11827
61.5,65.0999984741211,63.060001373291016,61.79999923706055,32183,2002,5,21,2,11828
59.70000076293945,63.599998474121094,60.84000015258789,61.79999923706055,30617,2002,5,22,3,11829
60.900001525878906,63.119998931884766,61.68000030517578,62.52000045776367,27867,2002,5,23,4,11830
59.70000076293945,63.540000915527344,62.400001525878906,60.0,33817,2002,5,24,5,11831
58.20000076293945,61.2599983215332,61.20000076293945,60.0,24717,2002,5,28,2,11835
61.619998931884766,67.08000183105469,66.4800033569336,62.34000015258789,93117,2002,5,29,3,11836
60.65999984741211,63.0,62.15999984741211,62.58000183105469,30817,2002,5,30,4,11837
58.79999923706055,62.70000076293945,62.459999084472656,60.41999816894531,21233,2002,5,31,5,11838
54.0,60.599998474121094,59.939998626708984,54.18000030517578,63167,2002,6,3,1,11841
50.70000076293945,54.599998474121094,52.86000061035156,54.29999923706055,50550,2002,6,4,2,11842
52.2599983215332,57.2400016784668,52.79999923706055,57.060001373291016,25917,2002,6,5,3,11843
52.68000030517578,57.29999923706055,56.70000076293945,54.0,35033,2002,6,6,4,11844
51.0,56.099998474121094,52.79999923706055,56.099998474121094,32133,2002,6,7,5,11845
54.84000015258789,61.20000076293945,56.7599983215332,58.2599983215332,35417,2002,6,10,1,11848
54.36000061035156,59.400001525878906,58.5,54.599998474121094,28800,2002,6,11,2,11849
52.5,55.560001373291016,54.29999923706055,54.65999984741211,28550,2002,6,12,3,11850
51.779998779296875,54.959999084472656,53.279998779296875,54.0,23283,2002,6,13,4,11851
53.400001525878906,58.5,53.880001068115234,58.31999969482422,21750,2002,6,14,5,11852
57.599998474121094,60.0,58.79999923706055,59.400001525878906,20433,2002,6,17,1,11855
58.20000076293945,60.720001220703125,59.400001525878906,59.400001525878906,21900,2002,6,18,2,11856
54.47999954223633,57.900001525878906,57.0,55.13999938964844,15667,2002,6,19,3,11857
53.63999938964844,56.279998779296875,55.2599983215332,54.599998474121094,13133,2002,6,20,4,11858
54.65999984741211,57.0,56.939998626708984,56.7599983215332,20267,2002,6,21,5,11859
55.79999923706055,60.0,56.7599983215332,58.20000076293945,17067,2002,6,24,1,11862
56.880001068115234,60.540000915527344,59.400001525878906,57.0,30817,2002,6,25,2,11863
55.08000183105469,59.099998474121094,55.79999923706055,58.20000076293945,27400,2002,6,26,3,11864
57.0,59.400001525878906,59.400001525878906,58.68000030517578,21350,2002,6,27,4,11865
57.900001525878906,62.279998779296875,58.79999923706055,59.099998474121094,62417,2002,6,28,5,11866
57.119998931884766,61.5,61.08000183105469,58.68000030517578,24717,2002,7,1,1,11869
53.400001525878906,59.459999084472656,59.040000915527344,53.400001525878906,36150,2002,7,2,2,11870
48.29999923706055,52.31999969482422,52.2599983215332,50.099998474121094,53483,2002,7,3,3,11871
49.31999969482422,51.599998474121094,50.459999084472656,49.7400016784668,14333,2002,7,5,5,11873
45.060001373291016,51.0,50.70000076293945,48.540000915527344,35983,2002,7,8,1,11876
46.20000076293945,48.18000030517578,47.880001068115234,46.79999923706055,18017,2002,7,9,2,11877
39.599998474121094,47.70000076293945,46.79999923706055,44.34000015258789,46633,2002,7,10,3,11878
40.560001373291016,44.34000015258789,43.79999923706055,44.279998779296875,39667,2002,7,11,4,11879
42.060001373291016,46.5,43.79999923706055,42.060001373291016,23750,2002,7,12,5,11880
42.900001525878906,47.70000076293945,44.400001525878906,47.70000076293945,16383,2002,7,15,1,11883
45.29999923706055,52.31999969482422,46.79999923706055,52.08000183105469,24533,2002,7,16,2,11884
48.29999923706055,53.7599983215332,52.439998626708984,50.58000183105469,20950,2002,7,17,3,11885
47.70000076293945,51.599998474121094,50.70000076293945,48.959999084472656,17033,2002,7,18,4,11886
42.720001220703125,49.380001068115234,49.380001068115234,42.779998779296875,27633,2002,7,19,5,11887
41.70000076293945,47.459999084472656,44.939998626708984,47.400001525878906,20700,2002,7,22,1,11890
45.599998474121094,48.720001220703125,48.540000915527344,46.13999938964844,28483,2002,7,23,2,11891
43.5,51.2400016784668,43.79999923706055,51.0,51900,2002,7,24,3,11892
47.63999938964844,51.0,51.0,50.81999969482422,27083,2002,7,25,4,11893
48.900001525878906,51.0,51.0,51.0,30600,2002,7,26,5,11894
48.959999084472656,56.81999969482422,51.29999923706055,56.099998474121094,37417,2002,7,29,1,11897
53.400001525878906,59.52000045776367,55.5,58.5,33583,2002,7,30,2,11898
55.5,61.5,58.5,57.65999984741211,42883,2002,7,31,3,11899
52.02000045776367,59.279998779296875,57.599998474121094,52.86000061035156,36850,2002,8,1,4,11900
51.0,54.18000030517578,52.79999923706055,52.79999923706055,25283,2002,8,2,5,11901
49.439998626708984,53.939998626708984,52.79999923706055,50.7599983215332,27650,2002,8,5,1,11904
49.560001373291016,53.34000015258789,50.7599983215332,52.91999816894531,24733,2002,8,6,2,11905
51.0,54.29999923706055,53.34000015258789,53.040000915527344,8950,2002,8,7,3,11906
51.0,55.20000076293945,54.0,55.20000076293945,24800,2002,8,8,4,11907
52.5,58.79999923706055,54.540000915527344,58.5,22700,2002,8,9,5,11908
56.52000045776367,61.79999923706055,57.779998779296875,61.7400016784668,29483,2002,8,12,1,11911
57.29999923706055,61.79999923706055,61.20000076293945,57.959999084472656,31583,2002,8,13,2,11912
54.29999923706055,63.0,58.5,62.939998626708984,24517,2002,8,14,3,11913
60.36000061035156,64.31999969482422,62.34000015258789,61.79999923706055,24433,2002,8,15,4,11914
60.720001220703125,66.0,62.040000915527344,62.81999969482422,31717,2002,8,16,5,11915
60.599998474121094,64.08000183105469,62.7599983215332,63.2400016784668,30800,2002,8,19,1,11918
60.0,63.29999923706055,63.2400016784668,60.599998474121094,16067,2002,8,20,2,11919
60.060001373291016,63.0,61.380001068115234,62.63999938964844,14083,2002,8,21,3,11920
61.560001373291016,63.65999984741211,63.0,61.97999954223633,9717,2002,8,22,4,11921
56.52000045776367,62.63999938964844,62.63999938964844,59.939998626708984,17300,2002,8,23,5,11922
55.91999816894531,60.0,60.0,59.400001525878906,12433,2002,8,26,1,11925
55.619998931884766,59.880001068115234,59.880001068115234,55.79999923706055,13167,2002,8,27,2,11926
54.060001373291016,56.099998474121094,55.5,54.540000915527344,11233,2002,8,28,3,11927
53.400001525878906,58.5,54.900001525878906,54.65999984741211,8350,2002,8,29,4,11928
51.18000030517578,57.599998474121094,54.599998474121094,52.91999816894531,18100,2002,8,30,5,11929
49.20000076293945,53.34000015258789,53.34000015258789,49.31999969482422,20800,2002,9,3,2,11933
48.060001373291016,49.79999923706055,49.2599983215332,49.02000045776367,20667,2002,9,4,3,11934
48.18000030517578,50.400001525878906,49.08000183105469,48.65999984741211,9033,2002,9,5,4,11935
48.779998779296875,51.29999923706055,48.779998779296875,51.18000030517578,18867,2002,9,6,5,11936
48.540000915527344,53.52000045776367,50.81999969482422,53.400001525878906,18000,2002,9,9,1,11939
49.20000076293945,52.79999923706055,52.2599983215332,52.380001068115234,12300,2002,9,10,2,11940
51.41999816894531,53.040000915527344,51.900001525878906,52.86000061035156,7617,2002,9,11,3,11941
49.97999954223633,51.900001525878906,51.060001373291016,51.900001525878906,7933,2002,9,12,4,11942
50.52000045776367,54.0,52.20000076293945,54.0,8917,2002,9,13,5,11943
51.36000061035156,54.0,54.0,51.65999984741211,6317,2002,9,16,1,11946
50.70000076293945,53.040000915527344,53.040000915527344,51.540000915527344,11617,2002,9,17,2,11947
49.91999816894531,52.5,50.099998474121094,51.900001525878906,16400,2002,9,18,3,11948
49.5,52.380001068115234,52.380001068115234,51.65999984741211,14867,2002,9,19,4,11949
48.720001220703125,52.5,48.959999084472656,48.779998779296875,43767,2002,9,20,5,11950
48.47999954223633,51.65999984741211,48.900001525878906,48.720001220703125,33667,2002,9,23,1,11953
44.400001525878906,48.599998474121094,48.540000915527344,46.5,30400,2002,9,24,2,11954
45.29999923706055,48.599998474121094,46.68000030517578,47.400001525878906,34500,2002,9,25,3,11955
47.400001525878906,50.279998779296875,47.400001525878906,48.779998779296875,23000,2002,9,26,4,11956
46.79999923706055,50.099998474121094,50.099998474121094,47.099998474121094,17500,2002,9,27,5,11957
45.900001525878906,50.63999938964844,47.880001068115234,48.47999954223633,22683,2002,9,30,1,11960
45.2400016784668,51.2400016784668,49.31999969482422,46.560001373291016,47467,2002,10,1,2,11961
45.36000061035156,49.7400016784668,45.36000061035156,47.63999938964844,19617,2002,10,2,3,11962
47.040000915527344,48.65999984741211,47.040000915527344,48.599998474121094,22733,2002,10,3,4,11963
45.84000015258789,48.41999816894531,48.2400016784668,46.91999816894531,14800,2002,10,4,5,11964
45.900001525878906,48.060001373291016,48.060001373291016,47.459999084472656,17450,2002,10,7,1,11967
45.900001525878906,48.540000915527344,47.58000183105469,46.2599983215332,20783,2002,10,8,2,11968
40.79999923706055,46.5,46.08000183105469,41.15999984741211,41767,2002,10,9,3,11969
40.380001068115234,42.599998474121094,42.0,41.52000045776367,18500,2002,10,10,4,11970
41.939998626708984,43.79999923706055,42.84000015258789,42.47999954223633,23633,2002,10,11,5,11971
44.52000045776367,46.79999923706055,46.79999923706055,46.5,104633,2002,10,14,1,11974
46.91999816894531,49.439998626708984,47.15999984741211,47.52000045776367,51550,2002,10,15,2,11975
46.2599983215332,48.599998474121094,48.0,47.7599983215332,13317,2002,10,16,3,11976
49.5,51.47999954223633,51.0,51.0,73300,2002,10,17,4,11977
51.29999923706055,56.63999938964844,52.79999923706055,54.0,51383,2002,10,18,5,11978
54.060001373291016,58.02000045776367,56.70000076293945,56.040000915527344,145350,2002,10,21,1,11981
51.0,56.70000076293945,56.099998474121094,52.2599983215332,50567,2002,10,22,2,11982
49.68000030517578,52.91999816894531,52.91999816894531,52.79999923706055,40733,2002,10,23,3,11983
50.880001068115234,55.7400016784668,51.779998779296875,54.720001220703125,26700,2002,10,24,4,11984
54.0,57.900001525878906,54.0,56.220001220703125,12650,2002,10,25,5,11985
55.619998931884766,58.380001068115234,58.380001068115234,55.79999923706055,43033,2002,10,28,1,11988
55.20000076293945,57.0,56.63999938964844,56.099998474121094,23583,2002,10,29,2,11989
55.86000061035156,57.599998474121094,57.0,57.0,40950,2002,10,30,3,11990
54.779998779296875,58.20000076293945,57.36000061035156,56.81999969482422,26000,2002,10,31,4,11991
55.97999954223633,57.599998474121094,56.7599983215332,57.599998474121094,32400,2002,11,1,5,11992
57.540000915527344,61.5,57.599998474121094,61.08000183105469,57667,2002,11,4,1,11995
61.20000076293945,65.69999694824219,64.0199966430664,65.0999984741211,56283,2002,11,5,2,11996
63.36000061035156,67.08000183105469,66.30000305175781,64.62000274658203,56267,2002,11,6,3,11997
63.29999923706055,65.87999725341797,64.80000305175781,65.04000091552734,20033,2002,11,7,4,11998
64.5,67.13999938964844,66.41999816894531,65.69999694824219,16883,2002,11,8,5,11999
65.0999984741211,66.77999877929688,66.0,66.0,26467,2002,11,11,1,12002
63.41999816894531,67.68000030517578,66.9000015258789,64.80000305175781,57017,2002,11,12,2,12003
62.70000076293945,65.4000015258789,64.44000244140625,63.779998779296875,26117,2002,11,13,3,12004
63.599998474121094,67.44000244140625,64.19999694824219,66.77999877929688,28733,2002,11,14,4,12005
64.91999816894531,69.5999984741211,66.05999755859375,66.9000015258789,71000,2002,11,15,5,12006
66.0,68.04000091552734,67.19999694824219,66.5999984741211,36917,2002,11,18,1,12009
61.20000076293945,68.4000015258789,67.5,63.41999816894531,50450,2002,11,19,2,12010
61.86000061035156,65.69999694824219,63.41999816894531,65.4000015258789,17167,2002,11,20,3,12011
65.69999694824219,69.05999755859375,66.05999755859375,66.9000015258789,64200,2002,11,21,4,12012
67.0199966430664,70.19999694824219,67.73999786376953,70.0199966430664,48183,2002,11,22,5,12013
69.05999755859375,71.4000015258789,70.19999694824219,70.08000183105469,58017,2002,11,25,1,12016
66.0,69.83999633789062,69.83999633789062,67.19999694824219,41767,2002,11,26,2,12017
67.80000305175781,72.0,68.4000015258789,71.81999969482422,32317,2002,11,27,3,12018
71.0999984741211,73.44000244140625,72.18000030517578,73.19999694824219,25050,2002,11,29,5,12020
70.62000274658203,75.0,74.4000015258789,71.94000244140625,54433,2002,12,2,1,12023
69.83999633789062,72.30000305175781,72.0,69.83999633789062,32717,2002,12,3,2,12024
68.58000183105469,71.0999984741211,69.83999633789062,70.19999694824219,31817,2002,12,4,3,12025
68.0999984741211,70.19999694824219,68.27999877929688,68.0999984741211,25017,2002,12,5,4,12026
67.80000305175781,70.68000030517578,68.04000091552734,69.72000122070312,16100,2002,12,6,5,12027
67.86000061035156,70.9800033569336,68.4000015258789,69.30000305175781,34017,2002,12,9,1,12030
64.0199966430664,70.5,69.30000305175781,64.80000305175781,71450,2002,12,10,2,12031
63.900001525878906,66.23999786376953,64.86000061035156,65.4000015258789,18833,2002,12,11,3,12032
64.55999755859375,66.9000015258789,65.0999984741211,65.63999938964844,39983,2002,12,12,4,12033
63.0,66.23999786376953,64.80000305175781,63.779998779296875,22100,2002,12,13,5,12034
63.0,67.26000213623047,63.65999984741211,66.54000091552734,38067,2002,12,16,1,12037
65.69999694824219,68.4000015258789,67.19999694824219,66.9000015258789,56117,2002,12,17,2,12038
65.22000122070312,69.18000030517578,67.5,65.27999877929688,55083,2002,12,18,3,12039
64.62000274658203,66.0,65.27999877929688,66.0,35900,2002,12,19,4,12040
60.29999923706055,66.72000122070312,65.0999984741211,62.040000915527344,67833,2002,12,20,5,12041
60.65999984741211,63.0,62.040000915527344,60.900001525878906,26750,2002,12,23,1,12044
60.720001220703125,63.36000061035156,62.099998474121094,62.70000076293945,18200,2002,12,24,2,12045
62.70000076293945,64.73999786376953,63.47999954223633,63.599998474121094,21517,2002,12,26,4,12047
61.5,64.80000305175781,64.73999786376953,61.5,34167,2002,12,27,5,12048
60.599998474121094,63.2400016784668,62.099998474121094,61.380001068115234,53150,2002,12,30,1,12051
60.599998474121094,63.599998474121094,60.599998474121094,61.439998626708984,55750,2002,12,31,2,12052
61.68000030517578,65.69999694824219,62.099998474121094,64.19999694824219,24050,2003,1,2,4,12054
63.060001373291016,65.76000213623047,65.27999877929688,65.45999908447266,34650,2003,1,3,5,12055
65.63999938964844,70.86000061035156,66.0,70.5,54033,2003,1,6,1,12058
67.5,71.22000122070312,71.0999984741211,68.87999725341797,42567,2003,1,7,2,12059
67.55999755859375,70.44000244140625,70.44000244140625,68.0999984741211,37300,2003,1,8,3,12060
63.0,66.5999984741211,65.4000015258789,63.84000015258789,60367,2003,1,9,4,12061
63.0,64.5,64.37999725341797,64.13999938964844,29600,2003,1,10,5,12062
64.19999694824219,66.0,66.0,65.0999984741211,26933,2003,1,13,1,12065
64.91999816894531,67.08000183105469,65.16000366210938,66.30000305175781,19917,2003,1,14,2,12066
64.31999969482422,66.30000305175781,66.18000030517578,65.22000122070312,12500,2003,1,15,3,12067
64.19999694824219,66.30000305175781,65.04000091552734,64.73999786376953,20783,2003,1,16,4,12068
62.220001220703125,64.80000305175781,64.5,62.52000045776367,35000,2003,1,17,5,12069
60.29999923706055,63.29999923706055,62.880001068115234,61.13999938964844,40233,2003,1,21,2,12073
58.97999954223633,62.70000076293945,61.02000045776367,60.18000030517578,111117,2003,1,22,3,12074
61.79999923706055,64.80000305175781,62.15999984741211,62.81999969482422,376483,2003,1,23,4,12075
61.5,64.19999694824219,63.720001220703125,61.86000061035156,78633,2003,1,24,5,12076
60.0,63.36000061035156,61.79999923706055,60.060001373291016,38917,2003,1,27,1,12079
59.099998474121094,61.79999923706055,61.619998931884766,59.939998626708984,106767,2003,1,28,2,12080
57.119998931884766,59.7599983215332,59.58000183105469,58.97999954223633,52933,2003,1,29,3,12081
56.70000076293945,59.58000183105469,59.400001525878906,57.29999923706055,56950,2003,1,30,4,12082
57.119998931884766,58.2599983215332,57.84000015258789,57.2400016784668,72217,2003,1,31,5,12083
56.52000045776367,57.29999923706055,57.2400016784668,56.880001068115234,54450,2003,2,3,1,12086
56.040000915527344,57.119998931884766,57.0,57.060001373291016,56067,2003,2,4,2,12087
55.619998931884766,57.599998474121094,57.060001373291016,56.15999984741211,46100,2003,2,5,3,12088
54.0,56.52000045776367,56.52000045776367,55.619998931884766,46717,2003,2,6,4,12089
54.119998931884766,56.52000045776367,55.619998931884766,54.18000030517578,44800,2003,2,7,5,12090
51.18000030517578,54.959999084472656,54.0,53.939998626708984,67400,2003,2,10,1,12093
51.720001220703125,54.0,54.0,51.84000015258789,33267,2003,2,11,2,12094
50.400001525878906,52.5,51.060001373291016,50.400001525878906,27783,2003,2,12,3,12095
48.900001525878906,51.119998931884766,50.459999084472656,50.220001220703125,46500,2003,2,13,4,12096
49.13999938964844,59.099998474121094,50.220001220703125,54.540000915527344,245933,2003,2,14,5,12097
51.84000015258789,54.47999954223633,54.41999816894531,52.380001068115234,47833,2003,2,18,2,12101
48.720001220703125,52.439998626708984,52.380001068115234,49.7400016784668,37283,2003,2,19,3,12102
49.20000076293945,50.099998474121094,49.86000061035156,50.099998474121094,21833,2003,2,20,4,12103
48.779998779296875,50.52000045776367,50.34000015258789,49.439998626708984,42517,2003,2,21,5,12104
46.5,50.220001220703125,50.220001220703125,46.5,67550,2003,2,24,1,12107
44.7599983215332,46.560001373291016,45.0,46.31999969482422,50183,2003,2,25,2,12108
45.29999923706055,47.52000045776367,46.97999954223633,46.20000076293945,23950,2003,2,26,3,12109
45.0,47.939998626708984,45.060001373291016,47.459999084472656,48033,2003,2,27,4,12110
47.220001220703125,49.08000183105469,49.08000183105469,48.779998779296875,43050,2003,2,28,5,12111
44.880001068115234,49.08000183105469,48.540000915527344,45.29999923706055,99017,2003,3,3,1,12114
44.63999938964844,45.900001525878906,45.29999923706055,45.29999923706055,88483,2003,3,4,2,12115
44.400001525878906,45.779998779296875,45.779998779296875,44.459999084472656,34500,2003,3,5,3,12116
42.900001525878906,45.900001525878906,44.70000076293945,45.599998474121094,77450,2003,3,6,4,12117
44.7599983215332,46.5,45.900001525878906,45.959999084472656,46217,2003,3,7,5,12118
45.119998931884766,46.439998626708984,46.2599983215332,45.959999084472656,28883,2003,3,10,1,12121
45.119998931884766,47.099998474121094,46.2599983215332,45.18000030517578,26600,2003,3,11,2,12122
44.099998474121094,45.599998474121094,45.060001373291016,44.70000076293945,28917,2003,3,12,3,12123
44.099998474121094,45.779998779296875,44.7599983215332,44.70000076293945,36783,2003,3,13,4,12124
42.599998474121094,45.0,45.0,42.779998779296875,60117,2003,3,14,5,12125
42.47999954223633,48.0,42.599998474121094,48.0,90100,2003,3,17,1,12128
47.63999938964844,49.86000061035156,48.36000061035156,49.86000061035156,35533,2003,3,18,2,12129
49.13999938964844,51.36000061035156,49.97999954223633,51.29999923706055,43650,2003,3,19,3,12130
49.86000061035156,52.380001068115234,51.47999954223633,51.779998779296875,27517,2003,3,20,4,12131
52.31999969482422,55.5,52.380001068115234,54.060001373291016,164483,2003,3,21,5,12132
49.20000076293945,53.099998474121094,53.099998474121094,49.20000076293945,37233,2003,3,24,1,12135
47.63999938964844,52.5,49.20000076293945,51.29999923706055,65600,2003,3,25,2,12136
50.70000076293945,52.86000061035156,51.599998474121094,52.20000076293945,16883,2003,3,26,3,12137
51.29999923706055,53.52000045776367,52.619998931884766,53.400001525878906,27400,2003,3,27,4,12138
50.52000045776367,53.400001525878906,53.400001525878906,50.58000183105469,23950,2003,3,28,5,12139
48.36000061035156,51.540000915527344,51.540000915527344,49.7400016784668,40233,2003,3,31,1,12142
48.599998474121094,50.70000076293945,49.20000076293945,49.79999923706055,40467,2003,4,1,2,12143
49.619998931884766,51.779998779296875,50.7599983215332,51.29999923706055,48800,2003,4,2,3,12144
50.15999984741211,52.619998931884766,51.599998474121094,52.439998626708984,85983,2003,4,3,4,12145
49.5,53.040000915527344,52.20000076293945,49.7400016784668,58000,2003,4,4,5,12146
48.900001525878906,51.060001373291016,49.79999923706055,49.20000076293945,34967,2003,4,7,1,12149
48.0,50.099998474121094,49.439998626708984,49.79999923706055,27433,2003,4,8,2,12150
49.02000045776367,53.400001525878906,50.220001220703125,49.380001068115234,61033,2003,4,9,3,12151
48.599998474121094,50.63999938964844,50.63999938964844,48.599998474121094,24350,2003,4,10,4,12152
47.220001220703125,51.0,49.86000061035156,48.0,20417,2003,4,11,5,12153
47.400001525878906,49.20000076293945,48.0,48.959999084472656,20300,2003,4,14,1,12156
46.5,49.20000076293945,49.20000076293945,48.0,47600,2003,4,15,2,12157
47.040000915527344,52.5,48.47999954223633,49.380001068115234,47017,2003,4,16,3,12158
48.900001525878906,52.08000183105469,50.70000076293945,52.08000183105469,22433,2003,4,17,4,12159
50.34000015258789,53.70000076293945,52.20000076293945,52.2599983215332,33200,2003,4,21,1,12163
52.08000183105469,54.720001220703125,52.5,54.41999816894531,32333,2003,4,22,2,12164
54.0,56.459999084472656,54.779998779296875,56.15999984741211,31433,2003,4,23,3,12165
55.619998931884766,58.31999969482422,56.81999969482422,57.2400016784668,39533,2003,4,24,4,12166
55.380001068115234,58.5,57.779998779296875,55.5,40933,2003,4,25,5,12167
55.380001068115234,60.959999084472656,55.619998931884766,60.0,52617,2003,4,28,1,12170
59.400001525878906,62.880001068115234,60.84000015258789,60.41999816894531,72867,2003,4,29,2,12171
58.79999923706055,60.36000061035156,60.060001373291016,58.91999816894531,103183,2003,4,30,3,12172
58.31999969482422,60.119998931884766,59.81999969482422,60.0,42700,2003,5,1,4,12173
57.900001525878906,60.119998931884766,60.0,59.52000045776367,38117,2003,5,2,5,12174
57.599998474121094,59.63999938964844,58.2599983215332,59.52000045776367,34567,2003,5,5,1,12177
56.040000915527344,60.060001373291016,59.58000183105469,59.34000015258789,64533,2003,5,6,2,12178
58.2599983215332,59.400001525878906,58.79999923706055,59.400001525878906,37267,2003,5,7,3,12179
58.02000045776367,59.63999938964844,58.86000061035156,58.79999923706055,32050,2003,5,8,4,12180
58.439998626708984,59.63999938964844,59.400001525878906,59.34000015258789,22667,2003,5,9,5,12181
58.79999923706055,60.540000915527344,60.0,59.220001220703125,42900,2003,5,12,1,12184
59.040000915527344,63.0,59.040000915527344,63.0,66983,2003,5,13,2,12185
64.26000213623047,68.33999633789062,64.26000213623047,68.04000091552734,108633,2003,5,14,3,12186
64.80000305175781,68.69999694824219,68.22000122070312,67.0199966430664,58200,2003,5,15,4,12187
64.86000061035156,68.69999694824219,65.76000213623047,64.86000061035156,61883,2003,5,16,5,12188
63.65999984741211,68.0999984741211,66.0,64.26000213623047,36850,2003,5,19,1,12191
61.08000183105469,64.73999786376953,63.599998474121094,63.599998474121094,59267,2003,5,20,2,12192
62.400001525878906,64.73999786376953,63.060001373291016,63.540000915527344,47800,2003,5,21,3,12193
62.939998626708984,65.33999633789062,62.939998626708984,63.65999984741211,34600,2003,5,22,4,12194
65.63999938964844,70.5,69.05999755859375,66.9000015258789,152000,2003,5,23,5,12195
66.5999984741211,75.36000061035156,67.19999694824219,72.77999877929688,256050,2003,5,27,2,12199
72.0,76.0199966430664,73.19999694824219,74.16000366210938,154117,2003,5,28,3,12200
70.08000183105469,75.5999984741211,75.30000305175781,72.0,91350,2003,5,29,4,12201
71.87999725341797,75.0,72.30000305175781,73.62000274658203,110933,2003,5,30,5,12202
76.80000305175781,84.66000366210938,79.80000305175781,80.22000122070312,331100,2003,6,2,1,12205
78.0,82.62000274658203,81.5999984741211,79.19999694824219,127900,2003,6,3,2,12206
79.0199966430664,81.77999877929688,79.86000061035156,79.31999969482422,171750,2003,6,4,3,12207
77.4000015258789,84.77999877929688,79.73999786376953,84.05999755859375,113717,2003,6,5,4,12208
84.5999984741211,94.68000030517578,84.83999633789062,93.9000015258789,358817,2003,6,6,5,12209
88.80000305175781,94.5,93.0,88.9800033569336,122233,2003,6,9,1,12212
87.0,92.81999969482422,91.73999786376953,90.66000366210938,72767,2003,6,10,2,12213
87.72000122070312,94.9800033569336,87.72000122070312,94.80000305175781,85567,2003,6,11,3,12214
92.27999877929688,96.0,95.69999694824219,94.31999969482422,82717,2003,6,12,4,12215
90.72000122070312,95.81999969482422,95.27999877929688,92.69999694824219,41883,2003,6,13,5,12216
82.80000305175781,91.73999786376953,90.72000122070312,88.9800033569336,169133,2003,6,16,1,12219
83.58000183105469,89.27999877929688,89.22000122070312,85.08000183105469,93733,2003,6,17,2,12220
76.08000183105469,85.08000183105469,83.58000183105469,76.80000305175781,146283,2003,6,18,3,12221
66.5999984741211,77.5199966430664,75.66000366210938,68.27999877929688,241250,2003,6,19,4,12222
66.5999984741211,74.0999984741211,67.19999694824219,72.0,140233,2003,6,20,5,12223
68.0999984741211,75.18000030517578,72.05999755859375,70.08000183105469,68133,2003,6,23,1,12226
66.9000015258789,71.81999969482422,69.12000274658203,69.5999984741211,58233,2003,6,24,2,12227
68.94000244140625,73.68000030517578,69.23999786376953,70.08000183105469,59367,2003,6,25,3,12228
69.72000122070312,75.23999786376953,70.68000030517578,73.80000305175781,48150,2003,6,26,4,12229
73.68000030517578,78.30000305175781,75.0,73.91999816894531,104783,2003,6,27,5,12230
69.0,74.76000213623047,73.13999938964844,69.05999755859375,89767,2003,6,30,1,12233
68.04000091552734,71.58000183105469,68.4000015258789,69.23999786376953,63550,2003,7,1,2,12234
69.0,72.0,71.0999984741211,69.05999755859375,73217,2003,7,2,3,12235
68.4000015258789,71.63999938964844,68.94000244140625,71.0999984741211,32750,2003,7,3,4,12236
71.22000122070312,76.80000305175781,72.36000061035156,75.0,62267,2003,7,7,1,12240
74.04000091552734,77.33999633789062,75.95999908447266,76.80000305175781,40517,2003,7,8,2,12241
75.9000015258789,80.69999694824219,76.37999725341797,79.9800033569336,90883,2003,7,9,3,12242
75.41999816894531,79.91999816894531,79.5,78.95999908447266,75833,2003,7,10,4,12243
76.62000274658203,81.5999984741211,79.19999694824219,77.69999694824219,27967,2003,7,11,5,12244
77.69999694824219,80.58000183105469,78.83999633789062,78.12000274658203,28750,2003,7,14,1,12247
75.66000366210938,80.0999984741211,78.0,77.27999877929688,51200,2003,7,15,2,12248
73.80000305175781,78.0,78.0,74.16000366210938,105667,2003,7,16,3,12249
70.5,76.0199966430664,73.86000061035156,71.16000366210938,52450,2003,7,17,4,12250
70.44000244140625,73.5,71.0999984741211,72.12000274658203,26733,2003,7,18,5,12251
69.30000305175781,72.23999786376953,71.22000122070312,71.33999633789062,41000,2003,7,21,1,12254
69.36000061035156,72.41999816894531,69.36000061035156,72.0,29683,2003,7,22,2,12255
70.80000305175781,75.4800033569336,72.05999755859375,74.76000213623047,44633,2003,7,23,3,12256
74.45999908447266,78.4800033569336,75.23999786376953,77.63999938964844,48267,2003,7,24,4,12257
75.18000030517578,79.68000030517578,77.81999969482422,79.5,38033,2003,7,25,5,12258
78.30000305175781,80.87999725341797,80.04000091552734,79.80000305175781,35917,2003,7,28,1,12261
78.05999755859375,80.94000244140625,80.4000015258789,79.5,18233,2003,7,29,2,12262
75.0,78.5999984741211,78.41999816894531,75.30000305175781,46300,2003,7,30,3,12263
75.0,79.5,75.9000015258789,75.9000015258789,60750,2003,7,31,4,12264
74.76000213623047,76.19999694824219,76.19999694824219,74.76000213623047,60750,2003,8,1,5,12265
72.12000274658203,75.54000091552734,74.76000213623047,74.69999694824219,43433,2003,8,4,1,12268
70.9800033569336,75.9000015258789,74.69999694824219,71.87999725341797,39167,2003,8,5,2,12269
66.12000274658203,71.4000015258789,70.80000305175781,66.5999984741211,83667,2003,8,6,3,12270
66.0,69.5999984741211,66.41999816894531,66.95999908447266,41983,2003,8,7,4,12271
65.69999694824219,68.04000091552734,67.5,66.0,22200,2003,8,8,5,12272
63.119998931884766,66.9000015258789,65.63999938964844,64.86000061035156,44683,2003,8,11,1,12275
64.5,66.95999908447266,64.5,66.12000274658203,44267,2003,8,12,2,12276
64.0199966430664,67.08000183105469,66.30000305175781,64.19999694824219,47817,2003,8,13,3,12277
62.400001525878906,65.4000015258789,64.19999694824219,63.720001220703125,70083,2003,8,14,4,12278
62.70000076293945,64.19999694824219,64.0199966430664,62.939998626708984,15800,2003,8,15,5,12279
63.29999923706055,66.36000061035156,63.599998474121094,64.26000213623047,67383,2003,8,18,1,12282
72.72000122070312,77.69999694824219,76.5,73.80000305175781,353267,2003,8,19,2,12283
72.0,74.4000015258789,72.4800033569336,73.73999786376953,105433,2003,8,20,3,12284
75.30000305175781,82.80000305175781,77.69999694824219,80.76000213623047,202017,2003,8,21,4,12285
78.12000274658203,84.23999786376953,82.37999725341797,81.30000305175781,103783,2003,8,22,5,12286
79.5,82.31999969482422,81.05999755859375,80.16000366210938,46900,2003,8,25,1,12289
78.0,81.0,81.0,80.69999694824219,58200,2003,8,26,2,12290
79.5,84.4800033569336,80.04000091552734,83.94000244140625,52317,2003,8,27,3,12291
82.19999694824219,86.16000366210938,84.5999984741211,86.0999984741211,62450,2003,8,28,4,12292
84.30000305175781,86.94000244140625,86.4000015258789,84.83999633789062,39183,2003,8,29,5,12293
81.9000015258789,86.16000366210938,86.16000366210938,84.30000305175781,48250,2003,9,2,2,12297
72.66000366210938,79.19999694824219,73.55999755859375,78.18000030517578,274617,2003,9,3,3,12298
75.12000274658203,79.44000244140625,78.30000305175781,78.9000015258789,89217,2003,9,4,4,12299
77.04000091552734,83.63999938964844,77.0999984741211,83.4000015258789,90800,2003,9,5,5,12300
79.5,84.0,83.45999908447266,83.04000091552734,56200,2003,9,8,1,12303
81.0,84.23999786376953,82.9800033569336,83.58000183105469,61483,2003,9,9,2,12304
81.95999908447266,84.23999786376953,83.4000015258789,82.68000030517578,78767,2003,9,10,3,12305
81.0,84.30000305175781,82.91999816894531,83.4000015258789,48550,2003,9,11,4,12306
81.66000366210938,84.23999786376953,81.95999908447266,82.5,44267,2003,9,12,5,12307
81.0,84.0,82.80000305175781,81.5999984741211,49367,2003,9,15,1,12310
81.0,84.05999755859375,81.9000015258789,84.0,37050,2003,9,16,2,12311
82.91999816894531,89.69999694824219,84.41999816894531,88.5,107567,2003,9,17,3,12312
88.44000244140625,91.68000030517578,89.45999908447266,90.0,94033,2003,9,18,4,12313
89.63999938964844,94.19999694824219,90.83999633789062,94.0199966430664,95917,2003,9,19,5,12314
87.36000061035156,91.80000305175781,91.73999786376953,90.0,92183,2003,9,22,1,12317
87.12000274658203,92.22000122070312,91.5,87.5999984741211,93750,2003,9,23,2,12318
80.22000122070312,88.37999725341797,87.36000061035156,81.66000366210938,125700,2003,9,24,3,12319
78.54000091552734,83.87999725341797,82.80000305175781,79.13999938964844,94533,2003,9,25,4,12320
73.55999755859375,78.72000122070312,78.30000305175781,74.04000091552734,89017,2003,9,26,5,12321
72.12000274658203,76.62000274658203,74.69999694824219,75.66000366210938,83367,2003,9,29,1,12324
72.4800033569336,77.0999984741211,75.5999984741211,72.4800033569336,91183,2003,9,30,2,12325
72.0,79.19999694824219,74.76000213623047,77.94000244140625,134400,2003,10,1,3,12326
77.5199966430664,81.0,78.72000122070312,79.37999725341797,82417,2003,10,2,4,12327
79.19999694824219,82.5,80.0999984741211,80.33999633789062,54200,2003,10,3,5,12328
76.55999755859375,80.63999938964844,79.68000030517578,77.94000244140625,57783,2003,10,6,1,12331
76.86000061035156,78.5999984741211,77.94000244140625,78.5999984741211,41950,2003,10,7,2,12332
75.95999908447266,78.95999908447266,78.66000366210938,76.08000183105469,30183,2003,10,8,3,12333
75.9000015258789,79.19999694824219,76.37999725341797,77.81999969482422,45267,2003,10,9,4,12334
75.95999908447266,78.30000305175781,77.94000244140625,77.63999938964844,40883,2003,10,10,5,12335
76.86000061035156,81.5999984741211,78.12000274658203,79.19999694824219,51117,2003,10,13,1,12338
77.81999969482422,80.4000015258789,79.80000305175781,78.18000030517578,36417,2003,10,14,2,12339
76.08000183105469,78.5999984741211,78.5999984741211,76.26000213623047,24000,2003,10,15,3,12340
75.95999908447266,77.0999984741211,76.19999694824219,76.19999694824219,14283,2003,10,16,4,12341
74.33999633789062,76.80000305175781,76.80000305175781,74.81999969482422,38567,2003,10,17,5,12342
72.30000305175781,75.30000305175781,74.69999694824219,73.91999816894531,43000,2003,10,20,1,12345
72.5999984741211,78.23999786376953,73.91999816894531,77.0999984741211,53883,2003,10,21,2,12346
72.72000122070312,77.4000015258789,76.91999816894531,73.55999755859375,48333,2003,10,22,3,12347
68.0999984741211,72.9000015258789,72.5999984741211,71.45999908447266,76900,2003,10,23,4,12348
68.45999908447266,72.5999984741211,71.5199966430664,69.36000061035156,30300,2003,10,24,5,12349
67.44000244140625,71.63999938964844,67.91999816894531,68.0999984741211,62250,2003,10,27,1,12352
66.9000015258789,70.13999938964844,68.4000015258789,69.9000015258789,71583,2003,10,28,2,12353
67.68000030517578,69.05999755859375,68.4000015258789,68.87999725341797,59100,2003,10,29,3,12354
67.91999816894531,71.0999984741211,68.94000244140625,68.27999877929688,129200,2003,10,30,4,12355
64.86000061035156,69.4800033569336,68.22000122070312,65.63999938964844,93033,2003,10,31,5,12356
58.68000030517578,65.27999877929688,63.779998779296875,60.36000061035156,214350,2003,11,3,1,12359
59.34000015258789,61.79999923706055,60.36000061035156,60.900001525878906,67350,2003,11,4,2,12360
59.099998474121094,61.02000045776367,60.0,60.18000030517578,45500,2003,11,5,3,12361
60.36000061035156,62.099998474121094,60.36000061035156,61.86000061035156,48050,2003,11,6,4,12362
61.02000045776367,63.900001525878906,62.15999984741211,62.63999938964844,50717,2003,11,7,5,12363
58.5,63.900001525878906,63.84000015258789,58.619998931884766,56433,2003,11,10,1,12366
55.31999969482422,60.0,57.599998474121094,57.599998474121094,87667,2003,11,11,2,12367
56.099998474121094,63.84000015258789,59.099998474121094,63.47999954223633,65450,2003,11,12,3,12368
62.400001525878906,65.5199966430664,64.13999938964844,62.81999969482422,64983,2003,11,13,4,12369
58.20000076293945,64.26000213623047,63.060001373291016,58.20000076293945,116533,2003,11,14,5,12370
55.86000061035156,58.13999938964844,57.720001220703125,57.060001373291016,55200,2003,11,17,1,12373
55.5,58.5,57.540000915527344,55.619998931884766,44500,2003,11,18,2,12374
55.79999923706055,57.779998779296875,55.86000061035156,56.7599983215332,44967,2003,11,19,3,12375
55.91999816894531,59.70000076293945,56.040000915527344,58.20000076293945,88533,2003,11,20,4,12376
56.400001525878906,59.70000076293945,58.5,57.720001220703125,267100,2003,11,21,5,12377
62.70000076293945,76.73999786376953,65.69999694824219,69.83999633789062,993000,2003,11,24,1,12380
68.16000366210938,76.5,76.08000183105469,68.45999908447266,493317,2003,11,25,2,12381
68.4000015258789,71.33999633789062,68.45999908447266,70.55999755859375,148967,2003,11,26,3,12382
72.18000030517578,75.36000061035156,72.4800033569336,74.04000091552734,107700,2003,11,28,5,12384
71.33999633789062,76.9800033569336,76.55999755859375,71.87999725341797,185750,2003,12,1,1,12387
72.18000030517578,75.0,73.08000183105469,74.87999725341797,126217,2003,12,2,2,12388
72.0,75.0,73.91999816894531,72.05999755859375,95217,2003,12,3,3,12389
69.9000015258789,74.94000244140625,73.9800033569336,71.4000015258789,165817,2003,12,4,4,12390
69.5999984741211,72.5999984741211,71.0999984741211,71.27999877929688,78800,2003,12,5,5,12391
66.9000015258789,74.58000183105469,72.05999755859375,69.9000015258789,195733,2003,12,8,1,12394
66.77999877929688,73.08000183105469,71.69999694824219,67.44000244140625,195350,2003,12,9,2,12395
62.459999084472656,67.31999969482422,67.31999969482422,65.04000091552734,140083,2003,12,10,3,12396
64.08000183105469,66.83999633789062,64.9800033569336,64.80000305175781,113417,2003,12,11,4,12397
63.0,66.95999908447266,65.5199966430664,65.22000122070312,96700,2003,12,12,5,12398
62.7599983215332,67.19999694824219,66.83999633789062,63.060001373291016,117500,2003,12,15,1,12401
61.31999969482422,63.84000015258789,61.619998931884766,63.779998779296875,70150,2003,12,16,2,12402
62.52000045776367,65.04000091552734,63.720001220703125,64.62000274658203,57367,2003,12,17,3,12403
62.939998626708984,65.63999938964844,64.73999786376953,62.939998626708984,84550,2003,12,18,4,12404
61.560001373291016,64.5,63.18000030517578,63.18000030517578,63700,2003,12,19,5,12405
65.04000091552734,72.4800033569336,67.73999786376953,66.5999984741211,253317,2003,12,22,1,12408
67.0199966430664,68.4000015258789,67.91999816894531,67.73999786376953,74950,2003,12,23,2,12409
66.0,68.33999633789062,67.91999816894531,66.5999984741211,39067,2003,12,24,3,12410
65.69999694824219,67.9800033569336,65.94000244140625,66.36000061035156,41833,2003,12,26,5,12412
66.5999984741211,69.77999877929688,67.68000030517578,68.69999694824219,77150,2003,12,29,1,12415
67.19999694824219,69.66000366210938,68.69999694824219,67.5,47583,2003,12,30,2,12416
66.72000122070312,69.05999755859375,67.91999816894531,68.04000091552734,72467,2003,12,31,3,12417
68.27999877929688,70.31999969482422,69.9000015258789,68.76000213623047,55733,2004,1,2,5,12419
66.95999908447266,70.5,70.37999725341797,67.91999816894531,101517,2004,1,5,1,12422
66.95999908447266,69.23999786376953,68.0999984741211,68.04000091552734,32883,2004,1,6,2,12423
66.0,68.87999725341797,67.44000244140625,67.26000213623047,56017,2004,1,7,3,12424
66.30000305175781,68.33999633789062,67.91999816894531,68.0999984741211,79817,2004,1,8,4,12425
66.41999816894531,69.0,68.4000015258789,68.4000015258789,104267,2004,1,9,5,12426
67.0199966430664,71.5199966430664,69.36000061035156,68.76000213623047,119950,2004,1,12,1,12429
66.41999816894531,69.72000122070312,69.0,67.5,77233,2004,1,13,2,12430
66.66000366210938,68.94000244140625,67.9800033569336,68.45999908447266,85367,2004,1,14,3,12431
66.5999984741211,69.05999755859375,67.91999816894531,67.62000274658203,62083,2004,1,15,4,12432
66.9000015258789,70.44000244140625,67.44000244140625,69.72000122070312,85467,2004,1,16,5,12433
67.5,70.5,69.83999633789062,70.19999694824219,99683,2004,1,20,2,12437
68.63999938964844,73.0199966430664,70.19999694824219,72.0,155533,2004,1,21,3,12438
70.91999816894531,74.16000366210938,73.68000030517578,71.5199966430664,146183,2004,1,22,4,12439
70.08000183105469,73.26000213623047,71.94000244140625,70.62000274658203,82050,2004,1,23,5,12440
69.0,74.76000213623047,69.4800033569336,73.08000183105469,129000,2004,1,26,1,12443
70.19999694824219,72.9000015258789,71.0999984741211,71.81999969482422,80633,2004,1,27,2,12444
68.0999984741211,72.77999877929688,72.77999877929688,68.45999908447266,115900,2004,1,28,3,12445
64.0199966430664,69.9000015258789,69.5999984741211,66.66000366210938,118500,2004,1,29,4,12446
65.0999984741211,67.19999694824219,66.9000015258789,65.16000366210938,53267,2004,1,30,5,12447
63.720001220703125,67.80000305175781,64.5,64.91999816894531,133283,2004,2,2,1,12450
63.36000061035156,65.94000244140625,64.19999694824219,64.55999755859375,574917,2004,2,3,2,12451
60.779998779296875,64.80000305175781,64.73999786376953,60.959999084472656,211667,2004,2,4,3,12452
60.65999984741211,62.63999938964844,61.5,61.2599983215332,107917,2004,2,5,4,12453
61.2599983215332,63.720001220703125,61.79999923706055,63.2400016784668,96350,2004,2,6,5,12454
61.79999923706055,63.65999984741211,62.70000076293945,62.34000015258789,63050,2004,2,9,1,12457
61.91999816894531,63.41999816894531,62.099998474121094,63.18000030517578,58683,2004,2,10,2,12458
62.81999969482422,64.19999694824219,64.19999694824219,63.29999923706055,44150,2004,2,11,3,12459
61.97999954223633,63.900001525878906,63.599998474121094,63.29999923706055,52700,2004,2,12,4,12460
61.20000076293945,63.599998474121094,63.119998931884766,62.400001525878906,65800,2004,2,13,5,12461
61.20000076293945,63.2400016784668,62.939998626708984,62.15999984741211,50800,2004,2,17,2,12465
61.20000076293945,63.2400016784668,63.0,61.79999923706055,47183,2004,2,18,3,12466
59.58000183105469,62.63999938964844,62.400001525878906,60.599998474121094,108717,2004,2,19,4,12467
60.29999923706055,61.79999923706055,60.779998779296875,60.599998474121094,62200,2004,2,20,5,12468
59.099998474121094,61.79999923706055,61.79999923706055,59.400001525878906,78800,2004,2,23,1,12471
57.900001525878906,60.36000061035156,59.459999084472656,59.040000915527344,86933,2004,2,24,2,12472
57.779998779296875,59.70000076293945,59.040000915527344,58.86000061035156,122050,2004,2,25,3,12473
57.900001525878906,59.70000076293945,59.400001525878906,59.279998779296875,36167,2004,2,26,4,12474
59.34000015258789,61.7400016784668,59.7599983215332,60.959999084472656,85900,2004,2,27,5,12475
59.880001068115234,61.79999923706055,60.0,60.2400016784668,59233,2004,3,1,1,12478
60.060001373291016,61.20000076293945,61.08000183105469,60.599998474121094,32350,2004,3,2,2,12479
59.70000076293945,60.599998474121094,60.47999954223633,59.7599983215332,48517,2004,3,3,3,12480
59.939998626708984,64.08000183105469,60.36000061035156,63.959999084472656,101267,2004,3,4,4,12481
62.15999984741211,65.45999908447266,62.58000183105469,64.37999725341797,90000,2004,3,5,5,12482
63.65999984741211,66.83999633789062,64.26000213623047,64.86000061035156,100350,2004,3,8,1,12485
61.560001373291016,65.4000015258789,65.4000015258789,62.63999938964844,54133,2004,3,9,2,12486
60.29999923706055,63.720001220703125,62.459999084472656,61.08000183105469,49417,2004,3,10,3,12487
59.70000076293945,63.720001220703125,61.08000183105469,61.31999969482422,65700,2004,3,11,4,12488
60.900001525878906,62.70000076293945,61.86000061035156,62.58000183105469,42583,2004,3,12,5,12489
59.939998626708984,62.52000045776367,61.86000061035156,60.65999984741211,42250,2004,3,15,1,12492
57.959999084472656,62.34000015258789,60.599998474121094,59.400001525878906,112033,2004,3,16,2,12493
58.5,60.29999923706055,58.79999923706055,59.81999969482422,83467,2004,3,17,3,12494
59.58000183105469,60.959999084472656,60.41999816894531,60.720001220703125,57867,2004,3,18,4,12495
60.18000030517578,61.439998626708984,60.900001525878906,61.02000045776367,38283,2004,3,19,5,12496
58.560001373291016,60.47999954223633,59.880001068115234,59.15999984741211,62917,2004,3,22,1,12499
57.2400016784668,60.599998474121094,59.400001525878906,57.599998474121094,68000,2004,3,23,2,12500
55.2599983215332,59.099998474121094,58.79999923706055,56.7599983215332,80733,2004,3,24,3,12501
57.0,62.52000045776367,57.599998474121094,62.459999084472656,100483,2004,3,25,4,12502
60.720001220703125,63.0,61.02000045776367,61.2599983215332,64267,2004,3,26,5,12503
61.439998626708984,64.44000244140625,61.97999954223633,63.29999923706055,244950,2004,3,29,1,12506
62.63999938964844,64.80000305175781,63.119998931884766,64.68000030517578,64150,2004,3,30,2,12507
63.2400016784668,66.9000015258789,64.19999694824219,63.959999084472656,164133,2004,3,31,3,12508
63.119998931884766,66.9000015258789,63.900001525878906,66.4800033569336,139883,2004,4,1,4,12509
66.4800033569336,68.94000244140625,67.13999938964844,68.5199966430664,102000,2004,4,2,5,12510
67.80000305175781,69.66000366210938,68.94000244140625,68.76000213623047,90867,2004,4,5,1,12513
65.76000213623047,68.58000183105469,68.27999877929688,66.5999984741211,110000,2004,4,6,2,12514
64.55999755859375,67.9800033569336,67.0199966430664,67.37999725341797,59033,2004,4,7,3,12515
64.73999786376953,67.91999816894531,67.91999816894531,65.4000015258789,35117,2004,4,8,4,12516
65.58000183105469,67.68000030517578,65.58000183105469,67.31999969482422,61850,2004,4,12,1,12520
63.959999084472656,67.91999816894531,67.91999816894531,65.87999725341797,49067,2004,4,13,2,12521
63.959999084472656,66.30000305175781,64.80000305175781,65.69999694824219,34467,2004,4,14,3,12522
63.84000015258789,65.69999694824219,64.55999755859375,64.44000244140625,24917,2004,4,15,4,12523
63.84000015258789,65.87999725341797,64.08000183105469,65.16000366210938,26950,2004,4,16,5,12524
64.80000305175781,66.72000122070312,64.80000305175781,66.36000061035156,75567,2004,4,19,1,12527
60.41999816894531,66.83999633789062,65.27999877929688,63.720001220703125,174750,2004,4,20,2,12528
58.86000061035156,61.7400016784668,61.20000076293945,60.65999984741211,136733,2004,4,21,3,12529
60.29999923706055,62.279998779296875,60.900001525878906,61.7400016784668,70033,2004,4,22,4,12530
59.099998474121094,62.34000015258789,61.20000076293945,59.939998626708984,64917,2004,4,23,5,12531
59.939998626708984,61.5,60.599998474121094,60.65999984741211,95933,2004,4,26,1,12534
59.279998779296875,62.15999984741211,60.599998474121094,61.7400016784668,77333,2004,4,27,2,12535
59.63999938964844,61.439998626708984,60.959999084472656,60.900001525878906,65583,2004,4,28,3,12536
60.29999923706055,63.060001373291016,60.36000061035156,62.15999984741211,93000,2004,4,29,4,12537
57.060001373291016,62.880001068115234,61.7400016784668,57.41999816894531,80533,2004,4,30,5,12538
57.599998474121094,61.13999938964844,57.959999084472656,59.81999969482422,69200,2004,5,3,1,12541
58.31999969482422,61.08000183105469,59.040000915527344,59.220001220703125,71750,2004,5,4,2,12542
57.65999984741211,60.84000015258789,59.939998626708984,57.65999984741211,53700,2004,5,5,3,12543
55.79999923706055,58.5,57.900001525878906,57.060001373291016,71300,2004,5,6,4,12544
55.7400016784668,58.97999954223633,56.459999084472656,56.400001525878906,66317,2004,5,7,5,12545
52.20000076293945,55.79999923706055,55.68000030517578,54.0,114283,2004,5,10,1,12548
52.20000076293945,55.79999923706055,54.0,53.220001220703125,105733,2004,5,11,2,12549
50.70000076293945,53.400001525878906,52.02000045776367,52.7400016784668,82967,2004,5,12,3,12550
51.599998474121094,54.84000015258789,52.31999969482422,53.15999984741211,64433,2004,5,13,4,12551
52.380001068115234,54.0,52.97999954223633,53.400001525878906,34883,2004,5,14,5,12552
52.20000076293945,54.36000061035156,54.119998931884766,53.400001525878906,52950,2004,5,17,1,12555
53.099998474121094,54.29999923706055,53.70000076293945,53.459999084472656,56983,2004,5,18,2,12556
52.380001068115234,54.720001220703125,54.0,53.279998779296875,85083,2004,5,19,3,12557
51.0,54.47999954223633,53.7599983215332,51.0,147950,2004,5,20,4,12558
50.040000915527344,52.79999923706055,52.20000076293945,50.63999938964844,97600,2004,5,21,5,12559
48.540000915527344,51.599998474121094,51.29999923706055,48.84000015258789,103450,2004,5,24,1,12562
47.459999084472656,50.70000076293945,49.380001068115234,50.459999084472656,73033,2004,5,25,2,12563
49.5,54.720001220703125,49.79999923706055,50.459999084472656,133400,2004,5,26,3,12564
48.779998779296875,52.380001068115234,50.400001525878906,49.5,77683,2004,5,27,4,12565
48.41999816894531,49.5,48.779998779296875,48.41999816894531,74517,2004,5,28,5,12566
48.18000030517578,49.68000030517578,49.20000076293945,49.5,80333,2004,6,1,2,12570
50.040000915527344,51.84000015258789,50.459999084472656,51.29999923706055,65717,2004,6,2,3,12571
48.47999954223633,52.5,51.599998474121094,48.959999084472656,59733,2004,6,3,4,12572
47.220001220703125,50.15999984741211,49.97999954223633,48.84000015258789,55133,2004,6,4,5,12573
47.939998626708984,49.97999954223633,49.97999954223633,49.20000076293945,58650,2004,6,7,1,12576
47.58000183105469,48.84000015258789,47.880001068115234,47.7599983215332,57583,2004,6,8,2,12577
44.400001525878906,48.119998931884766,48.0,44.880001068115234,130367,2004,6,9,3,12578
42.060001373291016,46.20000076293945,45.959999084472656,43.86000061035156,109517,2004,6,10,4,12579
42.29999923706055,43.97999954223633,43.380001068115234,43.20000076293945,84433,2004,6,14,1,12583
42.65999984741211,44.279998779296875,43.20000076293945,44.040000915527344,53517,2004,6,15,2,12584
43.08000183105469,45.41999816894531,44.52000045776367,44.58000183105469,51650,2004,6,16,3,12585
45.0,48.540000915527344,45.900001525878906,48.2400016784668,160650,2004,6,17,4,12586
46.79999923706055,48.599998474121094,47.459999084472656,47.63999938964844,92500,2004,6,18,5,12587
46.7400016784668,49.02000045776367,47.63999938964844,48.779998779296875,71217,2004,6,21,1,12590
47.939998626708984,49.13999938964844,49.08000183105469,48.0,71483,2004,6,22,2,12591
48.0,50.459999084472656,48.0,50.099998474121094,91417,2004,6,23,3,12592
49.79999923706055,51.599998474121094,50.279998779296875,50.70000076293945,66983,2004,6,24,4,12593
49.08000183105469,51.47999954223633,51.2400016784668,51.36000061035156,78700,2004,6,25,5,12594
49.7400016784668,51.599998474121094,51.0,49.97999954223633,102417,2004,6,28,1,12597
49.380001068115234,51.540000915527344,50.70000076293945,51.060001373291016,60017,2004,6,29,2,12598
50.15999984741211,52.2599983215332,51.540000915527344,51.36000061035156,40283,2004,6,30,3,12599
50.70000076293945,52.5,51.36000061035156,50.939998626708984,40750,2004,7,1,4,12600
49.439998626708984,51.2400016784668,50.34000015258789,50.400001525878906,19233,2004,7,2,5,12601
48.29999923706055,49.97999954223633,49.5,48.29999923706055,37867,2004,7,6,2,12605
48.0,48.900001525878906,48.29999923706055,48.29999923706055,31550,2004,7,7,3,12606
45.599998474121094,48.36000061035156,48.060001373291016,45.599998474121094,55083,2004,7,8,4,12607
45.599998474121094,48.29999923706055,45.65999984741211,46.31999969482422,27050,2004,7,9,5,12608
44.34000015258789,46.5,45.599998474121094,44.81999969482422,47633,2004,7,12,1,12611
43.20000076293945,45.84000015258789,44.459999084472656,43.5,30050,2004,7,13,2,12612
43.20000076293945,46.7400016784668,43.20000076293945,45.36000061035156,43250,2004,7,14,3,12613
45.0,47.099998474121094,45.18000030517578,46.380001068115234,44950,2004,7,15,4,12614
44.459999084472656,47.099998474121094,46.79999923706055,46.619998931884766,100683,2004,7,16,5,12615
44.7599983215332,47.400001525878906,46.2599983215332,45.84000015258789,59667,2004,7,19,1,12618
45.41999816894531,48.959999084472656,46.380001068115234,48.959999084472656,40900,2004,7,20,2,12619
45.599998474121094,49.79999923706055,49.7400016784668,45.959999084472656,50283,2004,7,21,3,12620
44.459999084472656,47.52000045776367,46.20000076293945,46.02000045776367,80217,2004,7,22,4,12621
43.380001068115234,45.720001220703125,45.41999816894531,43.619998931884766,43267,2004,7,23,5,12622
42.0,43.7400016784668,43.5,42.29999923706055,70833,2004,7,26,1,12625
40.20000076293945,43.13999938964844,42.36000061035156,42.2400016784668,108233,2004,7,27,2,12626
41.220001220703125,42.41999816894531,41.34000015258789,41.81999969482422,60700,2004,7,28,3,12627
41.040000915527344,42.779998779296875,42.2400016784668,42.720001220703125,63083,2004,7,29,4,12628
42.599998474121094,45.47999954223633,42.599998474121094,45.47999954223633,41150,2004,7,30,5,12629
42.900001525878906,44.81999969482422,43.86000061035156,43.7400016784668,28417,2004,8,2,1,12632
42.900001525878906,44.400001525878906,44.15999984741211,43.5,43167,2004,8,3,2,12633
42.41999816894531,44.15999984741211,44.15999984741211,42.41999816894531,42800,2004,8,4,3,12634
41.52000045776367,43.13999938964844,42.36000061035156,42.47999954223633,31117,2004,8,5,4,12635
39.2400016784668,41.58000183105469,41.52000045776367,40.619998931884766,76917,2004,8,6,5,12636
39.65999984741211,41.34000015258789,40.02000045776367,40.02000045776367,38067,2004,8,9,1,12639
39.0,40.5,39.599998474121094,39.900001525878906,58733,2004,8,10,2,12640
38.099998474121094,40.619998931884766,39.65999984741211,39.720001220703125,60783,2004,8,11,3,12641
37.91999816894531,40.86000061035156,39.959999084472656,38.220001220703125,74450,2004,8,12,4,12642
35.63999938964844,38.400001525878906,37.97999954223633,36.0,185317,2004,8,13,5,12643
36.060001373291016,38.099998474121094,36.720001220703125,37.439998626708984,125417,2004,8,16,1,12646
37.2599983215332,41.880001068115234,37.560001373291016,38.70000076293945,165117,2004,8,17,2,12647
38.400001525878906,40.380001068115234,39.2400016784668,40.380001068115234,86083,2004,8,18,3,12648
38.81999969482422,40.7400016784668,40.68000030517578,39.540000915527344,46217,2004,8,19,4,12649
38.58000183105469,39.84000015258789,39.599998474121094,39.36000061035156,45233,2004,8,20,5,12650
38.34000015258789,40.2599983215332,39.900001525878906,38.7599983215332,26283,2004,8,23,1,12653
38.099998474121094,39.84000015258789,39.41999816894531,38.15999984741211,27133,2004,8,24,2,12654
37.86000061035156,38.63999938964844,38.15999984741211,38.279998779296875,27617,2004,8,25,3,12655
37.5,38.400001525878906,38.400001525878906,37.97999954223633,22300,2004,8,26,4,12656
37.380001068115234,38.099998474121094,37.79999923706055,37.560001373291016,30950,2004,8,27,5,12657
36.18000030517578,38.040000915527344,37.2599983215332,36.47999954223633,31517,2004,8,30,1,12660
36.47999954223633,37.91999816894531,36.65999984741211,37.86000061035156,36933,2004,8,31,2,12661
36.65999984741211,40.5,36.959999084472656,37.02000045776367,41833,2004,9,1,3,12662
37.79999923706055,39.720001220703125,38.15999984741211,39.0,65900,2004,9,2,4,12663
37.86000061035156,39.779998779296875,39.2400016784668,38.15999984741211,30200,2004,9,3,5,12664
38.459999084472656,39.41999816894531,38.459999084472656,38.880001068115234,41950,2004,9,7,2,12668
37.91999816894531,39.119998931884766,38.52000045776367,38.099998474121094,26833,2004,9,8,3,12669
37.79999923706055,39.060001373291016,38.099998474121094,38.400001525878906,40633,2004,9,9,4,12670
37.5,39.0,37.68000030517578,39.0,57317,2004,9,10,5,12671
37.97999954223633,40.20000076293945,37.97999954223633,39.47999954223633,49817,2004,9,13,1,12674
39.29999923706055,40.560001373291016,39.599998474121094,39.41999816894531,39233,2004,9,14,2,12675
39.36000061035156,40.20000076293945,39.540000915527344,39.779998779296875,39900,2004,9,15,3,12676
39.36000061035156,40.31999969482422,39.36000061035156,40.13999938964844,39433,2004,9,16,4,12677
39.18000030517578,41.34000015258789,41.34000015258789,39.720001220703125,34700,2004,9,17,5,12678
38.63999938964844,40.5,39.0,39.060001373291016,27067,2004,9,20,1,12681
38.939998626708984,40.439998626708984,39.41999816894531,40.31999969482422,40367,2004,9,21,2,12682
38.279998779296875,39.959999084472656,39.65999984741211,38.70000076293945,30950,2004,9,22,3,12683
37.439998626708984,38.939998626708984,38.939998626708984,37.560001373291016,27917,2004,9,23,4,12684
37.02000045776367,38.040000915527344,37.5,37.2599983215332,32433,2004,9,24,5,12685
35.939998626708984,37.2599983215332,37.13999938964844,35.939998626708984,58300,2004,9,27,1,12688
35.70000076293945,37.20000076293945,35.939998626708984,36.41999816894531,39617,2004,9,28,2,12689
36.060001373291016,37.13999938964844,36.2400016784668,36.29999923706055,42767,2004,9,29,3,12690
35.70000076293945,36.959999084472656,36.84000015258789,36.18000030517578,47050,2004,9,30,4,12691
35.81999969482422,36.900001525878906,36.0,36.41999816894531,68617,2004,10,1,5,12692
36.060001373291016,37.20000076293945,36.599998474121094,36.959999084472656,59217,2004,10,4,1,12695
37.02000045776367,38.34000015258789,37.5,37.02000045776367,52350,2004,10,5,2,12696
36.599998474121094,37.79999923706055,37.31999969482422,37.20000076293945,26267,2004,10,6,3,12697
36.41999816894531,37.619998931884766,36.959999084472656,36.599998474121094,52167,2004,10,7,4,12698
36.36000061035156,37.7400016784668,36.540000915527344,36.959999084472656,75617,2004,10,8,5,12699
36.720001220703125,37.86000061035156,36.959999084472656,37.86000061035156,37217,2004,10,11,1,12702
36.779998779296875,38.040000915527344,38.040000915527344,37.20000076293945,57183,2004,10,12,2,12703
35.220001220703125,37.7400016784668,37.7400016784668,35.220001220703125,75250,2004,10,13,3,12704
34.97999954223633,36.779998779296875,36.47999954223633,34.97999954223633,149617,2004,10,14,4,12705
34.79999923706055,36.119998931884766,35.7599983215332,34.97999954223633,81767,2004,10,15,5,12706
34.86000061035156,35.63999938964844,35.400001525878906,35.15999984741211,52683,2004,10,18,1,12709
28.799999237060547,35.220001220703125,35.220001220703125,29.280000686645508,437967,2004,10,19,2,12710
27.059999465942383,29.399999618530273,28.559999465942383,28.31999969482422,233967,2004,10,20,3,12711
27.84000015258789,30.600000381469727,27.84000015258789,30.360000610351562,147417,2004,10,21,4,12712
31.200000762939453,34.5,31.5,33.29999923706055,218083,2004,10,22,5,12713
32.63999938964844,34.5,33.65999984741211,33.720001220703125,128367,2004,10,25,1,12716
35.400001525878906,37.79999923706055,35.939998626708984,36.900001525878906,194567,2004,10,26,2,12717
35.52000045776367,39.0,36.599998474121094,39.0,137067,2004,10,27,3,12718
39.36000061035156,42.0,40.439998626708984,41.7599983215332,188800,2004,10,28,4,12719
40.02000045776367,42.47999954223633,42.18000030517578,40.619998931884766,130483,2004,10,29,5,12720
39.0,40.86000061035156,40.79999923706055,40.79999923706055,77650,2004,11,1,1,12723
36.900001525878906,40.7400016784668,40.02000045776367,37.619998931884766,127750,2004,11,2,2,12724
37.91999816894531,40.5,38.040000915527344,39.599998474121094,108483,2004,11,3,3,12725
38.040000915527344,39.779998779296875,38.81999969482422,39.119998931884766,42617,2004,11,4,4,12726
38.63999938964844,40.68000030517578,38.63999938964844,40.02000045776367,69950,2004,11,5,5,12727
46.20000076293945,50.099998474121094,49.439998626708984,47.939998626708984,1020683,2004,11,8,1,12730
47.70000076293945,56.7599983215332,49.380001068115234,55.08000183105469,711150,2004,11,9,2,12731
51.36000061035156,55.5,55.2599983215332,54.0,266817,2004,11,10,3,12732
49.5,54.0,54.0,51.0,199683,2004,11,11,4,12733
49.7400016784668,52.79999923706055,51.119998931884766,52.79999923706055,139650,2004,11,12,5,12734
52.79999923706055,55.439998626708984,53.939998626708984,54.0,157500,2004,11,15,1,12737
53.099998474121094,55.5,55.20000076293945,53.15999984741211,142767,2004,11,16,2,12738
51.900001525878906,54.0,53.70000076293945,52.91999816894531,109167,2004,11,17,3,12739
52.5,54.119998931884766,53.939998626708984,53.279998779296875,62500,2004,11,18,4,12740
49.86000061035156,53.81999969482422,53.81999969482422,50.040000915527344,125767,2004,11,19,5,12741
49.79999923706055,51.959999084472656,50.939998626708984,50.939998626708984,100517,2004,11,22,1,12744
49.79999923706055,53.459999084472656,53.459999084472656,50.400001525878906,110983,2004,11,23,2,12745
50.459999084472656,52.79999923706055,50.459999084472656,51.84000015258789,92017,2004,11,24,3,12746
52.31999969482422,53.52000045776367,52.31999969482422,53.220001220703125,63000,2004,11,26,5,12748
53.400001525878906,56.099998474121094,55.91999816894531,54.599998474121094,201400,2004,11,29,1,12751
55.31999969482422,59.63999938964844,56.400001525878906,56.52000045776367,300900,2004,11,30,2,12752
57.0,58.20000076293945,57.36000061035156,57.36000061035156,152083,2004,12,1,3,12753
58.560001373291016,62.939998626708984,59.099998474121094,62.939998626708984,247550,2004,12,2,4,12754
63.0,67.19999694824219,64.44000244140625,66.23999786376953,276183,2004,12,3,5,12755
64.5,68.27999877929688,67.37999725341797,66.0,166733,2004,12,6,1,12758
48.599998474121094,59.040000915527344,57.18000030517578,48.779998779296875,854083,2004,12,7,2,12759
48.720001220703125,52.97999954223633,48.779998779296875,52.2599983215332,238933,2004,12,8,3,12760
52.2599983215332,54.41999816894531,54.060001373291016,54.0,123567,2004,12,9,4,12761
54.0,55.79999923706055,54.599998474121094,55.79999923706055,86967,2004,12,10,5,12762
53.040000915527344,56.880001068115234,56.880001068115234,54.119998931884766,109917,2004,12,13,1,12765
53.220001220703125,54.599998474121094,54.0,54.41999816894531,72450,2004,12,14,2,12766
52.5,54.65999984741211,54.060001373291016,54.0,87717,2004,12,15,3,12767
52.7400016784668,54.29999923706055,54.29999923706055,54.0,49433,2004,12,16,4,12768
52.5,54.41999816894531,54.060001373291016,52.7400016784668,47983,2004,12,17,5,12769
52.20000076293945,53.939998626708984,53.220001220703125,53.099998474121094,49100,2004,12,20,1,12772
49.68000030517578,54.0,53.63999938964844,49.91999816894531,128483,2004,12,21,2,12773
49.79999923706055,52.20000076293945,49.91999816894531,51.599998474121094,123400,2004,12,22,3,12774
50.15999984741211,52.439998626708984,51.900001525878906,51.959999084472656,55833,2004,12,23,4,12775
51.720001220703125,55.97999954223633,52.02000045776367,55.91999816894531,122317,2004,12,27,1,12779
55.619998931884766,57.900001525878906,57.0,56.400001525878906,92600,2004,12,28,2,12780
56.34000015258789,59.63999938964844,56.34000015258789,58.7400016784668,103250,2004,12,29,3,12781
59.099998474121094,62.939998626708984,60.47999954223633,62.040000915527344,108500,2004,12,30,4,12782
60.060001373291016,62.63999938964844,61.86000061035156,60.720001220703125,83517,2004,12,31,5,12783
58.86000061035156,61.439998626708984,60.599998474121094,60.0,109267,2005,1,3,1,12786
55.13999938964844,60.599998474121094,60.0,55.619998931884766,96550,2005,1,4,2,12787
55.68000030517578,58.619998931884766,56.099998474121094,56.400001525878906,132133,2005,1,5,3,12788
55.5,57.84000015258789,57.65999984741211,57.720001220703125,104583,2005,1,6,4,12789
55.79999923706055,57.900001525878906,57.18000030517578,56.58000183105469,58383,2005,1,7,5,12790
54.119998931884766,57.599998474121094,57.0,55.79999923706055,53833,2005,1,10,1,12793
51.47999954223633,55.5,54.84000015258789,53.459999084472656,98117,2005,1,11,2,12794
51.0,54.29999923706055,53.459999084472656,53.099998474121094,86700,2005,1,12,3,12795
52.20000076293945,55.13999938964844,53.400001525878906,54.900001525878906,37417,2005,1,13,4,12796
52.79999923706055,54.900001525878906,54.41999816894531,53.70000076293945,48933,2005,1,14,5,12797
54.0,57.47999954223633,54.060001373291016,56.63999938964844,169800,2005,1,18,2,12801
52.619998931884766,57.599998474121094,57.599998474121094,53.81999969482422,130800,2005,1,19,3,12802
48.29999923706055,54.0,53.70000076293945,48.599998474121094,232583,2005,1,20,4,12803
48.119998931884766,51.540000915527344,49.20000076293945,48.900001525878906,166750,2005,1,21,5,12804
44.099998474121094,49.79999923706055,48.720001220703125,44.15999984741211,228017,2005,1,24,1,12807
43.86000061035156,47.099998474121094,44.15999984741211,46.439998626708984,132217,2005,1,25,2,12808
45.36000061035156,47.70000076293945,45.84000015258789,46.560001373291016,107083,2005,1,26,3,12809
46.619998931884766,49.2599983215332,47.400001525878906,48.779998779296875,81933,2005,1,27,4,12810
48.119998931884766,50.70000076293945,48.29999923706055,49.7400016784668,78583,2005,1,28,5,12811
48.900001525878906,51.0,51.0,49.79999923706055,53250,2005,1,31,1,12814
48.29999923706055,50.400001525878906,50.15999984741211,49.5,52600,2005,2,1,2,12815
48.0,49.5,48.84000015258789,48.900001525878906,40017,2005,2,2,3,12816
47.400001525878906,49.20000076293945,48.900001525878906,48.540000915527344,51550,2005,2,3,4,12817
47.279998779296875,49.20000076293945,48.0,48.060001373291016,72567,2005,2,4,5,12818
47.099998474121094,49.31999969482422,48.29999923706055,48.29999923706055,68767,2005,2,7,1,12821
47.7599983215332,50.279998779296875,49.31999969482422,47.7599983215332,33417,2005,2,8,2,12822
46.79999923706055,49.20000076293945,48.36000061035156,47.040000915527344,57233,2005,2,9,3,12823
45.720001220703125,48.0,47.040000915527344,45.720001220703125,48500,2005,2,10,4,12824
45.47999954223633,47.81999969482422,45.599998474121094,46.31999969482422,107117,2005,2,11,5,12825
45.41999816894531,47.279998779296875,46.5,45.41999816894531,91633,2005,2,14,1,12828
42.779998779296875,47.099998474121094,45.36000061035156,45.36000061035156,120317,2005,2,15,2,12829
45.0,47.400001525878906,45.41999816894531,47.400001525878906,55167,2005,2,16,3,12830
47.400001525878906,49.7400016784668,47.400001525878906,48.65999984741211,91833,2005,2,17,4,12831
46.79999923706055,48.720001220703125,48.119998931884766,46.86000061035156,34033,2005,2,18,5,12832
45.47999954223633,47.63999938964844,47.040000915527344,45.65999984741211,49033,2005,2,22,2,12836
44.880001068115234,47.099998474121094,45.84000015258789,45.29999923706055,45733,2005,2,23,3,12837
43.5,46.619998931884766,45.29999923706055,44.63999938964844,53917,2005,2,24,4,12838
43.5,45.900001525878906,44.63999938964844,45.29999923706055,47150,2005,2,25,5,12839
41.099998474121094,46.5,46.20000076293945,41.400001525878906,113950,2005,2,28,1,12842
39.0,42.0,42.0,40.79999923706055,155167,2005,3,1,2,12843
38.7599983215332,40.5,39.84000015258789,39.779998779296875,76233,2005,3,2,3,12844
37.68000030517578,40.13999938964844,38.7599983215332,38.880001068115234,67117,2005,3,3,4,12845
36.599998474121094,39.060001373291016,38.880001068115234,37.79999923706055,102783,2005,3,4,5,12846
38.099998474121094,42.0,38.099998474121094,41.400001525878906,134983,2005,3,7,1,12849
40.560001373291016,42.41999816894531,41.459999084472656,41.15999984741211,57667,2005,3,8,2,12850
40.560001373291016,41.939998626708984,40.79999923706055,41.52000045776367,52733,2005,3,9,3,12851
40.5,43.02000045776367,41.52000045776367,42.29999923706055,40433,2005,3,10,4,12852
40.86000061035156,44.400001525878906,43.619998931884766,41.7599983215332,64033,2005,3,11,5,12853
41.040000915527344,44.58000183105469,42.18000030517578,44.400001525878906,53317,2005,3,14,1,12856
41.63999938964844,44.939998626708984,44.939998626708984,42.959999084472656,82517,2005,3,15,2,12857
41.81999969482422,43.7400016784668,41.880001068115234,43.380001068115234,36133,2005,3,16,3,12858
42.41999816894531,43.97999954223633,42.65999984741211,42.900001525878906,42933,2005,3,17,4,12859
42.36000061035156,44.939998626708984,44.939998626708984,42.65999984741211,94967,2005,3,18,5,12860
39.84000015258789,43.2599983215332,42.119998931884766,40.20000076293945,81283,2005,3,21,1,12863
39.900001525878906,42.41999816894531,40.619998931884766,42.0,55717,2005,3,22,2,12864
40.5,44.81999969482422,41.81999969482422,44.459999084472656,97633,2005,3,23,3,12865
42.29999923706055,45.0,45.0,44.63999938964844,78600,2005,3,24,4,12866
41.52000045776367,45.0,44.880001068115234,41.81999969482422,52667,2005,3,28,1,12870
39.779998779296875,44.099998474121094,44.040000915527344,40.13999938964844,81683,2005,3,29,2,12871
39.0,40.91999816894531,39.900001525878906,40.2599983215332,75850,2005,3,30,3,12872
38.70000076293945,40.79999923706055,39.84000015258789,40.20000076293945,93000,2005,3,31,4,12873
39.47999954223633,42.65999984741211,40.13999938964844,41.279998779296875,63117,2005,4,1,5,12874
41.279998779296875,42.900001525878906,41.279998779296875,42.65999984741211,61383,2005,4,4,1,12877
40.79999923706055,43.97999954223633,42.959999084472656,43.68000030517578,61483,2005,4,5,2,12878
42.599998474121094,43.79999923706055,43.68000030517578,43.2599983215332,35717,2005,4,6,3,12879
42.2400016784668,43.79999923706055,43.560001373291016,43.439998626708984,32883,2005,4,7,4,12880
41.34000015258789,43.560001373291016,43.31999969482422,42.599998474121094,41733,2005,4,8,5,12881
41.70000076293945,43.13999938964844,42.599998474121094,42.779998779296875,40567,2005,4,11,1,12884
41.040000915527344,43.13999938964844,43.02000045776367,42.2400016784668,52500,2005,4,12,2,12885
41.279998779296875,42.41999816894531,42.41999816894531,41.34000015258789,16517,2005,4,13,3,12886
40.79999923706055,42.060001373291016,41.34000015258789,40.79999923706055,23517,2005,4,14,4,12887
40.20000076293945,42.0,41.63999938964844,41.040000915527344,37783,2005,4,15,5,12888
39.599998474121094,41.34000015258789,40.79999923706055,40.619998931884766,67517,2005,4,18,1,12891
39.29999923706055,42.0,40.5,40.86000061035156,69833,2005,4,19,2,12892
39.599998474121094,41.220001220703125,40.5,39.65999984741211,41883,2005,4,20,3,12893
39.36000061035156,41.279998779296875,39.959999084472656,40.2599983215332,23583,2005,4,21,4,12894
39.599998474121094,40.7400016784668,40.31999969482422,40.7400016784668,17400,2005,4,22,5,12895
38.939998626708984,40.91999816894531,40.7400016784668,40.91999816894531,36967,2005,4,25,1,12898
40.380001068115234,43.5,40.380001068115234,43.31999969482422,45550,2005,4,26,2,12899
40.86000061035156,44.099998474121094,44.099998474121094,44.099998474121094,69217,2005,4,27,3,12900
42.29999923706055,44.099998474121094,43.619998931884766,42.540000915527344,67417,2005,4,28,4,12901
41.52000045776367,43.20000076293945,42.65999984741211,43.08000183105469,28483,2005,4,29,5,12902
40.560001373291016,43.439998626708984,43.439998626708984,41.939998626708984,52133,2005,5,2,1,12905
40.5,41.939998626708984,41.52000045776367,41.63999938964844,28383,2005,5,3,2,12906
41.52000045776367,43.2599983215332,41.52000045776367,42.959999084472656,31000,2005,5,4,3,12907
42.0,43.20000076293945,42.900001525878906,43.20000076293945,83300,2005,5,5,4,12908
42.0,43.7400016784668,43.68000030517578,42.599998474121094,49300,2005,5,6,5,12909
41.70000076293945,43.380001068115234,42.41999816894531,43.380001068115234,66633,2005,5,9,1,12912
42.29999923706055,43.5,43.439998626708984,42.900001525878906,51033,2005,5,10,2,12913
41.880001068115234,43.13999938964844,42.599998474121094,42.0,34583,2005,5,11,3,12914
41.7599983215332,43.380001068115234,42.29999923706055,43.13999938964844,45383,2005,5,12,4,12915
41.63999938964844,43.08000183105469,42.900001525878906,41.939998626708984,35917,2005,5,13,5,12916
40.91999816894531,42.2400016784668,42.2400016784668,42.060001373291016,27967,2005,5,16,1,12919
41.15999984741211,42.2400016784668,42.2400016784668,42.0,22267,2005,5,17,2,12920
40.97999954223633,42.060001373291016,42.0,42.060001373291016,39500,2005,5,18,3,12921
41.040000915527344,41.880001068115234,41.63999938964844,41.70000076293945,37200,2005,5,19,4,12922
40.68000030517578,42.0,41.63999938964844,40.68000030517578,24767,2005,5,20,5,12923
40.20000076293945,41.220001220703125,40.560001373291016,40.20000076293945,30583,2005,5,23,1,12926
39.720001220703125,40.7400016784668,40.2599983215332,40.439998626708984,39533,2005,5,24,2,12927
39.47999954223633,40.5,40.5,39.47999954223633,26267,2005,5,25,3,12928
39.0,40.2599983215332,39.29999923706055,39.29999923706055,39550,2005,5,26,4,12929
39.0,40.20000076293945,39.060001373291016,39.779998779296875,22100,2005,5,27,5,12930
39.119998931884766,40.20000076293945,39.47999954223633,39.84000015258789,28117,2005,5,31,2,12934
39.060001373291016,40.08000183105469,39.84000015258789,39.599998474121094,24650,2005,6,1,3,12935
39.18000030517578,40.5,39.599998474121094,40.13999938964844,21783,2005,6,2,4,12936
40.13999938964844,41.459999084472656,40.13999938964844,41.040000915527344,34450,2005,6,3,5,12937
40.5,42.0,41.400001525878906,41.52000045776367,32883,2005,6,6,1,12940
40.5,41.52000045776367,40.79999923706055,40.86000061035156,44400,2005,6,7,2,12941
39.29999923706055,40.79999923706055,40.7400016784668,39.29999923706055,48000,2005,6,8,3,12942
36.900001525878906,39.959999084472656,39.36000061035156,37.31999969482422,104383,2005,6,9,4,12943
34.7400016784668,37.2599983215332,37.13999938964844,34.97999954223633,84033,2005,6,10,5,12944
34.560001373291016,36.779998779296875,34.97999954223633,35.58000183105469,80267,2005,6,13,1,12947
33.779998779296875,35.400001525878906,34.91999816894531,34.439998626708984,83167,2005,6,14,2,12948
31.799999237060547,34.619998931884766,34.619998931884766,32.70000076293945,146267,2005,6,15,3,12949
32.70000076293945,35.220001220703125,33.060001373291016,34.5,85383,2005,6,16,4,12950
34.13999938964844,35.220001220703125,34.619998931884766,34.68000030517578,49400,2005,6,17,5,12951
33.84000015258789,35.400001525878906,35.400001525878906,34.31999969482422,33483,2005,6,20,1,12954
33.599998474121094,34.79999923706055,34.08000183105469,33.779998779296875,33050,2005,6,21,2,12955
33.36000061035156,34.20000076293945,33.779998779296875,33.36000061035156,27817,2005,6,22,3,12956
33.18000030517578,34.2599983215332,33.29999923706055,33.29999923706055,36467,2005,6,23,4,12957
32.70000076293945,33.779998779296875,33.36000061035156,33.29999923706055,59150,2005,6,24,5,12958
31.799999237060547,33.47999954223633,33.060001373291016,32.279998779296875,49550,2005,6,27,1,12961
32.099998474121094,33.0,32.099998474121094,32.880001068115234,26000,2005,6,28,2,12962
32.459999084472656,33.41999816894531,33.0,33.18000030517578,26483,2005,6,29,3,12963
32.279998779296875,33.41999816894531,33.119998931884766,32.459999084472656,32467,2005,6,30,4,12964
31.860000610351562,33.29999923706055,32.400001525878906,32.63999938964844,20917,2005,7,1,5,12965
32.70000076293945,34.91999816894531,33.0,34.91999816894531,47683,2005,7,5,2,12969
34.79999923706055,36.18000030517578,35.099998474121094,36.18000030517578,45667,2005,7,6,3,12970
35.099998474121094,36.65999984741211,36.18000030517578,36.18000030517578,27900,2005,7,7,4,12971
35.220001220703125,36.720001220703125,36.0,36.119998931884766,30833,2005,7,8,5,12972
35.63999938964844,36.84000015258789,36.119998931884766,35.70000076293945,35983,2005,7,11,1,12975
35.52000045776367,36.599998474121094,35.63999938964844,36.2400016784668,23967,2005,7,12,2,12976
34.560001373291016,36.779998779296875,36.0,36.0,36683,2005,7,13,3,12977
35.15999984741211,36.29999923706055,36.2400016784668,35.400001525878906,25500,2005,7,14,4,12978
34.560001373291016,35.939998626708984,35.279998779296875,35.58000183105469,21117,2005,7,15,5,12979
34.619998931884766,36.0,35.400001525878906,35.279998779296875,21700,2005,7,18,1,12982
35.459999084472656,36.119998931884766,35.70000076293945,36.119998931884766,52000,2005,7,19,2,12983
35.400001525878906,36.540000915527344,36.0,36.0,34383,2005,7,20,3,12984
35.70000076293945,38.63999938964844,36.0,37.380001068115234,92333,2005,7,21,4,12985
37.20000076293945,39.540000915527344,38.040000915527344,39.540000915527344,66400,2005,7,22,5,12986
38.52000045776367,40.31999969482422,39.720001220703125,39.29999923706055,55050,2005,7,25,1,12989
36.36000061035156,39.36000061035156,39.36000061035156,38.15999984741211,84333,2005,7,26,2,12990
36.29999923706055,38.099998474121094,37.619998931884766,36.29999923706055,32400,2005,7,27,3,12991
34.20000076293945,37.02000045776367,36.060001373291016,35.15999984741211,90350,2005,7,28,4,12992
33.29999923706055,35.400001525878906,34.619998931884766,33.599998474121094,107483,2005,7,29,5,12993
33.599998474121094,34.91999816894531,33.599998474121094,34.86000061035156,59567,2005,8,1,1,12996
34.560001373291016,35.279998779296875,35.099998474121094,35.040000915527344,24733,2005,8,2,2,12997
34.560001373291016,35.63999938964844,35.220001220703125,35.279998779296875,26533,2005,8,3,3,12998
33.720001220703125,35.52000045776367,35.279998779296875,33.900001525878906,41883,2005,8,4,4,12999
33.36000061035156,34.31999969482422,33.900001525878906,33.47999954223633,37267,2005,8,5,5,13000
31.020000457763672,33.900001525878906,33.18000030517578,32.52000045776367,75800,2005,8,8,1,13003
31.5,33.47999954223633,32.70000076293945,32.220001220703125,28450,2005,8,9,2,13004
31.68000030517578,33.18000030517578,32.459999084472656,32.400001525878906,19417,2005,8,10,3,13005
32.099998474121094,33.47999954223633,32.939998626708984,33.47999954223633,24067,2005,8,11,4,13006
31.739999771118164,33.599998474121094,33.540000915527344,33.060001373291016,33750,2005,8,12,5,13007
31.920000076293945,33.119998931884766,33.060001373291016,32.939998626708984,24933,2005,8,15,1,13010
31.860000610351562,33.0,32.63999938964844,32.15999984741211,25667,2005,8,16,2,13011
31.799999237060547,33.060001373291016,31.920000076293945,32.880001068115234,31350,2005,8,17,3,13012
32.63999938964844,33.29999923706055,32.880001068115234,33.0,29467,2005,8,18,4,13013
32.70000076293945,33.41999816894531,32.81999969482422,33.18000030517578,18517,2005,8,19,5,13014
32.220001220703125,33.29999923706055,33.18000030517578,33.2400016784668,24533,2005,8,22,1,13017
32.220001220703125,33.47999954223633,33.18000030517578,32.220001220703125,16683,2005,8,23,2,13018
32.099998474121094,32.880001068115234,32.099998474121094,32.34000015258789,15500,2005,8,24,3,13019
32.279998779296875,33.2400016784668,32.34000015258789,32.400001525878906,18233,2005,8,25,4,13020
31.799999237060547,32.880001068115234,32.34000015258789,32.52000045776367,35783,2005,8,26,5,13021
32.099998474121094,33.36000061035156,32.459999084472656,33.0,37433,2005,8,29,1,13024
31.5,33.0,32.63999938964844,32.459999084472656,27783,2005,8,30,2,13025
31.31999969482422,33.0,32.279998779296875,32.939998626708984,23817,2005,8,31,3,13026
31.799999237060547,33.0,32.70000076293945,31.979999542236328,25250,2005,9,1,4,13027
31.559999465942383,32.099998474121094,31.739999771118164,32.040000915527344,24500,2005,9,2,5,13028
31.5,32.279998779296875,32.220001220703125,31.799999237060547,25317,2005,9,6,2,13032
31.139999389648438,32.099998474121094,31.559999465942383,31.139999389648438,34750,2005,9,7,3,13033
30.899999618530273,31.979999542236328,31.139999389648438,31.6200008392334,36383,2005,9,8,4,13034
31.139999389648438,32.040000915527344,31.559999465942383,31.440000534057617,17650,2005,9,9,5,13035
31.139999389648438,33.65999984741211,31.799999237060547,31.979999542236328,53867,2005,9,12,1,13038
31.860000610351562,35.34000015258789,31.860000610351562,34.02000045776367,67183,2005,9,13,2,13039
34.20000076293945,35.279998779296875,34.31999969482422,34.31999969482422,39950,2005,9,14,3,13040
33.65999984741211,35.400001525878906,34.619998931884766,34.91999816894531,25067,2005,9,15,4,13041
35.099998474121094,36.0,35.459999084472656,35.58000183105469,47350,2005,9,16,5,13042
34.13999938964844,35.58000183105469,35.52000045776367,34.20000076293945,65817,2005,9,19,1,13045
33.900001525878906,35.15999984741211,34.2599983215332,34.08000183105469,39467,2005,9,20,2,13046
32.15999984741211,33.900001525878906,33.900001525878906,32.70000076293945,27883,2005,9,21,3,13047
31.68000030517578,32.58000183105469,32.400001525878906,31.68000030517578,27933,2005,9,22,4,13048
31.200000762939453,32.15999984741211,31.68000030517578,32.099998474121094,22800,2005,9,23,5,13049
31.200000762939453,32.63999938964844,32.52000045776367,32.52000045776367,22933,2005,9,26,1,13052
31.5,32.63999938964844,32.63999938964844,32.52000045776367,23450,2005,9,27,2,13053
31.5,32.70000076293945,32.279998779296875,32.040000915527344,28317,2005,9,28,3,13054
31.739999771118164,32.58000183105469,32.459999084472656,32.52000045776367,20733,2005,9,29,4,13055
31.739999771118164,32.63999938964844,31.799999237060547,32.52000045776367,20917,2005,9,30,5,13056
32.099998474121094,33.65999984741211,32.279998779296875,33.47999954223633,31317,2005,10,3,1,13059
31.68000030517578,33.720001220703125,33.720001220703125,32.70000076293945,42867,2005,10,4,2,13060
31.6200008392334,32.939998626708984,32.040000915527344,31.68000030517578,30800,2005,10,5,3,13061
31.3799991607666,32.400001525878906,31.559999465942383,31.559999465942383,30867,2005,10,6,4,13062
27.719999313354492,32.34000015258789,31.559999465942383,30.059999465942383,94050,2005,10,7,5,13063
33.119998931884766,36.41999816894531,34.08000183105469,34.08000183105469,1151683,2005,10,10,1,13066
31.799999237060547,34.7400016784668,34.5,32.58000183105469,171217,2005,10,11,2,13067
30.600000381469727,32.7599983215332,32.34000015258789,30.959999084472656,95150,2005,10,12,3,13068
30.959999084472656,32.400001525878906,32.400001525878906,31.920000076293945,82267,2005,10,13,4,13069
31.200000762939453,33.0,33.0,31.979999542236328,62767,2005,10,14,5,13070
31.200000762939453,34.2599983215332,31.979999542236328,31.860000610351562,54733,2005,10,17,1,13073
30.600000381469727,31.979999542236328,31.860000610351562,31.139999389648438,100350,2005,10,18,2,13074
30.84000015258789,31.979999542236328,31.020000457763672,31.860000610351562,48833,2005,10,19,3,13075
30.420000076293945,31.799999237060547,31.799999237060547,30.899999618530273,29633,2005,10,20,4,13076
30.479999542236328,31.079999923706055,30.899999618530273,30.899999618530273,34983,2005,10,21,5,13077
30.719999313354492,32.400001525878906,30.719999313354492,31.68000030517578,28717,2005,10,24,1,13080
31.260000228881836,32.34000015258789,32.040000915527344,32.34000015258789,27600,2005,10,25,2,13081
31.440000534057617,33.119998931884766,32.040000915527344,32.58000183105469,45533,2005,10,26,3,13082
30.600000381469727,33.18000030517578,33.18000030517578,30.600000381469727,112850,2005,10,27,4,13083
30.479999542236328,31.920000076293945,30.479999542236328,31.139999389648438,22567,2005,10,28,5,13084
30.420000076293945,31.799999237060547,30.780000686645508,31.020000457763672,35350,2005,10,31,1,13087
30.479999542236328,31.3799991607666,30.899999618530273,30.600000381469727,31533,2005,11,1,2,13088
29.579999923706055,30.899999618530273,30.600000381469727,30.65999984741211,71033,2005,11,2,3,13089
30.059999465942383,30.65999984741211,30.600000381469727,30.540000915527344,33983,2005,11,3,4,13090
30.059999465942383,30.719999313354492,30.479999542236328,30.479999542236328,23300,2005,11,4,5,13091
30.1200008392334,31.200000762939453,30.540000915527344,30.899999618530273,23550,2005,11,7,1,13094
29.579999923706055,30.899999618530273,30.600000381469727,30.600000381469727,37183,2005,11,8,2,13095
30.0,30.899999618530273,30.899999618530273,30.239999771118164,20167,2005,11,9,3,13096
29.700000762939453,30.479999542236328,30.479999542236328,29.940000534057617,30633,2005,11,10,4,13097
29.700000762939453,30.360000610351562,29.81999969482422,30.0,24750,2005,11,11,5,13098
29.700000762939453,30.299999237060547,30.0,29.8799991607666,30967,2005,11,14,1,13101
28.979999542236328,30.299999237060547,29.700000762939453,29.760000228881836,31033,2005,11,15,2,13102
28.6200008392334,29.700000762939453,29.700000762939453,28.799999237060547,31217,2005,11,16,3,13103
28.5,30.0,28.559999465942383,29.100000381469727,47500,2005,11,17,4,13104
28.5,30.540000915527344,28.6200008392334,30.059999465942383,87533,2005,11,18,5,13105
29.399999618530273,30.84000015258789,29.760000228881836,30.65999984741211,40517,2005,11,21,1,13108
30.479999542236328,33.0,30.479999542236328,32.58000183105469,64583,2005,11,22,2,13109
32.52000045776367,36.0,32.7599983215332,34.619998931884766,103533,2005,11,23,3,13110
33.720001220703125,35.040000915527344,34.560001373291016,33.720001220703125,13933,2005,11,25,5,13112
31.979999542236328,33.720001220703125,33.720001220703125,32.400001525878906,53750,2005,11,28,1,13115
31.68000030517578,33.0,32.400001525878906,31.739999771118164,26733,2005,11,29,2,13116
31.440000534057617,33.0,31.6200008392334,32.880001068115234,23900,2005,11,30,3,13117
32.63999938964844,33.959999084472656,33.0,33.65999984741211,27100,2005,12,1,4,13118
33.119998931884766,35.099998474121094,33.599998474121094,34.380001068115234,31850,2005,12,2,5,13119
32.939998626708984,35.34000015258789,34.380001068115234,34.380001068115234,35550,2005,12,5,1,13122
32.880001068115234,34.91999816894531,34.5,33.0,29550,2005,12,6,2,13123
28.68000030517578,32.880001068115234,32.70000076293945,28.979999542236328,155700,2005,12,7,3,13124
28.799999237060547,30.0,29.219999313354492,29.81999969482422,60233,2005,12,8,4,13125
29.81999969482422,31.200000762939453,29.81999969482422,31.079999923706055,66550,2005,12,9,5,13126
30.0,31.31999969482422,31.260000228881836,30.600000381469727,28283,2005,12,12,1,13129
30.059999465942383,30.719999313354492,30.719999313354492,30.059999465942383,38300,2005,12,13,2,13130
29.100000381469727,30.18000030517578,30.0,29.280000686645508,34550,2005,12,14,3,13131
30.0,31.5,30.600000381469727,30.65999984741211,85733,2005,12,15,4,13132
30.0,31.440000534057617,30.899999618530273,31.079999923706055,85067,2005,12,16,5,13133
29.459999084472656,31.5,31.440000534057617,30.0,56233,2005,12,19,1,13136
29.100000381469727,30.600000381469727,29.81999969482422,29.459999084472656,27483,2005,12,20,2,13137
29.100000381469727,30.18000030517578,29.760000228881836,30.0,41000,2005,12,21,3,13138
29.15999984741211,30.600000381469727,30.0,30.360000610351562,59217,2005,12,22,4,13139
30.059999465942383,30.899999618530273,30.65999984741211,30.239999771118164,34717,2005,12,23,5,13140
29.760000228881836,30.84000015258789,30.239999771118164,29.760000228881836,51000,2005,12,27,2,13144
29.399999618530273,30.420000076293945,29.520000457763672,29.399999618530273,34133,2005,12,28,3,13145
28.739999771118164,29.579999923706055,29.15999984741211,28.799999237060547,62300,2005,12,29,4,13146
28.020000457763672,29.040000915527344,28.559999465942383,28.559999465942383,69983,2005,12,30,5,13147
27.65999984741211,28.799999237060547,28.31999969482422,28.739999771118164,94067,2006,1,3,2,13151
28.079999923706055,29.459999084472656,28.440000534057617,29.100000381469727,29217,2006,1,4,3,13152
28.200000762939453,29.34000015258789,29.34000015258789,28.799999237060547,24750,2006,1,5,4,13153
28.200000762939453,29.100000381469727,28.799999237060547,28.6200008392334,22233,2006,1,6,5,13154
28.799999237060547,29.700000762939453,28.799999237060547,28.979999542236328,33233,2006,1,9,1,13157
28.5,29.579999923706055,28.739999771118164,29.579999923706055,18267,2006,1,10,2,13158
29.100000381469727,30.18000030517578,29.399999618530273,29.579999923706055,106150,2006,1,11,3,13159
28.799999237060547,30.1200008392334,29.760000228881836,29.940000534057617,30033,2006,1,12,4,13160
29.8799991607666,30.540000915527344,30.0,30.18000030517578,41750,2006,1,13,5,13161
29.399999618530273,30.479999542236328,30.18000030517578,29.399999618530273,48917,2006,1,17,2,13165
29.100000381469727,29.700000762939453,29.280000686645508,29.219999313354492,49650,2006,1,18,3,13166
29.520000457763672,30.479999542236328,30.299999237060547,30.0,42817,2006,1,19,4,13167
29.760000228881836,30.299999237060547,30.1200008392334,29.760000228881836,61617,2006,1,20,5,13168
29.700000762939453,31.31999969482422,30.299999237060547,30.479999542236328,109383,2006,1,23,1,13171
29.219999313354492,30.780000686645508,30.600000381469727,30.239999771118164,65367,2006,1,24,2,13172
29.700000762939453,30.479999542236328,30.1200008392334,29.8799991607666,32583,2006,1,25,3,13173
29.34000015258789,30.18000030517578,30.18000030517578,29.940000534057617,20500,2006,1,26,4,13174
29.700000762939453,30.65999984741211,29.81999969482422,30.18000030517578,37800,2006,1,27,5,13175
29.399999618530273,30.600000381469727,30.299999237060547,30.18000030517578,31667,2006,1,30,1,13178
29.459999084472656,30.360000610351562,30.299999237060547,30.299999237060547,34917,2006,1,31,2,13179
29.8799991607666,30.600000381469727,30.600000381469727,30.239999771118164,18733,2006,2,1,3,13180
29.579999923706055,30.479999542236328,30.299999237060547,30.239999771118164,20450,2006,2,2,4,13181
29.940000534057617,30.65999984741211,30.540000915527344,30.18000030517578,17767,2006,2,3,5,13182
30.059999465942383,33.900001525878906,30.600000381469727,33.779998779296875,136350,2006,2,6,1,13185
31.6200008392334,33.65999984741211,33.599998474121094,31.6200008392334,56750,2006,2,7,2,13186
30.239999771118164,32.099998474121094,31.5,31.020000457763672,43317,2006,2,8,3,13187
30.65999984741211,31.920000076293945,30.84000015258789,30.899999618530273,27550,2006,2,9,4,13188
30.0,33.47999954223633,30.899999618530273,31.799999237060547,58983,2006,2,10,5,13189
31.020000457763672,33.060001373291016,32.040000915527344,31.079999923706055,34350,2006,2,13,1,13192
30.84000015258789,32.400001525878906,30.959999084472656,31.979999542236328,31867,2006,2,14,2,13193
31.6200008392334,35.34000015258789,32.15999984741211,35.099998474121094,81433,2006,2,15,3,13194
34.91999816894531,40.20000076293945,35.099998474121094,40.08000183105469,256117,2006,2,16,4,13195
39.900001525878906,43.31999969482422,40.13999938964844,41.459999084472656,175167,2006,2,17,5,13196
40.5,43.20000076293945,41.279998779296875,40.79999923706055,92233,2006,2,21,2,13200
40.86000061035156,42.900001525878906,42.0,40.97999954223633,71333,2006,2,22,3,13201
36.959999084472656,41.400001525878906,40.79999923706055,38.040000915527344,119600,2006,2,23,4,13202
36.0,38.939998626708984,37.619998931884766,37.79999923706055,85950,2006,2,24,5,13203
36.599998474121094,39.29999923706055,37.439998626708984,38.34000015258789,63383,2006,2,27,1,13206
36.47999954223633,38.279998779296875,38.040000915527344,36.65999984741211,74800,2006,2,28,2,13207
36.599998474121094,41.939998626708984,36.65999984741211,38.70000076293945,171300,2006,3,1,3,13208
37.79999923706055,39.29999923706055,38.81999969482422,39.060001373291016,86100,2006,3,2,4,13209
38.400001525878906,39.540000915527344,38.880001068115234,38.81999969482422,41033,2006,3,3,5,13210
36.900001525878906,39.540000915527344,39.2400016784668,37.5,41000,2006,3,6,1,13213
36.900001525878906,38.099998474121094,37.13999938964844,37.7400016784668,69500,2006,3,7,2,13214
36.959999084472656,38.099998474121094,37.560001373291016,37.5,37767,2006,3,8,3,13215
36.599998474121094,38.099998474121094,37.13999938964844,36.720001220703125,53667,2006,3,9,4,13216
35.34000015258789,37.31999969482422,36.720001220703125,36.540000915527344,77700,2006,3,10,5,13217
36.599998474121094,37.68000030517578,36.599998474121094,36.959999084472656,55550,2006,3,13,1,13220
36.779998779296875,38.099998474121094,37.20000076293945,37.439998626708984,81867,2006,3,14,2,13221
35.52000045776367,37.79999923706055,37.68000030517578,35.7599983215332,82633,2006,3,15,3,13222
35.15999984741211,36.060001373291016,35.70000076293945,35.81999969482422,49683,2006,3,16,4,13223
34.7400016784668,36.900001525878906,36.900001525878906,35.459999084472656,71400,2006,3,17,5,13224
32.099998474121094,36.060001373291016,35.279998779296875,32.099998474121094,173717,2006,3,20,1,13227
30.479999542236328,32.34000015258789,30.780000686645508,30.780000686645508,107433,2006,3,21,2,13228
30.1200008392334,31.5,30.780000686645508,31.200000762939453,84967,2006,3,22,3,13229
30.1200008392334,31.559999465942383,31.3799991607666,30.65999984741211,59750,2006,3,23,4,13230
15.0,18.239999771118164,15.300000190734863,17.81999969482422,1344550,2006,3,24,5,13231
16.079999923706055,17.81999969482422,17.81999969482422,16.5,384783,2006,3,27,1,13234
15.180000305175781,16.559999465942383,16.3799991607666,15.899999618530273,318633,2006,3,28,2,13235
15.600000381469727,18.600000381469727,15.779999732971191,18.0,313283,2006,3,29,3,13236
16.5,17.399999618530273,17.219999313354492,16.920000076293945,241283,2006,3,30,4,13237
15.899999618530273,17.040000915527344,16.799999237060547,16.440000534057617,179133,2006,3,31,5,13238
15.479999542236328,16.5,16.3799991607666,15.960000038146973,165917,2006,4,3,1,13241
15.65999984741211,16.3799991607666,15.65999984741211,16.079999923706055,111783,2006,4,4,2,13242
15.960000038146973,16.440000534057617,16.139999389648438,16.260000228881836,67900,2006,4,5,3,13243
15.65999984741211,16.31999969482422,16.260000228881836,16.260000228881836,129400,2006,4,6,4,13244
15.899999618530273,16.979999542236328,16.31999969482422,16.6200008392334,100033,2006,4,7,5,13245
15.899999618530273,16.6200008392334,16.6200008392334,15.899999618530273,97483,2006,4,10,1,13248
14.15999984741211,16.079999923706055,15.84000015258789,14.520000457763672,114783,2006,4,11,2,13249
13.739999771118164,14.9399995803833,14.520000457763672,14.34000015258789,88183,2006,4,12,3,13250
13.619999885559082,14.520000457763672,14.15999984741211,14.279999732971191,69267,2006,4,13,4,13251
13.319999694824219,14.220000267028809,14.039999961853027,13.5600004196167,83350,2006,4,17,1,13255
12.960000038146973,13.920000076293945,13.5,13.199999809265137,98700,2006,4,18,2,13256
12.779999732971191,13.5,13.199999809265137,13.020000457763672,56400,2006,4,19,3,13257
12.720000267028809,13.4399995803833,12.84000015258789,13.260000228881836,62567,2006,4,20,4,13258
13.020000457763672,13.5,13.199999809265137,13.260000228881836,32767,2006,4,21,5,13259
13.079999923706055,13.4399995803833,13.079999923706055,13.260000228881836,43367,2006,4,24,1,13262
12.300000190734863,13.4399995803833,13.260000228881836,12.359999656677246,55917,2006,4,25,2,13263
12.300000190734863,13.199999809265137,12.300000190734863,12.899999618530273,70250,2006,4,26,3,13264
12.539999961853027,13.140000343322754,12.779999732971191,12.720000267028809,51083,2006,4,27,4,13265
12.420000076293945,13.140000343322754,12.539999961853027,12.420000076293945,55433,2006,4,28,5,13266
12.300000190734863,13.079999923706055,12.359999656677246,12.600000381469727,37350,2006,5,1,1,13269
11.9399995803833,12.65999984741211,12.479999542236328,11.9399995803833,84600,2006,5,2,2,13270
11.819999694824219,12.600000381469727,12.0,12.479999542236328,89750,2006,5,3,3,13271
11.819999694824219,12.479999542236328,12.420000076293945,11.880000114440918,57667,2006,5,4,4,13272
11.880000114440918,12.180000305175781,11.880000114440918,12.0,38417,2006,5,5,5,13273
11.819999694824219,12.180000305175781,11.880000114440918,12.0600004196167,27933,2006,5,8,1,13276
11.9399995803833,12.479999542236328,12.0600004196167,12.0,57533,2006,5,9,2,13277
11.279999732971191,12.0,11.880000114440918,11.399999618530273,65950,2006,5,10,3,13278
10.680000305175781,11.460000038146973,11.279999732971191,10.680000305175781,61350,2006,5,11,4,13279
10.140000343322754,10.739999771118164,10.680000305175781,10.199999809265137,57700,2006,5,12,5,13280
10.079999923706055,10.680000305175781,10.140000343322754,10.199999809265137,39683,2006,5,15,1,13283
10.079999923706055,10.5600004196167,10.079999923706055,10.319999694824219,32917,2006,5,16,2,13284
10.020000457763672,10.800000190734863,10.140000343322754,10.199999809265137,60617,2006,5,17,3,13285
10.140000343322754,11.9399995803833,10.140000343322754,10.859999656677246,104200,2006,5,18,4,13286
10.619999885559082,12.479999542236328,10.680000305175781,11.760000228881836,145883,2006,5,19,5,13287
11.279999732971191,12.239999771118164,11.579999923706055,11.819999694824219,88600,2006,5,22,1,13290
11.819999694824219,12.479999542236328,11.880000114440918,12.300000190734863,44217,2006,5,23,2,13291
11.9399995803833,12.479999542236328,12.119999885559082,12.180000305175781,47017,2006,5,24,3,13292
12.119999885559082,13.319999694824219,12.119999885559082,13.020000457763672,108767,2006,5,25,4,13293
12.899999618530273,13.800000190734863,12.899999618530273,13.4399995803833,44100,2006,5,26,5,13294
12.600000381469727,13.680000305175781,13.4399995803833,12.779999732971191,68817,2006,5,30,2,13298
12.600000381469727,15.0,12.65999984741211,14.279999732971191,106467,2006,5,31,3,13299
13.800000190734863,15.0,14.279999732971191,14.460000038146973,45417,2006,6,1,4,13300
14.640000343322754,15.119999885559082,14.699999809265137,14.9399995803833,38033,2006,6,2,5,13301
12.899999618530273,15.300000190734863,15.0600004196167,12.899999618530273,84467,2006,6,5,1,13304
12.239999771118164,12.899999618530273,12.899999618530273,12.539999961853027,35767,2006,6,6,2,13305
12.300000190734863,16.020000457763672,12.600000381469727,13.920000076293945,310917,2006,6,7,3,13306
12.539999961853027,14.819999694824219,13.920000076293945,13.140000343322754,133417,2006,6,8,4,13307
12.720000267028809,13.800000190734863,13.020000457763672,13.680000305175781,43683,2006,6,9,5,13308
12.359999656677246,13.5600004196167,13.5600004196167,12.420000076293945,40000,2006,6,12,1,13311
12.119999885559082,12.720000267028809,12.479999542236328,12.180000305175781,46583,2006,6,13,2,13312
12.0,12.300000190734863,12.0,12.119999885559082,25333,2006,6,14,3,13313
11.819999694824219,12.600000381469727,12.0600004196167,12.479999542236328,48067,2006,6,15,4,13314
12.0600004196167,12.479999542236328,12.359999656677246,12.180000305175781,83700,2006,6,16,5,13315
11.100000381469727,12.239999771118164,12.0600004196167,11.100000381469727,63933,2006,6,19,1,13318
10.859999656677246,11.34000015258789,11.039999961853027,10.920000076293945,29533,2006,6,20,2,13319
10.800000190734863,12.0,10.859999656677246,10.979999542236328,33467,2006,6,21,3,13320
10.680000305175781,11.039999961853027,10.859999656677246,10.800000190734863,24967,2006,6,22,4,13321
10.5,11.279999732971191,10.680000305175781,10.739999771118164,23267,2006,6,23,5,13322
10.800000190734863,11.460000038146973,10.859999656677246,11.100000381469727,24083,2006,6,26,1,13325
10.979999542236328,11.819999694824219,10.979999542236328,11.34000015258789,46550,2006,6,27,2,13326
11.460000038146973,11.880000114440918,11.460000038146973,11.640000343322754,27300,2006,6,28,3,13327
11.399999618530273,13.020000457763672,11.640000343322754,12.65999984741211,37117,2006,6,29,4,13328
11.579999923706055,12.960000038146973,12.84000015258789,12.720000267028809,518717,2006,6,30,5,13329
11.9399995803833,12.300000190734863,12.0,12.0,21233,2006,7,3,1,13332
11.699999809265137,12.300000190734863,11.760000228881836,12.239999771118164,52100,2006,7,5,3,13334
12.0600004196167,13.199999809265137,12.119999885559082,12.720000267028809,37550,2006,7,6,4,13335
12.420000076293945,13.020000457763672,13.020000457763672,12.720000267028809,18950,2006,7,7,5,13336
11.699999809265137,13.020000457763672,12.899999618530273,12.119999885559082,87617,2006,7,10,1,13339
11.520000457763672,12.479999542236328,12.239999771118164,11.699999809265137,47683,2006,7,11,2,13340
11.220000267028809,11.699999809265137,11.579999923706055,11.34000015258789,37933,2006,7,12,3,13341
10.920000076293945,11.399999618530273,11.399999618530273,10.920000076293945,21100,2006,7,13,4,13342
10.619999885559082,11.039999961853027,10.800000190734863,10.619999885559082,18767,2006,7,14,5,13343
10.380000114440918,10.800000190734863,10.5600004196167,10.5600004196167,24417,2006,7,17,1,13346
9.65999984741211,10.739999771118164,10.5,10.079999923706055,42800,2006,7,18,2,13347
9.899999618530273,10.800000190734863,9.899999618530273,10.5600004196167,18083,2006,7,19,3,13348
10.4399995803833,10.800000190734863,10.4399995803833,10.800000190734863,21167,2006,7,20,4,13349
9.779999732971191,11.039999961853027,10.619999885559082,9.899999618530273,31817,2006,7,21,5,13350
9.779999732971191,10.319999694824219,9.779999732971191,10.199999809265137,30350,2006,7,24,1,13353
9.960000038146973,10.5,10.319999694824219,10.199999809265137,20467,2006,7,25,2,13354
10.079999923706055,11.279999732971191,10.079999923706055,10.859999656677246,20033,2006,7,26,3,13355
9.779999732971191,11.279999732971191,10.979999542236328,10.4399995803833,23217,2006,7,27,4,13356
9.960000038146973,10.5600004196167,10.319999694824219,10.4399995803833,9317,2006,7,28,5,13357
10.260000228881836,11.039999961853027,10.5,10.619999885559082,25117,2006,7,31,1,13360
10.380000114440918,10.859999656677246,10.800000190734863,10.859999656677246,16133,2006,8,1,2,13361
10.4399995803833,11.100000381469727,11.100000381469727,10.4399995803833,57783,2006,8,2,3,13362
10.319999694824219,10.680000305175781,10.319999694824219,10.380000114440918,18400,2006,8,3,4,13363
10.260000228881836,10.619999885559082,10.260000228881836,10.4399995803833,6217,2006,8,4,5,13364
9.720000267028809,10.5600004196167,10.319999694824219,9.720000267028809,52833,2006,8,7,1,13367
9.65999984741211,10.260000228881836,9.720000267028809,9.779999732971191,49817,2006,8,8,2,13368
8.279999732971191,10.079999923706055,9.779999732971191,9.720000267028809,70217,2006,8,9,3,13369
9.300000190734863,9.720000267028809,9.720000267028809,9.600000381469727,18033,2006,8,10,4,13370
8.819999694824219,9.720000267028809,9.479999542236328,9.539999961853027,26267,2006,8,11,5,13371
9.239999771118164,9.600000381469727,9.600000381469727,9.420000076293945,8683,2006,8,14,1,13374
9.420000076293945,10.680000305175781,9.479999542236328,10.619999885559082,29600,2006,8,15,2,13375
10.079999923706055,10.739999771118164,10.739999771118164,10.199999809265137,13600,2006,8,16,3,13376
10.020000457763672,10.5600004196167,10.079999923706055,10.4399995803833,6383,2006,8,17,4,13377
10.079999923706055,11.279999732971191,10.260000228881836,10.380000114440918,13867,2006,8,18,5,13378
10.020000457763672,10.5600004196167,10.260000228881836,10.020000457763672,9033,2006,8,21,1,13381
9.899999618530273,10.319999694824219,10.199999809265137,10.260000228881836,15200,2006,8,22,2,13382
9.779999732971191,10.319999694824219,10.140000343322754,10.020000457763672,13667,2006,8,23,3,13383
9.84000015258789,10.260000228881836,9.899999618530273,10.140000343322754,24200,2006,8,24,4,13384
9.779999732971191,10.140000343322754,10.140000343322754,9.84000015258789,7267,2006,8,25,5,13385
9.720000267028809,10.5,9.960000038146973,10.5,19517,2006,8,28,1,13388
9.899999618530273,10.619999885559082,10.380000114440918,10.079999923706055,22483,2006,8,29,2,13389
10.140000343322754,10.800000190734863,10.199999809265137,10.5600004196167,28033,2006,8,30,3,13390
10.619999885559082,12.0,10.680000305175781,11.579999923706055,37933,2006,8,31,4,13391
10.739999771118164,11.9399995803833,11.9399995803833,11.220000267028809,42650,2006,9,1,5,13392
10.739999771118164,11.399999618530273,11.100000381469727,11.279999732971191,12883,2006,9,5,2,13396
10.260000228881836,11.15999984741211,11.039999961853027,10.800000190734863,13267,2006,9,6,3,13397
10.140000343322754,10.859999656677246,10.859999656677246,10.140000343322754,21850,2006,9,7,4,13398
10.079999923706055,10.380000114440918,10.319999694824219,10.079999923706055,17633,2006,9,8,5,13399
9.600000381469727,10.199999809265137,10.199999809265137,9.720000267028809,22750,2006,9,11,1,13402
9.0,10.4399995803833,9.600000381469727,10.4399995803833,54317,2006,9,12,2,13403
9.960000038146973,10.619999885559082,10.319999694824219,10.020000457763672,24133,2006,9,13,3,13404
9.84000015258789,10.4399995803833,9.899999618530273,10.319999694824219,14300,2006,9,14,4,13405
9.779999732971191,10.319999694824219,10.140000343322754,9.779999732971191,15500,2006,9,15,5,13406
9.65999984741211,9.899999618530273,9.720000267028809,9.84000015258789,11800,2006,9,18,1,13409
9.539999961853027,10.079999923706055,10.079999923706055,9.779999732971191,12467,2006,9,19,2,13410
9.420000076293945,9.960000038146973,9.84000015258789,9.420000076293945,30100,2006,9,20,3,13411
9.239999771118164,9.779999732971191,9.359999656677246,9.300000190734863,10400,2006,9,21,4,13412
9.300000190734863,9.84000015258789,9.300000190734863,9.479999542236328,16400,2006,9,22,5,13413
9.420000076293945,10.140000343322754,9.720000267028809,9.899999618530273,18700,2006,9,25,1,13416
9.300000190734863,9.779999732971191,9.779999732971191,9.420000076293945,27600,2006,9,26,2,13417
9.180000305175781,9.539999961853027,9.300000190734863,9.239999771118164,29517,2006,9,27,3,13418
9.180000305175781,9.479999542236328,9.239999771118164,9.359999656677246,11767,2006,9,28,4,13419
9.0,9.65999984741211,9.479999542236328,9.300000190734863,18267,2006,9,29,5,13420
9.239999771118164,9.899999618530273,9.239999771118164,9.600000381469727,25100,2006,10,2,1,13423
9.420000076293945,9.84000015258789,9.600000381469727,9.84000015258789,15217,2006,10,3,2,13424
9.600000381469727,10.199999809265137,9.84000015258789,10.199999809265137,23117,2006,10,4,3,13425
9.65999984741211,10.140000343322754,10.079999923706055,9.960000038146973,8383,2006,10,5,4,13426
9.600000381469727,9.84000015258789,9.84000015258789,9.600000381469727,10333,2006,10,6,5,13427
9.180000305175781,9.84000015258789,9.539999961853027,9.779999732971191,14950,2006,10,9,1,13430
9.420000076293945,10.020000457763672,9.539999961853027,9.960000038146973,17067,2006,10,10,2,13431
9.960000038146973,10.319999694824219,9.960000038146973,10.199999809265137,22467,2006,10,11,3,13432
10.199999809265137,10.979999542236328,10.199999809265137,10.859999656677246,27800,2006,10,12,4,13433
10.920000076293945,12.0,11.100000381469727,11.699999809265137,63967,2006,10,13,5,13434
11.100000381469727,12.300000190734863,12.0,11.399999618530273,30100,2006,10,16,1,13437
10.800000190734863,11.579999923706055,11.15999984741211,11.399999618530273,18600,2006,10,17,2,13438
11.279999732971191,12.300000190734863,11.279999732971191,12.0,26183,2006,10,18,3,13439
11.760000228881836,12.239999771118164,11.880000114440918,12.0,15250,2006,10,19,4,13440
11.640000343322754,12.300000190734863,12.180000305175781,11.819999694824219,5933,2006,10,20,5,13441
11.819999694824219,12.84000015258789,11.819999694824219,12.65999984741211,47600,2006,10,23,1,13444
11.760000228881836,12.84000015258789,12.84000015258789,12.0,18950,2006,10,24,2,13445
11.579999923706055,12.479999542236328,12.0,12.359999656677246,27517,2006,10,25,3,13446
12.359999656677246,12.899999618530273,12.359999656677246,12.65999984741211,22817,2006,10,26,4,13447
12.239999771118164,12.600000381469727,12.239999771118164,12.600000381469727,15500,2006,10,27,5,13448
11.520000457763672,12.539999961853027,12.539999961853027,12.0600004196167,24650,2006,10,30,1,13451
11.520000457763672,13.140000343322754,12.0,13.140000343322754,29250,2006,10,31,2,13452
12.899999618530273,13.380000114440918,13.199999809265137,13.199999809265137,29117,2006,11,1,3,13453
12.119999885559082,13.020000457763672,12.899999618530273,12.180000305175781,16517,2006,11,2,4,13454
12.180000305175781,12.600000381469727,12.180000305175781,12.539999961853027,8367,2006,11,3,5,13455
12.420000076293945,13.020000457763672,12.479999542236328,12.84000015258789,23183,2006,11,6,1,13458
12.239999771118164,13.199999809265137,12.720000267028809,13.199999809265137,39533,2006,11,7,2,13459
13.140000343322754,13.4399995803833,13.319999694824219,13.260000228881836,21617,2006,11,8,3,13460
13.079999923706055,13.4399995803833,13.4399995803833,13.4399995803833,15433,2006,11,9,4,13461
12.420000076293945,13.5,13.319999694824219,13.5,30800,2006,11,10,5,13462
13.199999809265137,13.920000076293945,13.199999809265137,13.5600004196167,23617,2006,11,13,1,13465
13.020000457763672,13.979999542236328,13.5600004196167,13.920000076293945,15000,2006,11,14,2,13466
13.199999809265137,13.920000076293945,13.920000076293945,13.859999656677246,18050,2006,11,15,3,13467
13.4399995803833,15.420000076293945,13.739999771118164,14.399999618530273,65250,2006,11,16,4,13468
13.619999885559082,14.579999923706055,14.520000457763672,13.739999771118164,24500,2006,11,17,5,13469
13.5600004196167,14.460000038146973,13.5600004196167,14.15999984741211,18233,2006,11,20,1,13472
13.319999694824219,14.399999618530273,14.34000015258789,13.5600004196167,19967,2006,11,21,2,13473
13.319999694824219,14.100000381469727,13.5,13.800000190734863,10383,2006,11,22,3,13474
13.319999694824219,13.739999771118164,13.619999885559082,13.5600004196167,4867,2006,11,24,5,13476
12.0600004196167,13.800000190734863,13.5,12.479999542236328,25067,2006,11,27,1,13479
11.9399995803833,12.600000381469727,12.300000190734863,12.180000305175781,21617,2006,11,28,2,13480
12.0,12.420000076293945,12.239999771118164,12.300000190734863,17667,2006,11,29,3,13481
12.0,12.720000267028809,12.0,12.720000267028809,22467,2006,11,30,4,13482
12.0600004196167,13.140000343322754,12.720000267028809,12.899999618530273,20267,2006,12,1,5,13483
12.0600004196167,12.779999732971191,12.600000381469727,12.180000305175781,24383,2006,12,4,1,13486
12.0600004196167,12.539999961853027,12.0600004196167,12.119999885559082,16683,2006,12,5,2,13487
12.0,12.359999656677246,12.239999771118164,12.0,21350,2006,12,6,3,13488
11.880000114440918,12.300000190734863,12.0,11.9399995803833,22517,2006,12,7,4,13489
11.819999694824219,12.539999961853027,11.9399995803833,12.180000305175781,39383,2006,12,8,5,13490
11.699999809265137,12.420000076293945,12.0,11.9399995803833,17550,2006,12,11,1,13493
11.640000343322754,12.119999885559082,11.880000114440918,11.760000228881836,19567,2006,12,12,2,13494
11.460000038146973,11.9399995803833,11.760000228881836,11.460000038146973,10517,2006,12,13,3,13495
11.460000038146973,11.880000114440918,11.520000457763672,11.880000114440918,29017,2006,12,14,4,13496
11.460000038146973,11.880000114440918,11.819999694824219,11.520000457763672,23533,2006,12,15,5,13497
10.800000190734863,11.460000038146973,11.399999618530273,10.979999542236328,46000,2006,12,18,1,13500
10.800000190734863,11.279999732971191,10.800000190734863,11.15999984741211,23217,2006,12,19,2,13501
11.039999961853027,12.0600004196167,11.100000381469727,11.100000381469727,36683,2006,12,20,3,13502
10.5600004196167,11.399999618530273,10.979999542236328,11.220000267028809,42983,2006,12,21,4,13503
11.100000381469727,11.640000343322754,11.220000267028809,11.15999984741211,32517,2006,12,22,5,13504
10.800000190734863,11.579999923706055,10.920000076293945,11.039999961853027,34000,2006,12,26,2,13508
10.739999771118164,11.220000267028809,10.800000190734863,10.979999542236328,52500,2006,12,27,3,13509
10.859999656677246,11.460000038146973,10.920000076293945,10.979999542236328,42150,2006,12,28,4,13510
10.859999656677246,11.399999618530273,10.979999542236328,10.979999542236328,57133,2006,12,29,5,13511
11.039999961853027,12.0,11.039999961853027,11.520000457763672,47967,2007,1,3,3,13516
11.399999618530273,12.0600004196167,11.520000457763672,11.640000343322754,9200,2007,1,4,4,13517
11.279999732971191,11.819999694824219,11.34000015258789,11.699999809265137,18017,2007,1,5,5,13518
11.640000343322754,12.119999885559082,11.699999809265137,11.760000228881836,38267,2007,1,8,1,13521
11.699999809265137,12.0,11.760000228881836,12.0,6700,2007,1,9,2,13522
11.699999809265137,12.239999771118164,12.0,12.180000305175781,18833,2007,1,10,3,13523
11.9399995803833,12.479999542236328,12.0600004196167,12.300000190734863,34950,2007,1,11,4,13524
12.0600004196167,12.65999984741211,12.0600004196167,12.539999961853027,24317,2007,1,12,5,13525
12.180000305175781,12.720000267028809,12.600000381469727,12.300000190734863,15983,2007,1,16,2,13529
12.180000305175781,12.479999542236328,12.300000190734863,12.359999656677246,10733,2007,1,17,3,13530
12.239999771118164,12.359999656677246,12.239999771118164,12.359999656677246,14450,2007,1,18,4,13531
12.239999771118164,12.479999542236328,12.239999771118164,12.359999656677246,8550,2007,1,19,5,13532
11.520000457763672,12.300000190734863,12.239999771118164,11.880000114440918,16183,2007,1,22,1,13535
11.880000114440918,12.119999885559082,11.9399995803833,12.0,9900,2007,1,23,2,13536
11.699999809265137,12.180000305175781,11.9399995803833,11.9399995803833,14667,2007,1,24,3,13537
11.699999809265137,11.9399995803833,11.819999694824219,11.9399995803833,6050,2007,1,25,4,13538
11.520000457763672,11.819999694824219,11.760000228881836,11.579999923706055,6933,2007,1,26,5,13539
11.579999923706055,11.819999694824219,11.579999923706055,11.699999809265137,17317,2007,1,29,1,13542
11.460000038146973,11.880000114440918,11.579999923706055,11.699999809265137,13167,2007,1,30,2,13543
11.520000457763672,11.760000228881836,11.640000343322754,11.640000343322754,15400,2007,1,31,3,13544
11.460000038146973,11.760000228881836,11.579999923706055,11.640000343322754,11433,2007,2,1,4,13545
11.34000015258789,12.0,11.520000457763672,11.9399995803833,27133,2007,2,2,5,13546
11.640000343322754,11.880000114440918,11.819999694824219,11.760000228881836,5250,2007,2,5,1,13549
11.399999618530273,11.819999694824219,11.819999694824219,11.579999923706055,14383,2007,2,6,2,13550
11.100000381469727,11.880000114440918,11.520000457763672,11.15999984741211,14217,2007,2,7,3,13551
11.15999984741211,11.640000343322754,11.15999984741211,11.579999923706055,3817,2007,2,8,4,13552
11.34000015258789,11.819999694824219,11.460000038146973,11.520000457763672,9033,2007,2,9,5,13553
11.34000015258789,11.760000228881836,11.460000038146973,11.520000457763672,6200,2007,2,12,1,13556
11.279999732971191,12.300000190734863,11.399999618530273,12.0600004196167,45817,2007,2,13,2,13557
12.0600004196167,12.899999618530273,12.300000190734863,12.539999961853027,23550,2007,2,14,3,13558
11.880000114440918,12.479999542236328,12.420000076293945,12.119999885559082,11183,2007,2,15,4,13559
11.880000114440918,12.300000190734863,12.0600004196167,12.300000190734863,5533,2007,2,16,5,13560
11.880000114440918,12.420000076293945,12.300000190734863,11.9399995803833,18883,2007,2,20,2,13564
11.819999694824219,12.300000190734863,12.0,11.9399995803833,10967,2007,2,21,3,13565
11.819999694824219,12.239999771118164,11.880000114440918,11.880000114440918,8050,2007,2,22,4,13566
11.15999984741211,12.0,11.9399995803833,11.460000038146973,19350,2007,2,23,5,13567
11.399999618530273,11.9399995803833,11.399999618530273,11.819999694824219,6667,2007,2,26,1,13570
11.100000381469727,11.760000228881836,11.760000228881836,11.100000381469727,15117,2007,2,27,2,13571
10.979999542236328,11.399999618530273,11.15999984741211,10.979999542236328,25517,2007,2,28,3,13572
10.5,10.979999542236328,10.979999542236328,10.680000305175781,19067,2007,3,1,4,13573
9.65999984741211,10.800000190734863,10.800000190734863,10.319999694824219,15117,2007,3,2,5,13574
9.420000076293945,10.319999694824219,10.140000343322754,9.420000076293945,20917,2007,3,5,1,13577
9.239999771118164,10.800000190734863,9.420000076293945,10.5,21217,2007,3,6,2,13578
10.260000228881836,10.619999885559082,10.5,10.5600004196167,10350,2007,3,7,3,13579
10.4399995803833,12.0,10.5,10.4399995803833,40833,2007,3,8,4,13580
10.5600004196167,11.15999984741211,10.5600004196167,10.5600004196167,12400,2007,3,9,5,13581
10.619999885559082,11.9399995803833,11.15999984741211,11.880000114440918,48883,2007,3,12,1,13584
10.859999656677246,12.0600004196167,11.699999809265137,11.520000457763672,58733,2007,3,13,2,13585
11.640000343322754,12.180000305175781,11.819999694824219,11.9399995803833,47833,2007,3,14,3,13586
11.880000114440918,12.300000190734863,11.880000114440918,12.0,24233,2007,3,15,4,13587
11.880000114440918,12.0600004196167,12.0,12.0,25017,2007,3,16,5,13588
11.699999809265137,12.479999542236328,12.300000190734863,11.880000114440918,37167,2007,3,19,1,13591
11.760000228881836,12.0600004196167,11.760000228881836,11.760000228881836,10233,2007,3,20,2,13592
11.819999694824219,12.0,11.880000114440918,11.819999694824219,9950,2007,3,21,3,13593
11.760000228881836,12.0,11.880000114440918,12.0,13850,2007,3,22,4,13594
10.920000076293945,12.0600004196167,12.0,12.0,49750,2007,3,23,5,13595
11.760000228881836,12.0600004196167,12.0600004196167,11.880000114440918,9550,2007,3,26,1,13598
11.579999923706055,11.9399995803833,11.880000114440918,11.760000228881836,7817,2007,3,27,2,13599
11.460000038146973,12.119999885559082,11.640000343322754,11.880000114440918,29133,2007,3,28,3,13600
11.819999694824219,12.119999885559082,12.119999885559082,11.880000114440918,12367,2007,3,29,4,13601
12.119999885559082,13.920000076293945,13.260000228881836,13.380000114440918,215917,2007,3,30,5,13602
13.319999694824219,14.699999809265137,13.5,14.520000457763672,66700,2007,4,2,1,13605
14.220000267028809,15.0600004196167,14.880000114440918,14.399999618530273,65183,2007,4,3,2,13606
14.15999984741211,15.960000038146973,14.579999923706055,15.779999732971191,82917,2007,4,4,3,13607
16.200000762939453,20.459999084472656,16.260000228881836,18.1200008392334,447067,2007,4,5,4,13608
16.860000610351562,27.600000381469727,18.540000915527344,25.860000610351562,594033,2007,4,9,1,13612
21.0,27.0,25.139999389648438,21.420000076293945,469767,2007,4,10,2,13613
19.079999923706055,21.84000015258789,21.299999237060547,19.68000030517578,188633,2007,4,11,3,13614
18.899999618530273,21.600000381469727,18.899999618530273,20.399999618530273,203667,2007,4,12,4,13615
20.100000381469727,22.31999969482422,20.579999923706055,22.020000457763672,117200,2007,4,13,5,13616
23.520000457763672,32.52000045776367,24.239999771118164,26.579999923706055,2081317,2007,4,16,1,13619
22.739999771118164,26.100000381469727,25.31999969482422,23.760000228881836,428433,2007,4,17,2,13620
22.739999771118164,24.0,23.8799991607666,22.979999542236328,137450,2007,4,18,3,13621
21.479999542236328,23.100000381469727,22.979999542236328,21.899999618530273,128417,2007,4,19,4,13622
19.68000030517578,22.5,22.200000762939453,20.700000762939453,289617,2007,4,20,5,13623
19.6200008392334,22.200000762939453,20.700000762939453,21.239999771118164,238750,2007,4,23,1,13626
21.0,22.799999237060547,21.1200008392334,21.65999984741211,149967,2007,4,24,2,13627
20.8799991607666,22.200000762939453,21.899999618530273,21.1200008392334,100717,2007,4,25,3,13628
19.6200008392334,21.299999237060547,21.299999237060547,20.280000686645508,85833,2007,4,26,4,13629
19.079999923706055,20.219999313354492,19.979999542236328,19.559999465942383,110967,2007,4,27,5,13630
18.600000381469727,19.799999237060547,19.440000534057617,19.020000457763672,59017,2007,4,30,1,13633
18.0,19.440000534057617,19.440000534057617,18.1200008392334,151100,2007,5,1,2,13634
18.0,18.600000381469727,18.1200008392334,18.479999542236328,88717,2007,5,2,3,13635
17.700000762939453,19.139999389648438,18.600000381469727,18.059999465942383,64617,2007,5,3,4,13636
17.280000686645508,18.65999984741211,18.059999465942383,18.059999465942383,97200,2007,5,4,5,13637
18.059999465942383,18.899999618530273,18.299999237060547,18.18000030517578,72833,2007,5,7,1,13640
16.860000610351562,18.239999771118164,18.0,17.219999313354492,70300,2007,5,8,2,13641
14.640000343322754,16.440000534057617,16.440000534057617,15.180000305175781,149717,2007,5,9,3,13642
14.640000343322754,15.960000038146973,15.180000305175781,15.720000267028809,71533,2007,5,10,4,13643
14.34000015258789,15.539999961853027,14.34000015258789,14.640000343322754,69267,2007,5,11,5,13644
13.5600004196167,14.640000343322754,14.460000038146973,13.5600004196167,52667,2007,5,14,1,13647
13.5,15.420000076293945,13.5,14.100000381469727,108867,2007,5,15,2,13648
13.859999656677246,14.579999923706055,13.979999542236328,14.279999732971191,36000,2007,5,16,3,13649
14.279999732971191,15.300000190734863,14.399999618530273,14.760000228881836,46867,2007,5,17,4,13650
13.680000305175781,15.239999771118164,13.680000305175781,15.239999771118164,89917,2007,5,18,5,13651
13.979999542236328,22.139999389648438,14.640000343322754,19.559999465942383,1793367,2007,5,21,1,13654
17.399999618530273,22.440000534057617,20.280000686645508,17.760000228881836,879017,2007,5,22,2,13655
16.559999465942383,18.299999237060547,18.299999237060547,17.100000381469727,258383,2007,5,23,3,13656
16.799999237060547,17.399999618530273,17.399999618530273,17.399999618530273,77517,2007,5,24,4,13657
15.899999618530273,17.399999618530273,17.34000015258789,16.079999923706055,79217,2007,5,25,5,13658
16.31999969482422,17.940000534057617,17.940000534057617,17.639999389648438,113883,2007,5,29,2,13662
16.260000228881836,17.760000228881836,17.34000015258789,16.68000030517578,108000,2007,5,30,3,13663
16.440000534057617,17.700000762939453,17.520000457763672,16.860000610351562,114450,2007,5,31,4,13664
16.68000030517578,17.100000381469727,17.100000381469727,16.920000076293945,41300,2007,6,1,5,13665
16.139999389648438,17.399999618530273,17.219999313354492,16.440000534057617,86850,2007,6,4,1,13668
16.739999771118164,18.899999618530273,16.799999237060547,18.899999618530273,264917,2007,6,5,2,13669
18.899999618530273,20.760000228881836,19.200000762939453,19.799999237060547,374783,2007,6,6,3,13670
17.81999969482422,19.5,19.5,18.1200008392334,240100,2007,6,7,4,13671
17.81999969482422,19.139999389648438,17.940000534057617,18.84000015258789,117133,2007,6,8,5,13672
18.059999465942383,18.899999618530273,18.899999618530273,18.420000076293945,46533,2007,6,11,1,13675
18.0,18.65999984741211,18.420000076293945,18.420000076293945,73300,2007,6,12,2,13676
18.239999771118164,20.100000381469727,18.360000610351562,19.440000534057617,207500,2007,6,13,3,13677
18.719999313354492,19.920000076293945,19.3799991607666,19.020000457763672,93950,2007,6,14,4,13678
18.1200008392334,19.3799991607666,19.079999923706055,18.360000610351562,76083,2007,6,15,5,13679
16.799999237060547,18.479999542236328,18.299999237060547,18.360000610351562,94617,2007,6,18,1,13682
17.639999389648438,18.360000610351562,18.299999237060547,17.700000762939453,39100,2007,6,19,2,13683
17.34000015258789,18.719999313354492,17.639999389648438,18.239999771118164,66383,2007,6,20,3,13684
17.760000228881836,18.540000915527344,18.299999237060547,17.81999969482422,85483,2007,6,21,4,13685
17.280000686645508,18.479999542236328,17.700000762939453,17.280000686645508,53050,2007,6,22,5,13686
17.100000381469727,18.0,17.34000015258789,17.399999618530273,51117,2007,6,25,1,13689
17.399999618530273,17.940000534057617,17.399999618530273,17.639999389648438,124017,2007,6,26,2,13690
17.34000015258789,18.18000030517578,17.700000762939453,17.8799991607666,77050,2007,6,27,3,13691
17.280000686645508,17.8799991607666,17.700000762939453,17.280000686645508,58983,2007,6,28,4,13692
17.040000915527344,17.520000457763672,17.15999984741211,17.15999984741211,54367,2007,6,29,5,13693
17.15999984741211,17.639999389648438,17.15999984741211,17.459999084472656,81983,2007,7,2,1,13696
17.399999618530273,17.8799991607666,17.579999923706055,17.81999969482422,41617,2007,7,3,2,13697
17.760000228881836,19.200000762939453,17.81999969482422,17.760000228881836,98867,2007,7,5,4,13699
17.399999618530273,18.299999237060547,18.299999237060547,17.940000534057617,31917,2007,7,6,5,13700
17.700000762939453,18.1200008392334,17.81999969482422,17.700000762939453,67883,2007,7,9,1,13703
17.34000015258789,17.81999969482422,17.459999084472656,17.579999923706055,50133,2007,7,10,2,13704
16.799999237060547,17.399999618530273,17.399999618530273,17.34000015258789,41433,2007,7,11,3,13705
16.860000610351562,17.700000762939453,17.700000762939453,17.15999984741211,33167,2007,7,12,4,13706
16.860000610351562,17.399999618530273,16.979999542236328,17.100000381469727,24067,2007,7,13,5,13707
16.799999237060547,17.219999313354492,16.920000076293945,16.920000076293945,27100,2007,7,16,1,13710
16.5,17.219999313354492,16.860000610351562,16.799999237060547,32717,2007,7,17,2,13711
16.440000534057617,17.579999923706055,16.68000030517578,17.399999618530273,87500,2007,7,18,3,13712
17.15999984741211,18.239999771118164,17.700000762939453,18.1200008392334,92367,2007,7,19,4,13713
17.8799991607666,18.600000381469727,18.18000030517578,18.0,79000,2007,7,20,5,13714
17.219999313354492,18.299999237060547,18.059999465942383,18.0,80767,2007,7,23,1,13717
17.219999313354492,18.540000915527344,17.700000762939453,18.540000915527344,57767,2007,7,24,2,13718
17.639999389648438,19.260000228881836,18.540000915527344,18.420000076293945,107183,2007,7,25,3,13719
17.100000381469727,18.18000030517578,18.18000030517578,17.700000762939453,57767,2007,7,26,4,13720
17.15999984741211,17.81999969482422,17.459999084472656,17.81999969482422,20333,2007,7,27,5,13721
17.15999984741211,17.940000534057617,17.940000534057617,17.280000686645508,23667,2007,7,30,1,13724
17.219999313354492,18.0,18.0,17.8799991607666,29367,2007,7,31,2,13725
17.459999084472656,17.8799991607666,17.520000457763672,17.459999084472656,29683,2007,8,1,3,13726
17.399999618530273,18.600000381469727,18.299999237060547,17.639999389648438,122950,2007,8,2,4,13727
17.459999084472656,18.0,18.0,17.579999923706055,49733,2007,8,3,5,13728
14.880000114440918,17.700000762939453,17.700000762939453,15.65999984741211,86750,2007,8,6,1,13731
13.5,15.479999542236328,15.359999656677246,14.699999809265137,72783,2007,8,7,2,13732
14.640000343322754,16.5,14.699999809265137,15.359999656677246,54200,2007,8,8,3,13733
14.699999809265137,16.5,15.0,15.779999732971191,44233,2007,8,9,4,13734
14.279999732971191,16.440000534057617,15.359999656677246,15.600000381469727,132367,2007,8,10,5,13735
14.699999809265137,16.5,15.600000381469727,16.200000762939453,125600,2007,8,13,1,13738
15.239999771118164,16.3799991607666,16.079999923706055,16.200000762939453,59517,2007,8,14,2,13739
15.359999656677246,17.040000915527344,15.960000038146973,15.65999984741211,84733,2007,8,15,3,13740
12.899999618530273,15.479999542236328,15.479999542236328,13.319999694824219,56633,2007,8,16,4,13741
13.5,14.880000114440918,13.619999885559082,14.880000114440918,32500,2007,8,17,5,13742
13.619999885559082,15.0,15.0,13.859999656677246,28967,2007,8,20,1,13745
13.199999809265137,14.579999923706055,13.920000076293945,14.520000457763672,33983,2007,8,21,2,13746
13.800000190734863,14.640000343322754,14.579999923706055,13.979999542236328,11717,2007,8,22,3,13747
13.619999885559082,14.399999618530273,14.100000381469727,13.800000190734863,19617,2007,8,23,4,13748
13.619999885559082,14.34000015258789,13.680000305175781,14.34000015258789,29067,2007,8,24,5,13749
13.680000305175781,14.399999618530273,14.399999618530273,13.979999542236328,17100,2007,8,27,1,13752
13.319999694824219,14.220000267028809,13.739999771118164,13.4399995803833,14000,2007,8,28,2,13753
13.319999694824219,13.979999542236328,13.4399995803833,13.619999885559082,13317,2007,8,29,3,13754
13.5600004196167,15.0600004196167,13.5600004196167,13.739999771118164,33383,2007,8,30,4,13755
13.5,14.9399995803833,13.979999542236328,14.880000114440918,41417,2007,8,31,5,13756
14.039999961853027,15.0,14.760000228881836,14.34000015258789,28433,2007,9,4,2,13760
13.199999809265137,15.359999656677246,14.100000381469727,14.039999961853027,99300,2007,9,5,3,13761
13.260000228881836,14.819999694824219,14.15999984741211,14.520000457763672,47367,2007,9,6,4,13762
13.739999771118164,14.520000457763672,14.460000038146973,14.460000038146973,24150,2007,9,7,5,13763
13.619999885559082,14.279999732971191,14.15999984741211,13.800000190734863,41917,2007,9,10,1,13766
13.5,13.979999542236328,13.800000190734863,13.5600004196167,28317,2007,9,11,2,13767
13.4399995803833,13.800000190734863,13.4399995803833,13.619999885559082,11633,2007,9,12,3,13768
13.5,14.220000267028809,13.800000190734863,13.859999656677246,14100,2007,9,13,4,13769
13.5,14.699999809265137,13.800000190734863,14.699999809265137,37700,2007,9,14,5,13770
14.9399995803833,15.65999984741211,15.0,15.239999771118164,50500,2007,9,17,1,13773
14.579999923706055,15.779999732971191,15.479999542236328,15.300000190734863,31767,2007,9,18,2,13774
14.520000457763672,15.359999656677246,15.300000190734863,14.880000114440918,38033,2007,9,19,3,13775
14.15999984741211,15.180000305175781,14.819999694824219,14.460000038146973,23200,2007,9,20,4,13776
13.920000076293945,14.760000228881836,14.34000015258789,14.699999809265137,28800,2007,9,21,5,13777
14.399999618530273,15.0,14.699999809265137,14.579999923706055,5800,2007,9,24,1,13780
14.34000015258789,14.819999694824219,14.460000038146973,14.399999618530273,12600,2007,9,25,2,13781
13.680000305175781,14.699999809265137,14.279999732971191,14.100000381469727,29950,2007,9,26,3,13782
13.920000076293945,14.760000228881836,14.399999618530273,14.520000457763672,26150,2007,9,27,4,13783
13.920000076293945,14.399999618530273,14.399999618530273,14.220000267028809,11333,2007,9,28,5,13784
14.039999961853027,14.640000343322754,14.220000267028809,14.520000457763672,22700,2007,10,1,1,13787
14.039999961853027,14.699999809265137,14.399999618530273,14.34000015258789,15817,2007,10,2,2,13788
14.15999984741211,14.579999923706055,14.460000038146973,14.399999618530273,19567,2007,10,3,3,13789
14.220000267028809,15.300000190734863,14.34000015258789,14.399999618530273,29217,2007,10,4,4,13790
14.399999618530273,16.200000762939453,14.399999618530273,15.899999618530273,50733,2007,10,5,5,13791
15.239999771118164,17.100000381469727,15.899999618530273,16.739999771118164,38683,2007,10,8,1,13794
15.84000015258789,16.799999237060547,16.6200008392334,16.139999389648438,24317,2007,10,9,2,13795
16.079999923706055,16.979999542236328,16.139999389648438,16.260000228881836,30150,2007,10,10,3,13796
16.200000762939453,17.399999618530273,16.3799991607666,17.15999984741211,84183,2007,10,11,4,13797
16.860000610351562,18.1200008392334,17.520000457763672,17.940000534057617,76250,2007,10,12,5,13798
16.799999237060547,18.420000076293945,18.1200008392334,17.100000381469727,50967,2007,10,15,1,13801
16.5,17.399999618530273,17.280000686645508,16.799999237060547,36900,2007,10,16,2,13802
15.84000015258789,16.799999237060547,16.739999771118164,16.31999969482422,22533,2007,10,17,3,13803
15.65999984741211,16.799999237060547,16.3799991607666,16.079999923706055,18417,2007,10,18,4,13804
15.0600004196167,16.200000762939453,15.899999618530273,15.180000305175781,20200,2007,10,19,5,13805
15.180000305175781,16.31999969482422,16.31999969482422,16.200000762939453,16267,2007,10,22,1,13808
15.300000190734863,16.200000762939453,16.139999389648438,15.420000076293945,29433,2007,10,23,2,13809
14.819999694824219,16.200000762939453,15.359999656677246,16.020000457763672,28117,2007,10,24,3,13810
15.720000267028809,20.700000762939453,15.720000267028809,16.799999237060547,250100,2007,10,25,4,13811
15.539999961853027,17.219999313354492,16.860000610351562,15.600000381469727,80483,2007,10,26,5,13812
14.640000343322754,15.899999618530273,15.479999542236328,15.539999961853027,83850,2007,10,29,1,13815
15.0600004196167,15.779999732971191,15.239999771118164,15.0600004196167,26517,2007,10,30,2,13816
14.760000228881836,15.420000076293945,15.119999885559082,15.359999656677246,21150,2007,10,31,3,13817
14.640000343322754,15.420000076293945,15.0,14.880000114440918,32217,2007,11,1,4,13818
13.979999542236328,15.0,14.880000114440918,14.460000038146973,49867,2007,11,2,5,13819
13.680000305175781,14.279999732971191,14.15999984741211,13.920000076293945,27283,2007,11,5,1,13822
13.979999542236328,15.0,13.979999542236328,14.579999923706055,21033,2007,11,6,2,13823
13.920000076293945,14.760000228881836,14.34000015258789,13.920000076293945,15567,2007,11,7,3,13824
13.800000190734863,14.34000015258789,14.100000381469727,13.979999542236328,21717,2007,11,8,4,13825
13.5600004196167,14.15999984741211,13.800000190734863,13.979999542236328,14950,2007,11,9,5,13826
13.079999923706055,14.34000015258789,13.800000190734863,13.079999923706055,16650,2007,11,12,1,13829
13.079999923706055,13.680000305175781,13.140000343322754,13.619999885559082,13183,2007,11,13,2,13830
12.779999732971191,13.800000190734863,12.779999732971191,13.319999694824219,23117,2007,11,14,3,13831
12.899999618530273,13.4399995803833,13.199999809265137,13.140000343322754,10000,2007,11,15,4,13832
12.479999542236328,13.079999923706055,13.079999923706055,12.600000381469727,38683,2007,11,16,5,13833
12.600000381469727,13.020000457763672,12.600000381469727,12.899999618530273,23183,2007,11,19,1,13836
12.720000267028809,13.079999923706055,12.899999618530273,12.84000015258789,11650,2007,11,20,2,13837
12.65999984741211,12.960000038146973,12.65999984741211,12.720000267028809,12700,2007,11,21,3,13838
12.720000267028809,13.199999809265137,12.84000015258789,13.020000457763672,9067,2007,11,23,5,13840
12.899999618530273,13.199999809265137,12.960000038146973,12.960000038146973,22750,2007,11,26,1,13843
12.420000076293945,13.140000343322754,12.960000038146973,12.65999984741211,19067,2007,11,27,2,13844
12.65999984741211,13.199999809265137,12.779999732971191,13.199999809265137,30267,2007,11,28,3,13845
12.720000267028809,13.199999809265137,13.199999809265137,12.960000038146973,7417,2007,11,29,4,13846
12.479999542236328,13.199999809265137,13.079999923706055,12.84000015258789,11450,2007,11,30,5,13847
12.479999542236328,13.079999923706055,12.65999984741211,12.600000381469727,9000,2007,12,3,1,13850
12.600000381469727,13.199999809265137,12.600000381469727,12.779999732971191,15850,2007,12,4,2,13851
12.539999961853027,13.140000343322754,13.020000457763672,13.020000457763672,12233,2007,12,5,3,13852
12.84000015258789,13.680000305175781,12.84000015258789,12.899999618530273,32167,2007,12,6,4,13853
12.600000381469727,13.619999885559082,13.079999923706055,13.619999885559082,20217,2007,12,7,5,13854
12.960000038146973,14.100000381469727,13.680000305175781,13.4399995803833,16617,2007,12,10,1,13857
12.479999542236328,13.5600004196167,13.380000114440918,12.600000381469727,26950,2007,12,11,2,13858
12.300000190734863,12.899999618530273,12.899999618530273,12.899999618530273,18033,2007,12,12,3,13859
12.0600004196167,12.899999618530273,12.479999542236328,12.65999984741211,17717,2007,12,13,4,13860
12.119999885559082,12.720000267028809,12.420000076293945,12.239999771118164,15700,2007,12,14,5,13861
11.880000114440918,12.600000381469727,12.180000305175781,12.479999542236328,26500,2007,12,17,1,13864
11.699999809265137,12.899999618530273,12.600000381469727,12.359999656677246,30983,2007,12,18,2,13865
12.239999771118164,12.600000381469727,12.239999771118164,12.420000076293945,27100,2007,12,19,3,13866
11.9399995803833,12.720000267028809,12.479999542236328,12.420000076293945,19267,2007,12,20,4,13867
12.239999771118164,12.779999732971191,12.359999656677246,12.300000190734863,32633,2007,12,21,5,13868
12.420000076293945,12.899999618530273,12.420000076293945,12.720000267028809,16433,2007,12,24,1,13871
12.300000190734863,12.720000267028809,12.479999542236328,12.300000190734863,30850,2007,12,26,3,13873
12.0600004196167,12.539999961853027,12.420000076293945,12.0600004196167,19533,2007,12,27,4,13874
12.119999885559082,12.899999618530273,12.119999885559082,12.600000381469727,45150,2007,12,28,5,13875
12.0,12.720000267028809,12.600000381469727,12.239999771118164,43567,2007,12,31,1,13878
12.180000305175781,12.479999542236328,12.180000305175781,12.479999542236328,18933,2008,1,2,3,13880
12.720000267028809,13.260000228881836,12.720000267028809,12.899999618530273,41850,2008,1,3,4,13881
12.779999732971191,13.140000343322754,12.779999732971191,12.899999618530273,13333,2008,1,4,5,13882
12.0,13.199999809265137,12.899999618530273,12.960000038146973,15833,2008,1,7,1,13885
12.720000267028809,13.199999809265137,12.899999618530273,12.899999618530273,35633,2008,1,8,2,13886
12.239999771118164,14.15999984741211,12.84000015258789,13.739999771118164,77067,2008,1,9,3,13887
12.899999618530273,14.640000343322754,13.5,14.34000015258789,115933,2008,1,10,4,13888
13.619999885559082,15.0600004196167,14.34000015258789,14.699999809265137,75267,2008,1,11,5,13889
14.399999618530273,15.180000305175781,14.880000114440918,14.699999809265137,44183,2008,1,14,1,13892
14.399999618530273,14.9399995803833,14.399999618530273,14.460000038146973,49650,2008,1,15,2,13893
14.15999984741211,15.119999885559082,14.15999984741211,15.0600004196167,36800,2008,1,16,3,13894
14.520000457763672,15.479999542236328,14.819999694824219,14.880000114440918,71133,2008,1,17,4,13895
14.460000038146973,15.239999771118164,15.0600004196167,14.640000343322754,39100,2008,1,18,5,13896
13.020000457763672,14.819999694824219,13.859999656677246,14.399999618530273,58100,2008,1,22,2,13900
13.260000228881836,15.119999885559082,14.760000228881836,15.119999885559082,38717,2008,1,23,3,13901
13.680000305175781,15.119999885559082,15.119999885559082,13.920000076293945,19550,2008,1,24,4,13902
13.5,14.220000267028809,13.920000076293945,13.5,22950,2008,1,25,5,13903
12.720000267028809,14.15999984741211,13.619999885559082,14.15999984741211,31600,2008,1,28,1,13906
13.199999809265137,14.220000267028809,14.039999961853027,13.199999809265137,24917,2008,1,29,2,13907
12.899999618530273,13.859999656677246,13.260000228881836,13.199999809265137,36217,2008,1,30,3,13908
12.539999961853027,13.199999809265137,13.199999809265137,13.020000457763672,29183,2008,1,31,4,13909
12.65999984741211,13.380000114440918,12.899999618530273,12.65999984741211,26650,2008,2,1,5,13910
12.600000381469727,13.199999809265137,12.600000381469727,13.020000457763672,17817,2008,2,4,1,13913
12.539999961853027,13.5,13.020000457763672,12.539999961853027,22517,2008,2,5,2,13914
12.779999732971191,13.5,12.899999618530273,12.960000038146973,20967,2008,2,6,3,13915
12.539999961853027,13.5600004196167,12.899999618530273,13.5600004196167,181283,2008,2,7,4,13916
12.600000381469727,13.800000190734863,13.619999885559082,13.020000457763672,38117,2008,2,8,5,13917
12.720000267028809,13.380000114440918,12.899999618530273,13.020000457763672,16200,2008,2,11,1,13920
12.779999732971191,13.4399995803833,13.079999923706055,13.4399995803833,17250,2008,2,12,2,13921
13.260000228881836,13.859999656677246,13.380000114440918,13.859999656677246,20383,2008,2,13,3,13922
12.899999618530273,13.920000076293945,13.800000190734863,12.960000038146973,18350,2008,2,14,4,13923
12.600000381469727,13.4399995803833,12.899999618530273,12.65999984741211,19500,2008,2,15,5,13924
12.720000267028809,14.100000381469727,12.720000267028809,13.979999542236328,30650,2008,2,19,2,13928
12.65999984741211,14.100000381469727,14.100000381469727,13.199999809265137,29733,2008,2,20,3,13929
12.600000381469727,13.739999771118164,12.84000015258789,12.779999732971191,34267,2008,2,21,4,13930
12.899999618530273,13.800000190734863,12.899999618530273,13.619999885559082,22000,2008,2,22,5,13931
13.319999694824219,14.399999618530273,13.4399995803833,13.680000305175781,22783,2008,2,25,1,13934
13.800000190734863,14.880000114440918,13.800000190734863,14.34000015258789,29867,2008,2,26,2,13935
14.039999961853027,14.880000114440918,14.460000038146973,14.279999732971191,9750,2008,2,27,3,13936
13.5600004196167,14.760000228881836,14.279999732971191,13.800000190734863,11067,2008,2,28,4,13937
13.5,13.979999542236328,13.680000305175781,13.5,14533,2008,2,29,5,13938
12.779999732971191,14.100000381469727,13.319999694824219,13.5600004196167,15083,2008,3,3,1,13941
12.899999618530273,14.279999732971191,13.5600004196167,14.100000381469727,17650,2008,3,4,2,13942
13.800000190734863,14.15999984741211,13.979999542236328,13.979999542236328,12033,2008,3,5,3,13943
12.65999984741211,14.100000381469727,13.979999542236328,12.960000038146973,16983,2008,3,6,4,13944
12.65999984741211,13.739999771118164,12.84000015258789,13.739999771118164,24100,2008,3,7,5,13945
12.84000015258789,13.5600004196167,13.5600004196167,13.4399995803833,17017,2008,3,10,1,13948
12.779999732971191,13.680000305175781,13.5,12.779999732971191,16700,2008,3,11,2,13949
12.779999732971191,13.800000190734863,12.84000015258789,13.5600004196167,51217,2008,3,12,3,13950
12.84000015258789,14.520000457763672,13.4399995803833,13.260000228881836,24683,2008,3,13,4,13951
13.140000343322754,14.699999809265137,13.140000343322754,13.619999885559082,46050,2008,3,14,5,13952
13.140000343322754,14.640000343322754,13.800000190734863,13.800000190734863,16350,2008,3,17,1,13955
13.680000305175781,14.699999809265137,13.800000190734863,14.279999732971191,33133,2008,3,18,2,13956
13.5600004196167,14.880000114440918,14.039999961853027,14.880000114440918,29683,2008,3,19,3,13957
13.5,14.760000228881836,14.760000228881836,13.5,20383,2008,3,20,4,13958
13.5,14.819999694824219,14.819999694824219,13.680000305175781,26133,2008,3,24,1,13962
13.800000190734863,15.0,13.800000190734863,15.0,24917,2008,3,25,2,13963
14.279999732971191,15.0,15.0,14.399999618530273,9750,2008,3,26,3,13964
13.680000305175781,14.819999694824219,14.220000267028809,14.640000343322754,15833,2008,3,27,4,13965
13.739999771118164,15.479999542236328,14.880000114440918,14.279999732971191,34567,2008,3,28,5,13966
13.800000190734863,14.819999694824219,14.220000267028809,14.15999984741211,14783,2008,3,31,1,13969
14.100000381469727,14.880000114440918,14.15999984741211,14.520000457763672,10000,2008,4,1,2,13970
13.920000076293945,15.0,14.579999923706055,14.819999694824219,9950,2008,4,2,3,13971
14.15999984741211,14.819999694824219,14.579999923706055,14.640000343322754,8617,2008,4,3,4,13972
14.460000038146973,15.0,14.460000038146973,15.0,15217,2008,4,4,5,13973
14.640000343322754,15.239999771118164,14.880000114440918,14.819999694824219,10350,2008,4,7,1,13976
17.100000381469727,23.399999618530273,18.65999984741211,18.18000030517578,2576183,2008,4,8,2,13977
16.020000457763672,18.0,18.0,16.440000534057617,461867,2008,4,9,3,13978
15.420000076293945,16.6200008392334,16.6200008392334,15.84000015258789,197117,2008,4,10,4,13979
15.119999885559082,16.200000762939453,15.600000381469727,15.65999984741211,122400,2008,4,11,5,13980
14.460000038146973,15.539999961853027,15.479999542236328,14.880000114440918,149233,2008,4,14,1,13983
14.100000381469727,15.359999656677246,15.300000190734863,14.399999618530273,124167,2008,4,15,2,13984
13.4399995803833,14.640000343322754,14.279999732971191,14.34000015258789,159383,2008,4,16,3,13985
13.680000305175781,14.880000114440918,14.220000267028809,14.279999732971191,82817,2008,4,17,4,13986
13.800000190734863,15.119999885559082,14.460000038146973,14.640000343322754,101500,2008,4,18,5,13987
13.619999885559082,14.520000457763672,14.520000457763672,14.039999961853027,57600,2008,4,21,1,13990
13.319999694824219,13.979999542236328,13.920000076293945,13.380000114440918,64917,2008,4,22,2,13991
13.380000114440918,13.979999542236328,13.380000114440918,13.619999885559082,33767,2008,4,23,3,13992
13.260000228881836,13.680000305175781,13.5,13.5600004196167,38533,2008,4,24,4,13993
13.140000343322754,13.5600004196167,13.5,13.319999694824219,42717,2008,4,25,5,13994
13.199999809265137,14.039999961853027,13.319999694824219,13.920000076293945,55400,2008,4,28,1,13997
13.5,14.15999984741211,14.15999984741211,13.920000076293945,35467,2008,4,29,2,13998
13.199999809265137,14.100000381469727,14.100000381469727,13.5600004196167,54417,2008,4,30,3,13999
13.020000457763672,13.5600004196167,13.199999809265137,13.020000457763672,48233,2008,5,1,4,14000
13.140000343322754,13.5600004196167,13.140000343322754,13.199999809265137,32317,2008,5,2,5,14001
13.079999923706055,13.619999885559082,13.199999809265137,13.4399995803833,36300,2008,5,5,1,14004
13.199999809265137,13.619999885559082,13.319999694824219,13.619999885559082,43517,2008,5,6,2,14005
13.319999694824219,13.739999771118164,13.4399995803833,13.319999694824219,51567,2008,5,7,3,14006
13.199999809265137,13.979999542236328,13.319999694824219,13.979999542236328,32800,2008,5,8,4,14007
13.4399995803833,14.15999984741211,13.979999542236328,14.039999961853027,44900,2008,5,9,5,14008
13.619999885559082,14.039999961853027,13.859999656677246,13.979999542236328,18183,2008,5,12,1,14011
13.800000190734863,14.15999984741211,13.800000190734863,14.100000381469727,22417,2008,5,13,2,14012
13.859999656677246,14.15999984741211,13.920000076293945,13.920000076293945,25383,2008,5,14,3,14013
13.859999656677246,14.100000381469727,13.859999656677246,13.920000076293945,15050,2008,5,15,4,14014
13.800000190734863,14.279999732971191,13.979999542236328,14.15999984741211,23583,2008,5,16,5,14015
13.800000190734863,14.15999984741211,14.100000381469727,14.039999961853027,27700,2008,5,19,1,14018
13.619999885559082,14.34000015258789,13.920000076293945,14.220000267028809,50767,2008,5,20,2,14019
13.5,14.279999732971191,14.100000381469727,13.800000190734863,41050,2008,5,21,3,14020
13.5,13.859999656677246,13.800000190734863,13.680000305175781,24250,2008,5,22,4,14021
13.5600004196167,14.220000267028809,13.680000305175781,13.979999542236328,59817,2008,5,23,5,14022
13.619999885559082,14.100000381469727,13.800000190734863,13.920000076293945,25833,2008,5,27,2,14026
13.680000305175781,13.979999542236328,13.979999542236328,13.920000076293945,11233,2008,5,28,3,14027
13.319999694824219,13.979999542236328,13.920000076293945,13.920000076293945,23517,2008,5,29,4,14028
13.5600004196167,14.100000381469727,13.920000076293945,13.859999656677246,30283,2008,5,30,5,14029
13.5600004196167,14.039999961853027,13.680000305175781,13.739999771118164,19667,2008,6,2,1,14032
12.899999618530273,13.920000076293945,13.680000305175781,13.800000190734863,27683,2008,6,3,2,14033
13.5600004196167,13.920000076293945,13.859999656677246,13.920000076293945,15883,2008,6,4,3,14034
13.319999694824219,13.859999656677246,13.800000190734863,13.859999656677246,23017,2008,6,5,4,14035
13.4399995803833,13.800000190734863,13.800000190734863,13.4399995803833,24400,2008,6,6,5,14036
13.020000457763672,13.5,13.5,13.199999809265137,29633,2008,6,9,1,14039
12.65999984741211,13.079999923706055,13.020000457763672,12.720000267028809,27517,2008,6,10,2,14040
12.0,12.84000015258789,12.720000267028809,12.0600004196167,43917,2008,6,11,3,14041
12.0,12.359999656677246,12.119999885559082,12.0,29683,2008,6,12,4,14042
11.819999694824219,12.119999885559082,11.880000114440918,12.0600004196167,22283,2008,6,13,5,14043
11.9399995803833,12.239999771118164,11.9399995803833,12.0,15467,2008,6,16,1,14046
12.0,12.239999771118164,12.119999885559082,12.119999885559082,17800,2008,6,17,2,14047
11.460000038146973,12.180000305175781,12.119999885559082,11.640000343322754,48117,2008,6,18,3,14048
11.220000267028809,11.699999809265137,11.520000457763672,11.220000267028809,30350,2008,6,19,4,14049
9.359999656677246,11.399999618530273,11.15999984741211,10.800000190734863,92750,2008,6,20,5,14050
10.800000190734863,11.220000267028809,10.800000190734863,11.039999961853027,30183,2008,6,23,1,14053
10.020000457763672,11.039999961853027,10.979999542236328,10.5,40500,2008,6,24,2,14054
10.380000114440918,11.100000381469727,10.380000114440918,11.100000381469727,20767,2008,6,25,3,14055
10.260000228881836,10.920000076293945,10.739999771118164,10.4399995803833,50217,2008,6,26,4,14056
10.260000228881836,10.859999656677246,10.4399995803833,10.859999656677246,24667,2008,6,27,5,14057
10.739999771118164,11.579999923706055,11.100000381469727,11.579999923706055,21850,2008,6,30,1,14060
10.920000076293945,11.579999923706055,11.579999923706055,11.100000381469727,13983,2008,7,1,2,14061
11.100000381469727,11.760000228881836,11.399999618530273,11.579999923706055,28133,2008,7,2,3,14062
10.979999542236328,11.279999732971191,11.15999984741211,11.100000381469727,12700,2008,7,3,4,14063
10.800000190734863,11.34000015258789,11.100000381469727,10.800000190734863,36967,2008,7,7,1,14067
10.5,11.039999961853027,10.5,10.920000076293945,17933,2008,7,8,2,14068
10.260000228881836,11.100000381469727,10.680000305175781,10.380000114440918,49483,2008,7,9,3,14069
10.260000228881836,10.680000305175781,10.619999885559082,10.5600004196167,47850,2008,7,10,4,14070
10.260000228881836,10.619999885559082,10.319999694824219,10.319999694824219,17767,2008,7,11,5,14071
10.140000343322754,10.739999771118164,10.4399995803833,10.260000228881836,9567,2008,7,14,1,14074
9.600000381469727,10.380000114440918,9.960000038146973,9.779999732971191,17817,2008,7,15,2,14075
9.65999984741211,10.020000457763672,9.65999984741211,9.84000015258789,25100,2008,7,16,3,14076
9.65999984741211,10.380000114440918,9.65999984741211,10.199999809265137,42267,2008,7,17,4,14077
10.140000343322754,10.619999885559082,10.4399995803833,10.5600004196167,15450,2008,7,18,5,14078
10.619999885559082,11.100000381469727,10.800000190734863,10.859999656677246,28583,2008,7,21,1,14081
10.619999885559082,11.100000381469727,10.920000076293945,11.039999961853027,7533,2008,7,22,2,14082
10.800000190734863,11.34000015258789,10.979999542236328,11.220000267028809,12300,2008,7,23,3,14083
11.100000381469727,11.34000015258789,11.34000015258789,11.279999732971191,9017,2008,7,24,4,14084
10.859999656677246,11.399999618530273,11.399999618530273,11.039999961853027,7683,2008,7,25,5,14085
10.859999656677246,11.220000267028809,10.979999542236328,10.979999542236328,6650,2008,7,28,1,14088
10.5,11.039999961853027,10.979999542236328,10.979999542236328,24033,2008,7,29,2,14089
10.680000305175781,11.640000343322754,10.800000190734863,11.640000343322754,27917,2008,7,30,3,14090
11.399999618530273,11.9399995803833,11.399999618530273,11.819999694824219,53617,2008,7,31,4,14091
11.579999923706055,12.539999961853027,11.579999923706055,12.359999656677246,52100,2008,8,1,5,14092
11.760000228881836,12.359999656677246,12.300000190734863,11.760000228881836,18883,2008,8,4,1,14095
11.279999732971191,12.0600004196167,11.760000228881836,12.0600004196167,84933,2008,8,5,2,14096
11.819999694824219,12.420000076293945,11.819999694824219,12.119999885559082,55767,2008,8,6,3,14097
10.5600004196167,12.239999771118164,12.239999771118164,10.5600004196167,67500,2008,8,7,4,14098
10.800000190734863,11.399999618530273,10.800000190734863,11.039999961853027,34700,2008,8,8,5,14099
10.859999656677246,11.279999732971191,11.279999732971191,11.100000381469727,27067,2008,8,11,1,14102
10.920000076293945,11.220000267028809,11.039999961853027,10.979999542236328,16167,2008,8,12,2,14103
10.859999656677246,11.220000267028809,10.979999542236328,11.100000381469727,15717,2008,8,13,3,14104
11.039999961853027,11.460000038146973,11.039999961853027,11.399999618530273,29750,2008,8,14,4,14105
11.460000038146973,11.819999694824219,11.579999923706055,11.640000343322754,15450,2008,8,15,5,14106
11.699999809265137,12.0,11.760000228881836,12.0,9650,2008,8,18,1,14109
10.979999542236328,12.0,11.699999809265137,11.279999732971191,26767,2008,8,19,2,14110
10.859999656677246,12.0,11.520000457763672,11.399999618530273,6300,2008,8,20,3,14111
10.619999885559082,11.279999732971191,11.279999732971191,10.859999656677246,9333,2008,8,21,4,14112
10.800000190734863,11.100000381469727,10.800000190734863,11.039999961853027,4717,2008,8,22,5,14113
10.619999885559082,11.039999961853027,10.979999542236328,10.619999885559082,2267,2008,8,25,1,14116
10.5,11.760000228881836,10.680000305175781,11.760000228881836,14283,2008,8,26,2,14117
10.380000114440918,11.579999923706055,11.579999923706055,10.5600004196167,20383,2008,8,27,3,14118
10.739999771118164,11.100000381469727,10.859999656677246,10.979999542236328,8700,2008,8,28,4,14119
10.4399995803833,11.15999984741211,10.859999656677246,10.4399995803833,12950,2008,8,29,5,14120
10.4399995803833,11.279999732971191,10.800000190734863,10.5,16017,2008,9,2,2,14124
10.140000343322754,10.5,10.260000228881836,10.260000228881836,6733,2008,9,3,3,14125
10.140000343322754,10.5600004196167,10.199999809265137,10.5,6600,2008,9,4,4,14126
9.960000038146973,10.739999771118164,10.380000114440918,10.5600004196167,13767,2008,9,5,5,14127
10.5600004196167,10.800000190734863,10.619999885559082,10.619999885559082,6817,2008,9,8,1,14130
10.199999809265137,10.800000190734863,10.800000190734863,10.260000228881836,8983,2008,9,9,2,14131
9.420000076293945,10.4399995803833,10.199999809265137,9.420000076293945,17317,2008,9,10,3,14132
9.420000076293945,10.199999809265137,9.539999961853027,10.079999923706055,7717,2008,9,11,4,14133
9.119999885559082,10.020000457763672,10.020000457763672,9.720000267028809,16117,2008,9,12,5,14134
9.0,9.539999961853027,9.180000305175781,9.539999961853027,12883,2008,9,15,1,14137
9.119999885559082,10.020000457763672,9.539999961853027,10.020000457763672,46767,2008,9,16,2,14138
9.119999885559082,9.779999732971191,9.600000381469727,9.180000305175781,32367,2008,9,17,3,14139
8.460000038146973,9.600000381469727,9.180000305175781,9.600000381469727,18217,2008,9,18,4,14140
8.9399995803833,10.4399995803833,10.380000114440918,10.199999809265137,23483,2008,9,19,5,14141
9.359999656677246,9.899999618530273,9.899999618530273,9.65999984741211,22050,2008,9,22,1,14144
9.300000190734863,9.779999732971191,9.359999656677246,9.600000381469727,53233,2008,9,23,2,14145
8.9399995803833,9.600000381469727,9.359999656677246,8.9399995803833,50833,2008,9,24,3,14146
8.9399995803833,9.359999656677246,8.9399995803833,9.0600004196167,13033,2008,9,25,4,14147
8.399999618530273,9.420000076293945,8.9399995803833,8.880000114440918,27400,2008,9,26,5,14148
8.220000267028809,10.5,8.460000038146973,10.079999923706055,77150,2008,9,29,1,14151
8.9399995803833,10.199999809265137,10.199999809265137,9.479999542236328,15717,2008,9,30,2,14152
8.399999618530273,9.779999732971191,9.779999732971191,8.819999694824219,36417,2008,10,1,3,14153
8.15999984741211,8.760000228881836,8.760000228881836,8.279999732971191,6550,2008,10,2,4,14154
7.320000171661377,9.239999771118164,8.579999923706055,7.619999885559082,24933,2008,10,3,5,14155
5.940000057220459,7.380000114440918,7.199999809265137,7.019999980926514,35467,2008,10,6,1,14158
5.460000038146973,6.71999979019165,6.71999979019165,6.300000190734863,45433,2008,10,7,2,14159
4.920000076293945,5.940000057220459,5.820000171661377,5.340000152587891,39133,2008,10,8,3,14160
5.099999904632568,5.400000095367432,5.400000095367432,5.21999979019165,8767,2008,10,9,4,14161
3.0,5.159999847412109,5.159999847412109,3.6600000858306885,68350,2008,10,10,5,14162
4.199999809265137,5.21999979019165,4.320000171661377,5.21999979019165,29100,2008,10,13,1,14165
5.460000038146973,6.0,5.699999809265137,5.880000114440918,33183,2008,10,14,2,14166
4.860000133514404,6.78000020980835,6.599999904632568,5.880000114440918,16750,2008,10,15,3,14167
4.739999771118164,6.480000019073486,6.480000019073486,5.21999979019165,12767,2008,10,16,4,14168
5.159999847412109,6.0,5.699999809265137,5.820000171661377,17183,2008,10,17,5,14169
6.0,6.420000076293945,6.0,6.420000076293945,24567,2008,10,20,1,14172
6.059999942779541,7.139999866485596,6.059999942779541,6.480000019073486,32283,2008,10,21,2,14173
5.579999923706055,6.960000038146973,6.599999904632568,6.0,40317,2008,10,22,3,14174
4.5,5.699999809265137,5.699999809265137,5.519999980926514,24450,2008,10,23,4,14175
4.679999828338623,5.099999904632568,5.039999961853027,4.739999771118164,21867,2008,10,24,5,14176
3.5999999046325684,5.28000020980835,4.559999942779541,3.5999999046325684,50350,2008,10,27,1,14179
3.7200000286102295,4.199999809265137,4.139999866485596,4.019999980926514,19217,2008,10,28,2,14180
4.199999809265137,4.920000076293945,4.199999809265137,4.739999771118164,20467,2008,10,29,3,14181
4.559999942779541,5.28000020980835,4.619999885559082,4.980000019073486,13850,2008,10,30,4,14182
4.320000171661377,5.21999979019165,5.21999979019165,4.5,23917,2008,10,31,5,14183
4.440000057220459,4.739999771118164,4.5,4.5,7683,2008,11,3,1,14186
4.679999828338623,4.800000190734863,4.739999771118164,4.739999771118164,7717,2008,11,4,2,14187
4.679999828338623,4.800000190734863,4.800000190734863,4.739999771118164,8233,2008,11,5,3,14188
4.440000057220459,4.679999828338623,4.5,4.440000057220459,8267,2008,11,6,4,14189
3.5399999618530273,4.440000057220459,4.260000228881836,4.079999923706055,130917,2008,11,7,5,14190
3.5999999046325684,4.619999885559082,4.079999923706055,4.199999809265137,46267,2008,11,10,1,14193
3.7799999713897705,4.5,3.7799999713897705,4.260000228881836,34500,2008,11,11,2,14194
4.079999923706055,4.5,4.5,4.380000114440918,52800,2008,11,12,3,14195
4.079999923706055,4.440000057220459,4.380000114440918,4.260000228881836,45400,2008,11,13,4,14196
3.6600000858306885,4.440000057220459,4.440000057220459,4.260000228881836,10383,2008,11,14,5,14197
3.7799999713897705,4.139999866485596,3.7799999713897705,3.7799999713897705,10133,2008,11,17,1,14200
3.7799999713897705,4.440000057220459,4.079999923706055,4.260000228881836,12767,2008,11,18,2,14201
3.9000000953674316,4.320000171661377,4.320000171661377,3.9600000381469727,6400,2008,11,19,3,14202
3.5999999046325684,4.199999809265137,4.199999809265137,3.5999999046325684,8400,2008,11,20,4,14203
3.0,4.380000114440918,4.199999809265137,3.240000009536743,13833,2008,11,21,5,14204
3.0,4.5,3.0,3.6600000858306885,12800,2008,11,24,1,14207
2.5199999809265137,3.9000000953674316,3.9000000953674316,3.0,19333,2008,11,25,2,14208
3.0,3.359999895095825,3.059999942779541,3.119999885559082,6517,2008,11,26,3,14209
2.940000057220459,3.180000066757202,3.0,3.059999942779541,6933,2008,11,28,5,14211
2.4000000953674316,3.240000009536743,3.059999942779541,2.640000104904175,12467,2008,12,1,1,14214
2.700000047683716,4.199999809265137,4.199999809265137,3.180000066757202,19617,2008,12,2,2,14215
2.5799999237060547,3.240000009536743,2.5799999237060547,3.0,7767,2008,12,3,3,14216
2.700000047683716,3.0,3.0,2.880000114440918,2400,2008,12,4,4,14217
2.4000000953674316,3.240000009536743,3.0,2.700000047683716,16150,2008,12,5,5,14218
2.4000000953674316,2.5799999237060547,2.4600000381469727,2.5199999809265137,12117,2008,12,8,1,14221
2.4000000953674316,3.0,2.4000000953674316,3.0,19200,2008,12,9,2,14222
2.5199999809265137,2.940000057220459,2.5199999809265137,2.700000047683716,21550,2008,12,10,3,14223
2.4000000953674316,3.8399999141693115,2.700000047683716,3.6600000858306885,40200,2008,12,11,4,14224
3.0,3.6600000858306885,3.299999952316284,3.6600000858306885,8717,2008,12,12,5,14225
3.299999952316284,3.7799999713897705,3.299999952316284,3.6600000858306885,11700,2008,12,15,1,14228
3.059999942779541,3.7799999713897705,3.6600000858306885,3.4800000190734863,7967,2008,12,16,2,14229
3.299999952316284,3.6600000858306885,3.5999999046325684,3.299999952316284,19317,2008,12,17,3,14230
2.759999990463257,3.299999952316284,3.299999952316284,2.819999933242798,27317,2008,12,18,4,14231
2.640000104904175,2.940000057220459,2.759999990463257,2.880000114440918,18733,2008,12,19,5,14232
2.4000000953674316,2.880000114440918,2.700000047683716,2.700000047683716,84350,2008,12,22,1,14235
2.4000000953674316,2.759999990463257,2.4600000381469727,2.640000104904175,48283,2008,12,23,2,14236
2.4600000381469727,2.700000047683716,2.4600000381469727,2.5199999809265137,7650,2008,12,24,3,14237
2.3399999141693115,2.700000047683716,2.4600000381469727,2.4600000381469727,52750,2008,12,26,5,14239
2.3399999141693115,2.5799999237060547,2.3399999141693115,2.5799999237060547,38900,2008,12,29,1,14242
2.5199999809265137,2.700000047683716,2.700000047683716,2.5199999809265137,14733,2008,12,30,2,14243
2.4000000953674316,2.940000057220459,2.4000000953674316,2.880000114440918,19683,2008,12,31,3,14244
2.880000114440918,3.0,2.880000114440918,2.880000114440918,3750,2009,1,2,5,14246
2.880000114440918,3.0,3.0,2.880000114440918,5000,2009,1,5,1,14249
2.759999990463257,3.059999942779541,2.940000057220459,2.759999990463257,4333,2009,1,6,2,14250
2.759999990463257,2.940000057220459,2.759999990463257,2.940000057220459,4867,2009,1,7,3,14251
2.759999990463257,3.059999942779541,2.940000057220459,2.940000057220459,4933,2009,1,8,4,14252
2.940000057220459,3.059999942779541,3.059999942779541,3.0,5500,2009,1,9,5,14253
2.700000047683716,2.880000114440918,2.880000114440918,2.759999990463257,5250,2009,1,12,1,14256
2.5799999237060547,2.880000114440918,2.880000114440918,2.640000104904175,4200,2009,1,13,2,14257
1.1399999856948853,2.640000104904175,2.5799999237060547,2.2200000286102295,96533,2009,1,14,3,14258
1.6799999475479126,2.3399999141693115,2.0399999618530273,2.0999999046325684,25967,2009,1,15,4,14259
2.0399999618530273,2.2799999713897705,2.2799999713897705,2.1600000858306885,7383,2009,1,16,5,14260
1.9199999570846558,2.3399999141693115,2.1600000858306885,2.1600000858306885,18850,2009,1,20,2,14264
2.0999999046325684,2.2799999713897705,2.1600000858306885,2.1600000858306885,10467,2009,1,21,3,14265
2.1600000858306885,2.5199999809265137,2.5199999809265137,2.3399999141693115,9217,2009,1,22,4,14266
2.1600000858306885,2.3399999141693115,2.3399999141693115,2.2799999713897705,4400,2009,1,23,5,14267
2.3399999141693115,2.5199999809265137,2.3399999141693115,2.3399999141693115,10567,2009,1,26,1,14270
2.0399999618530273,2.5199999809265137,2.0399999618530273,2.2799999713897705,7767,2009,1,27,2,14271
2.2799999713897705,2.5199999809265137,2.5199999809265137,2.5199999809265137,106883,2009,1,28,3,14272
2.5199999809265137,2.5799999237060547,2.5199999809265137,2.5799999237060547,2383,2009,1,29,4,14273
2.2799999713897705,2.5799999237060547,2.4000000953674316,2.2799999713897705,6817,2009,1,30,5,14274
2.2200000286102295,2.5199999809265137,2.4000000953674316,2.4600000381469727,5783,2009,2,2,1,14277
2.2200000286102295,2.5799999237060547,2.2200000286102295,2.4600000381469727,7317,2009,2,3,2,14278
2.4000000953674316,2.640000104904175,2.5799999237060547,2.5799999237060547,5650,2009,2,4,3,14279
2.4600000381469727,2.640000104904175,2.640000104904175,2.5799999237060547,15383,2009,2,5,4,14280
2.5199999809265137,3.5999999046325684,2.5799999237060547,3.0,24617,2009,2,6,5,14281
2.880000114440918,3.0,3.0,2.880000114440918,4483,2009,2,9,1,14284
2.4000000953674316,2.940000057220459,2.880000114440918,2.700000047683716,6500,2009,2,10,2,14285
2.4600000381469727,3.0,2.5799999237060547,2.700000047683716,8117,2009,2,11,3,14286
2.5199999809265137,2.880000114440918,2.819999933242798,2.759999990463257,10617,2009,2,12,4,14287
2.4600000381469727,2.700000047683716,2.700000047683716,2.4600000381469727,4433,2009,2,13,5,14288
2.4000000953674316,2.640000104904175,2.4000000953674316,2.640000104904175,7400,2009,2,17,2,14292
2.5199999809265137,2.940000057220459,2.640000104904175,2.700000047683716,2533,2009,2,18,3,14293
2.700000047683716,3.119999885559082,3.119999885559082,2.700000047683716,7200,2009,2,19,4,14294
2.4600000381469727,2.880000114440918,2.759999990463257,2.5799999237060547,5300,2009,2,20,5,14295
2.4600000381469727,2.759999990463257,2.700000047683716,2.4600000381469727,5067,2009,2,23,1,14298
1.9800000190734863,2.5199999809265137,2.3399999141693115,2.2799999713897705,16250,2009,2,24,2,14299
1.9199999570846558,2.2200000286102295,2.2200000286102295,1.9199999570846558,21467,2009,2,25,3,14300
1.7999999523162842,2.0399999618530273,1.8600000143051147,1.8600000143051147,17317,2009,2,26,4,14301
1.7999999523162842,2.4000000953674316,1.8600000143051147,2.4000000953674316,51517,2009,2,27,5,14302
1.8600000143051147,2.3399999141693115,1.8600000143051147,1.8600000143051147,6400,2009,3,2,1,14305
1.7999999523162842,2.1600000858306885,1.7999999523162842,1.8600000143051147,19800,2009,3,3,2,14306
1.8600000143051147,2.1600000858306885,1.8600000143051147,1.9800000190734863,5250,2009,3,4,3,14307
1.6799999475479126,2.2799999713897705,2.2799999713897705,1.8600000143051147,20383,2009,3,5,4,14308
1.6200000047683716,1.9800000190734863,1.6200000047683716,1.7999999523162842,7133,2009,3,6,5,14309
1.9800000190734863,2.2799999713897705,2.2200000286102295,1.9800000190734863,6667,2009,3,9,1,14312
1.9800000190734863,2.2200000286102295,2.2200000286102295,2.0999999046325684,4750,2009,3,10,2,14313
1.7999999523162842,2.1600000858306885,1.7999999523162842,1.8600000143051147,8033,2009,3,11,3,14314
1.9800000190734863,2.2799999713897705,2.1600000858306885,2.2200000286102295,18633,2009,3,12,4,14315
1.9800000190734863,2.4000000953674316,2.3399999141693115,2.1600000858306885,57683,2009,3,13,5,14316
1.8600000143051147,2.4000000953674316,2.3399999141693115,2.0399999618530273,48133,2009,3,16,1,14319
1.8600000143051147,2.3399999141693115,1.8600000143051147,2.2799999713897705,6217,2009,3,17,2,14320
2.1600000858306885,2.2799999713897705,2.2799999713897705,2.1600000858306885,4033,2009,3,18,3,14321
2.1600000858306885,2.2799999713897705,2.1600000858306885,2.2799999713897705,4933,2009,3,19,4,14322
2.1600000858306885,2.2799999713897705,2.2799999713897705,2.1600000858306885,3433,2009,3,20,5,14323
2.1600000858306885,2.2799999713897705,2.1600000858306885,2.2200000286102295,4000,2009,3,23,1,14326
2.2200000286102295,2.2799999713897705,2.2799999713897705,2.2799999713897705,5767,2009,3,24,2,14327
2.2200000286102295,2.3399999141693115,2.2799999713897705,2.2799999713897705,5183,2009,3,25,3,14328
2.2799999713897705,3.240000009536743,2.2799999713897705,2.4000000953674316,214850,2009,3,26,4,14329
2.4600000381469727,3.240000009536743,2.640000104904175,2.940000057220459,68717,2009,3,27,5,14330
2.880000114440918,3.059999942779541,3.0,3.0,11600,2009,3,30,1,14333
2.759999990463257,3.0,2.880000114440918,2.940000057220459,20700,2009,3,31,2,14334
2.819999933242798,3.0,3.0,3.0,5600,2009,4,1,3,14335
2.700000047683716,3.0,3.0,2.759999990463257,28117,2009,4,2,4,14336
2.700000047683716,2.880000114440918,2.880000114440918,2.759999990463257,14600,2009,4,3,5,14337
2.5799999237060547,2.880000114440918,2.880000114440918,2.700000047683716,6167,2009,4,6,1,14340
2.5799999237060547,2.759999990463257,2.640000104904175,2.640000104904175,7300,2009,4,7,2,14341
2.5799999237060547,2.700000047683716,2.640000104904175,2.640000104904175,2583,2009,4,8,3,14342
2.700000047683716,2.819999933242798,2.819999933242798,2.700000047683716,2750,2009,4,9,4,14343
2.700000047683716,2.819999933242798,2.819999933242798,2.819999933242798,9667,2009,4,13,1,14347
3.6600000858306885,5.039999961853027,3.7200000286102295,4.320000171661377,192183,2009,4,14,2,14348
3.7799999713897705,4.860000133514404,4.619999885559082,3.7799999713897705,74467,2009,4,15,3,14349
3.4200000762939453,3.7799999713897705,3.7799999713897705,3.5399999618530273,41233,2009,4,16,4,14350
3.359999895095825,4.139999866485596,3.4200000762939453,3.9000000953674316,47467,2009,4,17,5,14351
4.019999980926514,4.320000171661377,4.139999866485596,4.019999980926514,49700,2009,4,20,1,14354
4.199999809265137,5.039999961853027,4.320000171661377,4.920000076293945,134667,2009,4,21,2,14355
4.619999885559082,4.920000076293945,4.920000076293945,4.800000190734863,34467,2009,4,22,3,14356
4.019999980926514,4.679999828338623,4.260000228881836,4.079999923706055,91717,2009,4,23,4,14357
3.5999999046325684,4.260000228881836,4.199999809265137,3.9000000953674316,33750,2009,4,24,5,14358
3.9600000381469727,4.5,3.9600000381469727,4.199999809265137,69167,2009,4,27,1,14361
3.4800000190734863,4.679999828338623,4.199999809265137,3.9600000381469727,157183,2009,4,28,2,14362
4.199999809265137,5.21999979019165,5.159999847412109,4.260000228881836,528033,2009,4,29,3,14363
4.139999866485596,4.5,4.5,4.260000228881836,128750,2009,4,30,4,14364
4.139999866485596,4.440000057220459,4.380000114440918,4.380000114440918,70467,2009,5,1,5,14365
3.8399999141693115,4.380000114440918,4.380000114440918,4.139999866485596,66617,2009,5,4,1,14368
3.9000000953674316,4.320000171661377,4.199999809265137,4.079999923706055,102383,2009,5,5,2,14369
4.019999980926514,4.320000171661377,4.320000171661377,4.199999809265137,74183,2009,5,6,3,14370
4.199999809265137,4.440000057220459,4.320000171661377,4.260000228881836,65383,2009,5,7,4,14371
4.019999980926514,4.380000114440918,4.380000114440918,4.139999866485596,67650,2009,5,8,5,14372
4.019999980926514,4.320000171661377,4.320000171661377,4.079999923706055,29033,2009,5,11,1,14375
3.9600000381469727,4.260000228881836,4.019999980926514,4.079999923706055,32167,2009,5,12,2,14376
3.7799999713897705,4.260000228881836,4.260000228881836,3.9000000953674316,36867,2009,5,13,3,14377
3.7799999713897705,4.079999923706055,3.9000000953674316,4.019999980926514,33233,2009,5,14,4,14378
3.7799999713897705,4.199999809265137,4.199999809265137,3.9600000381469727,14900,2009,5,15,5,14379
3.7200000286102295,4.139999866485596,4.019999980926514,3.9600000381469727,115550,2009,5,18,1,14382
3.7799999713897705,4.139999866485596,3.7799999713897705,3.9000000953674316,43033,2009,5,19,2,14383
3.7200000286102295,3.9600000381469727,3.9000000953674316,3.7200000286102295,42267,2009,5,20,3,14384
3.5999999046325684,3.9000000953674316,3.6600000858306885,3.7200000286102295,60967,2009,5,21,4,14385
3.5999999046325684,3.9000000953674316,3.5999999046325684,3.7200000286102295,73667,2009,5,22,5,14386
3.059999942779541,3.7799999713897705,3.7200000286102295,3.240000009536743,272283,2009,5,26,2,14390
3.299999952316284,3.5999999046325684,3.5399999618530273,3.5399999618530273,183600,2009,5,27,3,14391
3.5999999046325684,4.199999809265137,3.7200000286102295,4.139999866485596,451967,2009,5,28,4,14392
4.019999980926514,4.440000057220459,4.380000114440918,4.380000114440918,557867,2009,5,29,5,14393
4.860000133514404,5.820000171661377,5.519999980926514,5.340000152587891,1188950,2009,6,1,1,14396
5.880000114440918,9.479999542236328,5.880000114440918,9.180000305175781,3520167,2009,6,2,2,14397
9.600000381469727,20.040000915527344,9.84000015258789,15.899999618530273,8764183,2009,6,3,3,14398
14.279999732971191,19.68000030517578,19.6200008392334,16.020000457763672,5356850,2009,6,4,4,14399
12.65999984741211,15.899999618530273,15.899999618530273,13.380000114440918,1809733,2009,6,5,5,14400
10.920000076293945,13.979999542236328,13.680000305175781,12.359999656677246,1380483,2009,6,8,1,14403
11.579999923706055,14.100000381469727,12.239999771118164,12.420000076293945,1375967,2009,6,9,2,14404
12.0,15.65999984741211,13.079999923706055,13.979999542236328,2040450,2009,6,10,3,14405
11.579999923706055,13.739999771118164,12.779999732971191,12.84000015258789,760467,2009,6,11,4,14406
12.0,13.979999542236328,12.899999618530273,12.899999618530273,734800,2009,6,12,5,14407
12.300000190734863,12.960000038146973,12.65999984741211,12.359999656677246,308433,2009,6,15,1,14410
11.279999732971191,12.720000267028809,12.65999984741211,11.640000343322754,299567,2009,6,16,2,14411
12.119999885559082,14.100000381469727,13.079999923706055,12.359999656677246,1015400,2009,6,17,3,14412
11.760000228881836,12.600000381469727,12.0,12.119999885559082,254517,2009,6,18,4,14413
11.819999694824219,12.0600004196167,12.0,12.0,204967,2009,6,19,5,14414
11.100000381469727,12.119999885559082,12.119999885559082,11.34000015258789,216867,2009,6,22,1,14417
9.359999656677246,11.699999809265137,11.699999809265137,10.859999656677246,346600,2009,6,23,2,14418
10.619999885559082,11.520000457763672,11.399999618530273,11.039999961853027,179700,2009,6,24,3,14419
10.4399995803833,12.0,11.460000038146973,11.819999694824219,246700,2009,6,25,4,14420
11.15999984741211,11.699999809265137,11.640000343322754,11.220000267028809,168567,2009,6,26,5,14421
10.859999656677246,12.180000305175781,10.920000076293945,11.039999961853027,260800,2009,6,29,1,14424
10.979999542236328,12.600000381469727,11.399999618530273,12.539999961853027,666850,2009,6,30,2,14425
11.579999923706055,12.600000381469727,12.479999542236328,11.819999694824219,173133,2009,7,1,3,14426
11.399999618530273,11.819999694824219,11.699999809265137,11.579999923706055,157683,2009,7,2,4,14427
10.739999771118164,11.699999809265137,11.699999809265137,10.800000190734863,182000,2009,7,6,1,14431
10.079999923706055,11.15999984741211,10.859999656677246,10.199999809265137,167333,2009,7,7,2,14432
9.359999656677246,10.680000305175781,10.079999923706055,9.779999732971191,164933,2009,7,8,3,14433
9.300000190734863,10.4399995803833,9.960000038146973,9.420000076293945,108467,2009,7,9,4,14434
8.9399995803833,9.779999732971191,9.779999732971191,9.180000305175781,100100,2009,7,10,5,14435
8.760000228881836,10.5,9.300000190734863,10.199999809265137,142217,2009,7,13,1,14438
9.779999732971191,11.699999809265137,9.779999732971191,11.100000381469727,261450,2009,7,14,2,14439
10.199999809265137,11.34000015258789,11.34000015258789,10.319999694824219,169133,2009,7,15,3,14440
9.420000076293945,10.319999694824219,10.199999809265137,9.479999542236328,234117,2009,7,16,4,14441
9.300000190734863,10.319999694824219,9.300000190734863,9.600000381469727,177833,2009,7,17,5,14442
9.600000381469727,10.380000114440918,9.720000267028809,9.899999618530273,218750,2009,7,20,1,14445
9.899999618530273,11.34000015258789,10.140000343322754,10.920000076293945,473867,2009,7,21,2,14446
11.100000381469727,14.760000228881836,11.279999732971191,12.720000267028809,2555717,2009,7,22,3,14447
13.5,15.600000381469727,13.680000305175781,14.039999961853027,1437767,2009,7,23,4,14448
12.960000038146973,13.979999542236328,13.800000190734863,13.619999885559082,450500,2009,7,24,5,14449
13.5,14.699999809265137,13.800000190734863,14.100000381469727,470150,2009,7,27,1,14452
13.5,18.540000915527344,14.039999961853027,17.940000534057617,2549500,2009,7,28,2,14453
14.760000228881836,18.65999984741211,18.360000610351562,15.600000381469727,1507050,2009,7,29,3,14454
13.5600004196167,15.84000015258789,14.220000267028809,14.279999732971191,839917,2009,7,30,4,14455
12.300000190734863,13.680000305175781,13.199999809265137,13.140000343322754,724500,2009,7,31,5,14456
14.520000457763672,16.139999389648438,15.899999618530273,15.479999542236328,1322083,2009,8,3,1,14459
13.680000305175781,15.300000190734863,15.300000190734863,14.220000267028809,992750,2009,8,4,2,14460
13.5,14.100000381469727,13.920000076293945,13.5,603300,2009,8,5,3,14461
12.899999618530273,13.680000305175781,13.5,13.4399995803833,465000,2009,8,6,4,14462
13.020000457763672,13.800000190734863,13.260000228881836,13.199999809265137,337267,2009,8,7,5,14463
12.960000038146973,13.739999771118164,13.5,12.960000038146973,268367,2009,8,10,1,14466
12.0,13.199999809265137,13.079999923706055,12.420000076293945,417350,2009,8,11,2,14467
12.479999542236328,13.079999923706055,13.079999923706055,12.65999984741211,264950,2009,8,12,3,14468
12.300000190734863,14.100000381469727,12.539999961853027,13.680000305175781,424283,2009,8,13,4,14469
12.420000076293945,14.34000015258789,13.4399995803833,12.720000267028809,486817,2009,8,14,5,14470
11.880000114440918,12.479999542236328,12.479999542236328,12.0600004196167,340333,2009,8,17,1,14473
12.119999885559082,12.65999984741211,12.359999656677246,12.119999885559082,158750,2009,8,18,2,14474
12.0600004196167,12.600000381469727,12.119999885559082,12.420000076293945,194533,2009,8,19,3,14475
12.0600004196167,12.65999984741211,12.420000076293945,12.479999542236328,134217,2009,8,20,4,14476
12.119999885559082,12.479999542236328,12.479999542236328,12.119999885559082,142433,2009,8,21,5,14477
12.239999771118164,12.960000038146973,12.359999656677246,12.600000381469727,389983,2009,8,24,1,14480
12.119999885559082,12.899999618530273,12.899999618530273,12.300000190734863,231267,2009,8,25,2,14481
12.300000190734863,13.5600004196167,12.600000381469727,13.020000457763672,853950,2009,8,26,3,14482
12.359999656677246,12.960000038146973,12.960000038146973,12.720000267028809,230983,2009,8,27,4,14483
12.300000190734863,12.84000015258789,12.779999732971191,12.84000015258789,179100,2009,8,28,5,14484
12.359999656677246,13.5600004196167,12.960000038146973,12.420000076293945,644983,2009,8,31,1,14487
12.0,13.079999923706055,12.420000076293945,12.0,588100,2009,9,1,2,14488
12.0,12.300000190734863,12.239999771118164,12.0600004196167,260050,2009,9,2,3,14489
11.880000114440918,12.300000190734863,12.300000190734863,11.880000114440918,175167,2009,9,3,4,14490
11.880000114440918,12.239999771118164,12.0,11.9399995803833,228983,2009,9,4,5,14491
12.180000305175781,12.960000038146973,12.539999961853027,12.600000381469727,556483,2009,9,8,2,14495
12.600000381469727,13.380000114440918,12.84000015258789,12.899999618530273,423850,2009,9,9,3,14496
12.720000267028809,14.399999618530273,13.199999809265137,14.399999618530273,582550,2009,9,10,4,14497
13.260000228881836,15.0,14.579999923706055,13.920000076293945,606433,2009,9,11,5,14498
12.899999618530273,13.680000305175781,13.619999885559082,13.140000343322754,209617,2009,9,14,1,14501
12.960000038146973,13.5,13.199999809265137,13.140000343322754,226933,2009,9,15,2,14502
12.180000305175781,13.260000228881836,13.140000343322754,12.239999771118164,526133,2009,9,16,3,14503
12.300000190734863,12.960000038146973,12.479999542236328,12.300000190734863,354333,2009,9,17,4,14504
12.180000305175781,12.960000038146973,12.960000038146973,12.180000305175781,267400,2009,9,18,5,14505
12.300000190734863,13.680000305175781,12.300000190734863,13.319999694824219,909617,2009,9,21,1,14508
12.720000267028809,13.260000228881836,12.960000038146973,13.020000457763672,196267,2009,9,22,2,14509
13.140000343322754,14.579999923706055,13.199999809265137,13.680000305175781,730183,2009,9,23,3,14510
12.300000190734863,13.800000190734863,13.680000305175781,12.479999542236328,575000,2009,9,24,4,14511
12.420000076293945,13.079999923706055,12.479999542236328,12.479999542236328,256167,2009,9,25,5,14512
12.65999984741211,13.020000457763672,12.779999732971191,12.720000267028809,152133,2009,9,28,1,14515
12.600000381469727,13.020000457763672,13.020000457763672,12.600000381469727,139433,2009,9,29,2,14516
12.359999656677246,12.960000038146973,12.960000038146973,12.420000076293945,190467,2009,9,30,3,14517
12.239999771118164,12.479999542236328,12.420000076293945,12.420000076293945,216283,2009,10,1,4,14518
12.0,12.359999656677246,12.239999771118164,12.239999771118164,254783,2009,10,2,5,14519
12.0600004196167,12.420000076293945,12.239999771118164,12.180000305175781,197467,2009,10,5,1,14522
12.0,12.300000190734863,12.180000305175781,12.0,296733,2009,10,6,2,14523
12.119999885559082,13.140000343322754,12.180000305175781,12.720000267028809,235733,2009,10,7,3,14524
12.300000190734863,13.4399995803833,12.539999961853027,12.300000190734863,423250,2009,10,8,4,14525
12.239999771118164,12.720000267028809,12.359999656677246,12.479999542236328,136717,2009,10,9,5,14526
12.239999771118164,12.65999984741211,12.65999984741211,12.239999771118164,143850,2009,10,12,1,14529
12.239999771118164,12.720000267028809,12.539999961853027,12.359999656677246,207767,2009,10,13,2,14530
12.359999656677246,12.65999984741211,12.600000381469727,12.539999961853027,197933,2009,10,14,3,14531
12.479999542236328,12.899999618530273,12.600000381469727,12.899999618530273,204017,2009,10,15,4,14532
12.359999656677246,12.960000038146973,12.960000038146973,12.539999961853027,148617,2009,10,16,5,14533
12.479999542236328,12.960000038146973,12.479999542236328,12.899999618530273,308883,2009,10,19,1,14536
12.479999542236328,12.899999618530273,12.779999732971191,12.539999961853027,208567,2009,10,20,2,14537
7.079999923706055,8.399999618530273,8.15999984741211,7.260000228881836,3248100,2009,10,21,3,14538
7.320000171661377,7.619999885559082,7.320000171661377,7.320000171661377,735683,2009,10,22,4,14539
7.380000114440918,7.920000076293945,7.5,7.619999885559082,590717,2009,10,23,5,14540
7.320000171661377,7.920000076293945,7.619999885559082,7.5,296150,2009,10,26,1,14543
7.079999923706055,7.559999942779541,7.5,7.199999809265137,281900,2009,10,27,2,14544
6.420000076293945,7.440000057220459,7.440000057220459,6.420000076293945,287483,2009,10,28,3,14545
6.059999942779541,6.78000020980835,6.599999904632568,6.059999942779541,345567,2009,10,29,4,14546
6.0,6.239999771118164,6.059999942779541,6.0,296650,2009,10,30,5,14547
5.28000020980835,5.880000114440918,5.760000228881836,5.760000228881836,424950,2009,11,2,1,14550
5.400000095367432,6.0,5.400000095367432,5.820000171661377,137733,2009,11,3,2,14551
5.760000228881836,6.420000076293945,6.119999885559082,5.760000228881836,140983,2009,11,4,3,14552
5.699999809265137,5.940000057220459,5.760000228881836,5.820000171661377,97700,2009,11,5,4,14553
5.820000171661377,6.300000190734863,5.880000114440918,6.119999885559082,99067,2009,11,6,5,14554
6.179999828338623,6.599999904632568,6.239999771118164,6.360000133514404,199283,2009,11,9,1,14557
6.300000190734863,6.599999904632568,6.300000190734863,6.599999904632568,129650,2009,11,10,2,14558
6.300000190734863,6.71999979019165,6.71999979019165,6.300000190734863,140400,2009,11,11,3,14559
6.300000190734863,6.480000019073486,6.300000190734863,6.480000019073486,110300,2009,11,12,4,14560
6.059999942779541,6.539999961853027,6.420000076293945,6.179999828338623,168233,2009,11,13,5,14561
5.760000228881836,6.179999828338623,6.059999942779541,5.940000057220459,100283,2009,11,16,1,14564
5.820000171661377,6.0,6.0,5.820000171661377,58850,2009,11,17,2,14565
5.639999866485596,5.880000114440918,5.820000171661377,5.820000171661377,98000,2009,11,18,3,14566
5.699999809265137,5.880000114440918,5.699999809265137,5.760000228881836,115300,2009,11,19,4,14567
5.28000020980835,5.639999866485596,5.460000038146973,5.400000095367432,159900,2009,11,20,5,14568
3.9600000381469727,5.400000095367432,5.340000152587891,4.559999942779541,349117,2009,11,23,1,14571
4.679999828338623,4.800000190734863,4.739999771118164,4.739999771118164,79533,2009,11,24,2,14572
4.559999942779541,4.739999771118164,4.679999828338623,4.559999942779541,66283,2009,11,25,3,14573
4.260000228881836,4.739999771118164,4.440000057220459,4.559999942779541,59050,2009,11,27,5,14575
4.199999809265137,4.559999942779541,4.320000171661377,4.260000228881836,165983,2009,11,30,1,14578
4.199999809265137,4.679999828338623,4.199999809265137,4.440000057220459,98450,2009,12,1,2,14579
4.440000057220459,4.800000190734863,4.440000057220459,4.5,58050,2009,12,2,3,14580
4.5,4.739999771118164,4.5,4.679999828338623,49217,2009,12,3,4,14581
4.619999885559082,4.860000133514404,4.800000190734863,4.679999828338623,55533,2009,12,4,5,14582
4.380000114440918,4.739999771118164,4.739999771118164,4.440000057220459,60733,2009,12,7,1,14585
4.320000171661377,4.559999942779541,4.320000171661377,4.320000171661377,53533,2009,12,8,2,14586
4.199999809265137,4.5,4.5,4.260000228881836,50217,2009,12,9,3,14587
4.199999809265137,4.320000171661377,4.260000228881836,4.199999809265137,28483,2009,12,10,4,14588
4.199999809265137,4.679999828338623,4.199999809265137,4.679999828338623,123800,2009,12,11,5,14589
4.440000057220459,4.619999885559082,4.5,4.559999942779541,87683,2009,12,14,1,14592
4.320000171661377,4.5,4.5,4.380000114440918,77850,2009,12,15,2,14593
4.260000228881836,4.380000114440918,4.380000114440918,4.260000228881836,72800,2009,12,16,3,14594
4.019999980926514,4.260000228881836,4.260000228881836,4.079999923706055,118917,2009,12,17,4,14595
3.9600000381469727,4.260000228881836,4.079999923706055,3.9600000381469727,183650,2009,12,18,5,14596
3.9600000381469727,4.260000228881836,3.9600000381469727,4.139999866485596,106250,2009,12,21,1,14599
3.9600000381469727,4.199999809265137,4.139999866485596,4.019999980926514,51967,2009,12,22,2,14600
4.019999980926514,4.199999809265137,4.079999923706055,4.199999809265137,103783,2009,12,23,3,14601
4.079999923706055,4.320000171661377,4.320000171661377,4.260000228881836,38100,2009,12,24,4,14602
3.9600000381469727,4.260000228881836,4.139999866485596,3.9600000381469727,137133,2009,12,28,1,14606
3.9600000381469727,4.199999809265137,4.199999809265137,4.019999980926514,126950,2009,12,29,2,14607
3.9000000953674316,4.079999923706055,3.9600000381469727,4.079999923706055,136150,2009,12,30,3,14608
3.7799999713897705,3.9600000381469727,3.9000000953674316,3.8399999141693115,101167,2009,12,31,4,14609
3.7200000286102295,3.9600000381469727,3.8399999141693115,3.8399999141693115,95733,2010,1,4,1,14613
3.7200000286102295,3.8399999141693115,3.7799999713897705,3.7799999713897705,120500,2010,1,5,2,14614
3.6600000858306885,3.8399999141693115,3.6600000858306885,3.7200000286102295,97183,2010,1,6,3,14615
3.5999999046325684,3.7799999713897705,3.7200000286102295,3.5999999046325684,114967,2010,1,7,4,14616
3.5999999046325684,4.139999866485596,3.6600000858306885,4.079999923706055,200183,2010,1,8,5,14617
4.019999980926514,4.320000171661377,4.139999866485596,4.320000171661377,205117,2010,1,11,1,14620
4.260000228881836,4.860000133514404,4.440000057220459,4.679999828338623,460233,2010,1,12,2,14621
4.5,6.659999847412109,4.679999828338623,6.300000190734863,1525533,2010,1,13,3,14622
5.760000228881836,7.199999809265137,6.71999979019165,5.940000057220459,750100,2010,1,14,4,14623
4.920000076293945,5.940000057220459,5.760000228881836,5.699999809265137,289217,2010,1,15,5,14624
5.400000095367432,6.360000133514404,5.699999809265137,5.400000095367432,240400,2010,1,19,2,14628
4.800000190734863,5.699999809265137,5.400000095367432,5.039999961853027,274600,2010,1,20,3,14629
4.800000190734863,5.28000020980835,5.099999904632568,5.21999979019165,129783,2010,1,21,4,14630
4.860000133514404,5.159999847412109,4.920000076293945,4.860000133514404,100967,2010,1,22,5,14631
4.440000057220459,4.860000133514404,4.800000190734863,4.679999828338623,131583,2010,1,25,1,14634
4.440000057220459,4.800000190734863,4.440000057220459,4.5,75350,2010,1,26,2,14635
4.440000057220459,4.980000019073486,4.5,4.920000076293945,75550,2010,1,27,3,14636
4.559999942779541,5.400000095367432,4.920000076293945,4.920000076293945,196983,2010,1,28,4,14637
4.5,5.28000020980835,4.920000076293945,4.5,169200,2010,1,29,5,14638
4.5,5.039999961853027,4.5,4.920000076293945,82700,2010,2,1,1,14641
4.800000190734863,5.099999904632568,5.099999904632568,5.039999961853027,52817,2010,2,2,2,14642
4.739999771118164,5.099999904632568,5.099999904632568,4.739999771118164,48517,2010,2,3,3,14643
4.619999885559082,4.860000133514404,4.739999771118164,4.619999885559082,62150,2010,2,4,4,14644
4.380000114440918,4.619999885559082,4.5,4.380000114440918,66333,2010,2,5,5,14645
4.380000114440918,4.739999771118164,4.440000057220459,4.619999885559082,56083,2010,2,8,1,14648
4.440000057220459,4.860000133514404,4.860000133514404,4.440000057220459,39450,2010,2,9,2,14649
4.440000057220459,4.739999771118164,4.5,4.440000057220459,34700,2010,2,10,3,14650
4.380000114440918,4.679999828338623,4.440000057220459,4.440000057220459,37450,2010,2,11,4,14651
4.260000228881836,4.440000057220459,4.440000057220459,4.380000114440918,33550,2010,2,12,5,14652
4.260000228881836,4.440000057220459,4.440000057220459,4.440000057220459,36950,2010,2,16,2,14656
4.260000228881836,4.920000076293945,4.260000228881836,4.860000133514404,136617,2010,2,17,3,14657
4.440000057220459,4.860000133514404,4.739999771118164,4.5,148500,2010,2,18,4,14658
4.5,4.920000076293945,4.800000190734863,4.920000076293945,70367,2010,2,19,5,14659
4.800000190734863,5.099999904632568,4.800000190734863,4.860000133514404,116400,2010,2,22,1,14662
4.559999942779541,5.039999961853027,5.039999961853027,4.980000019073486,44317,2010,2,23,2,14663
4.679999828338623,4.980000019073486,4.980000019073486,4.739999771118164,29033,2010,2,24,3,14664
4.739999771118164,4.860000133514404,4.860000133514404,4.860000133514404,36517,2010,2,25,4,14665
4.619999885559082,4.860000133514404,4.860000133514404,4.619999885559082,17233,2010,2,26,5,14666
4.619999885559082,4.800000190734863,4.679999828338623,4.619999885559082,32533,2010,3,1,1,14669
4.5,4.860000133514404,4.5,4.619999885559082,57233,2010,3,2,2,14670
4.5,4.739999771118164,4.5,4.559999942779541,21667,2010,3,3,3,14671
4.5,4.679999828338623,4.619999885559082,4.559999942779541,35017,2010,3,4,4,14672
4.5,4.619999885559082,4.5,4.559999942779541,40600,2010,3,5,5,14673
4.5,4.619999885559082,4.559999942779541,4.5,96233,2010,3,8,1,14676
4.5,4.739999771118164,4.5,4.619999885559082,45783,2010,3,9,2,14677
4.559999942779541,4.860000133514404,4.559999942779541,4.619999885559082,50567,2010,3,10,3,14678
4.679999828338623,4.860000133514404,4.860000133514404,4.800000190734863,55850,2010,3,11,4,14679
4.619999885559082,4.800000190734863,4.739999771118164,4.619999885559082,31317,2010,3,12,5,14680
4.5,4.679999828338623,4.679999828338623,4.619999885559082,29150,2010,3,15,1,14683
4.5,4.679999828338623,4.619999885559082,4.619999885559082,41183,2010,3,16,2,14684
4.5,4.920000076293945,4.739999771118164,4.5,92017,2010,3,17,3,14685
4.559999942779541,4.800000190734863,4.619999885559082,4.800000190734863,26133,2010,3,18,4,14686
4.559999942779541,4.800000190734863,4.800000190734863,4.679999828338623,63100,2010,3,19,5,14687
4.5,4.679999828338623,4.679999828338623,4.5,42983,2010,3,22,1,14690
4.5,4.739999771118164,4.5,4.679999828338623,42133,2010,3,23,2,14691
4.5,4.679999828338623,4.619999885559082,4.559999942779541,24450,2010,3,24,3,14692
4.5,4.559999942779541,4.559999942779541,4.5,34067,2010,3,25,4,14693
4.380000114440918,4.559999942779541,4.5,4.380000114440918,78867,2010,3,26,5,14694
4.320000171661377,4.440000057220459,4.380000114440918,4.440000057220459,24533,2010,3,29,1,14697
4.199999809265137,4.440000057220459,4.440000057220459,4.199999809265137,82800,2010,3,30,2,14698
4.199999809265137,4.380000114440918,4.199999809265137,4.380000114440918,38033,2010,3,31,3,14699
4.199999809265137,4.380000114440918,4.260000228881836,4.199999809265137,50583,2010,4,1,4,14700
4.199999809265137,4.260000228881836,4.199999809265137,4.260000228881836,30183,2010,4,5,1,14704
4.199999809265137,4.380000114440918,4.199999809265137,4.380000114440918,57100,2010,4,6,2,14705
4.320000171661377,4.440000057220459,4.320000171661377,4.380000114440918,42633,2010,4,7,3,14706
4.260000228881836,4.5,4.5,4.380000114440918,25283,2010,4,8,4,14707
4.380000114440918,4.5,4.440000057220459,4.5,52550,2010,4,9,5,14708
4.559999942779541,5.699999809265137,4.619999885559082,5.699999809265137,794150,2010,4,12,1,14711
7.079999923706055,10.319999694824219,8.760000228881836,7.800000190734863,5121483,2010,4,13,2,14712
6.840000152587891,8.100000381469727,8.100000381469727,7.019999980926514,914917,2010,4,14,3,14713
6.239999771118164,7.5,6.900000095367432,7.380000114440918,790250,2010,4,15,4,14714
6.71999979019165,7.619999885559082,7.619999885559082,7.260000228881836,380467,2010,4,16,5,14715
6.659999847412109,7.199999809265137,7.199999809265137,6.840000152587891,508350,2010,4,19,1,14718
6.300000190734863,7.019999980926514,6.659999847412109,7.019999980926514,372067,2010,4,20,2,14719
6.840000152587891,7.739999771118164,6.840000152587891,7.079999923706055,634183,2010,4,21,3,14720
7.079999923706055,7.5,7.079999923706055,7.380000114440918,265700,2010,4,22,4,14721
7.139999866485596,7.5,7.5,7.380000114440918,203483,2010,4,23,5,14722
6.960000038146973,7.559999942779541,7.5,7.139999866485596,320467,2010,4,26,1,14725
6.71999979019165,7.260000228881836,7.260000228881836,6.960000038146973,224333,2010,4,27,2,14726
6.599999904632568,7.019999980926514,6.960000038146973,6.840000152587891,125667,2010,4,28,3,14727
6.420000076293945,7.980000019073486,6.78000020980835,7.380000114440918,1232800,2010,4,29,4,14728
6.78000020980835,7.380000114440918,7.380000114440918,6.960000038146973,337517,2010,4,30,5,14729
6.900000095367432,7.559999942779541,7.380000114440918,7.380000114440918,415650,2010,5,3,1,14732
6.78000020980835,7.199999809265137,7.139999866485596,6.78000020980835,254900,2010,5,4,2,14733
6.599999904632568,6.960000038146973,6.78000020980835,6.659999847412109,169917,2010,5,5,3,14734
5.579999923706055,6.659999847412109,6.599999904632568,5.760000228881836,448867,2010,5,6,4,14735
5.460000038146973,6.300000190734863,6.300000190734863,5.639999866485596,224517,2010,5,7,5,14736
5.880000114440918,6.78000020980835,6.300000190734863,6.599999904632568,314717,2010,5,10,1,14739
7.260000228881836,8.699999809265137,7.380000114440918,7.739999771118164,3246983,2010,5,11,2,14740
7.800000190734863,8.760000228881836,8.640000343322754,8.279999732971191,1742350,2010,5,12,3,14741
7.199999809265137,7.980000019073486,7.800000190734863,7.440000057220459,534867,2010,5,13,4,14742
6.960000038146973,7.679999828338623,7.320000171661377,7.380000114440918,428967,2010,5,14,5,14743
7.320000171661377,8.34000015258789,7.619999885559082,8.100000381469727,573617,2010,5,17,1,14746
7.860000133514404,8.880000114440918,8.460000038146973,8.279999732971191,932117,2010,5,18,2,14747
7.619999885559082,8.640000343322754,8.15999984741211,8.15999984741211,963967,2010,5,19,3,14748
6.420000076293945,7.559999942779541,7.380000114440918,6.480000019073486,1303583,2010,5,20,4,14749
5.940000057220459,6.840000152587891,6.0,6.059999942779541,563583,2010,5,21,5,14750
6.119999885559082,6.840000152587891,6.119999885559082,6.420000076293945,285733,2010,5,24,1,14753
6.0,6.420000076293945,6.059999942779541,6.179999828338623,340583,2010,5,25,2,14754
6.059999942779541,6.539999961853027,6.420000076293945,6.059999942779541,246683,2010,5,26,3,14755
6.059999942779541,6.360000133514404,6.300000190734863,6.239999771118164,140283,2010,5,27,4,14756
6.059999942779541,6.239999771118164,6.179999828338623,6.179999828338623,93117,2010,5,28,5,14757
5.760000228881836,6.179999828338623,6.179999828338623,5.940000057220459,166300,2010,6,1,2,14761
5.820000171661377,6.0,5.880000114440918,5.820000171661377,78517,2010,6,2,3,14762
5.820000171661377,6.179999828338623,6.179999828338623,6.059999942779541,133600,2010,6,3,4,14763
5.760000228881836,6.420000076293945,6.0,6.119999885559082,189150,2010,6,4,5,14764
5.460000038146973,6.360000133514404,6.119999885559082,5.460000038146973,243867,2010,6,7,1,14767
4.920000076293945,5.699999809265137,5.699999809265137,5.039999961853027,273717,2010,6,8,2,14768
4.800000190734863,5.340000152587891,5.099999904632568,4.800000190734863,157250,2010,6,9,3,14769
4.920000076293945,5.21999979019165,4.980000019073486,5.159999847412109,110933,2010,6,10,4,14770
4.920000076293945,5.699999809265137,5.039999961853027,5.699999809265137,205917,2010,6,11,5,14771
5.519999980926514,5.820000171661377,5.579999923706055,5.699999809265137,66350,2010,6,14,1,14774
5.519999980926514,5.880000114440918,5.519999980926514,5.880000114440918,60383,2010,6,15,2,14775
5.699999809265137,5.940000057220459,5.880000114440918,5.699999809265137,40017,2010,6,16,3,14776
5.460000038146973,5.820000171661377,5.699999809265137,5.820000171661377,46150,2010,6,17,4,14777
5.579999923706055,5.820000171661377,5.639999866485596,5.820000171661377,48567,2010,6,18,5,14778
5.639999866485596,5.880000114440918,5.880000114440918,5.699999809265137,57617,2010,6,21,1,14781
5.21999979019165,5.760000228881836,5.639999866485596,5.28000020980835,88783,2010,6,22,2,14782
5.099999904632568,5.579999923706055,5.21999979019165,5.099999904632568,66483,2010,6,23,3,14783
5.099999904632568,5.400000095367432,5.099999904632568,5.28000020980835,57017,2010,6,24,4,14784
5.099999904632568,5.639999866485596,5.099999904632568,5.400000095367432,81650,2010,6,25,5,14785
5.159999847412109,5.639999866485596,5.28000020980835,5.28000020980835,32533,2010,6,28,1,14788
5.039999961853027,5.28000020980835,5.099999904632568,5.039999961853027,48500,2010,6,29,2,14789
4.800000190734863,5.099999904632568,4.980000019073486,4.860000133514404,59400,2010,6,30,3,14790
4.5,4.800000190734863,4.800000190734863,4.619999885559082,135100,2010,7,1,4,14791
4.380000114440918,4.800000190734863,4.380000114440918,4.739999771118164,112250,2010,7,2,5,14792
4.5,4.920000076293945,4.679999828338623,4.5,79083,2010,7,6,2,14796
4.5,4.920000076293945,4.5,4.800000190734863,74867,2010,7,7,3,14797
4.619999885559082,4.860000133514404,4.619999885559082,4.679999828338623,58217,2010,7,8,4,14798
4.5,4.800000190734863,4.679999828338623,4.559999942779541,36450,2010,7,9,5,14799
4.380000114440918,4.739999771118164,4.380000114440918,4.559999942779541,54250,2010,7,12,1,14802
4.440000057220459,5.039999961853027,4.440000057220459,4.860000133514404,78283,2010,7,13,2,14803
4.739999771118164,5.099999904632568,4.920000076293945,4.920000076293945,61617,2010,7,14,3,14804
4.619999885559082,4.920000076293945,4.800000190734863,4.619999885559082,18250,2010,7,15,4,14805
4.5,4.800000190734863,4.619999885559082,4.679999828338623,58217,2010,7,16,5,14806
4.5,4.739999771118164,4.619999885559082,4.619999885559082,37283,2010,7,19,1,14809
4.5,4.920000076293945,4.619999885559082,4.739999771118164,46133,2010,7,20,2,14810
4.559999942779541,4.860000133514404,4.800000190734863,4.559999942779541,28117,2010,7,21,3,14811
4.5,4.800000190734863,4.5,4.679999828338623,44800,2010,7,22,4,14812
4.679999828338623,4.800000190734863,4.800000190734863,4.800000190734863,18533,2010,7,23,5,14813
4.679999828338623,4.860000133514404,4.739999771118164,4.739999771118164,36950,2010,7,26,1,14816
5.28000020980835,5.880000114440918,5.28000020980835,5.460000038146973,462133,2010,7,27,2,14817
5.400000095367432,5.699999809265137,5.639999866485596,5.519999980926514,144733,2010,7,28,3,14818
4.980000019073486,5.699999809265137,5.699999809265137,5.21999979019165,109267,2010,7,29,4,14819
4.980000019073486,5.579999923706055,5.579999923706055,5.099999904632568,55183,2010,7,30,5,14820
5.159999847412109,5.579999923706055,5.400000095367432,5.159999847412109,60100,2010,8,2,1,14823
4.980000019073486,5.460000038146973,5.460000038146973,5.039999961853027,40483,2010,8,3,2,14824
5.039999961853027,5.21999979019165,5.21999979019165,5.039999961853027,44917,2010,8,4,3,14825
4.800000190734863,5.039999961853027,4.920000076293945,4.860000133514404,48217,2010,8,5,4,14826
4.739999771118164,4.980000019073486,4.980000019073486,4.920000076293945,45700,2010,8,6,5,14827
4.800000190734863,4.980000019073486,4.920000076293945,4.800000190734863,35450,2010,8,9,1,14830
4.679999828338623,4.800000190734863,4.800000190734863,4.679999828338623,30167,2010,8,10,2,14831
4.559999942779541,5.039999961853027,5.039999961853027,4.559999942779541,73117,2010,8,11,3,14832
4.5,4.679999828338623,4.559999942779541,4.619999885559082,36883,2010,8,12,4,14833
4.440000057220459,4.559999942779541,4.440000057220459,4.5,32033,2010,8,13,5,14834
4.380000114440918,4.619999885559082,4.380000114440918,4.5,31483,2010,8,16,1,14837
4.5,4.619999885559082,4.5,4.5,34667,2010,8,17,2,14838
4.440000057220459,4.800000190734863,4.5,4.679999828338623,46917,2010,8,18,3,14839
4.5,4.739999771118164,4.5,4.5,35133,2010,8,19,4,14840
4.440000057220459,4.619999885559082,4.559999942779541,4.559999942779541,37400,2010,8,20,5,14841
4.559999942779541,4.679999828338623,4.619999885559082,4.559999942779541,47450,2010,8,23,1,14844
4.5,4.739999771118164,4.5,4.679999828338623,48967,2010,8,24,2,14845
4.440000057220459,5.639999866485596,4.440000057220459,5.099999904632568,424550,2010,8,25,3,14846
4.619999885559082,5.28000020980835,5.28000020980835,4.619999885559082,149133,2010,8,26,4,14847
4.619999885559082,4.920000076293945,4.739999771118164,4.679999828338623,35867,2010,8,27,5,14848
4.679999828338623,4.920000076293945,4.920000076293945,4.679999828338623,42283,2010,8,30,1,14851
4.619999885559082,4.739999771118164,4.679999828338623,4.619999885559082,35367,2010,8,31,2,14852
4.559999942779541,4.739999771118164,4.559999942779541,4.679999828338623,26750,2010,9,1,3,14853
4.5,4.860000133514404,4.739999771118164,4.559999942779541,87267,2010,9,2,4,14854
4.559999942779541,4.739999771118164,4.559999942779541,4.739999771118164,45300,2010,9,3,5,14855
4.679999828338623,4.800000190734863,4.739999771118164,4.800000190734863,29200,2010,9,7,2,14859
4.739999771118164,4.860000133514404,4.800000190734863,4.800000190734863,26200,2010,9,8,3,14860
4.739999771118164,5.039999961853027,4.739999771118164,4.920000076293945,59017,2010,9,9,4,14861
4.800000190734863,5.820000171661377,4.860000133514404,5.579999923706055,331500,2010,9,10,5,14862
5.159999847412109,5.820000171661377,5.699999809265137,5.579999923706055,228317,2010,9,13,1,14865
5.21999979019165,5.519999980926514,5.460000038146973,5.28000020980835,79433,2010,9,14,2,14866
5.21999979019165,5.519999980926514,5.28000020980835,5.400000095367432,58817,2010,9,15,3,14867
5.28000020980835,5.460000038146973,5.28000020980835,5.400000095367432,41367,2010,9,16,4,14868
5.340000152587891,5.579999923706055,5.519999980926514,5.340000152587891,64133,2010,9,17,5,14869
5.340000152587891,6.71999979019165,5.400000095367432,6.239999771118164,572683,2010,9,20,1,14872
5.760000228881836,6.480000019073486,6.420000076293945,5.880000114440918,262950,2010,9,21,2,14873
5.760000228881836,6.420000076293945,5.880000114440918,5.880000114440918,161067,2010,9,22,3,14874
5.940000057220459,6.420000076293945,6.0,5.940000057220459,151233,2010,9,23,4,14875
5.760000228881836,6.239999771118164,6.239999771118164,5.820000171661377,99783,2010,9,24,5,14876
5.699999809265137,6.0,5.760000228881836,6.0,99483,2010,9,27,1,14879
5.820000171661377,6.239999771118164,5.820000171661377,6.119999885559082,88217,2010,9,28,2,14880
5.940000057220459,6.179999828338623,6.0,6.0,47217,2010,9,29,3,14881
5.820000171661377,6.059999942779541,6.059999942779541,5.940000057220459,76333,2010,9,30,4,14882
5.820000171661377,5.940000057220459,5.820000171661377,5.820000171661377,45050,2010,10,1,5,14883
5.760000228881836,6.0,5.820000171661377,5.760000228881836,49733,2010,10,4,1,14886
5.760000228881836,5.880000114440918,5.760000228881836,5.760000228881836,34067,2010,10,5,2,14887
5.760000228881836,6.179999828338623,5.760000228881836,6.059999942779541,100333,2010,10,6,3,14888
6.059999942779541,6.480000019073486,6.059999942779541,6.480000019073486,245517,2010,10,7,4,14889
6.239999771118164,6.599999904632568,6.539999961853027,6.360000133514404,141167,2010,10,8,5,14890
5.760000228881836,6.300000190734863,6.239999771118164,5.940000057220459,103600,2010,10,11,1,14893
5.760000228881836,6.239999771118164,5.940000057220459,6.059999942779541,81717,2010,10,12,2,14894
5.940000057220459,6.300000190734863,6.059999942779541,6.300000190734863,83500,2010,10,13,3,14895
6.059999942779541,6.300000190734863,6.300000190734863,6.119999885559082,48567,2010,10,14,4,14896
5.940000057220459,6.300000190734863,6.119999885559082,6.300000190734863,81283,2010,10,15,5,14897
6.0,6.300000190734863,6.300000190734863,6.059999942779541,69117,2010,10,18,1,14900
5.880000114440918,6.179999828338623,6.059999942779541,5.940000057220459,70517,2010,10,19,2,14901
5.820000171661377,6.0,5.940000057220459,5.880000114440918,43650,2010,10,20,3,14902
5.760000228881836,6.0,5.820000171661377,5.760000228881836,47683,2010,10,21,4,14903
5.699999809265137,5.880000114440918,5.820000171661377,5.760000228881836,42783,2010,10,22,5,14904
5.880000114440918,6.179999828338623,5.940000057220459,5.880000114440918,120317,2010,10,25,1,14907
5.820000171661377,6.0,5.880000114440918,5.880000114440918,43583,2010,10,26,2,14908
5.760000228881836,5.940000057220459,5.880000114440918,5.760000228881836,28900,2010,10,27,3,14909
5.400000095367432,6.0,6.0,5.460000038146973,81633,2010,10,28,4,14910
5.340000152587891,5.760000228881836,5.460000038146973,5.400000095367432,81583,2010,10,29,5,14911
5.28000020980835,5.639999866485596,5.460000038146973,5.340000152587891,40683,2010,11,1,1,14914
5.28000020980835,5.639999866485596,5.340000152587891,5.639999866485596,38300,2010,11,2,2,14915
5.400000095367432,5.699999809265137,5.639999866485596,5.460000038146973,42467,2010,11,3,3,14916
5.519999980926514,5.639999866485596,5.579999923706055,5.639999866485596,58100,2010,11,4,4,14917
5.639999866485596,6.059999942779541,5.639999866485596,6.0,65433,2010,11,5,5,14918
5.760000228881836,6.0,5.940000057220459,5.820000171661377,43733,2010,11,8,1,14921
5.340000152587891,5.940000057220459,5.760000228881836,5.400000095367432,93150,2010,11,9,2,14922
5.400000095367432,5.699999809265137,5.519999980926514,5.519999980926514,32317,2010,11,10,3,14923
5.460000038146973,5.699999809265137,5.519999980926514,5.579999923706055,27133,2010,11,11,4,14924
5.400000095367432,5.639999866485596,5.639999866485596,5.460000038146973,31800,2010,11,12,5,14925
5.340000152587891,5.639999866485596,5.579999923706055,5.519999980926514,34500,2010,11,15,1,14928
5.340000152587891,5.639999866485596,5.400000095367432,5.400000095367432,42400,2010,11,16,2,14929
5.340000152587891,5.639999866485596,5.340000152587891,5.460000038146973,20400,2010,11,17,3,14930
5.460000038146973,5.579999923706055,5.579999923706055,5.460000038146973,42733,2010,11,18,4,14931
5.400000095367432,5.519999980926514,5.460000038146973,5.519999980926514,27100,2010,11,19,5,14932
5.460000038146973,5.639999866485596,5.579999923706055,5.519999980926514,28117,2010,11,22,1,14935
5.340000152587891,5.519999980926514,5.460000038146973,5.400000095367432,29633,2010,11,23,2,14936
5.28000020980835,5.699999809265137,5.699999809265137,5.400000095367432,54400,2010,11,24,3,14937
5.28000020980835,5.400000095367432,5.400000095367432,5.400000095367432,5817,2010,11,26,5,14939
5.28000020980835,5.519999980926514,5.28000020980835,5.460000038146973,22567,2010,11,29,1,14942
5.340000152587891,5.519999980926514,5.460000038146973,5.340000152587891,29117,2010,11,30,2,14943
5.28000020980835,5.579999923706055,5.340000152587891,5.579999923706055,42633,2010,12,1,3,14944
5.400000095367432,5.639999866485596,5.519999980926514,5.400000095367432,33100,2010,12,2,4,14945
5.21999979019165,5.460000038146973,5.400000095367432,5.340000152587891,42967,2010,12,3,5,14946
5.340000152587891,5.579999923706055,5.400000095367432,5.579999923706055,39100,2010,12,6,1,14949
5.340000152587891,5.639999866485596,5.639999866485596,5.460000038146973,49417,2010,12,7,2,14950
5.340000152587891,5.460000038146973,5.460000038146973,5.340000152587891,24417,2010,12,8,3,14951
5.340000152587891,5.519999980926514,5.340000152587891,5.340000152587891,44567,2010,12,9,4,14952
5.340000152587891,5.519999980926514,5.340000152587891,5.460000038146973,30850,2010,12,10,5,14953
5.340000152587891,5.519999980926514,5.460000038146973,5.340000152587891,43283,2010,12,13,1,14956
5.400000095367432,5.519999980926514,5.400000095367432,5.519999980926514,42633,2010,12,14,2,14957
5.460000038146973,5.519999980926514,5.460000038146973,5.460000038146973,30100,2010,12,15,3,14958
5.460000038146973,5.519999980926514,5.460000038146973,5.519999980926514,18483,2010,12,16,4,14959
5.400000095367432,5.519999980926514,5.460000038146973,5.400000095367432,34000,2010,12,17,5,14960
5.400000095367432,5.519999980926514,5.400000095367432,5.400000095367432,42867,2010,12,20,1,14963
5.400000095367432,6.179999828338623,5.460000038146973,6.179999828338623,615050,2010,12,21,2,14964
5.820000171661377,6.539999961853027,6.179999828338623,6.119999885559082,355017,2010,12,22,3,14965
5.639999866485596,6.119999885559082,6.119999885559082,5.940000057220459,127683,2010,12,23,4,14966
5.760000228881836,6.360000133514404,5.880000114440918,6.059999942779541,160717,2010,12,27,1,14970
6.0,6.71999979019165,6.239999771118164,6.360000133514404,471600,2010,12,28,2,14971
6.179999828338623,6.420000076293945,6.360000133514404,6.179999828338623,120333,2010,12,29,3,14972
6.059999942779541,6.420000076293945,6.179999828338623,6.059999942779541,116950,2010,12,30,4,14973
6.0,6.239999771118164,6.119999885559082,6.059999942779541,78083,2010,12,31,5,14974
6.0,6.360000133514404,6.059999942779541,6.360000133514404,97533,2011,1,3,1,14977
6.059999942779541,6.360000133514404,6.360000133514404,6.300000190734863,92667,2011,1,4,2,14978
6.119999885559082,6.960000038146973,6.300000190734863,6.659999847412109,751883,2011,1,5,3,14979
6.360000133514404,6.840000152587891,6.840000152587891,6.360000133514404,142917,2011,1,6,4,14980
6.059999942779541,6.420000076293945,6.360000133514404,6.119999885559082,135600,2011,1,7,5,14981
5.820000171661377,6.239999771118164,6.059999942779541,6.0,159333,2011,1,10,1,14984
5.940000057220459,6.179999828338623,6.0,6.179999828338623,103767,2011,1,11,2,14985
6.059999942779541,6.179999828338623,6.179999828338623,6.179999828338623,78917,2011,1,12,3,14986
5.940000057220459,6.239999771118164,6.119999885559082,6.239999771118164,99333,2011,1,13,4,14987
6.059999942779541,6.239999771118164,6.059999942779541,6.119999885559082,78800,2011,1,14,5,14988
6.0,6.179999828338623,6.179999828338623,6.059999942779541,52950,2011,1,18,2,14992
5.760000228881836,6.119999885559082,6.059999942779541,5.760000228881836,105300,2011,1,19,3,14993
5.639999866485596,5.760000228881836,5.699999809265137,5.639999866485596,69650,2011,1,20,4,14994
5.579999923706055,5.699999809265137,5.639999866485596,5.639999866485596,34800,2011,1,21,5,14995
5.579999923706055,5.940000057220459,5.760000228881836,5.699999809265137,56117,2011,1,24,1,14998
5.579999923706055,5.880000114440918,5.880000114440918,5.699999809265137,29717,2011,1,25,2,14999
5.699999809265137,5.880000114440918,5.699999809265137,5.699999809265137,45800,2011,1,26,3,15000
5.639999866485596,5.880000114440918,5.699999809265137,5.699999809265137,25500,2011,1,27,4,15001
5.519999980926514,5.820000171661377,5.699999809265137,5.519999980926514,57150,2011,1,28,5,15002
5.519999980926514,5.639999866485596,5.519999980926514,5.519999980926514,29967,2011,1,31,1,15005
5.159999847412109,5.639999866485596,5.579999923706055,5.579999923706055,22067,2011,2,1,2,15006
5.579999923706055,5.639999866485596,5.579999923706055,5.579999923706055,15867,2011,2,2,3,15007
5.460000038146973,5.639999866485596,5.579999923706055,5.519999980926514,34017,2011,2,3,4,15008
5.460000038146973,5.699999809265137,5.460000038146973,5.699999809265137,30867,2011,2,4,5,15009
5.519999980926514,5.699999809265137,5.699999809265137,5.639999866485596,29217,2011,2,7,1,15012
5.519999980926514,5.639999866485596,5.639999866485596,5.639999866485596,22117,2011,2,8,2,15013
5.519999980926514,5.639999866485596,5.579999923706055,5.639999866485596,17933,2011,2,9,3,15014
5.519999980926514,5.639999866485596,5.639999866485596,5.579999923706055,13533,2011,2,10,4,15015
5.519999980926514,5.639999866485596,5.519999980926514,5.579999923706055,21950,2011,2,11,5,15016
5.519999980926514,5.820000171661377,5.579999923706055,5.519999980926514,77750,2011,2,14,1,15019
5.579999923706055,5.760000228881836,5.639999866485596,5.579999923706055,29983,2011,2,15,2,15020
5.460000038146973,5.699999809265137,5.639999866485596,5.579999923706055,63683,2011,2,16,3,15021
5.400000095367432,5.639999866485596,5.579999923706055,5.639999866485596,30183,2011,2,17,4,15022
5.460000038146973,6.0,5.579999923706055,5.699999809265137,131917,2011,2,18,5,15023
5.519999980926514,6.0,5.579999923706055,5.880000114440918,90000,2011,2,22,2,15027
5.519999980926514,5.880000114440918,5.880000114440918,5.579999923706055,48433,2011,2,23,3,15028
5.579999923706055,5.699999809265137,5.579999923706055,5.579999923706055,19883,2011,2,24,4,15029
5.460000038146973,5.699999809265137,5.639999866485596,5.579999923706055,25383,2011,2,25,5,15030
5.460000038146973,5.699999809265137,5.519999980926514,5.460000038146973,34933,2011,2,28,1,15033
5.519999980926514,5.699999809265137,5.519999980926514,5.579999923706055,34833,2011,3,1,2,15034
5.579999923706055,5.639999866485596,5.579999923706055,5.579999923706055,28517,2011,3,2,3,15035
5.519999980926514,5.699999809265137,5.579999923706055,5.699999809265137,32333,2011,3,3,4,15036
5.519999980926514,5.699999809265137,5.639999866485596,5.639999866485596,75800,2011,3,4,5,15037
5.519999980926514,5.639999866485596,5.639999866485596,5.639999866485596,36917,2011,3,7,1,15040
5.639999866485596,5.940000057220459,5.639999866485596,5.760000228881836,67550,2011,3,8,2,15041
5.699999809265137,6.119999885559082,5.699999809265137,5.880000114440918,160567,2011,3,9,3,15042
5.639999866485596,5.940000057220459,5.880000114440918,5.699999809265137,35367,2011,3,10,4,15043
5.760000228881836,5.940000057220459,5.760000228881836,5.820000171661377,32117,2011,3,11,5,15044
5.519999980926514,5.699999809265137,5.699999809265137,5.579999923706055,53750,2011,3,14,1,15047
5.340000152587891,5.519999980926514,5.519999980926514,5.519999980926514,54017,2011,3,15,2,15048
5.340000152587891,5.519999980926514,5.460000038146973,5.340000152587891,44017,2011,3,16,3,15049
5.28000020980835,5.400000095367432,5.340000152587891,5.28000020980835,66750,2011,3,17,4,15050
5.460000038146973,5.820000171661377,5.820000171661377,5.639999866485596,84983,2011,3,18,5,15051
5.519999980926514,5.639999866485596,5.639999866485596,5.519999980926514,17300,2011,3,21,1,15054
5.519999980926514,5.699999809265137,5.519999980926514,5.639999866485596,31233,2011,3,22,2,15055
5.460000038146973,5.699999809265137,5.519999980926514,5.579999923706055,28433,2011,3,23,3,15056
5.460000038146973,5.579999923706055,5.519999980926514,5.460000038146973,44600,2011,3,24,4,15057
5.400000095367432,5.639999866485596,5.460000038146973,5.460000038146973,37750,2011,3,25,5,15058
5.400000095367432,5.699999809265137,5.460000038146973,5.460000038146973,88667,2011,3,28,1,15061
5.400000095367432,5.579999923706055,5.460000038146973,5.579999923706055,33650,2011,3,29,2,15062
5.460000038146973,5.579999923706055,5.519999980926514,5.460000038146973,26967,2011,3,30,3,15063
5.28000020980835,5.519999980926514,5.400000095367432,5.460000038146973,26383,2011,3,31,4,15064
5.400000095367432,5.519999980926514,5.460000038146973,5.400000095367432,24850,2011,4,1,5,15065
5.400000095367432,5.579999923706055,5.400000095367432,5.579999923706055,35600,2011,4,4,1,15068
5.460000038146973,5.579999923706055,5.579999923706055,5.519999980926514,29467,2011,4,5,2,15069
5.340000152587891,5.579999923706055,5.579999923706055,5.400000095367432,92817,2011,4,6,3,15070
5.460000038146973,5.880000114440918,5.460000038146973,5.699999809265137,138817,2011,4,7,4,15071
5.519999980926514,5.760000228881836,5.639999866485596,5.639999866485596,29467,2011,4,8,5,15072
5.579999923706055,5.820000171661377,5.579999923706055,5.760000228881836,51583,2011,4,11,1,15075
5.460000038146973,5.760000228881836,5.760000228881836,5.579999923706055,63283,2011,4,12,2,15076
5.460000038146973,5.639999866485596,5.519999980926514,5.519999980926514,22417,2011,4,13,3,15077
5.460000038146973,5.639999866485596,5.519999980926514,5.519999980926514,10533,2011,4,14,4,15078
5.400000095367432,5.579999923706055,5.460000038146973,5.519999980926514,37283,2011,4,15,5,15079
5.28000020980835,5.519999980926514,5.460000038146973,5.340000152587891,73483,2011,4,18,1,15082
5.340000152587891,5.519999980926514,5.340000152587891,5.460000038146973,29233,2011,4,19,2,15083
5.460000038146973,5.820000171661377,5.460000038146973,5.579999923706055,102283,2011,4,20,3,15084
5.519999980926514,5.639999866485596,5.639999866485596,5.639999866485596,35550,2011,4,21,4,15085
5.460000038146973,5.760000228881836,5.699999809265137,5.579999923706055,22350,2011,4,25,1,15089
5.460000038146973,5.639999866485596,5.519999980926514,5.519999980926514,25717,2011,4,26,2,15090
5.519999980926514,5.940000057220459,5.519999980926514,5.760000228881836,206417,2011,4,27,3,15091
5.519999980926514,5.820000171661377,5.699999809265137,5.639999866485596,39000,2011,4,28,4,15092
5.519999980926514,5.820000171661377,5.579999923706055,5.699999809265137,63500,2011,4,29,5,15093
5.579999923706055,5.760000228881836,5.579999923706055,5.699999809265137,68617,2011,5,2,1,15096
5.639999866485596,5.940000057220459,5.639999866485596,5.639999866485596,166667,2011,5,3,2,15097
5.21999979019165,5.760000228881836,5.639999866485596,5.519999980926514,120167,2011,5,4,3,15098
5.340000152587891,5.519999980926514,5.400000095367432,5.340000152587891,44433,2011,5,5,4,15099
5.340000152587891,5.639999866485596,5.519999980926514,5.460000038146973,46333,2011,5,6,5,15100
5.460000038146973,5.940000057220459,5.460000038146973,5.639999866485596,209267,2011,5,9,1,15103
5.519999980926514,5.820000171661377,5.579999923706055,5.820000171661377,154833,2011,5,10,2,15104
5.699999809265137,5.820000171661377,5.820000171661377,5.699999809265137,34850,2011,5,11,3,15105
5.639999866485596,5.760000228881836,5.699999809265137,5.639999866485596,28900,2011,5,12,4,15106
5.579999923706055,5.880000114440918,5.760000228881836,5.579999923706055,73067,2011,5,13,5,15107
5.579999923706055,5.820000171661377,5.579999923706055,5.639999866485596,93467,2011,5,16,1,15110
5.519999980926514,5.699999809265137,5.699999809265137,5.639999866485596,62950,2011,5,17,2,15111
5.579999923706055,5.760000228881836,5.639999866485596,5.639999866485596,51050,2011,5,18,3,15112
5.699999809265137,6.239999771118164,5.940000057220459,5.880000114440918,791900,2011,5,19,4,15113
5.519999980926514,6.0,5.940000057220459,5.699999809265137,184833,2011,5,20,5,15114
5.579999923706055,5.820000171661377,5.699999809265137,5.639999866485596,39233,2011,5,23,1,15117
5.460000038146973,5.699999809265137,5.639999866485596,5.519999980926514,116567,2011,5,24,2,15118
5.519999980926514,5.639999866485596,5.579999923706055,5.519999980926514,54233,2011,5,25,3,15119
5.519999980926514,5.639999866485596,5.579999923706055,5.519999980926514,49833,2011,5,26,4,15120
5.519999980926514,5.639999866485596,5.579999923706055,5.579999923706055,37700,2011,5,27,5,15121
5.460000038146973,5.639999866485596,5.639999866485596,5.519999980926514,75700,2011,5,31,2,15125
5.519999980926514,5.820000171661377,5.579999923706055,5.639999866485596,142800,2011,6,1,3,15126
5.579999923706055,5.820000171661377,5.699999809265137,5.820000171661377,72650,2011,6,2,4,15127
5.639999866485596,6.71999979019165,5.760000228881836,6.059999942779541,1396067,2011,6,3,5,15128
5.340000152587891,6.239999771118164,6.239999771118164,5.400000095367432,579833,2011,6,6,1,15131
5.159999847412109,5.579999923706055,5.519999980926514,5.159999847412109,259200,2011,6,7,2,15132
4.980000019073486,5.340000152587891,5.28000020980835,5.039999961853027,174550,2011,6,8,3,15133
4.860000133514404,5.159999847412109,5.159999847412109,4.920000076293945,108367,2011,6,9,4,15134
4.800000190734863,5.039999961853027,4.920000076293945,4.860000133514404,67933,2011,6,10,5,15135
4.619999885559082,5.099999904632568,4.860000133514404,4.739999771118164,106950,2011,6,13,1,15138
4.800000190734863,5.039999961853027,4.920000076293945,5.039999961853027,63917,2011,6,14,2,15139
4.739999771118164,5.159999847412109,5.039999961853027,4.920000076293945,82050,2011,6,15,3,15140
4.739999771118164,4.920000076293945,4.920000076293945,4.860000133514404,31967,2011,6,16,4,15141
4.679999828338623,4.920000076293945,4.920000076293945,4.679999828338623,38967,2011,6,17,5,15142
4.739999771118164,4.800000190734863,4.739999771118164,4.739999771118164,27267,2011,6,20,1,15145
4.739999771118164,4.920000076293945,4.739999771118164,4.920000076293945,30250,2011,6,21,2,15146
4.739999771118164,4.920000076293945,4.920000076293945,4.800000190734863,27433,2011,6,22,3,15147
4.679999828338623,4.920000076293945,4.860000133514404,4.800000190734863,48383,2011,6,23,4,15148
4.619999885559082,4.920000076293945,4.800000190734863,4.619999885559082,59350,2011,6,24,5,15149
4.619999885559082,4.800000190734863,4.739999771118164,4.800000190734863,51600,2011,6,27,1,15152
4.679999828338623,4.800000190734863,4.739999771118164,4.800000190734863,31800,2011,6,28,2,15153
4.679999828338623,4.920000076293945,4.860000133514404,4.739999771118164,29917,2011,6,29,3,15154
4.619999885559082,4.739999771118164,4.739999771118164,4.679999828338623,45333,2011,6,30,4,15155
4.679999828338623,4.860000133514404,4.679999828338623,4.860000133514404,29900,2011,7,1,5,15156
4.800000190734863,5.099999904632568,4.800000190734863,4.980000019073486,47733,2011,7,5,2,15160
4.860000133514404,5.099999904632568,5.039999961853027,4.920000076293945,17250,2011,7,6,3,15161
4.800000190734863,5.099999904632568,4.920000076293945,4.920000076293945,27067,2011,7,7,4,15162
4.800000190734863,5.039999961853027,4.920000076293945,4.920000076293945,12767,2011,7,8,5,15163
4.739999771118164,4.920000076293945,4.860000133514404,4.800000190734863,43167,2011,7,11,1,15166
4.559999942779541,4.800000190734863,4.800000190734863,4.619999885559082,61267,2011,7,12,2,15167
4.619999885559082,4.800000190734863,4.739999771118164,4.679999828338623,17267,2011,7,13,3,15168
4.559999942779541,4.800000190734863,4.679999828338623,4.619999885559082,32150,2011,7,14,4,15169
4.559999942779541,4.679999828338623,4.559999942779541,4.619999885559082,13200,2011,7,15,5,15170
4.5,4.679999828338623,4.5,4.679999828338623,29450,2011,7,18,1,15173
4.5,4.800000190734863,4.619999885559082,4.679999828338623,28017,2011,7,19,2,15174
4.559999942779541,4.739999771118164,4.679999828338623,4.619999885559082,13133,2011,7,20,3,15175
4.5,4.800000190734863,4.559999942779541,4.739999771118164,25133,2011,7,21,4,15176
4.619999885559082,4.920000076293945,4.800000190734863,4.860000133514404,24517,2011,7,22,5,15177
4.679999828338623,4.800000190734863,4.739999771118164,4.739999771118164,29400,2011,7,25,1,15180
4.619999885559082,4.800000190734863,4.739999771118164,4.739999771118164,23833,2011,7,26,2,15181
4.559999942779541,4.800000190734863,4.619999885559082,4.619999885559082,32033,2011,7,27,3,15182
4.559999942779541,4.800000190734863,4.619999885559082,4.679999828338623,18117,2011,7,28,4,15183
4.5,4.920000076293945,4.619999885559082,4.619999885559082,63750,2011,7,29,5,15184
4.559999942779541,4.980000019073486,4.980000019073486,4.679999828338623,21700,2011,8,1,1,15187
4.559999942779541,4.860000133514404,4.679999828338623,4.619999885559082,45200,2011,8,2,2,15188
4.260000228881836,4.619999885559082,4.619999885559082,4.320000171661377,86450,2011,8,3,3,15189
3.8399999141693115,4.260000228881836,4.199999809265137,3.9000000953674316,102717,2011,8,4,4,15190
3.299999952316284,3.9600000381469727,3.9000000953674316,3.5399999618530273,93300,2011,8,5,5,15191
3.180000066757202,3.5999999046325684,3.5399999618530273,3.299999952316284,122233,2011,8,8,1,15194
3.299999952316284,3.5399999618530273,3.359999895095825,3.4200000762939453,50550,2011,8,9,2,15195
2.880000114440918,3.5999999046325684,3.4800000190734863,3.0,149717,2011,8,10,3,15196
3.0,3.5999999046325684,3.0,3.359999895095825,97500,2011,8,11,4,15197
3.180000066757202,3.4800000190734863,3.359999895095825,3.240000009536743,50417,2011,8,12,5,15198
3.299999952316284,3.5399999618530273,3.299999952316284,3.359999895095825,60400,2011,8,15,1,15201
3.059999942779541,3.4200000762939453,3.299999952316284,3.299999952316284,57883,2011,8,16,2,15202
3.299999952316284,3.5399999618530273,3.4800000190734863,3.4200000762939453,51483,2011,8,17,3,15203
3.119999885559082,3.4200000762939453,3.359999895095825,3.180000066757202,72167,2011,8,18,4,15204
3.0,3.4200000762939453,3.180000066757202,3.0,38883,2011,8,19,5,15205
3.059999942779541,3.299999952316284,3.059999942779541,3.119999885559082,86483,2011,8,22,1,15208
2.940000057220459,3.180000066757202,3.059999942779541,3.059999942779541,166500,2011,8,23,2,15209
3.0,3.180000066757202,3.180000066757202,3.059999942779541,22817,2011,8,24,3,15210
3.0,3.119999885559082,3.059999942779541,3.059999942779541,28583,2011,8,25,4,15211
2.759999990463257,3.119999885559082,3.119999885559082,3.059999942779541,73083,2011,8,26,5,15212
3.0,3.180000066757202,3.180000066757202,3.059999942779541,47500,2011,8,29,1,15215
3.0,3.180000066757202,3.0,3.180000066757202,49833,2011,8,30,2,15216
3.0,3.180000066757202,3.180000066757202,3.119999885559082,108500,2011,8,31,3,15217
3.0,3.180000066757202,3.119999885559082,3.119999885559082,72550,2011,9,1,4,15218
2.880000114440918,3.299999952316284,3.059999942779541,2.940000057220459,352533,2011,9,2,5,15219
2.880000114440918,3.240000009536743,3.240000009536743,2.940000057220459,37883,2011,9,6,2,15223
2.819999933242798,3.180000066757202,3.180000066757202,3.119999885559082,82217,2011,9,7,3,15224
3.059999942779541,3.180000066757202,3.180000066757202,3.119999885559082,8300,2011,9,8,4,15225
3.0,3.180000066757202,3.119999885559082,3.180000066757202,30383,2011,9,9,5,15226
2.940000057220459,3.5399999618530273,2.940000057220459,3.299999952316284,103750,2011,9,12,1,15229
3.119999885559082,3.5399999618530273,3.4200000762939453,3.359999895095825,45200,2011,9,13,2,15230
3.299999952316284,3.4200000762939453,3.4200000762939453,3.359999895095825,30867,2011,9,14,3,15231
3.299999952316284,3.4800000190734863,3.299999952316284,3.299999952316284,13717,2011,9,15,4,15232
3.240000009536743,3.5999999046325684,3.240000009536743,3.299999952316284,54183,2011,9,16,5,15233
3.299999952316284,4.019999980926514,3.299999952316284,3.7200000286102295,104900,2011,9,19,1,15236
3.7799999713897705,4.139999866485596,3.9000000953674316,3.9600000381469727,85600,2011,9,20,2,15237
3.4800000190734863,4.079999923706055,4.079999923706055,3.4800000190734863,47250,2011,9,21,3,15238
3.240000009536743,3.5999999046325684,3.359999895095825,3.4200000762939453,46683,2011,9,22,4,15239
3.240000009536743,3.4800000190734863,3.4200000762939453,3.359999895095825,21200,2011,9,23,5,15240
3.5999999046325684,4.079999923706055,3.6600000858306885,3.6600000858306885,64567,2011,9,26,1,15243
3.5999999046325684,3.9000000953674316,3.6600000858306885,3.5999999046325684,35700,2011,9,27,2,15244
3.359999895095825,3.8399999141693115,3.8399999141693115,3.4200000762939453,22083,2011,9,28,3,15245
3.180000066757202,3.5999999046325684,3.359999895095825,3.359999895095825,17783,2011,9,29,4,15246
2.759999990463257,3.5999999046325684,3.299999952316284,2.819999933242798,176483,2011,9,30,5,15247
2.200000047683716,2.930000066757202,2.819999933242798,2.640000104904175,45200,2011,10,3,1,15250
2.5,2.640000104904175,2.5799999237060547,2.619999885559082,28600,2011,10,4,2,15251
2.7799999713897705,3.0999999046325684,3.0199999809265137,2.9700000286102295,67300,2011,10,5,3,15252
2.7799999713897705,3.0999999046325684,3.0899999141693115,2.9600000381469727,20000,2011,10,6,4,15253
2.619999885559082,3.049999952316284,2.619999885559082,2.9800000190734863,82000,2011,10,7,5,15254
2.9100000858306885,3.1500000953674316,3.059999942779541,3.0,18700,2011,10,10,1,15257
2.7799999713897705,2.930000066757202,2.8499999046325684,2.930000066757202,33400,2011,10,11,2,15258
2.609999895095825,2.9000000953674316,2.609999895095825,2.8499999046325684,66400,2011,10,12,3,15259
2.700000047683716,2.880000114440918,2.799999952316284,2.859999895095825,28700,2011,10,13,4,15260
2.7300000190734863,2.880000114440918,2.880000114440918,2.819999933242798,28400,2011,10,14,5,15261
2.680000066757202,2.8499999046325684,2.759999990463257,2.7200000286102295,25700,2011,10,17,1,15264
2.6500000953674316,4.429999828338623,2.690000057220459,3.299999952316284,1098800,2011,10,18,2,15265
2.950000047683716,3.3499999046325684,3.259999990463257,2.950000047683716,365900,2011,10,19,3,15266
2.819999933242798,2.9800000190734863,2.950000047683716,2.9800000190734863,77700,2011,10,20,4,15267
2.8499999046325684,3.0199999809265137,2.990000009536743,2.9100000858306885,135700,2011,10,21,5,15268
2.819999933242798,2.990000009536743,2.990000009536743,2.890000104904175,69900,2011,10,24,1,15271
2.759999990463257,2.890000104904175,2.880000114440918,2.819999933242798,64200,2011,10,25,2,15272
2.700000047683716,2.880000114440918,2.880000114440918,2.700000047683716,106100,2011,10,26,3,15273
2.6600000858306885,2.819999933242798,2.799999952316284,2.7799999713897705,152800,2011,10,27,4,15274
2.7100000381469727,2.809999942779541,2.7200000286102295,2.799999952316284,107600,2011,10,28,5,15275
2.7200000286102295,2.8299999237060547,2.7300000190734863,2.740000009536743,19400,2011,10,31,1,15278
2.6500000953674316,2.759999990463257,2.7100000381469727,2.759999990463257,72400,2011,11,1,2,15279
2.630000114440918,2.799999952316284,2.7799999713897705,2.7100000381469727,44700,2011,11,2,3,15280
2.5999999046325684,2.7699999809265137,2.7699999809265137,2.700000047683716,41800,2011,11,3,4,15281
2.640000104904175,2.75,2.700000047683716,2.640000104904175,21600,2011,11,4,5,15282
2.5199999809265137,2.6500000953674316,2.6500000953674316,2.5999999046325684,106300,2011,11,7,1,15285
2.5299999713897705,2.619999885559082,2.5999999046325684,2.5899999141693115,35200,2011,11,8,2,15286
2.490000009536743,2.559999942779541,2.549999952316284,2.5199999809265137,83800,2011,11,9,3,15287
2.450000047683716,2.569999933242798,2.4800000190734863,2.5399999618530273,46500,2011,11,10,4,15288
2.4800000190734863,2.5399999618530273,2.5399999618530273,2.490000009536743,40800,2011,11,11,5,15289
2.4200000762939453,2.609999895095825,2.5,2.549999952316284,36700,2011,11,14,1,15292
2.4800000190734863,2.700000047683716,2.5,2.700000047683716,42300,2011,11,15,2,15293
2.619999885559082,2.7200000286102295,2.6700000762939453,2.6600000858306885,47300,2011,11,16,3,15294
2.609999895095825,2.680000066757202,2.6600000858306885,2.640000104904175,24000,2011,11,17,4,15295
2.569999933242798,2.690000057220459,2.690000057220459,2.5899999141693115,29100,2011,11,18,5,15296
2.4600000381469727,2.5899999141693115,2.5299999713897705,2.569999933242798,125400,2011,11,21,1,15299
2.5399999618530273,2.619999885559082,2.5999999046325684,2.569999933242798,30900,2011,11,22,2,15300
2.5199999809265137,2.630000114440918,2.630000114440918,2.559999942779541,16800,2011,11,23,3,15301
2.430000066757202,2.5299999713897705,2.5299999713897705,2.4600000381469727,29100,2011,11,25,5,15303
2.3499999046325684,2.5,2.5,2.4000000953674316,85400,2011,11,28,1,15306
2.3499999046325684,2.390000104904175,2.369999885559082,2.359999895095825,27000,2011,11,29,2,15307
2.359999895095825,2.4700000286102295,2.359999895095825,2.4200000762939453,79800,2011,11,30,3,15308
2.4000000953674316,2.5299999713897705,2.440000057220459,2.4800000190734863,75800,2011,12,1,4,15309
2.4000000953674316,2.5,2.5,2.430000066757202,36800,2011,12,2,5,15310
2.4100000858306885,2.450000047683716,2.450000047683716,2.450000047683716,11000,2011,12,5,1,15313
2.4000000953674316,2.4700000286102295,2.450000047683716,2.440000057220459,52600,2011,12,6,2,15314
2.4000000953674316,2.450000047683716,2.430000066757202,2.450000047683716,21800,2011,12,7,3,15315
2.299999952316284,2.450000047683716,2.450000047683716,2.299999952316284,47200,2011,12,8,4,15316
2.309999942779541,2.4000000953674316,2.319999933242798,2.369999885559082,26700,2011,12,9,5,15317
2.2799999713897705,2.369999885559082,2.369999885559082,2.319999933242798,61100,2011,12,12,1,15320
2.2799999713897705,2.3299999237060547,2.299999952316284,2.2899999618530273,40600,2011,12,13,2,15321
2.190000057220459,2.319999933242798,2.259999990463257,2.200000047683716,63100,2011,12,14,3,15322
2.059999942779541,2.2200000286102295,2.200000047683716,2.200000047683716,57300,2011,12,15,4,15323
2.1600000858306885,2.240000009536743,2.190000057220459,2.200000047683716,36300,2011,12,16,5,15324
2.1500000953674316,2.299999952316284,2.2200000286102295,2.190000057220459,41200,2011,12,19,1,15327
2.200000047683716,2.2699999809265137,2.200000047683716,2.2699999809265137,49100,2011,12,20,2,15328
2.1500000953674316,2.2799999713897705,2.259999990463257,2.2300000190734863,56600,2011,12,21,3,15329
2.140000104904175,2.2300000190734863,2.200000047683716,2.2200000286102295,71400,2011,12,22,4,15330
2.1500000953674316,2.240000009536743,2.190000057220459,2.2100000381469727,30200,2011,12,23,5,15331
2.0999999046325684,2.200000047683716,2.1600000858306885,2.200000047683716,114500,2011,12,27,2,15335
2.059999942779541,2.130000114440918,2.130000114440918,2.0899999141693115,50000,2011,12,28,3,15336
1.9199999570846558,2.1500000953674316,2.0899999141693115,2.0399999618530273,167800,2011,12,29,4,15337
1.9199999570846558,2.049999952316284,2.0399999618530273,2.0,99100,2011,12,30,5,15338
2.0,2.2899999618530273,2.0299999713897705,2.1700000762939453,68500,2012,1,3,2,15342
2.059999942779541,2.1600000858306885,2.1600000858306885,2.0999999046325684,34600,2012,1,4,3,15343
2.0999999046325684,2.2899999618530273,2.1700000762939453,2.1500000953674316,154900,2012,1,5,4,15344
2.25,2.5,2.25,2.450000047683716,253500,2012,1,6,5,15345
2.3499999046325684,2.450000047683716,2.4000000953674316,2.369999885559082,99400,2012,1,9,1,15348
2.3299999237060547,2.4000000953674316,2.369999885559082,2.359999895095825,48700,2012,1,10,2,15349
2.359999895095825,2.5399999618530273,2.359999895095825,2.4700000286102295,116300,2012,1,11,3,15350
2.450000047683716,2.5799999237060547,2.4800000190734863,2.5,42200,2012,1,12,4,15351
2.319999933242798,2.5,2.450000047683716,2.4200000762939453,54500,2012,1,13,5,15352
2.4800000190734863,2.559999942779541,2.5,2.490000009536743,102800,2012,1,17,2,15356
2.4200000762939453,2.5299999713897705,2.5199999809265137,2.490000009536743,104800,2012,1,18,3,15357
2.4600000381469727,2.5,2.4800000190734863,2.4600000381469727,32800,2012,1,19,4,15358
2.4200000762939453,2.4800000190734863,2.440000057220459,2.4700000286102295,22400,2012,1,20,5,15359
2.4100000858306885,2.4600000381469727,2.4600000381469727,2.440000057220459,41200,2012,1,23,1,15362
2.3399999141693115,2.440000057220459,2.4200000762939453,2.430000066757202,56200,2012,1,24,2,15363
2.4000000953674316,2.5399999618530273,2.4000000953674316,2.5299999713897705,132200,2012,1,25,3,15364
2.5199999809265137,2.8299999237060547,2.5399999618530273,2.759999990463257,184300,2012,1,26,4,15365
2.740000009536743,2.8299999237060547,2.799999952316284,2.7899999618530273,182800,2012,1,27,5,15366
2.7200000286102295,2.880000114440918,2.799999952316284,2.809999942779541,114500,2012,1,30,1,15369
2.700000047683716,2.8499999046325684,2.809999942779541,2.7799999713897705,113800,2012,1,31,2,15370
2.7799999713897705,2.880000114440918,2.819999933242798,2.869999885559082,130500,2012,2,1,3,15371
2.809999942779541,2.880000114440918,2.869999885559082,2.880000114440918,72000,2012,2,2,4,15372
2.759999990463257,2.9000000953674316,2.869999885559082,2.869999885559082,111400,2012,2,3,5,15373
2.8299999237060547,2.930000066757202,2.859999895095825,2.9000000953674316,163500,2012,2,6,1,15376
2.880000114440918,2.940000057220459,2.880000114440918,2.930000066757202,157200,2012,2,7,2,15377
2.930000066757202,3.490000009536743,2.940000057220459,3.4700000286102295,365000,2012,2,8,3,15378
3.5399999618530273,3.7200000286102295,3.5999999046325684,3.6700000762939453,541800,2012,2,9,4,15379
3.450000047683716,3.6700000762939453,3.6700000762939453,3.490000009536743,160500,2012,2,10,5,15380
3.4200000762939453,3.5799999237060547,3.5199999809265137,3.4600000381469727,73400,2012,2,13,1,15383
3.259999990463257,3.509999990463257,3.490000009536743,3.299999952316284,81900,2012,2,14,2,15384
3.130000114440918,3.299999952316284,3.299999952316284,3.1600000858306885,63300,2012,2,15,3,15385
3.009999990463257,3.200000047683716,3.130000114440918,3.0799999237060547,96700,2012,2,16,4,15386
2.9000000953674316,3.0999999046325684,3.0799999237060547,2.9800000190734863,77000,2012,2,17,5,15387
2.8399999141693115,3.0199999809265137,3.0,2.890000104904175,60300,2012,2,21,2,15391
2.8499999046325684,3.0799999237060547,2.8499999046325684,3.0,76500,2012,2,22,3,15392
2.859999895095825,3.0,3.0,2.9000000953674316,227700,2012,2,23,4,15393
2.950000047683716,3.2799999713897705,2.950000047683716,3.2200000286102295,108300,2012,2,24,5,15394
3.200000047683716,3.3499999046325684,3.2799999713897705,3.2799999713897705,70600,2012,2,27,1,15397
3.140000104904175,3.299999952316284,3.25,3.25,84100,2012,2,28,2,15398
3.180000066757202,3.2799999713897705,3.25,3.190000057220459,44500,2012,2,29,3,15399
3.0199999809265137,3.25,3.0199999809265137,3.2300000190734863,48900,2012,3,1,4,15400
3.2100000381469727,3.319999933242798,3.2100000381469727,3.2300000190734863,112600,2012,3,2,5,15401
3.0,3.490000009536743,3.490000009536743,3.2100000381469727,236800,2012,3,5,1,15404
3.200000047683716,3.8499999046325684,3.2100000381469727,3.759999990463257,439800,2012,3,6,2,15405
3.9000000953674316,4.71999979019165,3.9600000381469727,4.489999771118164,1011500,2012,3,7,3,15406
4.010000228881836,4.920000076293945,4.579999923706055,4.260000228881836,728000,2012,3,8,4,15407
4.099999904632568,4.429999828338623,4.260000228881836,4.400000095367432,157700,2012,3,9,5,15408
4.349999904632568,4.900000095367432,4.559999942779541,4.849999904632568,370000,2012,3,12,1,15411
4.75,5.070000171661377,4.880000114440918,5.050000190734863,385300,2012,3,13,2,15412
5.010000228881836,5.739999771118164,5.050000190734863,5.449999809265137,573100,2012,3,14,3,15413
5.059999942779541,5.539999961853027,5.489999771118164,5.309999942779541,313600,2012,3,15,4,15414
5.099999904632568,5.309999942779541,5.309999942779541,5.25,187900,2012,3,16,5,15415
5.230000019073486,6.289999961853027,5.320000171661377,6.269999980926514,1077400,2012,3,19,1,15418
5.599999904632568,6.28000020980835,6.269999980926514,5.920000076293945,1022600,2012,3,20,2,15419
5.829999923706055,6.03000020980835,5.940000057220459,5.929999828338623,266500,2012,3,21,3,15420
5.739999771118164,5.949999809265137,5.949999809265137,5.840000152587891,176900,2012,3,22,4,15421
5.429999828338623,5.880000114440918,5.789999961853027,5.639999866485596,381800,2012,3,23,5,15422
5.460000038146973,6.199999809265137,5.679999828338623,6.159999847412109,487900,2012,3,26,1,15425
5.659999847412109,6.130000114440918,6.130000114440918,5.71999979019165,326000,2012,3,27,2,15426
5.679999828338623,6.0,5.699999809265137,5.960000038146973,367400,2012,3,28,3,15427
6.090000152587891,6.820000171661377,6.260000228881836,6.760000228881836,1315300,2012,3,29,4,15428
6.5,6.849999904632568,6.809999942779541,6.599999904632568,469900,2012,3,30,5,15429
6.699999809265137,7.409999847412109,6.75,7.039999961853027,929600,2012,4,2,1,15432
6.699999809265137,7.150000095367432,6.989999771118164,7.010000228881836,439500,2012,4,3,2,15433
6.53000020980835,6.940000057220459,6.940000057220459,6.610000133514404,416600,2012,4,4,3,15434
6.25,6.590000152587891,6.590000152587891,6.449999809265137,371700,2012,4,5,4,15435
6.210000038146973,6.449999809265137,6.369999885559082,6.340000152587891,259500,2012,4,9,1,15439
6.03000020980835,6.570000171661377,6.309999942779541,6.110000133514404,247900,2012,4,10,2,15440
6.110000133514404,6.480000019073486,6.190000057220459,6.449999809265137,216300,2012,4,11,3,15441
6.349999904632568,6.53000020980835,6.510000228881836,6.420000076293945,156400,2012,4,12,4,15442
6.170000076293945,6.710000038146973,6.380000114440918,6.670000076293945,251500,2012,4,13,5,15443
6.369999885559082,6.75,6.739999771118164,6.550000190734863,166600,2012,4,16,1,15446
6.21999979019165,6.75,6.570000171661377,6.260000228881836,357300,2012,4,17,2,15447
6.010000228881836,6.300000190734863,6.239999771118164,6.21999979019165,173700,2012,4,18,3,15448
6.179999828338623,6.5,6.28000020980835,6.320000171661377,102400,2012,4,19,4,15449
6.179999828338623,6.440000057220459,6.349999904632568,6.269999980926514,127000,2012,4,20,5,15450
6.150000095367432,6.25,6.239999771118164,6.21999979019165,110300,2012,4,23,1,15453
6.099999904632568,6.349999904632568,6.239999771118164,6.320000171661377,124600,2012,4,24,2,15454
6.159999847412109,6.5,6.46999979019165,6.28000020980835,246900,2012,4,25,3,15455
6.210000038146973,6.429999828338623,6.289999961853027,6.429999828338623,152800,2012,4,26,4,15456
6.03000020980835,6.449999809265137,6.449999809265137,6.099999904632568,210100,2012,4,27,5,15457
5.980000019073486,6.28000020980835,6.050000190734863,6.25,308900,2012,4,30,1,15460
6.170000076293945,6.289999961853027,6.260000228881836,6.260000228881836,127000,2012,5,1,2,15461
6.139999866485596,6.46999979019165,6.179999828338623,6.449999809265137,169100,2012,5,2,3,15462
6.199999809265137,6.420000076293945,6.340000152587891,6.28000020980835,275500,2012,5,3,4,15463
6.159999847412109,6.349999904632568,6.239999771118164,6.269999980926514,106900,2012,5,4,5,15464
6.079999923706055,6.230000019073486,6.21999979019165,6.190000057220459,103000,2012,5,7,1,15467
5.389999866485596,6.190000057220459,6.139999866485596,5.710000038146973,293700,2012,5,8,2,15468
5.670000076293945,5.809999942779541,5.670000076293945,5.710000038146973,148000,2012,5,9,3,15469
5.449999809265137,5.75,5.75,5.489999771118164,96000,2012,5,10,4,15470
5.090000152587891,5.909999847412109,5.449999809265137,5.730000019073486,383800,2012,5,11,5,15471
5.659999847412109,6.449999809265137,5.659999847412109,6.320000171661377,362500,2012,5,14,1,15474
5.96999979019165,6.389999866485596,6.320000171661377,6.039999961853027,163000,2012,5,15,2,15475
5.769999980926514,6.099999904632568,6.039999961853027,5.869999885559082,97300,2012,5,16,3,15476
5.730000019073486,6.059999942779541,5.880000114440918,5.78000020980835,111500,2012,5,17,4,15477
5.400000095367432,5.809999942779541,5.789999961853027,5.449999809265137,102200,2012,5,18,5,15478
5.360000133514404,5.690000057220459,5.460000038146973,5.599999904632568,98300,2012,5,21,1,15481
5.46999979019165,5.71999979019165,5.579999923706055,5.539999961853027,91000,2012,5,22,2,15482
5.079999923706055,5.599999904632568,5.460000038146973,5.28000020980835,215000,2012,5,23,3,15483
5.110000133514404,5.400000095367432,5.28000020980835,5.139999866485596,252600,2012,5,24,4,15484
5.099999904632568,5.25,5.099999904632568,5.199999809265137,142400,2012,5,25,5,15485
5.199999809265137,5.400000095367432,5.260000228881836,5.300000190734863,91100,2012,5,29,2,15489
4.800000190734863,5.28000020980835,5.28000020980835,4.869999885559082,188200,2012,5,30,3,15490
4.800000190734863,5.28000020980835,4.889999866485596,5.21999979019165,121800,2012,5,31,4,15491
4.889999866485596,5.150000095367432,5.150000095367432,5.070000171661377,139800,2012,6,1,5,15492
4.889999866485596,5.139999866485596,5.039999961853027,5.039999961853027,123400,2012,6,4,1,15495
4.96999979019165,5.269999980926514,5.0,5.230000019073486,96700,2012,6,5,2,15496
5.260000228881836,5.610000133514404,5.340000152587891,5.610000133514404,96000,2012,6,6,3,15497
5.429999828338623,5.75,5.630000114440918,5.639999866485596,62800,2012,6,7,4,15498
5.429999828338623,5.989999771118164,5.639999866485596,5.880000114440918,176700,2012,6,8,5,15499
5.409999847412109,5.940000057220459,5.900000095367432,5.539999961853027,108200,2012,6,11,1,15502
5.320000171661377,5.639999866485596,5.570000171661377,5.449999809265137,119700,2012,6,12,2,15503
5.190000057220459,5.449999809265137,5.449999809265137,5.320000171661377,224400,2012,6,13,3,15504
5.159999847412109,5.360000133514404,5.179999828338623,5.340000152587891,164500,2012,6,14,4,15505
4.949999809265137,5.349999904632568,5.340000152587891,5.289999961853027,165000,2012,6,15,5,15506
5.199999809265137,5.349999904632568,5.239999771118164,5.260000228881836,209800,2012,6,18,1,15509
5.099999904632568,5.360000133514404,5.260000228881836,5.260000228881836,192800,2012,6,19,2,15510
4.760000228881836,5.25,5.25,5.039999961853027,328000,2012,6,20,3,15511
4.929999828338623,5.340000152587891,5.010000228881836,5.059999942779541,449300,2012,6,21,4,15512
4.980000019073486,5.170000076293945,5.059999942779541,5.0,3593600,2012,6,22,5,15513
4.829999923706055,5.090000152587891,4.949999809265137,5.070000171661377,175600,2012,6,25,1,15516
4.980000019073486,5.099999904632568,5.059999942779541,5.039999961853027,94700,2012,6,26,2,15517
5.0,5.28000020980835,5.03000020980835,5.199999809265137,316800,2012,6,27,3,15518
5.0,5.199999809265137,5.150000095367432,5.090000152587891,204800,2012,6,28,4,15519
5.150000095367432,5.260000228881836,5.150000095367432,5.239999771118164,173700,2012,6,29,5,15520
5.099999904632568,5.400000095367432,5.099999904632568,5.380000114440918,329200,2012,7,2,1,15523
5.300000190734863,5.380000114440918,5.380000114440918,5.340000152587891,85100,2012,7,3,2,15524
5.289999961853027,5.369999885559082,5.289999961853027,5.340000152587891,117500,2012,7,5,4,15526
5.269999980926514,5.46999979019165,5.28000020980835,5.380000114440918,254000,2012,7,6,5,15527
5.25,5.369999885559082,5.360000133514404,5.340000152587891,125300,2012,7,9,1,15530
5.289999961853027,5.440000057220459,5.349999904632568,5.360000133514404,202500,2012,7,10,2,15531
5.21999979019165,5.389999866485596,5.389999866485596,5.300000190734863,60000,2012,7,11,3,15532
5.070000171661377,5.389999866485596,5.239999771118164,5.340000152587891,148300,2012,7,12,4,15533
5.079999923706055,5.340000152587891,5.340000152587891,5.150000095367432,188800,2012,7,13,5,15534
5.039999961853027,5.159999847412109,5.150000095367432,5.099999904632568,84200,2012,7,16,1,15537
5.050000190734863,5.150000095367432,5.110000133514404,5.079999923706055,84200,2012,7,17,2,15538
4.960000038146973,5.099999904632568,5.079999923706055,5.070000171661377,83400,2012,7,18,3,15539
4.96999979019165,5.239999771118164,5.090000152587891,5.090000152587891,118100,2012,7,19,4,15540
4.889999866485596,5.130000114440918,5.050000190734863,5.039999961853027,164100,2012,7,20,5,15541
4.909999847412109,5.039999961853027,4.989999771118164,4.929999828338623,55700,2012,7,23,1,15544
4.559999942779541,4.960000038146973,4.960000038146973,4.570000171661377,131500,2012,7,24,2,15545
4.510000228881836,4.610000133514404,4.610000133514404,4.550000190734863,91000,2012,7,25,3,15546
4.53000020980835,4.769999980926514,4.599999904632568,4.610000133514404,44300,2012,7,26,4,15547
4.630000114440918,4.880000114440918,4.630000114440918,4.840000152587891,94500,2012,7,27,5,15548
4.820000171661377,5.010000228881836,4.880000114440918,4.940000057220459,122600,2012,7,30,1,15551
4.820000171661377,5.019999980926514,4.949999809265137,4.829999923706055,117100,2012,7,31,2,15552
4.820000171661377,5.010000228881836,4.829999923706055,4.820000171661377,116200,2012,8,1,3,15553
4.659999847412109,4.929999828338623,4.800000190734863,4.679999828338623,112200,2012,8,2,4,15554
4.610000133514404,4.929999828338623,4.699999809265137,4.769999980926514,154000,2012,8,3,5,15555
4.789999961853027,4.980000019073486,4.789999961853027,4.829999923706055,159900,2012,8,6,1,15558
4.78000020980835,4.860000133514404,4.840000152587891,4.800000190734863,105500,2012,8,7,2,15559
4.619999885559082,4.860000133514404,4.789999961853027,4.639999866485596,129400,2012,8,8,3,15560
4.559999942779541,4.679999828338623,4.650000095367432,4.599999904632568,56200,2012,8,9,4,15561
4.300000190734863,4.590000152587891,4.570000171661377,4.320000171661377,104500,2012,8,10,5,15562
4.320000171661377,4.519999980926514,4.329999923706055,4.489999771118164,52000,2012,8,13,1,15565
4.480000019073486,4.570000171661377,4.53000020980835,4.489999771118164,48700,2012,8,14,2,15566
4.440000057220459,4.570000171661377,4.480000019073486,4.550000190734863,54600,2012,8,15,3,15567
4.53000020980835,4.730000019073486,4.559999942779541,4.730000019073486,64800,2012,8,16,4,15568
4.630000114440918,4.800000190734863,4.710000038146973,4.78000020980835,69600,2012,8,17,5,15569
4.619999885559082,4.75,4.75,4.650000095367432,31600,2012,8,20,1,15572
4.46999979019165,4.699999809265137,4.619999885559082,4.539999961853027,88100,2012,8,21,2,15573
4.489999771118164,4.639999866485596,4.550000190734863,4.579999923706055,15300,2012,8,22,3,15574
4.5,4.610000133514404,4.559999942779541,4.599999904632568,19900,2012,8,23,4,15575
4.550000190734863,4.71999979019165,4.570000171661377,4.690000057220459,80000,2012,8,24,5,15576
4.400000095367432,4.690000057220459,4.679999828338623,4.460000038146973,80300,2012,8,27,1,15579
4.46999979019165,4.659999847412109,4.46999979019165,4.639999866485596,70900,2012,8,28,2,15580
4.619999885559082,4.78000020980835,4.639999866485596,4.75,61500,2012,8,29,3,15581
4.619999885559082,4.769999980926514,4.71999979019165,4.710000038146973,44300,2012,8,30,4,15582
4.53000020980835,4.760000228881836,4.760000228881836,4.590000152587891,144200,2012,8,31,5,15583
4.369999885559082,4.769999980926514,4.619999885559082,4.690000057220459,68000,2012,9,4,2,15587
4.570000171661377,4.820000171661377,4.679999828338623,4.789999961853027,77500,2012,9,5,3,15588
4.800000190734863,5.019999980926514,4.809999942779541,4.960000038146973,131700,2012,9,6,4,15589
4.949999809265137,5.03000020980835,4.980000019073486,5.0,80500,2012,9,7,5,15590
4.960000038146973,5.059999942779541,4.989999771118164,5.010000228881836,61000,2012,9,10,1,15593
5.0,5.110000133514404,5.0,5.039999961853027,25400,2012,9,11,2,15594
4.960000038146973,5.079999923706055,5.070000171661377,4.980000019073486,45400,2012,9,12,3,15595
4.71999979019165,5.039999961853027,4.96999979019165,4.880000114440918,105200,2012,9,13,4,15596
4.409999847412109,4.900000095367432,4.880000114440918,4.550000190734863,249500,2012,9,14,5,15597
4.480000019073486,4.579999923706055,4.570000171661377,4.5,103300,2012,9,17,1,15600
4.400000095367432,4.599999904632568,4.5,4.489999771118164,1047100,2012,9,18,2,15601
4.46999979019165,4.519999980926514,4.46999979019165,4.510000228881836,169400,2012,9,19,3,15602
4.480000019073486,4.519999980926514,4.480000019073486,4.489999771118164,96600,2012,9,20,4,15603
4.480000019073486,4.730000019073486,4.510000228881836,4.679999828338623,328200,2012,9,21,5,15604
4.599999904632568,4.769999980926514,4.650000095367432,4.75,95100,2012,9,24,1,15607
4.739999771118164,4.860000133514404,4.760000228881836,4.78000020980835,113400,2012,9,25,2,15608
4.550000190734863,4.820000171661377,4.809999942779541,4.559999942779541,83500,2012,9,26,3,15609
4.5,4.679999828338623,4.610000133514404,4.599999904632568,92400,2012,9,27,4,15610
4.519999980926514,4.639999866485596,4.570000171661377,4.610000133514404,68000,2012,9,28,5,15611
4.53000020980835,4.690000057220459,4.639999866485596,4.570000171661377,45200,2012,10,1,1,15614
4.590000152587891,4.78000020980835,4.599999904632568,4.619999885559082,61400,2012,10,2,2,15615
4.599999904632568,4.71999979019165,4.639999866485596,4.659999847412109,49500,2012,10,3,3,15616
4.579999923706055,4.75,4.699999809265137,4.639999866485596,60500,2012,10,4,4,15617
4.579999923706055,4.849999904632568,4.639999866485596,4.699999809265137,94900,2012,10,5,5,15618
4.75,4.949999809265137,4.769999980926514,4.789999961853027,206800,2012,10,8,1,15621
4.699999809265137,4.800000190734863,4.769999980926514,4.71999979019165,48100,2012,10,9,2,15622
4.599999904632568,4.760000228881836,4.739999771118164,4.619999885559082,74000,2012,10,10,3,15623
4.659999847412109,4.760000228881836,4.659999847412109,4.760000228881836,26000,2012,10,11,4,15624
4.539999961853027,4.78000020980835,4.75,4.579999923706055,50000,2012,10,12,5,15625
4.5,4.650000095367432,4.590000152587891,4.630000114440918,70100,2012,10,15,1,15628
4.610000133514404,4.670000076293945,4.639999866485596,4.639999866485596,62700,2012,10,16,2,15629
4.630000114440918,4.710000038146973,4.670000076293945,4.710000038146973,24800,2012,10,17,3,15630
4.630000114440918,4.710000038146973,4.710000038146973,4.630000114440918,32400,2012,10,18,4,15631
4.380000114440918,4.630000114440918,4.630000114440918,4.420000076293945,133100,2012,10,19,5,15632
4.380000114440918,4.489999771118164,4.400000095367432,4.429999828338623,97200,2012,10,22,1,15635
4.349999904632568,4.440000057220459,4.409999847412109,4.420000076293945,70900,2012,10,23,2,15636
4.369999885559082,4.46999979019165,4.449999809265137,4.429999828338623,43800,2012,10,24,3,15637
4.460000038146973,4.650000095367432,4.460000038146973,4.650000095367432,146600,2012,10,25,4,15638
4.400000095367432,4.739999771118164,4.670000076293945,4.420000076293945,83500,2012,10,26,5,15639
4.349999904632568,4.519999980926514,4.400000095367432,4.46999979019165,52900,2012,10,31,3,15644
4.400000095367432,4.599999904632568,4.489999771118164,4.480000019073486,86100,2012,11,1,4,15645
4.420000076293945,4.590000152587891,4.510000228881836,4.46999979019165,89800,2012,11,2,5,15646
4.429999828338623,4.559999942779541,4.480000019073486,4.550000190734863,59900,2012,11,5,1,15649
4.519999980926514,4.619999885559082,4.590000152587891,4.579999923706055,37700,2012,11,6,2,15650
4.380000114440918,4.5,4.480000019073486,4.400000095367432,73700,2012,11,7,3,15651
4.070000171661377,4.400000095367432,4.400000095367432,4.25,195600,2012,11,8,4,15652
4.139999866485596,4.519999980926514,4.400000095367432,4.179999828338623,138500,2012,11,9,5,15653
3.9600000381469727,4.309999942779541,4.170000076293945,3.9700000286102295,90000,2012,11,12,1,15656
3.680000066757202,3.990000009536743,3.930000066757202,3.690000057220459,180200,2012,11,13,2,15657
3.5399999618530273,3.7699999809265137,3.7100000381469727,3.5899999141693115,109900,2012,11,14,3,15658
3.4000000953674316,3.640000104904175,3.5899999141693115,3.450000047683716,191800,2012,11,15,4,15659
3.390000104904175,3.569999933242798,3.430000066757202,3.5199999809265137,83300,2012,11,16,5,15660
3.5299999713897705,3.6700000762939453,3.549999952316284,3.5899999141693115,98500,2012,11,19,1,15663
3.509999990463257,3.7300000190734863,3.569999933242798,3.640000104904175,74500,2012,11,20,2,15664
3.509999990463257,3.640000104904175,3.619999885559082,3.619999885559082,25400,2012,11,21,3,15665
3.619999885559082,3.7100000381469727,3.640000104904175,3.690000057220459,25600,2012,11,23,5,15667
3.369999885559082,3.7100000381469727,3.690000057220459,3.6500000953674316,98600,2012,11,26,1,15670
3.509999990463257,3.869999885559082,3.6600000858306885,3.809999942779541,119200,2012,11,27,2,15671
3.759999990463257,3.990000009536743,3.799999952316284,3.9000000953674316,74300,2012,11,28,3,15672
3.950000047683716,4.309999942779541,3.950000047683716,4.130000114440918,152000,2012,11,29,4,15673
4.150000095367432,4.380000114440918,4.159999847412109,4.329999923706055,129700,2012,11,30,5,15674
4.110000133514404,4.400000095367432,4.349999904632568,4.190000057220459,59300,2012,12,3,1,15677
4.059999942779541,4.329999923706055,4.210000038146973,4.300000190734863,57700,2012,12,4,2,15678
4.199999809265137,4.400000095367432,4.360000133514404,4.260000228881836,52800,2012,12,5,3,15679
4.159999847412109,4.400000095367432,4.28000020980835,4.340000152587891,61400,2012,12,6,4,15680
4.119999885559082,4.349999904632568,4.349999904632568,4.159999847412109,48300,2012,12,7,5,15681
3.9000000953674316,4.139999866485596,4.130000114440918,4.0,88500,2012,12,10,1,15684
3.880000114440918,4.03000020980835,4.0,4.0,69600,2012,12,11,2,15685
3.880000114440918,4.0,4.0,3.880000114440918,44100,2012,12,12,3,15686
3.819999933242798,3.930000066757202,3.880000114440918,3.880000114440918,35200,2012,12,13,4,15687
3.799999952316284,3.9100000858306885,3.859999895095825,3.9100000858306885,36900,2012,12,14,5,15688
3.8299999237060547,3.9700000286102295,3.940000057220459,3.9600000381469727,46100,2012,12,17,1,15691
3.940000057220459,4.050000190734863,3.9800000190734863,4.039999961853027,85700,2012,12,18,2,15692
3.819999933242798,4.090000152587891,4.03000020980835,3.940000057220459,52100,2012,12,19,3,15693
3.640000104904175,3.9600000381469727,3.930000066757202,3.880000114440918,70500,2012,12,20,4,15694
3.6600000858306885,3.9100000858306885,3.8399999141693115,3.9100000858306885,172200,2012,12,21,5,15695
3.700000047683716,3.9000000953674316,3.9000000953674316,3.8299999237060547,52600,2012,12,24,1,15698
3.7799999713897705,4.0,3.8499999046325684,3.8299999237060547,54000,2012,12,26,3,15700
3.559999942779541,3.819999933242798,3.819999933242798,3.7799999713897705,48300,2012,12,27,4,15701
3.700000047683716,3.7799999713897705,3.7699999809265137,3.7200000286102295,64600,2012,12,28,5,15702
3.700000047683716,4.130000114440918,3.7899999618530273,4.099999904632568,129100,2012,12,31,1,15705
3.7100000381469727,4.269999980926514,4.199999809265137,4.239999771118164,137800,2013,1,2,3,15707
4.099999904632568,4.289999961853027,4.239999771118164,4.150000095367432,43800,2013,1,3,4,15708
4.099999904632568,4.21999979019165,4.199999809265137,4.179999828338623,44600,2013,1,4,5,15709
4.099999904632568,4.349999904632568,4.150000095367432,4.119999885559082,119000,2013,1,7,1,15712
3.809999942779541,4.179999828338623,4.090000152587891,4.090000152587891,64600,2013,1,8,2,15713
3.890000104904175,4.170000076293945,4.139999866485596,3.990000009536743,52000,2013,1,9,3,15714
4.0,4.25,4.0,4.090000152587891,79400,2013,1,10,4,15715
3.9600000381469727,4.239999771118164,4.119999885559082,4.019999980926514,89100,2013,1,11,5,15716
3.990000009536743,4.079999923706055,4.019999980926514,4.039999961853027,21500,2013,1,14,1,15719
4.019999980926514,4.099999904632568,4.050000190734863,4.079999923706055,49600,2013,1,15,2,15720
4.050000190734863,4.079999923706055,4.070000171661377,4.059999942779541,65300,2013,1,16,3,15721
4.059999942779541,4.199999809265137,4.090000152587891,4.099999904632568,77700,2013,1,17,4,15722
4.099999904632568,4.139999866485596,4.099999904632568,4.139999866485596,41100,2013,1,18,5,15723
4.130000114440918,4.239999771118164,4.159999847412109,4.230000019073486,71200,2013,1,22,2,15727
4.170000076293945,4.389999866485596,4.179999828338623,4.340000152587891,108400,2013,1,23,3,15728
4.179999828338623,4.380000114440918,4.360000133514404,4.199999809265137,40300,2013,1,24,4,15729
4.130000114440918,4.230000019073486,4.230000019073486,4.170000076293945,41800,2013,1,25,5,15730
4.170000076293945,4.349999904632568,4.170000076293945,4.349999904632568,82000,2013,1,28,1,15733
4.300000190734863,4.480000019073486,4.349999904632568,4.380000114440918,103300,2013,1,29,2,15734
4.349999904632568,4.449999809265137,4.360000133514404,4.360000133514404,74700,2013,1,30,3,15735
4.369999885559082,4.579999923706055,4.369999885559082,4.550000190734863,235200,2013,1,31,4,15736
4.5,4.659999847412109,4.550000190734863,4.579999923706055,109500,2013,2,1,5,15737
4.429999828338623,4.579999923706055,4.539999961853027,4.480000019073486,72300,2013,2,4,1,15740
4.440000057220459,4.670000076293945,4.519999980926514,4.610000133514404,137300,2013,2,5,2,15741
4.619999885559082,4.949999809265137,4.619999885559082,4.860000133514404,271700,2013,2,6,3,15742
4.760000228881836,4.929999828338623,4.900000095367432,4.880000114440918,99600,2013,2,7,4,15743
4.630000114440918,4.900000095367432,4.900000095367432,4.699999809265137,129700,2013,2,8,5,15744
4.639999866485596,4.769999980926514,4.710000038146973,4.71999979019165,84300,2013,2,11,1,15747
4.420000076293945,4.789999961853027,4.789999961853027,4.539999961853027,122200,2013,2,12,2,15748
4.309999942779541,4.590000152587891,4.539999961853027,4.349999904632568,78700,2013,2,13,3,15749
4.320000171661377,4.570000171661377,4.349999904632568,4.369999885559082,74000,2013,2,14,4,15750
4.329999923706055,4.409999847412109,4.409999847412109,4.360000133514404,79900,2013,2,15,5,15751
4.260000228881836,4.579999923706055,4.349999904632568,4.559999942779541,73000,2013,2,19,2,15755
4.320000171661377,4.630000114440918,4.550000190734863,4.320000171661377,96500,2013,2,20,3,15756
4.230000019073486,4.389999866485596,4.340000152587891,4.260000228881836,52300,2013,2,21,4,15757
4.289999961853027,4.449999809265137,4.289999961853027,4.349999904632568,35400,2013,2,22,5,15758
4.110000133514404,4.369999885559082,4.369999885559082,4.110000133514404,93700,2013,2,25,1,15761
4.099999904632568,4.199999809265137,4.130000114440918,4.170000076293945,29500,2013,2,26,2,15762
4.099999904632568,4.230000019073486,4.159999847412109,4.110000133514404,43100,2013,2,27,3,15763
4.130000114440918,4.349999904632568,4.130000114440918,4.28000020980835,60800,2013,2,28,4,15764
4.150000095367432,4.309999942779541,4.210000038146973,4.300000190734863,54300,2013,3,1,5,15765
4.289999961853027,4.409999847412109,4.289999961853027,4.400000095367432,27000,2013,3,4,1,15768
4.340000152587891,4.559999942779541,4.449999809265137,4.460000038146973,92100,2013,3,5,2,15769
4.409999847412109,4.53000020980835,4.460000038146973,4.449999809265137,30300,2013,3,6,3,15770
4.329999923706055,4.5,4.440000057220459,4.46999979019165,30000,2013,3,7,4,15771
4.320000171661377,4.53000020980835,4.53000020980835,4.409999847412109,52900,2013,3,8,5,15772
4.21999979019165,4.460000038146973,4.360000133514404,4.429999828338623,31800,2013,3,11,1,15775
4.340000152587891,4.5,4.400000095367432,4.369999885559082,33300,2013,3,12,2,15776
4.349999904632568,4.449999809265137,4.420000076293945,4.389999866485596,41500,2013,3,13,3,15777
4.320000171661377,4.389999866485596,4.380000114440918,4.389999866485596,29800,2013,3,14,4,15778
4.320000171661377,4.429999828338623,4.400000095367432,4.349999904632568,75200,2013,3,15,5,15779
4.119999885559082,4.309999942779541,4.28000020980835,4.210000038146973,44300,2013,3,18,1,15782
4.139999866485596,4.309999942779541,4.239999771118164,4.159999847412109,17300,2013,3,19,2,15783
4.119999885559082,4.199999809265137,4.179999828338623,4.150000095367432,35700,2013,3,20,3,15784
3.950000047683716,4.150000095367432,4.099999904632568,3.9700000286102295,58900,2013,3,21,4,15785
3.7899999618530273,4.039999961853027,3.9800000190734863,3.9200000762939453,102900,2013,3,22,5,15786
3.9200000762939453,4.050000190734863,3.9200000762939453,4.0,71400,2013,3,25,1,15789
3.9000000953674316,4.050000190734863,4.039999961853027,3.9800000190734863,70100,2013,3,26,2,15790
3.9100000858306885,4.019999980926514,3.930000066757202,3.9800000190734863,52200,2013,3,27,3,15791
3.880000114440918,3.990000009536743,3.990000009536743,3.890000104904175,88600,2013,3,28,4,15792
3.799999952316284,3.9600000381469727,3.9100000858306885,3.8399999141693115,76000,2013,4,1,1,15796
3.880000114440918,4.0,3.9600000381469727,3.9700000286102295,80900,2013,4,2,2,15797
3.819999933242798,4.0,3.9700000286102295,3.8299999237060547,87500,2013,4,3,3,15798
3.8399999141693115,3.940000057220459,3.859999895095825,3.9100000858306885,23500,2013,4,4,4,15799
3.700000047683716,3.890000104904175,3.8499999046325684,3.8299999237060547,166700,2013,4,5,5,15800
3.809999942779541,4.239999771118164,3.8299999237060547,4.110000133514404,183500,2013,4,8,1,15803
4.119999885559082,4.320000171661377,4.179999828338623,4.170000076293945,206400,2013,4,9,2,15804
4.199999809265137,4.800000190734863,4.199999809265137,4.559999942779541,350300,2013,4,10,3,15805
4.579999923706055,4.789999961853027,4.579999923706055,4.679999828338623,212800,2013,4,11,4,15806
4.380000114440918,4.630000114440918,4.610000133514404,4.510000228881836,150800,2013,4,12,5,15807
4.400000095367432,4.590000152587891,4.489999771118164,4.460000038146973,164400,2013,4,15,1,15810
4.369999885559082,4.53000020980835,4.489999771118164,4.460000038146973,154700,2013,4,16,2,15811
4.230000019073486,4.480000019073486,4.400000095367432,4.260000228881836,106800,2013,4,17,3,15812
4.050000190734863,4.269999980926514,4.25,4.090000152587891,128400,2013,4,18,4,15813
4.070000171661377,4.349999904632568,4.079999923706055,4.300000190734863,117600,2013,4,19,5,15814
4.300000190734863,4.420000076293945,4.329999923706055,4.369999885559082,62000,2013,4,22,1,15817
4.400000095367432,4.610000133514404,4.420000076293945,4.599999904632568,220200,2013,4,23,2,15818
4.420000076293945,4.699999809265137,4.599999904632568,4.579999923706055,470100,2013,4,24,3,15819
4.519999980926514,4.730000019073486,4.630000114440918,4.650000095367432,183200,2013,4,25,4,15820
4.599999904632568,4.679999828338623,4.670000076293945,4.630000114440918,220600,2013,4,26,5,15821
4.699999809265137,4.949999809265137,4.769999980926514,4.929999828338623,819800,2013,4,29,1,15824
4.650000095367432,5.099999904632568,4.949999809265137,4.860000133514404,607400,2013,4,30,2,15825
4.75,5.400000095367432,4.900000095367432,4.78000020980835,1144400,2013,5,1,3,15826
4.349999904632568,4.789999961853027,4.789999961853027,4.369999885559082,589300,2013,5,2,4,15827
4.400000095367432,4.539999961853027,4.429999828338623,4.480000019073486,202600,2013,5,3,5,15828
4.300000190734863,4.5,4.5,4.360000133514404,168400,2013,5,6,1,15831
3.950000047683716,4.360000133514404,4.349999904632568,4.079999923706055,408700,2013,5,7,2,15832
4.03000020980835,4.400000095367432,4.039999961853027,4.400000095367432,172500,2013,5,8,3,15833
4.329999923706055,4.53000020980835,4.440000057220459,4.340000152587891,232100,2013,5,9,4,15834
4.190000057220459,4.389999866485596,4.360000133514404,4.389999866485596,151000,2013,5,10,5,15835
4.260000228881836,4.449999809265137,4.389999866485596,4.380000114440918,105500,2013,5,13,1,15838
4.380000114440918,4.46999979019165,4.380000114440918,4.400000095367432,86200,2013,5,14,2,15839
4.170000076293945,4.429999828338623,4.369999885559082,4.210000038146973,184500,2013,5,15,3,15840
4.179999828338623,4.329999923706055,4.210000038146973,4.260000228881836,129900,2013,5,16,4,15841
4.159999847412109,4.289999961853027,4.260000228881836,4.25,134700,2013,5,17,5,15842
4.090000152587891,4.25,4.239999771118164,4.139999866485596,104500,2013,5,20,1,15845
4.0,4.159999847412109,4.110000133514404,4.010000228881836,149400,2013,5,21,2,15846
4.0,4.230000019073486,4.010000228881836,4.03000020980835,167100,2013,5,22,3,15847
4.0,4.139999866485596,4.0,4.119999885559082,102000,2013,5,23,4,15848
4.050000190734863,4.190000057220459,4.099999904632568,4.070000171661377,105000,2013,5,24,5,15849
4.010000228881836,4.150000095367432,4.150000095367432,4.099999904632568,231300,2013,5,28,2,15853
4.03000020980835,4.110000133514404,4.079999923706055,4.059999942779541,99700,2013,5,29,3,15854
4.070000171661377,4.190000057220459,4.070000171661377,4.110000133514404,122300,2013,5,30,4,15855
4.0,4.119999885559082,4.070000171661377,4.03000020980835,158800,2013,5,31,5,15856
3.819999933242798,4.119999885559082,4.03000020980835,4.119999885559082,342300,2013,6,3,1,15859
3.9200000762939453,4.139999866485596,4.130000114440918,3.940000057220459,164900,2013,6,4,2,15860
3.7200000286102295,3.930000066757202,3.9200000762939453,3.759999990463257,268700,2013,6,5,3,15861
3.6500000953674316,3.8299999237060547,3.7699999809265137,3.7300000190734863,261500,2013,6,6,4,15862
3.6500000953674316,3.799999952316284,3.7699999809265137,3.700000047683716,202900,2013,6,7,5,15863
3.6600000858306885,3.819999933242798,3.7100000381469727,3.7300000190734863,170900,2013,6,10,1,15866
3.6500000953674316,3.8399999141693115,3.700000047683716,3.6500000953674316,125900,2013,6,11,2,15867
3.5999999046325684,3.740000009536743,3.680000066757202,3.609999895095825,191800,2013,6,12,3,15868
3.549999952316284,3.759999990463257,3.619999885559082,3.609999895095825,175200,2013,6,13,4,15869
3.569999933242798,3.7200000286102295,3.619999885559082,3.700000047683716,141700,2013,6,14,5,15870
3.700000047683716,3.8499999046325684,3.740000009536743,3.75,212200,2013,6,17,1,15873
3.6700000762939453,4.199999809265137,3.7699999809265137,3.7799999713897705,739000,2013,6,18,2,15874
3.7100000381469727,4.050000190734863,3.8399999141693115,3.9800000190734863,373300,2013,6,19,3,15875
3.680000066757202,3.930000066757202,3.9000000953674316,3.7100000381469727,272600,2013,6,20,4,15876
3.7100000381469727,3.8499999046325684,3.75,3.809999942779541,254600,2013,6,21,5,15877
3.609999895095825,3.809999942779541,3.7699999809265137,3.609999895095825,238200,2013,6,24,1,15880
3.609999895095825,3.75,3.7100000381469727,3.6700000762939453,169300,2013,6,25,2,15881
3.5999999046325684,3.740000009536743,3.700000047683716,3.619999885559082,109000,2013,6,26,3,15882
3.6500000953674316,3.9200000762939453,3.6600000858306885,3.819999933242798,256200,2013,6,27,4,15883
3.7300000190734863,3.9600000381469727,3.799999952316284,3.7899999618530273,3406800,2013,6,28,5,15884
3.740000009536743,4.0,3.890000104904175,3.819999933242798,226800,2013,7,1,1,15887
3.7799999713897705,3.9100000858306885,3.8499999046325684,3.799999952316284,130500,2013,7,2,2,15888
3.7899999618530273,3.9200000762939453,3.859999895095825,3.890000104904175,43600,2013,7,3,3,15889
3.819999933242798,3.9100000858306885,3.890000104904175,3.9100000858306885,90700,2013,7,5,5,15891
3.7799999713897705,3.9100000858306885,3.9100000858306885,3.799999952316284,143600,2013,7,8,1,15894
3.75,3.859999895095825,3.819999933242798,3.75,129100,2013,7,9,2,15895
3.680000066757202,3.8499999046325684,3.7100000381469727,3.7699999809265137,158400,2013,7,10,3,15896
3.6700000762939453,3.8399999141693115,3.8399999141693115,3.690000057220459,152000,2013,7,11,4,15897
3.680000066757202,3.9100000858306885,3.700000047683716,3.7100000381469727,699300,2013,7,12,5,15898
3.7100000381469727,3.880000114440918,3.7300000190734863,3.880000114440918,168700,2013,7,15,1,15901
3.869999885559082,3.9600000381469727,3.9000000953674316,3.950000047683716,239500,2013,7,16,2,15902
3.8499999046325684,3.950000047683716,3.930000066757202,3.869999885559082,112600,2013,7,17,3,15903
3.869999885559082,4.130000114440918,3.940000057220459,4.019999980926514,636100,2013,7,18,4,15904
3.9600000381469727,4.099999904632568,4.0,3.9800000190734863,312600,2013,7,19,5,15905
3.940000057220459,4.0,4.0,3.950000047683716,213400,2013,7,22,1,15908
3.819999933242798,3.9700000286102295,3.9700000286102295,3.819999933242798,276100,2013,7,23,2,15909
3.799999952316284,3.9700000286102295,3.869999885559082,3.809999942779541,216600,2013,7,24,3,15910
3.690000057220459,3.7899999618530273,3.7899999618530273,3.700000047683716,264600,2013,7,25,4,15911
3.700000047683716,3.869999885559082,3.700000047683716,3.8499999046325684,166900,2013,7,26,5,15912
3.819999933242798,3.9700000286102295,3.8499999046325684,3.8499999046325684,314500,2013,7,29,1,15915
3.809999942779541,3.869999885559082,3.859999895095825,3.809999942779541,173600,2013,7,30,2,15916
3.799999952316284,3.859999895095825,3.809999942779541,3.8499999046325684,234000,2013,7,31,3,15917
3.819999933242798,3.880000114440918,3.859999895095825,3.819999933242798,142000,2013,8,1,4,15918
3.7799999713897705,3.859999895095825,3.8499999046325684,3.799999952316284,276700,2013,8,2,5,15919
3.759999990463257,3.8299999237060547,3.799999952316284,3.799999952316284,96600,2013,8,5,1,15922
3.690000057220459,3.799999952316284,3.799999952316284,3.7300000190734863,239700,2013,8,6,2,15923
3.549999952316284,3.75,3.700000047683716,3.690000057220459,311500,2013,8,7,3,15924
3.5999999046325684,3.700000047683716,3.680000066757202,3.5999999046325684,256300,2013,8,8,4,15925
3.5,3.630000114440918,3.630000114440918,3.5799999237060547,233500,2013,8,9,5,15926
3.4800000190734863,3.5899999141693115,3.5899999141693115,3.5199999809265137,152300,2013,8,12,1,15929
3.4800000190734863,3.5299999713897705,3.5,3.5,119900,2013,8,13,2,15930
3.450000047683716,3.559999942779541,3.450000047683716,3.4600000381469727,157900,2013,8,14,3,15931
3.4000000953674316,3.5,3.450000047683716,3.4200000762939453,103400,2013,8,15,4,15932
3.390000104904175,3.509999990463257,3.440000057220459,3.509999990463257,189700,2013,8,16,5,15933
3.299999952316284,3.549999952316284,3.5199999809265137,3.299999952316284,310200,2013,8,19,1,15936
3.2300000190734863,3.4000000953674316,3.3299999237060547,3.359999895095825,88000,2013,8,20,2,15937
3.299999952316284,3.5,3.3299999237060547,3.440000057220459,275400,2013,8,21,3,15938
3.490000009536743,3.7799999713897705,3.490000009536743,3.759999990463257,504000,2013,8,22,4,15939
3.75,3.940000057220459,3.7799999713897705,3.869999885559082,510600,2013,8,23,5,15940
3.799999952316284,3.9100000858306885,3.890000104904175,3.8499999046325684,232600,2013,8,26,1,15943
3.6500000953674316,3.8499999046325684,3.799999952316284,3.6500000953674316,324200,2013,8,27,2,15944
3.609999895095825,3.759999990463257,3.6500000953674316,3.680000066757202,172200,2013,8,28,3,15945
3.6500000953674316,3.740000009536743,3.6700000762939453,3.6600000858306885,157900,2013,8,29,4,15946
3.630000114440918,3.75,3.700000047683716,3.6500000953674316,166100,2013,8,30,5,15947
3.609999895095825,3.740000009536743,3.740000009536743,3.680000066757202,149500,2013,9,3,2,15951
3.6500000953674316,3.799999952316284,3.690000057220459,3.7100000381469727,246600,2013,9,4,3,15952
2.450000047683716,2.930000066757202,2.5299999713897705,2.8399999141693115,2748400,2013,9,5,4,15953
2.7699999809265137,2.930000066757202,2.9100000858306885,2.859999895095825,534400,2013,9,6,5,15954
2.75,2.930000066757202,2.9000000953674316,2.8499999046325684,460600,2013,9,9,1,15957
2.819999933242798,2.950000047683716,2.8499999046325684,2.8499999046325684,438500,2013,9,10,2,15958
2.619999885559082,2.859999895095825,2.8499999046325684,2.7899999618530273,361200,2013,9,11,3,15959
2.6500000953674316,2.799999952316284,2.7899999618530273,2.7200000286102295,244700,2013,9,12,4,15960
2.7300000190734863,2.8299999237060547,2.7300000190734863,2.7799999713897705,322500,2013,9,13,5,15961
2.740000009536743,2.8399999141693115,2.819999933242798,2.740000009536743,115000,2013,9,16,1,15964
2.950000047683716,3.680000066757202,3.319999933242798,3.0199999809265137,8990500,2013,9,17,2,15965
2.8499999046325684,3.0399999618530273,3.0199999809265137,2.930000066757202,1333800,2013,9,18,3,15966
2.859999895095825,3.0,3.0,2.9100000858306885,1029900,2013,9,19,4,15967
2.740000009536743,2.950000047683716,2.930000066757202,2.8499999046325684,747800,2013,9,20,5,15968
2.75,2.880000114440918,2.869999885559082,2.7699999809265137,397100,2013,9,23,1,15971
2.700000047683716,2.819999933242798,2.819999933242798,2.7100000381469727,407400,2013,9,24,2,15972
2.7200000286102295,2.880000114440918,2.7300000190734863,2.799999952316284,361500,2013,9,25,3,15973
2.759999990463257,2.9100000858306885,2.819999933242798,2.809999942779541,317200,2013,9,26,4,15974
2.799999952316284,2.880000114440918,2.8299999237060547,2.8299999237060547,214300,2013,9,27,5,15975
2.75,2.8299999237060547,2.8299999237060547,2.7699999809265137,278800,2013,9,30,1,15978
2.7200000286102295,2.8399999141693115,2.7799999713897705,2.8399999141693115,306400,2013,10,1,2,15979
2.7799999713897705,2.869999885559082,2.8399999141693115,2.819999933242798,187600,2013,10,2,3,15980
2.740000009536743,2.8499999046325684,2.8399999141693115,2.809999942779541,226500,2013,10,3,4,15981
2.700000047683716,2.8399999141693115,2.809999942779541,2.7300000190734863,290800,2013,10,4,5,15982
2.7300000190734863,2.809999942779541,2.7300000190734863,2.7799999713897705,263500,2013,10,7,1,15985
3.0,3.490000009536743,3.2899999618530273,3.0199999809265137,9325200,2013,10,8,2,15986
2.740000009536743,2.990000009536743,2.9600000381469727,2.9100000858306885,1508700,2013,10,9,3,15987
2.8499999046325684,3.0,2.950000047683716,2.940000057220459,584600,2013,10,10,4,15988
2.7899999618530273,2.9000000953674316,2.9000000953674316,2.809999942779541,558800,2013,10,11,5,15989
2.7200000286102295,2.809999942779541,2.799999952316284,2.75,407200,2013,10,14,1,15992
2.6500000953674316,2.759999990463257,2.759999990463257,2.6700000762939453,537700,2013,10,15,2,15993
2.6500000953674316,2.740000009536743,2.680000066757202,2.690000057220459,353000,2013,10,16,3,15994
2.7100000381469727,2.819999933242798,2.7300000190734863,2.819999933242798,473600,2013,10,17,4,15995
2.700000047683716,2.8399999141693115,2.809999942779541,2.700000047683716,197300,2013,10,18,5,15996
2.569999933242798,2.700000047683716,2.690000057220459,2.5999999046325684,452300,2013,10,21,1,15999
2.5,2.609999895095825,2.5999999046325684,2.5399999618530273,505300,2013,10,22,2,16000
2.5,2.619999885559082,2.5199999809265137,2.5399999618530273,314600,2013,10,23,3,16001
2.509999990463257,2.619999885559082,2.549999952316284,2.5299999713897705,275700,2013,10,24,4,16002
2.509999990463257,2.609999895095825,2.5399999618530273,2.609999895095825,203900,2013,10,25,5,16003
2.5,2.619999885559082,2.609999895095825,2.5199999809265137,235100,2013,10,28,1,16006
2.5,2.569999933242798,2.509999990463257,2.5399999618530273,221800,2013,10,29,2,16007
2.5,2.5799999237060547,2.5399999618530273,2.5,191900,2013,10,30,3,16008
2.4000000953674316,2.509999990463257,2.5,2.4200000762939453,364300,2013,10,31,4,16009
2.4100000858306885,2.490000009536743,2.430000066757202,2.4100000858306885,127900,2013,11,1,5,16010
2.4100000858306885,2.5,2.4100000858306885,2.4700000286102295,304400,2013,11,4,1,16013
2.430000066757202,2.490000009536743,2.4800000190734863,2.4600000381469727,211000,2013,11,5,2,16014
2.4000000953674316,2.4800000190734863,2.4800000190734863,2.4000000953674316,182000,2013,11,6,3,16015
2.5,3.0199999809265137,2.8399999141693115,2.619999885559082,1789800,2013,11,7,4,16016
2.549999952316284,2.680000066757202,2.6500000953674316,2.609999895095825,480600,2013,11,8,5,16017
2.5,2.619999885559082,2.609999895095825,2.5199999809265137,230100,2013,11,11,1,16020
2.4200000762939453,2.549999952316284,2.5299999713897705,2.4700000286102295,304700,2013,11,12,2,16021
2.430000066757202,2.5199999809265137,2.450000047683716,2.4700000286102295,162400,2013,11,13,3,16022
2.4600000381469727,2.5199999809265137,2.490000009536743,2.4800000190734863,174400,2013,11,14,4,16023
2.4600000381469727,2.5899999141693115,2.4700000286102295,2.509999990463257,211600,2013,11,15,5,16024
2.549999952316284,2.6700000762939453,2.6500000953674316,2.619999885559082,272300,2013,11,18,1,16027
2.559999942779541,2.7100000381469727,2.6500000953674316,2.6700000762939453,286400,2013,11,19,2,16028
2.559999942779541,2.690000057220459,2.6500000953674316,2.5899999141693115,161000,2013,11,20,3,16029
2.559999942779541,2.6500000953674316,2.5899999141693115,2.569999933242798,153200,2013,11,21,4,16030
2.509999990463257,2.5899999141693115,2.5899999141693115,2.5299999713897705,172300,2013,11,22,5,16031
2.4600000381469727,2.6700000762939453,2.5299999713897705,2.619999885559082,261400,2013,11,25,1,16034
2.619999885559082,2.7200000286102295,2.6700000762939453,2.640000104904175,181500,2013,11,26,2,16035
2.609999895095825,2.6700000762939453,2.6700000762939453,2.640000104904175,140300,2013,11,27,3,16036
2.609999895095825,2.680000066757202,2.640000104904175,2.640000104904175,98000,2013,11,29,5,16038
2.559999942779541,2.6500000953674316,2.630000114440918,2.609999895095825,167900,2013,12,2,1,16041
2.5199999809265137,2.5999999046325684,2.5899999141693115,2.5399999618530273,181300,2013,12,3,2,16042
2.5199999809265137,2.559999942779541,2.559999942779541,2.5199999809265137,97100,2013,12,4,3,16043
2.5199999809265137,2.6500000953674316,2.5199999809265137,2.569999933242798,166900,2013,12,5,4,16044
2.5199999809265137,2.5899999141693115,2.559999942779541,2.5799999237060547,140400,2013,12,6,5,16045
2.5299999713897705,2.5999999046325684,2.569999933242798,2.5799999237060547,221600,2013,12,9,1,16048
2.5,2.630000114440918,2.5799999237060547,2.509999990463257,246900,2013,12,10,2,16049
2.450000047683716,2.559999942779541,2.5199999809265137,2.5399999618530273,291900,2013,12,11,3,16050
2.430000066757202,2.549999952316284,2.5199999809265137,2.440000057220459,251600,2013,12,12,4,16051
2.4100000858306885,2.4800000190734863,2.4700000286102295,2.440000057220459,145000,2013,12,13,5,16052
2.7100000381469727,3.2100000381469727,3.130000114440918,2.75,9574900,2013,12,16,1,16055
2.619999885559082,2.9100000858306885,2.7200000286102295,2.819999933242798,1344800,2013,12,17,2,16056
2.6600000858306885,2.809999942779541,2.759999990463257,2.6700000762939453,615300,2013,12,18,3,16057
2.5399999618530273,2.6700000762939453,2.6500000953674316,2.5799999237060547,598800,2013,12,19,4,16058
2.5199999809265137,2.759999990463257,2.559999942779541,2.75,803500,2013,12,20,5,16059
2.700000047683716,2.809999942779541,2.799999952316284,2.7300000190734863,342300,2013,12,23,1,16062
2.680000066757202,2.7799999713897705,2.75,2.690000057220459,122100,2013,12,24,2,16063
2.680000066757202,2.7699999809265137,2.7100000381469727,2.700000047683716,192400,2013,12,26,4,16065
2.630000114440918,2.75,2.690000057220459,2.6700000762939453,286700,2013,12,27,5,16066
2.5899999141693115,2.690000057220459,2.690000057220459,2.6500000953674316,274600,2013,12,30,1,16069
2.5999999046325684,2.690000057220459,2.680000066757202,2.640000104904175,390600,2013,12,31,2,16070
2.6500000953674316,2.7799999713897705,2.6500000953674316,2.7799999713897705,382400,2014,1,2,4,16072
2.75,2.890000104904175,2.799999952316284,2.799999952316284,458800,2014,1,3,5,16073
2.700000047683716,2.890000104904175,2.7799999713897705,2.890000104904175,287700,2014,1,6,1,16076
2.7799999713897705,2.890000104904175,2.890000104904175,2.8299999237060547,289000,2014,1,7,2,16077
2.7300000190734863,2.880000114440918,2.8399999141693115,2.8299999237060547,301400,2014,1,8,3,16078
2.8499999046325684,3.1500000953674316,2.8499999046325684,3.0799999237060547,1374200,2014,1,9,4,16079
3.0199999809265137,3.2200000286102295,3.109999895095825,3.140000104904175,677900,2014,1,10,5,16080
2.9200000762939453,3.200000047683716,3.200000047683716,2.9800000190734863,592200,2014,1,13,1,16083
2.950000047683716,3.0999999046325684,3.009999990463257,3.0199999809265137,351000,2014,1,14,2,16084
2.9000000953674316,3.0899999141693115,3.0199999809265137,3.0299999713897705,639000,2014,1,15,3,16085
3.0299999713897705,3.0999999046325684,3.069999933242798,3.0999999046325684,230800,2014,1,16,4,16086
3.069999933242798,3.2799999713897705,3.0999999046325684,3.200000047683716,619900,2014,1,17,5,16087
3.190000057220459,3.380000114440918,3.3499999046325684,3.2699999809265137,761800,2014,1,21,2,16091
3.2699999809265137,3.440000057220459,3.299999952316284,3.3399999141693115,490400,2014,1,22,3,16092
3.109999895095825,3.5399999618530273,3.2699999809265137,3.4700000286102295,1209300,2014,1,23,4,16093
3.200000047683716,3.450000047683716,3.450000047683716,3.2699999809265137,666200,2014,1,24,5,16094
2.940000057220459,3.25,3.25,3.0899999141693115,674700,2014,1,27,1,16097
3.0299999713897705,3.180000066757202,3.0899999141693115,3.140000104904175,203900,2014,1,28,2,16098
3.049999952316284,3.1600000858306885,3.119999885559082,3.0899999141693115,172000,2014,1,29,3,16099
3.0999999046325684,3.2200000286102295,3.0999999046325684,3.1500000953674316,145500,2014,1,30,4,16100
3.0299999713897705,3.1600000858306885,3.059999942779541,3.0899999141693115,247100,2014,1,31,5,16101
2.9200000762939453,3.1500000953674316,3.109999895095825,2.930000066757202,439400,2014,2,3,1,16104
2.880000114440918,3.0,2.9100000858306885,2.9000000953674316,201200,2014,2,4,2,16105
2.6500000953674316,2.8499999046325684,2.799999952316284,2.7200000286102295,3921900,2014,2,5,3,16106
2.680000066757202,2.759999990463257,2.75,2.740000009536743,663400,2014,2,6,4,16107
2.7100000381469727,2.890000104904175,2.75,2.869999885559082,719700,2014,2,7,5,16108
2.869999885559082,3.0,2.869999885559082,2.9200000762939453,489600,2014,2,10,1,16111
2.9700000286102295,3.180000066757202,3.0,3.0199999809265137,1095800,2014,2,11,2,16112
2.950000047683716,3.0999999046325684,3.0399999618530273,3.0299999713897705,759600,2014,2,12,3,16113
3.0399999618530273,3.119999885559082,3.0399999618530273,3.049999952316284,594400,2014,2,13,4,16114
3.0,3.180000066757202,3.0899999141693115,3.0,625700,2014,2,14,5,16115
3.0,3.069999933242798,3.0199999809265137,3.049999952316284,379100,2014,2,18,2,16119
2.9600000381469727,3.4000000953674316,3.059999942779541,3.369999885559082,1554100,2014,2,19,3,16120
3.4100000858306885,3.8299999237060547,3.4100000858306885,3.630000114440918,2647700,2014,2,20,4,16121
3.5999999046325684,4.039999961853027,3.7200000286102295,3.880000114440918,2554700,2014,2,21,5,16122
3.9200000762939453,4.320000171661377,4.150000095367432,4.210000038146973,2524100,2014,2,24,1,16125
3.9600000381469727,4.599999904632568,4.190000057220459,4.489999771118164,2217800,2014,2,25,2,16126
4.449999809265137,5.179999828338623,4.480000019073486,5.099999904632568,3284300,2014,2,26,3,16127
4.789999961853027,5.269999980926514,5.039999961853027,4.889999866485596,2041600,2014,2,27,4,16128
4.599999904632568,5.079999923706055,4.849999904632568,4.889999866485596,1416800,2014,2,28,5,16129
4.409999847412109,4.860000133514404,4.820000171661377,4.840000152587891,1903400,2014,3,3,1,16132
4.710000038146973,4.96999979019165,4.880000114440918,4.760000228881836,958000,2014,3,4,2,16133
4.75,5.179999828338623,4.75,4.96999979019165,1371700,2014,3,5,3,16134
4.659999847412109,5.090000152587891,5.019999980926514,4.78000020980835,970100,2014,3,6,4,16135
4.190000057220459,4.820000171661377,4.769999980926514,4.389999866485596,1461300,2014,3,7,5,16136
4.269999980926514,4.53000020980835,4.269999980926514,4.409999847412109,661000,2014,3,10,1,16139
4.150000095367432,4.46999979019165,4.420000076293945,4.179999828338623,1130200,2014,3,11,2,16140
4.119999885559082,4.329999923706055,4.199999809265137,4.21999979019165,637000,2014,3,12,3,16141
4.03000020980835,4.28000020980835,4.25,4.079999923706055,542900,2014,3,13,4,16142
4.159999847412109,4.53000020980835,4.21999979019165,4.320000171661377,1362000,2014,3,14,5,16143
4.110000133514404,4.449999809265137,4.340000152587891,4.150000095367432,699900,2014,3,17,1,16146
4.079999923706055,4.349999904632568,4.159999847412109,4.289999961853027,554400,2014,3,18,2,16147
4.21999979019165,4.400000095367432,4.320000171661377,4.300000190734863,425200,2014,3,19,3,16148
3.369999885559082,4.019999980926514,3.4100000858306885,3.799999952316284,3530000,2014,3,20,4,16149
3.5,3.8499999046325684,3.7899999618530273,3.640000104904175,1487700,2014,3,21,5,16150
3.190000057220459,3.640000104904175,3.630000114440918,3.4100000858306885,1816400,2014,3,24,1,16153
3.2300000190734863,3.4800000190734863,3.4200000762939453,3.319999933242798,808700,2014,3,25,2,16154
3.1600000858306885,3.440000057220459,3.369999885559082,3.2300000190734863,488100,2014,3,26,3,16155
3.059999942779541,3.259999990463257,3.1700000762939453,3.25,522200,2014,3,27,4,16156
3.200000047683716,3.380000114440918,3.2699999809265137,3.2200000286102295,573600,2014,3,28,5,16157
3.049999952316284,3.319999933242798,3.25,3.1700000762939453,499200,2014,3,31,1,16160
2.990000009536743,3.4600000381469727,3.2100000381469727,3.309999942779541,1705900,2014,4,1,2,16161
3.0,3.25,3.0,3.2100000381469727,1352800,2014,4,2,3,16162
3.009999990463257,3.359999895095825,3.240000009536743,3.059999942779541,1327000,2014,4,3,4,16163
2.7899999618530273,3.0799999237060547,3.0799999237060547,2.799999952316284,1092800,2014,4,4,5,16164
2.700000047683716,2.9700000286102295,2.799999952316284,2.819999933242798,837700,2014,4,7,1,16167
2.7200000286102295,2.8399999141693115,2.799999952316284,2.75,522200,2014,4,8,2,16168
2.759999990463257,2.9700000286102295,2.7899999618530273,2.940000057220459,439900,2014,4,9,3,16169
2.799999952316284,2.990000009536743,2.9600000381469727,2.8399999141693115,547700,2014,4,10,4,16170
2.640000104904175,2.869999885559082,2.8499999046325684,2.700000047683716,698300,2014,4,11,5,16171
2.5,2.7699999809265137,2.740000009536743,2.5399999618530273,649100,2014,4,14,1,16174
2.2699999809265137,2.700000047683716,2.4200000762939453,2.4800000190734863,1154700,2014,4,15,2,16175
2.3399999141693115,2.5999999046325684,2.5199999809265137,2.4100000858306885,698200,2014,4,16,3,16176
2.369999885559082,2.569999933242798,2.430000066757202,2.549999952316284,386900,2014,4,17,4,16177
2.4600000381469727,2.5799999237060547,2.569999933242798,2.569999933242798,259900,2014,4,21,1,16181
2.569999933242798,2.75,2.5799999237060547,2.7200000286102295,408800,2014,4,22,2,16182
2.609999895095825,2.7799999713897705,2.740000009536743,2.6600000858306885,260400,2014,4,23,3,16183
2.569999933242798,2.740000009536743,2.680000066757202,2.7100000381469727,259100,2014,4,24,4,16184
2.5399999618530273,2.7200000286102295,2.7100000381469727,2.559999942779541,315200,2014,4,25,5,16185
2.7200000286102295,3.119999885559082,2.759999990463257,3.059999942779541,3662000,2014,4,28,1,16188
2.859999895095825,3.0899999141693115,3.049999952316284,2.940000057220459,912700,2014,4,29,2,16189
2.740000009536743,2.940000057220459,2.940000057220459,2.8399999141693115,600200,2014,4,30,3,16190
2.700000047683716,2.9000000953674316,2.890000104904175,2.7899999618530273,325300,2014,5,1,4,16191
2.6600000858306885,2.940000057220459,2.7799999713897705,2.740000009536743,667600,2014,5,2,5,16192
2.5999999046325684,2.799999952316284,2.7100000381469727,2.7899999618530273,402800,2014,5,5,1,16195
2.619999885559082,2.8399999141693115,2.7699999809265137,2.7200000286102295,309300,2014,5,6,2,16196
2.5999999046325684,2.7300000190734863,2.690000057220459,2.7100000381469727,335200,2014,5,7,3,16197
2.4800000190734863,2.75,2.75,2.490000009536743,522200,2014,5,8,4,16198
2.4800000190734863,2.5999999046325684,2.4800000190734863,2.569999933242798,302000,2014,5,9,5,16199
2.509999990463257,2.6600000858306885,2.5199999809265137,2.6500000953674316,601500,2014,5,12,1,16202
2.5999999046325684,2.700000047683716,2.630000114440918,2.6700000762939453,117000,2014,5,13,2,16203
2.609999895095825,2.8499999046325684,2.690000057220459,2.6600000858306885,442900,2014,5,14,3,16204
2.549999952316284,2.680000066757202,2.6500000953674316,2.630000114440918,251300,2014,5,15,4,16205
2.549999952316284,2.6700000762939453,2.5999999046325684,2.6700000762939453,262400,2014,5,16,5,16206
2.619999885559082,2.700000047683716,2.619999885559082,2.700000047683716,234600,2014,5,19,1,16209
2.609999895095825,2.700000047683716,2.6600000858306885,2.630000114440918,312200,2014,5,20,2,16210
2.549999952316284,2.680000066757202,2.619999885559082,2.569999933242798,249200,2014,5,21,3,16211
2.5199999809265137,2.630000114440918,2.630000114440918,2.609999895095825,287700,2014,5,22,4,16212
2.559999942779541,2.6600000858306885,2.619999885559082,2.640000104904175,164000,2014,5,23,5,16213
2.609999895095825,2.75,2.6500000953674316,2.7100000381469727,238900,2014,5,27,2,16217
2.6700000762939453,2.9000000953674316,2.799999952316284,2.859999895095825,413100,2014,5,28,3,16218
2.8299999237060547,2.9600000381469727,2.890000104904175,2.9000000953674316,408800,2014,5,29,4,16219
2.880000114440918,3.0999999046325684,2.890000104904175,3.0199999809265137,681200,2014,5,30,5,16220
2.890000104904175,3.119999885559082,3.049999952316284,3.0299999713897705,462600,2014,6,2,1,16223
2.9600000381469727,3.1500000953674316,2.9800000190734863,3.140000104904175,657600,2014,6,3,2,16224
3.059999942779541,3.319999933242798,3.059999942779541,3.130000114440918,840800,2014,6,4,3,16225
3.059999942779541,3.2300000190734863,3.069999933242798,3.1500000953674316,456200,2014,6,5,4,16226
3.0299999713897705,3.2200000286102295,3.1700000762939453,3.190000057220459,269000,2014,6,6,5,16227
3.130000114440918,3.3499999046325684,3.200000047683716,3.2799999713897705,432200,2014,6,9,1,16230
3.200000047683716,3.3399999141693115,3.299999952316284,3.2699999809265137,267900,2014,6,10,2,16231
3.2100000381469727,3.3399999141693115,3.259999990463257,3.2899999618530273,239700,2014,6,11,3,16232
3.25,3.380000114440918,3.2799999713897705,3.359999895095825,416000,2014,6,12,4,16233
3.3299999237060547,3.5799999237060547,3.390000104904175,3.509999990463257,614200,2014,6,13,5,16234
3.509999990463257,3.799999952316284,3.5299999713897705,3.5999999046325684,747800,2014,6,16,1,16237
3.4000000953674316,3.6500000953674316,3.5799999237060547,3.609999895095825,492000,2014,6,17,2,16238
3.4200000762939453,3.5999999046325684,3.5999999046325684,3.5799999237060547,332400,2014,6,18,3,16239
3.3299999237060547,3.5999999046325684,3.5999999046325684,3.369999885559082,496900,2014,6,19,4,16240
3.2699999809265137,3.559999942779541,3.359999895095825,3.549999952316284,580900,2014,6,20,5,16241
3.369999885559082,3.619999885559082,3.559999942779541,3.430000066757202,318100,2014,6,23,1,16244
3.3399999141693115,3.490000009536743,3.450000047683716,3.390000104904175,323300,2014,6,24,2,16245
3.3399999141693115,3.4800000190734863,3.359999895095825,3.430000066757202,443600,2014,6,25,3,16246
3.450000047683716,3.950000047683716,3.859999895095825,3.569999933242798,3308600,2014,6,26,4,16247
3.200000047683716,3.6700000762939453,3.5899999141693115,3.4000000953674316,8424400,2014,6,27,5,16248
3.119999885559082,3.450000047683716,3.369999885559082,3.2200000286102295,1203100,2014,6,30,1,16251
3.5199999809265137,4.050000190734863,3.940000057220459,3.549999952316284,9231700,2014,7,1,2,16252
3.569999933242798,3.799999952316284,3.640000104904175,3.799999952316284,2174600,2014,7,2,3,16253
3.8499999046325684,4.019999980926514,3.859999895095825,3.950000047683716,1960600,2014,7,3,4,16254
3.5899999141693115,3.9700000286102295,3.9600000381469727,3.619999885559082,1833000,2014,7,7,1,16258
3.319999933242798,3.7100000381469727,3.609999895095825,3.4000000953674316,1362600,2014,7,8,2,16259
3.319999933242798,3.4800000190734863,3.390000104904175,3.3399999141693115,668800,2014,7,9,3,16260
3.1500000953674316,3.359999895095825,3.25,3.2699999809265137,862300,2014,7,10,4,16261
3.2200000286102295,3.3399999141693115,3.2699999809265137,3.25,383500,2014,7,11,5,16262
3.2100000381469727,3.3499999046325684,3.299999952316284,3.259999990463257,565300,2014,7,14,1,16265
3.0899999141693115,3.2699999809265137,3.25,3.119999885559082,732000,2014,7,15,2,16266
3.0,3.109999895095825,3.109999895095825,3.0799999237060547,599300,2014,7,16,3,16267
2.9100000858306885,3.109999895095825,3.0399999618530273,2.940000057220459,1406400,2014,7,17,4,16268
2.930000066757202,3.0299999713897705,2.940000057220459,3.0,606900,2014,7,18,5,16269
2.9200000762939453,3.0,2.9600000381469727,2.9600000381469727,470700,2014,7,21,1,16272
2.950000047683716,3.0899999141693115,2.9700000286102295,3.049999952316284,405200,2014,7,22,2,16273
2.990000009536743,3.1600000858306885,3.059999942779541,3.049999952316284,794700,2014,7,23,3,16274
3.1700000762939453,3.4000000953674316,3.2200000286102295,3.390000104904175,1926100,2014,7,24,4,16275
3.119999885559082,3.3499999046325684,3.3299999237060547,3.240000009536743,936000,2014,7,25,5,16276
3.1700000762939453,3.2899999618530273,3.2300000190734863,3.2300000190734863,567600,2014,7,28,1,16279
3.2100000381469727,3.3299999237060547,3.25,3.2799999713897705,405500,2014,7,29,2,16280
3.2300000190734863,3.430000066757202,3.299999952316284,3.4000000953674316,686600,2014,7,30,3,16281
3.2100000381469727,3.390000104904175,3.2799999713897705,3.299999952316284,938100,2014,7,31,4,16282
3.2300000190734863,3.380000114440918,3.299999952316284,3.2799999713897705,360900,2014,8,1,5,16283
3.2200000286102295,3.359999895095825,3.299999952316284,3.3499999046325684,333000,2014,8,4,1,16286
3.2799999713897705,3.4200000762939453,3.299999952316284,3.390000104904175,532000,2014,8,5,2,16287
3.369999885559082,3.5199999809265137,3.380000114440918,3.490000009536743,423000,2014,8,6,3,16288
3.369999885559082,3.5399999618530273,3.4800000190734863,3.380000114440918,450200,2014,8,7,4,16289
3.319999933242798,3.4100000858306885,3.390000104904175,3.4100000858306885,265000,2014,8,8,5,16290
3.380000114440918,3.509999990463257,3.430000066757202,3.440000057220459,272200,2014,8,11,1,16293
3.2899999618530273,3.440000057220459,3.440000057220459,3.319999933242798,212500,2014,8,12,2,16294
3.259999990463257,3.319999933242798,3.319999933242798,3.2899999618530273,270600,2014,8,13,3,16295
3.25,3.3499999046325684,3.299999952316284,3.299999952316284,264000,2014,8,14,4,16296
3.200000047683716,3.3299999237060547,3.3299999237060547,3.2799999713897705,258400,2014,8,15,5,16297
3.2699999809265137,3.3399999141693115,3.319999933242798,3.3399999141693115,270400,2014,8,18,1,16300
3.240000009536743,3.3499999046325684,3.3299999237060547,3.2899999618530273,242900,2014,8,19,2,16301
3.1600000858306885,3.2699999809265137,3.2699999809265137,3.190000057220459,594500,2014,8,20,3,16302
3.0799999237060547,3.200000047683716,3.1700000762939453,3.119999885559082,468800,2014,8,21,4,16303
3.049999952316284,3.130000114440918,3.0999999046325684,3.069999933242798,491800,2014,8,22,5,16304
3.0899999141693115,3.2300000190734863,3.119999885559082,3.0999999046325684,431800,2014,8,25,1,16307
3.059999942779541,3.1700000762939453,3.109999895095825,3.1600000858306885,361400,2014,8,26,2,16308
3.130000114440918,3.200000047683716,3.1500000953674316,3.1700000762939453,215900,2014,8,27,3,16309
3.0999999046325684,3.200000047683716,3.180000066757202,3.1500000953674316,320000,2014,8,28,4,16310
3.0899999141693115,3.1700000762939453,3.1600000858306885,3.140000104904175,269600,2014,8,29,5,16311
3.119999885559082,3.190000057220459,3.140000104904175,3.180000066757202,271400,2014,9,2,2,16315
3.0899999141693115,3.2100000381469727,3.180000066757202,3.0999999046325684,302000,2014,9,3,3,16316
3.0299999713897705,3.109999895095825,3.0899999141693115,3.049999952316284,377100,2014,9,4,4,16317
2.9600000381469727,3.049999952316284,3.0399999618530273,3.009999990463257,473500,2014,9,5,5,16318
2.930000066757202,3.049999952316284,2.990000009536743,3.0199999809265137,331100,2014,9,8,1,16321
2.9200000762939453,3.0199999809265137,3.0,2.9600000381469727,327700,2014,9,9,2,16322
2.9200000762939453,3.140000104904175,2.9700000286102295,3.119999885559082,398300,2014,9,10,3,16323
3.0299999713897705,3.190000057220459,3.0899999141693115,3.180000066757202,274400,2014,9,11,4,16324
3.0999999046325684,3.2100000381469727,3.190000057220459,3.119999885559082,166100,2014,9,12,5,16325
2.940000057220459,3.119999885559082,3.119999885559082,2.9600000381469727,295900,2014,9,15,1,16328
2.9000000953674316,3.0399999618530273,2.9600000381469727,3.0299999713897705,323000,2014,9,16,2,16329
2.9600000381469727,3.059999942779541,3.0199999809265137,2.990000009536743,154100,2014,9,17,3,16330
2.940000057220459,3.009999990463257,3.009999990463257,2.9800000190734863,214600,2014,9,18,4,16331
2.880000114440918,3.0199999809265137,2.950000047683716,2.9200000762939453,604100,2014,9,19,5,16332
2.859999895095825,2.940000057220459,2.930000066757202,2.880000114440918,248100,2014,9,22,1,16335
2.799999952316284,2.9100000858306885,2.9000000953674316,2.819999933242798,285500,2014,9,23,2,16336
2.75,2.859999895095825,2.809999942779541,2.809999942779541,383000,2014,9,24,3,16337
2.75,2.9200000762939453,2.809999942779541,2.9000000953674316,422400,2014,9,25,4,16338
2.890000104904175,2.950000047683716,2.9000000953674316,2.950000047683716,172400,2014,9,26,5,16339
2.9100000858306885,3.1600000858306885,2.9100000858306885,3.130000114440918,570500,2014,9,29,1,16342
3.0999999046325684,3.2200000286102295,3.130000114440918,3.109999895095825,626100,2014,9,30,2,16343
2.9600000381469727,3.1700000762939453,3.119999885559082,2.9700000286102295,464800,2014,10,1,3,16344
2.930000066757202,3.0999999046325684,2.990000009536743,2.9800000190734863,485700,2014,10,2,4,16345
2.930000066757202,3.0399999618530273,3.0399999618530273,2.940000057220459,287600,2014,10,3,5,16346
2.8499999046325684,2.9600000381469727,2.940000057220459,2.8499999046325684,238500,2014,10,6,1,16349
2.7799999713897705,2.890000104904175,2.799999952316284,2.7899999618530273,372000,2014,10,7,2,16350
2.700000047683716,2.8299999237060547,2.799999952316284,2.809999942779541,446200,2014,10,8,3,16351
2.6700000762939453,2.819999933242798,2.809999942779541,2.6700000762939453,260800,2014,10,9,4,16352
2.5999999046325684,2.740000009536743,2.640000104904175,2.609999895095825,215700,2014,10,10,5,16353
2.559999942779541,2.819999933242798,2.5799999237060547,2.700000047683716,682500,2014,10,13,1,16356
2.6500000953674316,2.799999952316284,2.759999990463257,2.7200000286102295,365300,2014,10,14,2,16357
2.6600000858306885,2.950000047683716,2.680000066757202,2.950000047683716,602200,2014,10,15,3,16358
2.9000000953674316,3.0899999141693115,2.9000000953674316,3.0399999618530273,528400,2014,10,16,4,16359
2.880000114440918,3.0899999141693115,3.0799999237060547,2.9000000953674316,371000,2014,10,17,5,16360
2.9100000858306885,3.0399999618530273,2.9100000858306885,2.9800000190734863,165200,2014,10,20,1,16363
2.890000104904175,3.0299999713897705,2.9800000190734863,3.0,169800,2014,10,21,2,16364
2.950000047683716,3.059999942779541,3.0199999809265137,3.0,315300,2014,10,22,3,16365
2.990000009536743,3.0999999046325684,3.0199999809265137,3.0799999237060547,246000,2014,10,23,4,16366
2.9800000190734863,3.0999999046325684,3.0899999141693115,3.0,193000,2014,10,24,5,16367
2.9600000381469727,3.049999952316284,3.0,3.0399999618530273,124100,2014,10,27,1,16370
3.0199999809265137,3.25,3.059999942779541,3.180000066757202,556100,2014,10,28,2,16371
3.0,3.2300000190734863,3.1600000858306885,3.0199999809265137,200300,2014,10,29,3,16372
3.0,3.1700000762939453,3.009999990463257,3.0899999141693115,235600,2014,10,30,4,16373
2.890000104904175,3.180000066757202,3.180000066757202,2.9800000190734863,610700,2014,10,31,5,16374
2.950000047683716,3.049999952316284,3.0,3.0,332200,2014,11,3,1,16377
2.9000000953674316,3.0399999618530273,3.0,3.0,203500,2014,11,4,2,16378
2.9600000381469727,3.059999942779541,3.0,3.0,263700,2014,11,5,3,16379
2.9800000190734863,3.049999952316284,3.009999990463257,3.049999952316284,206400,2014,11,6,4,16380
2.940000057220459,3.069999933242798,3.069999933242798,3.0199999809265137,268900,2014,11,7,5,16381
2.9600000381469727,3.049999952316284,3.049999952316284,3.0399999618530273,301000,2014,11,10,1,16384
2.940000057220459,3.1600000858306885,3.0199999809265137,3.069999933242798,467100,2014,11,11,2,16385
2.990000009536743,3.0999999046325684,3.049999952316284,3.009999990463257,319500,2014,11,12,3,16386
2.9600000381469727,3.0799999237060547,2.990000009536743,2.9800000190734863,305800,2014,11,13,4,16387
2.930000066757202,3.0,2.990000009536743,2.9800000190734863,373700,2014,11,14,5,16388
2.930000066757202,3.0,2.9800000190734863,2.9700000286102295,340700,2014,11,17,1,16391
2.940000057220459,3.0,3.0,2.9600000381469727,215600,2014,11,18,2,16392
2.880000114440918,2.9700000286102295,2.9600000381469727,2.930000066757202,288300,2014,11,19,3,16393
2.880000114440918,2.9800000190734863,2.9100000858306885,2.9700000286102295,196500,2014,11,20,4,16394
2.9200000762939453,3.0199999809265137,3.0199999809265137,2.930000066757202,218300,2014,11,21,5,16395
2.9000000953674316,2.9700000286102295,2.930000066757202,2.950000047683716,243600,2014,11,24,1,16398
2.9100000858306885,3.0,2.940000057220459,2.9600000381469727,265400,2014,11,25,2,16399
2.950000047683716,3.009999990463257,2.950000047683716,3.0,304700,2014,11,26,3,16400
2.9600000381469727,3.0399999618530273,3.0,2.9600000381469727,245000,2014,11,28,5,16402
2.950000047683716,3.0199999809265137,2.9700000286102295,2.9600000381469727,303700,2014,12,1,1,16405
2.9700000286102295,3.009999990463257,2.9800000190734863,3.0,285400,2014,12,2,2,16406
2.9700000286102295,3.069999933242798,2.9800000190734863,3.0299999713897705,489500,2014,12,3,3,16407
2.9800000190734863,3.059999942779541,3.0299999713897705,2.990000009536743,385700,2014,12,4,4,16408
2.990000009536743,3.130000114440918,2.990000009536743,3.109999895095825,586900,2014,12,5,5,16409
3.109999895095825,3.490000009536743,3.119999885559082,3.259999990463257,1518500,2014,12,8,1,16412
3.1700000762939453,3.299999952316284,3.240000009536743,3.2699999809265137,615500,2014,12,9,2,16413
3.0199999809265137,3.2699999809265137,3.2699999809265137,3.0299999713897705,544900,2014,12,10,3,16414
3.0,3.1500000953674316,3.0399999618530273,3.1500000953674316,481100,2014,12,11,4,16415
3.049999952316284,3.25,3.0799999237060547,3.2200000286102295,1089700,2014,12,12,5,16416
3.25,3.4000000953674316,3.2699999809265137,3.2699999809265137,824700,2014,12,15,1,16419
3.2200000286102295,3.3299999237060547,3.240000009536743,3.259999990463257,503700,2014,12,16,2,16420
3.2300000190734863,3.369999885559082,3.259999990463257,3.3499999046325684,561500,2014,12,17,3,16421
3.5899999141693115,3.9600000381469727,3.75,3.930000066757202,2857000,2014,12,18,4,16422
3.9200000762939453,4.260000228881836,4.0,3.990000009536743,2866600,2014,12,19,5,16423
3.859999895095825,4.079999923706055,4.03000020980835,3.950000047683716,850200,2014,12,22,1,16426
3.7799999713897705,4.0,3.9800000190734863,3.8499999046325684,596100,2014,12,23,2,16427
3.809999942779541,3.940000057220459,3.890000104904175,3.8499999046325684,266500,2014,12,24,3,16428
3.8499999046325684,4.150000095367432,3.9000000953674316,4.130000114440918,754500,2014,12,26,5,16430
3.9700000286102295,4.28000020980835,4.150000095367432,4.0,754300,2014,12,29,1,16433
3.9600000381469727,4.099999904632568,3.9700000286102295,4.010000228881836,397100,2014,12,30,2,16434
3.930000066757202,4.090000152587891,4.050000190734863,3.9700000286102295,452900,2014,12,31,3,16435
3.880000114440918,4.019999980926514,3.9700000286102295,3.9800000190734863,390100,2015,1,2,5,16437
3.950000047683716,4.25,3.990000009536743,4.170000076293945,665600,2015,1,5,1,16440
3.799999952316284,4.340000152587891,4.199999809265137,3.9100000858306885,960900,2015,1,6,2,16441
3.9100000858306885,4.050000190734863,3.950000047683716,4.010000228881836,636800,2015,1,7,3,16442
4.010000228881836,4.150000095367432,4.03000020980835,4.110000133514404,622200,2015,1,8,4,16443
4.880000114440918,5.800000190734863,5.119999885559082,5.289999961853027,29078800,2015,1,9,5,16444
5.900000095367432,6.489999771118164,6.099999904632568,6.170000076293945,27631400,2015,1,12,1,16447
5.5,6.090000152587891,6.010000228881836,5.699999809265137,9062400,2015,1,13,2,16448
5.300000190734863,5.809999942779541,5.409999847412109,5.590000152587891,3982400,2015,1,14,3,16449
5.300000190734863,5.690000057220459,5.570000171661377,5.320000171661377,2043200,2015,1,15,4,16450
5.300000190734863,5.690000057220459,5.300000190734863,5.619999885559082,1876100,2015,1,16,5,16451
5.300000190734863,5.889999866485596,5.619999885559082,5.699999809265137,2638600,2015,1,20,2,16455
5.320000171661377,5.75,5.659999847412109,5.369999885559082,1817600,2015,1,21,3,16456
4.949999809265137,5.449999809265137,5.389999866485596,5.25,2031900,2015,1,22,4,16457
4.909999847412109,5.150000095367432,5.099999904632568,4.960000038146973,2242700,2015,1,23,5,16458
4.909999847412109,5.300000190734863,4.909999847412109,5.25,1585300,2015,1,26,1,16461
5.130000114440918,5.389999866485596,5.199999809265137,5.260000228881836,1147200,2015,1,27,2,16462
5.019999980926514,5.349999904632568,5.25,5.059999942779541,1091700,2015,1,28,3,16463
5.050000190734863,5.349999904632568,5.090000152587891,5.21999979019165,1206600,2015,1,29,4,16464
5.019999980926514,5.320000171661377,5.190000057220459,5.03000020980835,852200,2015,1,30,5,16465
4.78000020980835,5.099999904632568,5.039999961853027,4.829999923706055,1565100,2015,2,2,1,16468
4.559999942779541,4.920000076293945,4.829999923706055,4.630000114440918,1573600,2015,2,3,2,16469
4.5,4.710000038146973,4.570000171661377,4.590000152587891,955300,2015,2,4,3,16470
4.590000152587891,4.789999961853027,4.599999904632568,4.769999980926514,887900,2015,2,5,4,16471
4.650000095367432,4.940000057220459,4.78000020980835,4.679999828338623,983400,2015,2,6,5,16472
4.650000095367432,5.0,4.670000076293945,4.849999904632568,1034500,2015,2,9,1,16475
4.849999904632568,5.179999828338623,4.889999866485596,5.130000114440918,1262000,2015,2,10,2,16476
4.869999885559082,5.159999847412109,5.110000133514404,4.929999828338623,1234600,2015,2,11,3,16477
4.889999866485596,5.070000171661377,4.980000019073486,5.039999961853027,609100,2015,2,12,4,16478
4.920000076293945,5.110000133514404,5.070000171661377,5.03000020980835,775700,2015,2,13,5,16479
4.96999979019165,5.25,5.0,5.159999847412109,1204200,2015,2,17,2,16483
5.090000152587891,5.25,5.190000057220459,5.130000114440918,709300,2015,2,18,3,16484
5.119999885559082,5.349999904632568,5.119999885559082,5.150000095367432,1171800,2015,2,19,4,16485
5.139999866485596,5.28000020980835,5.159999847412109,5.199999809265137,815900,2015,2,20,5,16486
5.199999809265137,5.599999904632568,5.269999980926514,5.570000171661377,1777200,2015,2,23,1,16489
5.309999942779541,5.639999866485596,5.599999904632568,5.400000095367432,1225100,2015,2,24,2,16490
5.320000171661377,5.599999904632568,5.400000095367432,5.5,943100,2015,2,25,3,16491
4.900000095367432,5.21999979019165,5.21999979019165,5.039999961853027,1885000,2015,2,26,4,16492
4.880000114440918,5.150000095367432,5.079999923706055,4.900000095367432,1244000,2015,2,27,5,16493
4.809999942779541,4.96999979019165,4.869999885559082,4.880000114440918,1029700,2015,3,2,1,16496
4.760000228881836,4.929999828338623,4.849999904632568,4.849999904632568,667100,2015,3,3,2,16497
4.800000190734863,5.130000114440918,4.840000152587891,5.090000152587891,737900,2015,3,4,3,16498
5.070000171661377,5.380000114440918,5.090000152587891,5.28000020980835,817800,2015,3,5,4,16499
5.090000152587891,5.28000020980835,5.28000020980835,5.110000133514404,553200,2015,3,6,5,16500
4.960000038146973,5.170000076293945,5.170000076293945,5.099999904632568,726400,2015,3,9,1,16503
4.980000019073486,5.28000020980835,5.050000190734863,5.21999979019165,668200,2015,3,10,2,16504
5.119999885559082,5.449999809265137,5.28000020980835,5.400000095367432,965800,2015,3,11,3,16505
5.400000095367432,5.650000095367432,5.449999809265137,5.550000190734863,1107400,2015,3,12,4,16506
5.25,5.650000095367432,5.559999942779541,5.420000076293945,776300,2015,3,13,5,16507
5.320000171661377,5.53000020980835,5.440000057220459,5.360000133514404,442700,2015,3,16,1,16510
5.349999904632568,5.489999771118164,5.440000057220459,5.409999847412109,414500,2015,3,17,2,16511
5.150000095367432,5.489999771118164,5.409999847412109,5.289999961853027,712700,2015,3,18,3,16512
5.179999828338623,5.590000152587891,5.269999980926514,5.550000190734863,1084400,2015,3,19,4,16513
5.260000228881836,5.769999980926514,5.599999904632568,5.400000095367432,1652400,2015,3,20,5,16514
5.150000095367432,5.380000114440918,5.349999904632568,5.159999847412109,801000,2015,3,23,1,16517
5.070000171661377,5.28000020980835,5.119999885559082,5.25,691300,2015,3,24,2,16518
4.900000095367432,5.340000152587891,5.269999980926514,4.900000095367432,1472400,2015,3,25,3,16519
4.579999923706055,4.920000076293945,4.920000076293945,4.679999828338623,1238200,2015,3,26,4,16520
4.699999809265137,4.900000095367432,4.710000038146973,4.889999866485596,871500,2015,3,27,5,16521
4.820000171661377,5.199999809265137,4.900000095367432,5.159999847412109,1198400,2015,3,30,1,16524
5.0,5.210000038146973,5.110000133514404,5.130000114440918,698600,2015,3,31,2,16525
4.900000095367432,5.289999961853027,5.130000114440918,5.28000020980835,1358200,2015,4,1,3,16526
5.139999866485596,5.349999904632568,5.300000190734863,5.28000020980835,984400,2015,4,2,4,16527
5.21999979019165,5.349999904632568,5.269999980926514,5.269999980926514,569800,2015,4,6,1,16531
5.170000076293945,5.349999904632568,5.260000228881836,5.239999771118164,926100,2015,4,7,2,16532
5.199999809265137,5.449999809265137,5.289999961853027,5.429999828338623,839100,2015,4,8,3,16533
5.179999828338623,5.53000020980835,5.460000038146973,5.300000190734863,684800,2015,4,9,4,16534
5.199999809265137,5.449999809265137,5.269999980926514,5.420000076293945,601300,2015,4,10,5,16535
5.400000095367432,5.650000095367432,5.400000095367432,5.539999961853027,865400,2015,4,13,1,16538
5.440000057220459,5.679999828338623,5.519999980926514,5.539999961853027,717300,2015,4,14,2,16539
5.409999847412109,5.670000076293945,5.539999961853027,5.559999942779541,876000,2015,4,15,3,16540
5.519999980926514,5.650000095367432,5.570000171661377,5.619999885559082,492900,2015,4,16,4,16541
5.449999809265137,5.630000114440918,5.579999923706055,5.570000171661377,670000,2015,4,17,5,16542
5.480000019073486,5.900000095367432,5.590000152587891,5.739999771118164,1803800,2015,4,20,1,16545
5.710000038146973,5.949999809265137,5.789999961853027,5.869999885559082,911700,2015,4,21,2,16546
5.820000171661377,6.139999866485596,5.900000095367432,6.079999923706055,1499900,2015,4,22,3,16547
5.599999904632568,6.400000095367432,6.050000190734863,6.369999885559082,2240400,2015,4,23,4,16548
6.449999809265137,7.449999809265137,6.5,7.119999885559082,4846300,2015,4,24,5,16549
7.019999980926514,7.980000019073486,7.349999904632568,7.239999771118164,5382400,2015,4,27,1,16552
6.849999904632568,8.0,7.96999979019165,6.929999828338623,8675300,2015,4,28,2,16553
6.71999979019165,7.239999771118164,6.929999828338623,7.050000190734863,2592600,2015,4,29,3,16554
6.519999980926514,7.150000095367432,6.989999771118164,6.610000133514404,2215400,2015,4,30,4,16555
6.559999942779541,6.869999885559082,6.730000019073486,6.849999904632568,1398300,2015,5,1,5,16556
6.679999828338623,7.150000095367432,6.820000171661377,6.75,1961900,2015,5,4,1,16559
6.349999904632568,6.75,6.75,6.369999885559082,1828600,2015,5,5,2,16560
6.260000228881836,6.730000019073486,6.300000190734863,6.630000114440918,1562000,2015,5,6,3,16561
6.53000020980835,6.739999771118164,6.630000114440918,6.639999866485596,1122700,2015,5,7,4,16562
6.710000038146973,7.050000190734863,6.730000019073486,6.840000152587891,1597800,2015,5,8,5,16563
6.730000019073486,6.949999809265137,6.880000114440918,6.730000019073486,928100,2015,5,11,1,16566
6.610000133514404,7.159999847412109,6.800000190734863,7.099999904632568,1252900,2015,5,12,2,16567
6.800000190734863,7.239999771118164,7.099999904632568,6.940000057220459,1472500,2015,5,13,3,16568
6.769999980926514,7.130000114440918,6.989999771118164,7.03000020980835,926300,2015,5,14,4,16569
6.619999885559082,7.0,7.0,6.900000095367432,1302200,2015,5,15,5,16570
6.679999828338623,6.900000095367432,6.840000152587891,6.800000190734863,940900,2015,5,18,1,16573
6.630000114440918,6.880000114440918,6.809999942779541,6.690000057220459,661400,2015,5,19,2,16574
6.510000228881836,6.730000019073486,6.679999828338623,6.599999904632568,949700,2015,5,20,3,16575
6.309999942779541,6.760000228881836,6.360000133514404,6.630000114440918,3831700,2015,5,21,4,16576
6.619999885559082,7.099999904632568,6.650000095367432,7.010000228881836,1841600,2015,5,22,5,16577
6.96999979019165,7.309999942779541,7.0,7.25,1608000,2015,5,26,2,16581
7.170000076293945,7.860000133514404,7.300000190734863,7.820000171661377,2308000,2015,5,27,3,16582
7.53000020980835,8.09000015258789,7.900000095367432,7.619999885559082,2537000,2015,5,28,4,16583
7.550000190734863,8.25,7.610000133514404,8.180000305175781,2462600,2015,5,29,5,16584
7.820000171661377,8.40999984741211,8.270000457763672,8.0600004196167,1597200,2015,6,1,1,16587
7.71999979019165,8.180000305175781,8.0,7.949999809265137,1192700,2015,6,2,2,16588
8.010000228881836,8.279999732971191,8.149999618530273,8.270000457763672,1487900,2015,6,3,3,16589
8.029999732971191,8.350000381469727,8.199999809265137,8.199999809265137,983000,2015,6,4,4,16590
8.079999923706055,9.100000381469727,8.220000267028809,8.90999984741211,2337200,2015,6,5,5,16591
8.890000343322754,9.5,9.210000038146973,8.989999771118164,2946600,2015,6,8,1,16594
8.569999694824219,9.069999694824219,9.039999961853027,8.84000015258789,1673000,2015,6,9,2,16595
8.739999771118164,9.050000190734863,8.819999694824219,8.920000076293945,834500,2015,6,10,3,16596
9.119999885559082,9.510000228881836,9.380000114440918,9.380000114440918,2088100,2015,6,11,4,16597
9.25,9.699999809265137,9.390000343322754,9.479999542236328,1802500,2015,6,12,5,16598
9.149999618530273,9.729999542236328,9.460000038146973,9.670000076293945,1644300,2015,6,15,1,16601
9.649999618530273,10.15999984741211,9.6899995803833,9.680000305175781,1616400,2015,6,16,2,16602
9.529999732971191,9.920000076293945,9.699999809265137,9.779999732971191,1301000,2015,6,17,3,16603
8.0,9.850000381469727,9.819999694824219,8.649999618530273,4598100,2015,6,18,4,16604
7.619999885559082,8.829999923706055,8.609999656677246,8.630000114440918,7486900,2015,6,19,5,16605
7.96999979019165,8.670000076293945,8.649999618530273,8.319999694824219,3035400,2015,6,22,1,16608
7.980000019073486,8.649999618530273,8.289999961853027,8.600000381469727,3186800,2015,6,23,2,16609
8.34000015258789,8.619999885559082,8.579999923706055,8.479999542236328,1356900,2015,6,24,3,16610
8.260000228881836,8.539999961853027,8.539999961853027,8.430000305175781,1049200,2015,6,25,4,16611
7.869999885559082,8.489999771118164,8.430000305175781,8.09000015258789,3836500,2015,6,26,5,16612
7.940000057220459,8.319999694824219,7.940000057220459,8.0600004196167,1199100,2015,6,29,1,16615
8.15999984741211,8.8100004196167,8.210000038146973,8.630000114440918,1956800,2015,6,30,2,16616
8.420000076293945,9.140000343322754,8.699999809265137,8.779999732971191,1542900,2015,7,1,3,16617
8.470000267028809,8.899999618530273,8.84000015258789,8.609999656677246,1036300,2015,7,2,4,16618
8.40999984741211,9.170000076293945,8.550000190734863,9.170000076293945,2125200,2015,7,6,1,16622
8.8100004196167,9.329999923706055,9.149999618530273,9.289999961853027,1235500,2015,7,7,2,16623
8.4399995803833,9.34000015258789,9.239999771118164,8.609999656677246,1619900,2015,7,8,3,16624
8.75,9.010000228881836,8.800000190734863,8.859999656677246,1403100,2015,7,9,4,16625
8.890000343322754,9.270000457763672,8.949999809265137,9.170000076293945,1184800,2015,7,10,5,16626
9.149999618530273,9.369999885559082,9.319999694824219,9.220000267028809,1189400,2015,7,13,1,16629
9.180000305175781,9.479999542236328,9.220000267028809,9.319999694824219,758700,2015,7,14,2,16630
9.069999694824219,9.520000457763672,9.300000190734863,9.119999885559082,1016500,2015,7,15,3,16631
9.119999885559082,9.40999984741211,9.220000267028809,9.34000015258789,828900,2015,7,16,4,16632
9.0600004196167,9.420000076293945,9.359999656677246,9.380000114440918,750900,2015,7,17,5,16633
9.34000015258789,9.640000343322754,9.600000381469727,9.4399995803833,1097000,2015,7,20,1,16636
9.0,9.489999771118164,9.40999984741211,9.170000076293945,1044600,2015,7,21,2,16637
8.979999542236328,9.350000381469727,9.039999961853027,9.239999771118164,999700,2015,7,22,3,16638
8.550000190734863,9.319999694824219,8.949999809265137,8.949999809265137,1744800,2015,7,23,4,16639
8.510000228881836,9.229999542236328,9.09000015258789,8.5600004196167,1647500,2015,7,24,5,16640
8.029999732971191,8.5,8.5,8.390000343322754,1883500,2015,7,27,1,16643
8.109999656677246,8.5,8.430000305175781,8.329999923706055,1231300,2015,7,28,2,16644
8.100000381469727,8.399999618530273,8.289999961853027,8.239999771118164,975500,2015,7,29,3,16645
8.039999961853027,8.479999542236328,8.210000038146973,8.390000343322754,1029500,2015,7,30,4,16646
8.270000457763672,8.6899995803833,8.399999618530273,8.539999961853027,686800,2015,7,31,5,16647
8.079999923706055,8.5600004196167,8.5,8.260000228881836,1035500,2015,8,3,1,16650
8.050000190734863,8.279999732971191,8.199999809265137,8.100000381469727,789500,2015,8,4,2,16651
8.109999656677246,8.359999656677246,8.1899995803833,8.229999542236328,765500,2015,8,5,3,16652
7.679999828338623,8.34000015258789,8.270000457763672,7.900000095367432,1462700,2015,8,6,4,16653
7.349999904632568,7.860000133514404,7.860000133514404,7.730000019073486,1693100,2015,8,7,5,16654
7.739999771118164,7.96999979019165,7.809999942779541,7.860000133514404,645100,2015,8,10,1,16657
7.449999809265137,7.949999809265137,7.75,7.510000228881836,824400,2015,8,11,2,16658
7.019999980926514,7.599999904632568,7.389999866485596,7.519999980926514,1405000,2015,8,12,3,16659
7.260000228881836,7.650000095367432,7.539999961853027,7.28000020980835,868700,2015,8,13,4,16660
6.989999771118164,7.449999809265137,7.21999979019165,7.269999980926514,840600,2015,8,14,5,16661
7.039999961853027,7.75,7.21999979019165,7.75,1053400,2015,8,17,1,16664
7.420000076293945,7.849999904632568,7.78000020980835,7.440000057220459,986400,2015,8,18,2,16665
7.349999904632568,7.710000038146973,7.420000076293945,7.510000228881836,665900,2015,8,19,3,16666
7.090000152587891,7.480000019073486,7.449999809265137,7.099999904632568,1313100,2015,8,20,4,16667
6.75,7.25,6.920000076293945,7.039999961853027,1595700,2015,8,21,5,16668
5.71999979019165,6.909999847412109,6.340000152587891,6.570000171661377,1601300,2015,8,24,1,16671
6.570000171661377,6.880000114440918,6.880000114440918,6.650000095367432,1230700,2015,8,25,2,16672
6.329999923706055,6.909999847412109,6.880000114440918,6.909999847412109,1515300,2015,8,26,3,16673
6.670000076293945,7.050000190734863,6.960000038146973,6.909999847412109,1088400,2015,8,27,4,16674
6.869999885559082,7.28000020980835,6.989999771118164,7.260000228881836,940200,2015,8,28,5,16675
7.03000020980835,7.449999809265137,7.320000171661377,7.110000133514404,783400,2015,8,31,1,16678
6.800000190734863,7.090000152587891,6.900000095367432,6.889999866485596,883500,2015,9,1,2,16679
6.860000133514404,7.170000076293945,7.0,7.170000076293945,683700,2015,9,2,3,16680
6.650000095367432,7.320000171661377,7.309999942779541,6.820000171661377,1126600,2015,9,3,4,16681
6.699999809265137,6.960000038146973,6.75,6.880000114440918,564400,2015,9,4,5,16682
6.869999885559082,7.179999828338623,7.019999980926514,7.139999866485596,713900,2015,9,8,2,16686
6.579999923706055,7.329999923706055,7.329999923706055,6.610000133514404,1113100,2015,9,9,3,16687
6.599999904632568,6.940000057220459,6.599999904632568,6.75,1037000,2015,9,10,4,16688
6.300000190734863,6.800000190734863,6.699999809265137,6.539999961853027,1469100,2015,9,11,5,16689
6.420000076293945,6.639999866485596,6.539999961853027,6.590000152587891,1484700,2015,9,14,1,16692
6.460000038146973,6.650000095367432,6.579999923706055,6.610000133514404,777200,2015,9,15,2,16693
6.360000133514404,6.699999809265137,6.599999904632568,6.5,1326000,2015,9,16,3,16694
6.489999771118164,7.059999942779541,6.489999771118164,7.039999961853027,1313100,2015,9,17,4,16695
6.46999979019165,7.079999923706055,6.909999847412109,6.539999961853027,3209600,2015,9,18,5,16696
6.059999942779541,6.610000133514404,6.610000133514404,6.179999828338623,1319500,2015,9,21,1,16699
5.909999847412109,6.179999828338623,6.019999980926514,6.0,1398100,2015,9,22,2,16700
5.769999980926514,6.150000095367432,5.980000019073486,5.989999771118164,1025500,2015,9,23,3,16701
5.670000076293945,6.010000228881836,5.960000038146973,5.800000190734863,1070200,2015,9,24,4,16702
4.960000038146973,5.920000076293945,5.920000076293945,5.039999961853027,2938300,2015,9,25,5,16703
4.440000057220459,5.039999961853027,4.989999771118164,4.579999923706055,2751500,2015,9,28,1,16706
4.329999923706055,4.699999809265137,4.570000171661377,4.429999828338623,1672700,2015,9,29,2,16707
4.349999904632568,4.769999980926514,4.650000095367432,4.599999904632568,2077700,2015,9,30,3,16708
4.349999904632568,4.639999866485596,4.590000152587891,4.539999961853027,1219600,2015,10,1,4,16709
4.400000095367432,4.829999923706055,4.449999809265137,4.820000171661377,1416700,2015,10,2,5,16710
4.760000228881836,5.079999923706055,4.920000076293945,4.849999904632568,1314800,2015,10,5,1,16713
4.429999828338623,4.949999809265137,4.900000095367432,4.809999942779541,1484500,2015,10,6,2,16714
4.650000095367432,5.019999980926514,4.920000076293945,4.840000152587891,1318300,2015,10,7,3,16715
4.559999942779541,4.889999866485596,4.820000171661377,4.78000020980835,979300,2015,10,8,4,16716
4.699999809265137,4.949999809265137,4.710000038146973,4.809999942779541,690900,2015,10,9,5,16717
4.639999866485596,4.869999885559082,4.820000171661377,4.739999771118164,597400,2015,10,12,1,16720
4.550000190734863,4.900000095367432,4.699999809265137,4.550000190734863,681900,2015,10,13,2,16721
4.489999771118164,4.78000020980835,4.489999771118164,4.639999866485596,1033400,2015,10,14,3,16722
4.610000133514404,5.070000171661377,4.659999847412109,5.050000190734863,1516200,2015,10,15,4,16723
4.949999809265137,5.230000019073486,5.059999942779541,5.019999980926514,1093700,2015,10,16,5,16724
4.71999979019165,5.099999904632568,5.019999980926514,4.960000038146973,1292400,2015,10,19,1,16727
4.610000133514404,4.96999979019165,4.920000076293945,4.610000133514404,1367900,2015,10,20,2,16728
4.429999828338623,4.769999980926514,4.670000076293945,4.71999979019165,1210200,2015,10,21,3,16729
4.579999923706055,5.039999961853027,4.75,5.03000020980835,1818100,2015,10,22,4,16730
4.929999828338623,5.360000133514404,5.150000095367432,5.03000020980835,1540800,2015,10,23,5,16731
4.809999942779541,5.150000095367432,4.980000019073486,4.989999771118164,844600,2015,10,26,1,16734
4.650000095367432,5.300000190734863,5.300000190734863,4.75,1775100,2015,10,27,2,16735
4.53000020980835,4.829999923706055,4.760000228881836,4.71999979019165,1910500,2015,10,28,3,16736
4.619999885559082,4.809999942779541,4.75,4.630000114440918,1070400,2015,10,29,4,16737
4.449999809265137,4.610000133514404,4.610000133514404,4.559999942779541,916200,2015,10,30,5,16738
4.550000190734863,4.789999961853027,4.559999942779541,4.760000228881836,1147000,2015,11,2,1,16741
4.650000095367432,4.889999866485596,4.75,4.769999980926514,911000,2015,11,3,2,16742
4.619999885559082,4.820000171661377,4.75,4.71999979019165,997000,2015,11,4,3,16743
4.559999942779541,4.739999771118164,4.739999771118164,4.590000152587891,1148000,2015,11,5,4,16744
4.409999847412109,4.710000038146973,4.610000133514404,4.659999847412109,1299100,2015,11,6,5,16745
4.559999942779541,4.71999979019165,4.639999866485596,4.679999828338623,1312500,2015,11,9,1,16748
4.53000020980835,4.75,4.650000095367432,4.650000095367432,948700,2015,11,10,2,16749
4.610000133514404,4.760000228881836,4.650000095367432,4.610000133514404,1082800,2015,11,11,3,16750
4.510000228881836,4.679999828338623,4.559999942779541,4.519999980926514,860900,2015,11,12,4,16751
4.46999979019165,4.699999809265137,4.489999771118164,4.630000114440918,966000,2015,11,13,5,16752
4.340000152587891,4.679999828338623,4.639999866485596,4.400000095367432,1526300,2015,11,16,1,16755
4.239999771118164,4.449999809265137,4.429999828338623,4.28000020980835,1365200,2015,11,17,2,16756
4.21999979019165,4.75,4.28000020980835,4.75,1642400,2015,11,18,3,16757
4.46999979019165,4.75,4.650000095367432,4.659999847412109,1562100,2015,11,19,4,16758
4.449999809265137,4.78000020980835,4.690000057220459,4.510000228881836,1537600,2015,11,20,5,16759
4.349999904632568,4.489999771118164,4.420000076293945,4.429999828338623,1513000,2015,11,23,1,16762
4.400000095367432,4.809999942779541,4.420000076293945,4.800000190734863,1303500,2015,11,24,2,16763
4.769999980926514,5.25,4.809999942779541,5.130000114440918,1668200,2015,11,25,3,16764
5.050000190734863,5.349999904632568,5.170000076293945,5.130000114440918,876100,2015,11,27,5,16766
5.0,5.239999771118164,5.170000076293945,5.110000133514404,874200,2015,11,30,1,16769
5.0,5.190000057220459,5.159999847412109,5.119999885559082,1002600,2015,12,1,2,16770
4.96999979019165,5.239999771118164,5.110000133514404,4.989999771118164,1248900,2015,12,2,3,16771
4.679999828338623,5.050000190734863,5.019999980926514,4.690000057220459,1348800,2015,12,3,4,16772
4.610000133514404,4.789999961853027,4.71999979019165,4.659999847412109,1119200,2015,12,4,5,16773
4.349999904632568,4.699999809265137,4.670000076293945,4.360000133514404,1204700,2015,12,7,1,16776
4.25,4.46999979019165,4.25,4.369999885559082,1267000,2015,12,8,2,16777
4.210000038146973,4.440000057220459,4.440000057220459,4.21999979019165,1228900,2015,12,9,3,16778
4.190000057220459,4.420000076293945,4.199999809265137,4.409999847412109,809200,2015,12,10,4,16779
4.130000114440918,4.369999885559082,4.289999961853027,4.139999866485596,1000800,2015,12,11,5,16780
3.8499999046325684,4.230000019073486,4.150000095367432,3.880000114440918,1479300,2015,12,14,1,16783
3.75,4.050000190734863,3.9100000858306885,3.9200000762939453,1973400,2015,12,15,2,16784
4.010000228881836,4.570000171661377,4.110000133514404,4.559999942779541,1773800,2015,12,16,3,16785
4.389999866485596,4.599999904632568,4.5,4.550000190734863,1102400,2015,12,17,4,16786
4.400000095367432,4.619999885559082,4.539999961853027,4.5,6413400,2015,12,18,5,16787
4.360000133514404,4.570000171661377,4.510000228881836,4.5,950500,2015,12,21,1,16790
4.380000114440918,4.610000133514404,4.510000228881836,4.429999828338623,709700,2015,12,22,2,16791
4.429999828338623,4.590000152587891,4.510000228881836,4.5,757800,2015,12,23,3,16792
4.550000190734863,4.96999979019165,4.550000190734863,4.78000020980835,897800,2015,12,24,4,16793
4.550000190734863,4.800000190734863,4.78000020980835,4.599999904632568,1173800,2015,12,28,1,16797
4.519999980926514,4.659999847412109,4.630000114440918,4.650000095367432,955600,2015,12,29,2,16798
4.590000152587891,4.739999771118164,4.590000152587891,4.71999979019165,1012800,2015,12,30,3,16799
4.539999961853027,4.730000019073486,4.670000076293945,4.539999961853027,1255500,2015,12,31,4,16800
4.320000171661377,4.53000020980835,4.5,4.460000038146973,1288400,2016,1,4,1,16804
4.380000114440918,4.630000114440918,4.619999885559082,4.429999828338623,1381000,2016,1,5,2,16805
4.179999828338623,4.449999809265137,4.380000114440918,4.25,1504200,2016,1,6,3,16806
3.7899999618530273,4.150000095367432,4.110000133514404,3.890000104904175,1549200,2016,1,7,4,16807
3.7799999713897705,4.019999980926514,3.940000057220459,3.7799999713897705,935200,2016,1,8,5,16808
3.390000104904175,3.9000000953674316,3.799999952316284,3.5199999809265137,1466000,2016,1,11,1,16811
3.430000066757202,3.7699999809265137,3.549999952316284,3.5899999141693115,1263200,2016,1,12,2,16812
3.200000047683716,3.6500000953674316,3.619999885559082,3.2699999809265137,1501900,2016,1,13,3,16813
3.130000114440918,3.4700000286102295,3.2799999713897705,3.369999885559082,1238800,2016,1,14,4,16814
3.0199999809265137,3.2899999618530273,3.25,3.1600000858306885,1371700,2016,1,15,5,16815
2.9000000953674316,3.299999952316284,3.259999990463257,3.0299999713897705,1204700,2016,1,19,2,16819
2.740000009536743,3.2300000190734863,2.9100000858306885,3.1700000762939453,2051900,2016,1,20,3,16820
3.3499999046325684,3.880000114440918,3.509999990463257,3.450000047683716,3620600,2016,1,21,4,16821
3.3499999046325684,3.609999895095825,3.5899999141693115,3.4200000762939453,1328200,2016,1,22,5,16822
3.3399999141693115,3.640000104904175,3.430000066757202,3.4100000858306885,1568000,2016,1,25,1,16825
3.140000104904175,3.440000057220459,3.4000000953674316,3.359999895095825,1015900,2016,1,26,2,16826
3.0799999237060547,3.380000114440918,3.3499999046325684,3.140000104904175,1268000,2016,1,27,3,16827
2.9800000190734863,3.200000047683716,3.190000057220459,3.0799999237060547,1397700,2016,1,28,4,16828
3.0299999713897705,3.2200000286102295,3.049999952316284,3.1500000953674316,1062200,2016,1,29,5,16829
3.049999952316284,3.25,3.130000114440918,3.2100000381469727,885600,2016,2,1,1,16832
3.0399999618530273,3.1700000762939453,3.1700000762939453,3.0899999141693115,887100,2016,2,2,2,16833
2.9000000953674316,3.1500000953674316,3.0999999046325684,2.9600000381469727,1665200,2016,2,3,3,16834
2.940000057220459,3.1700000762939453,2.940000057220459,3.049999952316284,1401000,2016,2,4,4,16835
2.9600000381469727,3.0999999046325684,3.0199999809265137,3.0,1221200,2016,2,5,5,16836
2.7799999713897705,2.990000009536743,2.950000047683716,2.8499999046325684,1389500,2016,2,8,1,16839
2.759999990463257,3.009999990463257,2.8399999141693115,2.8499999046325684,880300,2016,2,9,2,16840
2.7699999809265137,2.9600000381469727,2.859999895095825,2.7899999618530273,845900,2016,2,10,3,16841
2.609999895095825,2.7899999618530273,2.7100000381469727,2.7200000286102295,1160300,2016,2,11,4,16842
2.6600000858306885,2.8399999141693115,2.7300000190734863,2.8299999237060547,1017200,2016,2,12,5,16843
2.880000114440918,3.0199999809265137,2.9000000953674316,3.009999990463257,829300,2016,2,16,2,16847
3.0199999809265137,3.1700000762939453,3.0199999809265137,3.1500000953674316,779000,2016,2,17,3,16848
2.9000000953674316,3.2100000381469727,3.200000047683716,2.9100000858306885,890300,2016,2,18,4,16849
2.8499999046325684,3.0399999618530273,2.9000000953674316,3.0,722800,2016,2,19,5,16850
2.9700000286102295,3.109999895095825,3.049999952316284,3.0,672400,2016,2,22,1,16853
2.809999942779541,3.059999942779541,2.990000009536743,2.819999933242798,888300,2016,2,23,2,16854
2.6500000953674316,2.890000104904175,2.799999952316284,2.8399999141693115,1505500,2016,2,24,3,16855
2.700000047683716,2.9000000953674316,2.859999895095825,2.75,1300800,2016,2,25,4,16856
2.75,2.869999885559082,2.759999990463257,2.859999895095825,948600,2016,2,26,5,16857
2.7300000190734863,2.9000000953674316,2.8399999141693115,2.7699999809265137,740800,2016,2,29,1,16860
2.7300000190734863,2.9100000858306885,2.809999942779541,2.9100000858306885,821200,2016,3,1,2,16861
2.9200000762939453,3.2100000381469727,2.9200000762939453,3.2100000381469727,1416100,2016,3,2,3,16862
2.9800000190734863,3.5,3.2100000381469727,3.4000000953674316,1895200,2016,3,3,4,16863
3.430000066757202,4.0,3.430000066757202,3.8399999141693115,2160500,2016,3,4,5,16864
3.7799999713897705,4.130000114440918,3.950000047683716,4.110000133514404,2537600,2016,3,7,1,16867
3.75,4.170000076293945,4.110000133514404,4.070000171661377,2769700,2016,3,8,2,16868
3.7799999713897705,4.25,4.059999942779541,3.8499999046325684,1748700,2016,3,9,3,16869
3.630000114440918,4.0,3.819999933242798,3.700000047683716,1359600,2016,3,10,4,16870
3.6500000953674316,4.130000114440918,3.7699999809265137,4.0,2754000,2016,3,11,5,16871
4.010000228881836,4.25,4.119999885559082,4.03000020980835,1537300,2016,3,14,1,16874
3.680000066757202,4.039999961853027,4.019999980926514,3.680000066757202,1629500,2016,3,15,2,16875
3.5299999713897705,3.8299999237060547,3.6700000762939453,3.6500000953674316,1239800,2016,3,16,3,16876
3.509999990463257,3.8499999046325684,3.640000104904175,3.740000009536743,1302800,2016,3,17,4,16877
3.619999885559082,3.9100000858306885,3.799999952316284,3.7899999618530273,3497200,2016,3,18,5,16878
3.7699999809265137,4.110000133514404,3.7699999809265137,4.090000152587891,1325400,2016,3,21,1,16881
4.019999980926514,4.300000190734863,4.039999961853027,4.150000095367432,1092700,2016,3,22,2,16882
3.819999933242798,4.340000152587891,4.159999847412109,3.8299999237060547,1335600,2016,3,23,3,16883
3.700000047683716,4.059999942779541,3.809999942779541,3.9100000858306885,645500,2016,3,24,4,16884
3.7799999713897705,3.990000009536743,3.9600000381469727,3.8499999046325684,500500,2016,3,28,1,16888
3.7699999809265137,4.119999885559082,3.8299999237060547,4.110000133514404,999900,2016,3,29,2,16889
4.090000152587891,4.389999866485596,4.190000057220459,4.090000152587891,1370600,2016,3,30,3,16890
4.090000152587891,4.289999961853027,4.090000152587891,4.159999847412109,1379800,2016,3,31,4,16891
4.070000171661377,4.320000171661377,4.159999847412109,4.230000019073486,1183400,2016,4,1,5,16892
4.25,4.420000076293945,4.28000020980835,4.28000020980835,1183100,2016,4,4,1,16895
4.199999809265137,4.400000095367432,4.230000019073486,4.28000020980835,996600,2016,4,5,2,16896
4.28000020980835,4.710000038146973,4.309999942779541,4.679999828338623,1480300,2016,4,6,3,16897
4.5,4.820000171661377,4.659999847412109,4.539999961853027,1234100,2016,4,7,4,16898
4.420000076293945,4.710000038146973,4.599999904632568,4.539999961853027,1009400,2016,4,8,5,16899
4.269999980926514,4.650000095367432,4.570000171661377,4.28000020980835,897700,2016,4,11,1,16902
4.21999979019165,4.400000095367432,4.260000228881836,4.340000152587891,709800,2016,4,12,2,16903
4.230000019073486,4.46999979019165,4.400000095367432,4.400000095367432,1320400,2016,4,13,3,16904
4.28000020980835,4.429999828338623,4.389999866485596,4.340000152587891,876800,2016,4,14,4,16905
4.269999980926514,4.369999885559082,4.340000152587891,4.289999961853027,758700,2016,4,15,5,16906
4.230000019073486,4.519999980926514,4.289999961853027,4.480000019073486,1065500,2016,4,18,1,16909
4.199999809265137,4.539999961853027,4.53000020980835,4.239999771118164,893200,2016,4,19,2,16910
3.950000047683716,4.300000190734863,4.269999980926514,4.019999980926514,1087600,2016,4,20,3,16911
3.950000047683716,4.110000133514404,4.0,4.099999904632568,779900,2016,4,21,4,16912
4.019999980926514,4.340000152587891,4.090000152587891,4.28000020980835,872500,2016,4,22,5,16913
4.190000057220459,4.420000076293945,4.239999771118164,4.309999942779541,658200,2016,4,25,1,16916
4.019999980926514,4.369999885559082,4.300000190734863,4.150000095367432,1039500,2016,4,26,2,16917
4.03000020980835,4.309999942779541,4.119999885559082,4.199999809265137,838700,2016,4,27,3,16918
3.809999942779541,4.190000057220459,4.010000228881836,3.8399999141693115,1687700,2016,4,28,4,16919
3.440000057220459,3.9600000381469727,3.8499999046325684,3.5199999809265137,1454200,2016,4,29,5,16920
3.4100000858306885,3.690000057220459,3.490000009536743,3.690000057220459,937700,2016,5,2,1,16923
3.440000057220459,3.680000066757202,3.640000104904175,3.5,902000,2016,5,3,2,16924
3.1600000858306885,3.490000009536743,3.450000047683716,3.25,1481900,2016,5,4,3,16925
3.0,3.2899999618530273,3.25,3.109999895095825,964800,2016,5,5,4,16926
2.9700000286102295,3.1700000762939453,3.0999999046325684,3.009999990463257,1474500,2016,5,6,5,16927
3.009999990463257,3.3399999141693115,3.049999952316284,3.2899999618530273,1865500,2016,5,9,1,16930
3.25,3.430000066757202,3.4100000858306885,3.369999885559082,1461500,2016,5,10,2,16931
3.259999990463257,3.4700000286102295,3.390000104904175,3.299999952316284,941800,2016,5,11,3,16932
3.259999990463257,3.4100000858306885,3.3499999046325684,3.3399999141693115,1649400,2016,5,12,4,16933
3.25,3.490000009536743,3.3299999237060547,3.450000047683716,1236600,2016,5,13,5,16934
3.4700000286102295,3.640000104904175,3.490000009536743,3.549999952316284,1205800,2016,5,16,1,16937
3.440000057220459,3.630000114440918,3.509999990463257,3.509999990463257,1014100,2016,5,17,2,16938
3.440000057220459,3.640000104904175,3.490000009536743,3.4700000286102295,834400,2016,5,18,3,16939
3.390000104904175,3.5799999237060547,3.4600000381469727,3.5399999618530273,656500,2016,5,19,4,16940
3.5199999809265137,3.6700000762939453,3.569999933242798,3.6500000953674316,747500,2016,5,20,5,16941
3.640000104904175,3.8499999046325684,3.6600000858306885,3.7200000286102295,655400,2016,5,23,1,16944
3.7200000286102295,3.8399999141693115,3.759999990463257,3.7899999618530273,402300,2016,5,24,2,16945
3.7799999713897705,3.890000104904175,3.819999933242798,3.8499999046325684,453700,2016,5,25,3,16946
3.799999952316284,3.940000057220459,3.859999895095825,3.9000000953674316,659500,2016,5,26,4,16947
3.819999933242798,4.050000190734863,3.890000104904175,4.050000190734863,1022000,2016,5,27,5,16948
4.050000190734863,4.300000190734863,4.099999904632568,4.21999979019165,1332600,2016,5,31,2,16952
4.090000152587891,4.320000171661377,4.239999771118164,4.21999979019165,719300,2016,6,1,3,16953
4.210000038146973,4.760000228881836,4.210000038146973,4.5,2106900,2016,6,2,4,16954
4.309999942779541,4.619999885559082,4.599999904632568,4.380000114440918,983900,2016,6,3,5,16955
4.269999980926514,4.510000228881836,4.420000076293945,4.449999809265137,835700,2016,6,6,1,16958
4.300000190734863,4.480000019073486,4.449999809265137,4.369999885559082,654300,2016,6,7,2,16959
4.239999771118164,4.380000114440918,4.369999885559082,4.260000228881836,696600,2016,6,8,3,16960
4.179999828338623,4.429999828338623,4.239999771118164,4.190000057220459,924200,2016,6,9,4,16961
3.9200000762939453,4.099999904632568,4.059999942779541,4.0,1226300,2016,6,10,5,16962
3.9100000858306885,4.110000133514404,3.9700000286102295,4.0,872600,2016,6,13,1,16965
3.8499999046325684,4.050000190734863,3.990000009536743,3.9100000858306885,669000,2016,6,14,2,16966
3.880000114440918,4.059999942779541,3.950000047683716,3.9100000858306885,779700,2016,6,15,3,16967
3.8299999237060547,4.050000190734863,3.880000114440918,4.039999961853027,613500,2016,6,16,4,16968
3.9800000190734863,4.150000095367432,4.059999942779541,4.03000020980835,854100,2016,6,17,5,16969
4.079999923706055,4.320000171661377,4.099999904632568,4.21999979019165,1018700,2016,6,20,1,16972
4.059999942779541,4.260000228881836,4.239999771118164,4.119999885559082,1342400,2016,6,21,2,16973
3.9800000190734863,4.289999961853027,4.110000133514404,4.050000190734863,666300,2016,6,22,3,16974
4.0,4.21999979019165,4.039999961853027,4.199999809265137,675400,2016,6,23,4,16975
3.819999933242798,4.079999923706055,3.8499999046325684,3.9100000858306885,1412700,2016,6,24,5,16976
3.609999895095825,3.9700000286102295,3.859999895095825,3.630000114440918,1259700,2016,6,27,1,16979
3.700000047683716,3.940000057220459,3.700000047683716,3.880000114440918,895600,2016,6,28,2,16980
3.9000000953674316,4.010000228881836,3.950000047683716,3.9700000286102295,729400,2016,6,29,3,16981
3.8399999141693115,4.070000171661377,3.950000047683716,4.050000190734863,950600,2016,6,30,4,16982
4.039999961853027,4.269999980926514,4.039999961853027,4.210000038146973,849100,2016,7,1,5,16983
4.179999828338623,4.329999923706055,4.179999828338623,4.300000190734863,814400,2016,7,5,2,16987
4.25,4.5,4.269999980926514,4.460000038146973,980600,2016,7,6,3,16988
4.460000038146973,4.71999979019165,4.460000038146973,4.690000057220459,1935300,2016,7,7,4,16989
4.559999942779541,4.869999885559082,4.679999828338623,4.789999961853027,1630800,2016,7,8,5,16990
4.699999809265137,4.989999771118164,4.820000171661377,4.710000038146973,1444800,2016,7,11,1,16993
4.650000095367432,4.920000076293945,4.760000228881836,4.840000152587891,1119200,2016,7,12,2,16994
4.730000019073486,4.940000057220459,4.929999828338623,4.789999961853027,868800,2016,7,13,3,16995
4.690000057220459,4.869999885559082,4.829999923706055,4.699999809265137,662300,2016,7,14,4,16996
4.599999904632568,4.800000190734863,4.690000057220459,4.760000228881836,938100,2016,7,15,5,16997
4.710000038146973,4.869999885559082,4.78000020980835,4.800000190734863,533100,2016,7,18,1,17000
4.440000057220459,4.789999961853027,4.599999904632568,4.53000020980835,1007700,2016,7,19,2,17001
4.5,4.730000019073486,4.510000228881836,4.699999809265137,740800,2016,7,20,3,17002
4.639999866485596,4.829999923706055,4.71999979019165,4.650000095367432,803800,2016,7,21,4,17003
4.610000133514404,4.829999923706055,4.659999847412109,4.78000020980835,764500,2016,7,22,5,17004
4.699999809265137,4.849999904632568,4.78000020980835,4.739999771118164,557800,2016,7,25,1,17007
4.670000076293945,4.889999866485596,4.71999979019165,4.840000152587891,780700,2016,7,26,2,17008
4.840000152587891,5.0,4.869999885559082,4.929999828338623,968100,2016,7,27,3,17009
4.920000076293945,5.420000076293945,4.929999828338623,5.380000114440918,1702500,2016,7,28,4,17010
5.360000133514404,5.699999809265137,5.420000076293945,5.550000190734863,2312900,2016,7,29,5,17011
5.53000020980835,5.900000095367432,5.559999942779541,5.650000095367432,1516200,2016,8,1,1,17014
5.400000095367432,5.679999828338623,5.670000076293945,5.550000190734863,1052700,2016,8,2,2,17015
5.480000019073486,5.849999904632568,5.5,5.75,1132800,2016,8,3,3,17016
5.639999866485596,5.829999923706055,5.78000020980835,5.650000095367432,772000,2016,8,4,4,17017
5.659999847412109,6.25,5.670000076293945,6.159999847412109,1831900,2016,8,5,5,17018
6.110000133514404,6.369999885559082,6.21999979019165,6.139999866485596,1250100,2016,8,8,1,17021
6.059999942779541,6.199999809265137,6.159999847412109,6.110000133514404,876100,2016,8,9,2,17022
5.829999923706055,6.130000114440918,6.110000133514404,5.889999866485596,1121300,2016,8,10,3,17023
5.730000019073486,6.03000020980835,5.889999866485596,5.940000057220459,1384700,2016,8,11,4,17024
5.860000133514404,6.239999771118164,5.860000133514404,6.21999979019165,1498100,2016,8,12,5,17025
6.119999885559082,6.360000133514404,6.25,6.139999866485596,1150000,2016,8,15,1,17028
5.940000057220459,6.130000114440918,6.03000020980835,5.949999809265137,1106300,2016,8,16,2,17029
5.840000152587891,6.059999942779541,6.019999980926514,6.039999961853027,927200,2016,8,17,3,17030
5.96999979019165,6.099999904632568,6.050000190734863,5.96999979019165,753100,2016,8,18,4,17031
5.949999809265137,6.090000152587891,5.960000038146973,6.010000228881836,652700,2016,8,19,5,17032
6.010000228881836,6.190000057220459,6.050000190734863,6.079999923706055,829700,2016,8,22,1,17035
6.03000020980835,6.159999847412109,6.119999885559082,6.050000190734863,854200,2016,8,23,2,17036
5.829999923706055,6.289999961853027,6.079999923706055,5.849999904632568,1404800,2016,8,24,3,17037
5.849999904632568,6.130000114440918,5.940000057220459,6.039999961853027,968600,2016,8,25,4,17038
6.019999980926514,6.239999771118164,6.03000020980835,6.21999979019165,1336300,2016,8,26,5,17039
6.289999961853027,6.639999866485596,6.289999961853027,6.46999979019165,1762800,2016,8,29,1,17042
6.369999885559082,6.619999885559082,6.440000057220459,6.420000076293945,1044400,2016,8,30,2,17043
6.119999885559082,6.440000057220459,6.429999828338623,6.190000057220459,951100,2016,8,31,3,17044
6.039999961853027,6.269999980926514,6.199999809265137,6.190000057220459,925200,2016,9,1,4,17045
6.070000171661377,6.239999771118164,6.199999809265137,6.139999866485596,565300,2016,9,2,5,17046
6.119999885559082,6.360000133514404,6.150000095367432,6.320000171661377,979300,2016,9,6,2,17050
6.21999979019165,6.460000038146973,6.400000095367432,6.269999980926514,1008200,2016,9,7,3,17051
6.179999828338623,6.519999980926514,6.289999961853027,6.5,928700,2016,9,8,4,17052
6.110000133514404,6.539999961853027,6.510000228881836,6.119999885559082,1244500,2016,9,9,5,17053
5.929999828338623,6.440000057220459,6.090000152587891,6.429999828338623,1332000,2016,9,12,1,17056
6.110000133514404,6.389999866485596,6.269999980926514,6.21999979019165,836000,2016,9,13,2,17057
6.25,6.739999771118164,6.25,6.519999980926514,1746200,2016,9,14,3,17058
6.429999828338623,6.699999809265137,6.610000133514404,6.599999904632568,941400,2016,9,15,4,17059
6.510000228881836,6.889999866485596,6.519999980926514,6.769999980926514,2743900,2016,9,16,5,17060
6.739999771118164,7.0,6.789999961853027,6.769999980926514,1532500,2016,9,19,1,17063
6.849999904632568,7.239999771118164,6.96999979019165,6.960000038146973,1868600,2016,9,20,2,17064
6.849999904632568,7.25,7.039999961853027,7.099999904632568,1620700,2016,9,21,3,17065
6.960000038146973,7.199999809265137,7.079999923706055,7.0,1225100,2016,9,22,4,17066
6.829999923706055,7.300000190734863,7.010000228881836,6.900000095367432,1694200,2016,9,23,5,17067
6.840000152587891,7.079999923706055,6.940000057220459,7.03000020980835,1049200,2016,9,26,1,17070
7.0,7.210000038146973,7.070000171661377,7.199999809265137,1192800,2016,9,27,2,17071
7.0,7.309999942779541,7.170000076293945,7.110000133514404,1259100,2016,9,28,3,17072
6.849999904632568,7.179999828338623,7.050000190734863,6.869999885559082,1039400,2016,9,29,4,17073
7.0,7.199999809265137,7.019999980926514,7.179999828338623,1427200,2016,9,30,5,17074
7.059999942779541,7.239999771118164,7.190000057220459,7.179999828338623,997300,2016,10,3,1,17077
7.199999809265137,7.420000076293945,7.199999809265137,7.25,1208500,2016,10,4,2,17078
7.25,7.489999771118164,7.269999980926514,7.360000133514404,1336700,2016,10,5,3,17079
7.03000020980835,7.360000133514404,7.289999961853027,7.130000114440918,1388300,2016,10,6,4,17080
7.03000020980835,7.199999809265137,7.130000114440918,7.099999904632568,1043200,2016,10,7,5,17081
7.119999885559082,7.300000190734863,7.150000095367432,7.230000019073486,958600,2016,10,10,1,17084
6.880000114440918,7.190000057220459,7.139999866485596,6.909999847412109,1487400,2016,10,11,2,17085
6.519999980926514,6.929999828338623,6.880000114440918,6.559999942779541,1644800,2016,10,12,3,17086
6.28000020980835,6.570000171661377,6.519999980926514,6.360000133514404,1306800,2016,10,13,4,17087
5.929999828338623,6.489999771118164,6.400000095367432,5.929999828338623,1639700,2016,10,14,5,17088
5.71999979019165,5.989999771118164,5.900000095367432,5.860000133514404,1483700,2016,10,17,1,17091
5.940000057220459,6.119999885559082,5.940000057220459,6.059999942779541,773500,2016,10,18,2,17092
5.829999923706055,6.090000152587891,6.070000171661377,5.849999904632568,923500,2016,10,19,3,17093
5.710000038146973,5.940000057220459,5.769999980926514,5.869999885559082,813600,2016,10,20,4,17094
5.730000019073486,5.909999847412109,5.869999885559082,5.75,564400,2016,10,21,5,17095
5.579999923706055,5.980000019073486,5.920000076293945,5.590000152587891,1100900,2016,10,24,1,17098
5.380000114440918,5.579999923706055,5.550000190734863,5.420000076293945,1026100,2016,10,25,2,17099
5.079999923706055,5.429999828338623,5.389999866485596,5.230000019073486,1439200,2016,10,26,3,17100
4.309999942779541,5.190000057220459,5.0,4.329999923706055,4024900,2016,10,27,4,17101
3.8499999046325684,4.179999828338623,4.150000095367432,4.090000152587891,3303900,2016,10,28,5,17102
3.9100000858306885,4.130000114440918,4.119999885559082,3.9700000286102295,1150200,2016,10,31,1,17105
3.75,3.9800000190734863,3.950000047683716,3.869999885559082,1153500,2016,11,1,2,17106
3.7200000286102295,3.859999895095825,3.859999895095825,3.809999942779541,1296100,2016,11,2,3,17107
3.7100000381469727,3.859999895095825,3.799999952316284,3.7300000190734863,1523000,2016,11,3,4,17108
3.75,4.019999980926514,3.75,4.0,1232900,2016,11,4,5,17109
3.9800000190734863,4.159999847412109,4.059999942779541,4.159999847412109,1255500,2016,11,7,1,17112
4.099999904632568,4.309999942779541,4.130000114440918,4.260000228881836,909500,2016,11,8,2,17113
4.389999866485596,4.929999828338623,4.389999866485596,4.920000076293945,2546100,2016,11,9,3,17114
4.929999828338623,5.269999980926514,5.070000171661377,5.159999847412109,2034100,2016,11,10,4,17115
5.039999961853027,5.389999866485596,5.119999885559082,5.369999885559082,1306100,2016,11,11,5,17116
5.369999885559082,5.690000057220459,5.460000038146973,5.690000057220459,1554300,2016,11,14,1,17119
5.53000020980835,5.909999847412109,5.670000076293945,5.860000133514404,1319900,2016,11,15,2,17120
5.599999904632568,5.909999847412109,5.800000190734863,5.630000114440918,1130100,2016,11,16,3,17121
5.079999923706055,5.599999904632568,5.599999904632568,5.110000133514404,2208900,2016,11,17,4,17122
4.880000114440918,5.150000095367432,5.119999885559082,4.920000076293945,1557700,2016,11,18,5,17123
4.860000133514404,5.0,4.920000076293945,4.900000095367432,879600,2016,11,21,1,17126
4.639999866485596,4.989999771118164,4.940000057220459,4.670000076293945,1015700,2016,11,22,2,17127
4.519999980926514,4.789999961853027,4.579999923706055,4.78000020980835,1059100,2016,11,23,3,17128
4.610000133514404,4.889999866485596,4.800000190734863,4.860000133514404,956700,2016,11,25,5,17130
4.449999809265137,4.949999809265137,4.840000152587891,4.449999809265137,1549700,2016,11,28,1,17133
4.329999923706055,4.519999980926514,4.449999809265137,4.349999904632568,1273500,2016,11,29,2,17134
4.0,4.480000019073486,4.369999885559082,4.119999885559082,2450200,2016,11,30,3,17135
3.9100000858306885,4.159999847412109,4.159999847412109,3.950000047683716,1975900,2016,12,1,4,17136
3.930000066757202,4.210000038146973,3.950000047683716,4.099999904632568,1118100,2016,12,2,5,17137
4.099999904632568,4.340000152587891,4.139999866485596,4.309999942779541,926200,2016,12,5,1,17140
4.170000076293945,4.440000057220459,4.360000133514404,4.429999828338623,950600,2016,12,6,2,17141
4.050000190734863,4.429999828338623,4.360000133514404,4.179999828338623,1365600,2016,12,7,3,17142
4.070000171661377,4.329999923706055,4.159999847412109,4.329999923706055,1031400,2016,12,8,4,17143
4.269999980926514,4.53000020980835,4.380000114440918,4.28000020980835,1102200,2016,12,9,5,17144
4.150000095367432,4.369999885559082,4.300000190734863,4.28000020980835,862600,2016,12,12,1,17147
4.289999961853027,4.449999809265137,4.309999942779541,4.340000152587891,932100,2016,12,13,2,17148
4.090000152587891,4.349999904632568,4.320000171661377,4.21999979019165,915900,2016,12,14,3,17149
4.199999809265137,4.369999885559082,4.230000019073486,4.369999885559082,854700,2016,12,15,4,17150
4.369999885559082,4.699999809265137,4.369999885559082,4.510000228881836,3039000,2016,12,16,5,17151
4.360000133514404,4.559999942779541,4.5,4.380000114440918,915300,2016,12,19,1,17154
4.320000171661377,4.46999979019165,4.349999904632568,4.389999866485596,605900,2016,12,20,2,17155
4.190000057220459,4.449999809265137,4.409999847412109,4.190000057220459,648400,2016,12,21,3,17156
4.03000020980835,4.269999980926514,4.230000019073486,4.059999942779541,835200,2016,12,22,4,17157
4.099999904632568,4.429999828338623,4.099999904632568,4.400000095367432,1008600,2016,12,23,5,17158
4.300000190734863,4.449999809265137,4.389999866485596,4.300000190734863,623800,2016,12,27,2,17162
4.199999809265137,4.389999866485596,4.289999961853027,4.21999979019165,572400,2016,12,28,3,17163
4.150000095367432,4.300000190734863,4.21999979019165,4.170000076293945,460500,2016,12,29,4,17164
4.079999923706055,4.239999771118164,4.179999828338623,4.119999885559082,803300,2016,12,30,5,17165
4.019999980926514,4.239999771118164,4.179999828338623,4.159999847412109,854500,2017,1,3,2,17169
4.119999885559082,4.340000152587891,4.150000095367432,4.329999923706055,1233800,2017,1,4,3,17170
4.179999828338623,4.360000133514404,4.329999923706055,4.300000190734863,922700,2017,1,5,4,17171
4.25,4.349999904632568,4.320000171661377,4.320000171661377,1113400,2017,1,6,5,17172
4.090000152587891,4.360000133514404,4.360000133514404,4.150000095367432,1514900,2017,1,9,1,17175
4.03000020980835,4.179999828338623,4.179999828338623,4.110000133514404,854000,2017,1,10,2,17176
3.9100000858306885,4.130000114440918,4.110000133514404,3.990000009536743,1346900,2017,1,11,3,17177
3.930000066757202,4.119999885559082,3.950000047683716,4.070000171661377,750900,2017,1,12,4,17178
4.050000190734863,4.139999866485596,4.070000171661377,4.090000152587891,977500,2017,1,13,5,17179
3.9100000858306885,4.079999923706055,4.050000190734863,3.950000047683716,1231300,2017,1,17,2,17183
3.9200000762939453,4.0,3.9800000190734863,4.0,539300,2017,1,18,3,17184
3.75,3.990000009536743,3.9800000190734863,3.809999942779541,1103700,2017,1,19,4,17185
3.7300000190734863,3.8499999046325684,3.8499999046325684,3.7699999809265137,662400,2017,1,20,5,17186
3.700000047683716,3.8299999237060547,3.7699999809265137,3.7799999713897705,700000,2017,1,23,1,17189
3.5899999141693115,3.819999933242798,3.7899999618530273,3.7899999618530273,1120900,2017,1,24,2,17190
3.7200000286102295,3.8499999046325684,3.809999942779541,3.759999990463257,687900,2017,1,25,3,17191
3.7100000381469727,3.8299999237060547,3.7699999809265137,3.7200000286102295,448700,2017,1,26,4,17192
3.7200000286102295,3.8399999141693115,3.7200000286102295,3.799999952316284,545900,2017,1,27,5,17193
3.6500000953674316,3.7699999809265137,3.7699999809265137,3.690000057220459,673700,2017,1,30,1,17196
3.630000114440918,4.0,3.6600000858306885,4.0,1227100,2017,1,31,2,17197
3.869999885559082,4.03000020980835,4.019999980926514,3.9200000762939453,857300,2017,2,1,3,17198
3.8499999046325684,3.930000066757202,3.9000000953674316,3.9200000762939453,667800,2017,2,2,4,17199
3.880000114440918,4.130000114440918,3.9600000381469727,4.119999885559082,992200,2017,2,3,5,17200
4.059999942779541,4.21999979019165,4.119999885559082,4.210000038146973,1012000,2017,2,6,1,17203
3.9800000190734863,4.21999979019165,4.21999979019165,3.990000009536743,975600,2017,2,7,2,17204
3.869999885559082,3.990000009536743,3.950000047683716,3.9600000381469727,822600,2017,2,8,3,17205
3.950000047683716,4.130000114440918,3.950000047683716,4.039999961853027,866000,2017,2,9,4,17206
4.03000020980835,4.210000038146973,4.059999942779541,4.090000152587891,881400,2017,2,10,5,17207
4.070000171661377,4.190000057220459,4.139999866485596,4.119999885559082,567000,2017,2,13,1,17210
4.230000019073486,4.78000020980835,4.599999904632568,4.400000095367432,6627100,2017,2,14,2,17211
4.349999904632568,4.650000095367432,4.610000133514404,4.46999979019165,2247800,2017,2,15,3,17212
4.179999828338623,4.539999961853027,4.489999771118164,4.230000019073486,1908700,2017,2,16,4,17213
4.210000038146973,4.539999961853027,4.230000019073486,4.510000228881836,2131600,2017,2,17,5,17214
4.489999771118164,4.619999885559082,4.570000171661377,4.539999961853027,1455900,2017,2,21,2,17218
3.7799999713897705,4.559999942779541,4.480000019073486,3.799999952316284,4507500,2017,2,22,3,17219
3.809999942779541,3.9200000762939453,3.880000114440918,3.8299999237060547,1471100,2017,2,23,4,17220
3.75,3.880000114440918,3.7899999618530273,3.8499999046325684,1269800,2017,2,24,5,17221
3.8499999046325684,4.25,3.8499999046325684,4.21999979019165,2017800,2017,2,27,1,17224
4.110000133514404,4.349999904632568,4.199999809265137,4.239999771118164,1718500,2017,2,28,2,17225
4.199999809265137,4.360000133514404,4.340000152587891,4.239999771118164,1320800,2017,3,1,3,17226
4.119999885559082,4.320000171661377,4.199999809265137,4.159999847412109,1092000,2017,3,2,4,17227
4.050000190734863,4.239999771118164,4.179999828338623,4.110000133514404,1089900,2017,3,3,5,17228
4.0,4.159999847412109,4.110000133514404,4.019999980926514,686300,2017,3,6,1,17231
3.880000114440918,4.070000171661377,3.990000009536743,3.880000114440918,878400,2017,3,7,2,17232
3.880000114440918,4.059999942779541,3.890000104904175,3.9700000286102295,762800,2017,3,8,3,17233
3.9000000953674316,4.170000076293945,3.9000000953674316,4.059999942779541,768500,2017,3,9,4,17234
4.019999980926514,4.159999847412109,4.119999885559082,4.130000114440918,715100,2017,3,10,5,17235
4.050000190734863,4.210000038146973,4.130000114440918,4.199999809265137,617300,2017,3,13,1,17238
3.9200000762939453,4.150000095367432,4.150000095367432,3.9800000190734863,1296700,2017,3,14,2,17239
3.9700000286102295,4.210000038146973,4.0,4.199999809265137,1305000,2017,3,15,3,17240
4.099999904632568,4.199999809265137,4.179999828338623,4.159999847412109,626100,2017,3,16,4,17241
4.03000020980835,4.190000057220459,4.099999904632568,4.039999961853027,2106500,2017,3,17,5,17242
3.9800000190734863,4.159999847412109,4.050000190734863,4.099999904632568,810900,2017,3,20,1,17245
3.8499999046325684,4.170000076293945,4.099999904632568,3.8499999046325684,1500200,2017,3,21,2,17246
3.7699999809265137,3.9200000762939453,3.859999895095825,3.869999885559082,1025500,2017,3,22,3,17247
3.8499999046325684,3.990000009536743,3.880000114440918,3.9200000762939453,892300,2017,3,23,4,17248
3.869999885559082,3.9700000286102295,3.940000057220459,3.880000114440918,737400,2017,3,24,5,17249
3.799999952316284,4.050000190734863,3.819999933242798,4.019999980926514,916500,2017,3,27,1,17252
3.890000104904175,4.079999923706055,4.019999980926514,3.9200000762939453,764400,2017,3,28,2,17253
3.880000114440918,4.039999961853027,3.930000066757202,3.9200000762939453,1013800,2017,3,29,3,17254
3.819999933242798,3.930000066757202,3.9100000858306885,3.8399999141693115,1397400,2017,3,30,4,17255
3.7699999809265137,3.9600000381469727,3.8499999046325684,3.7699999809265137,1068900,2017,3,31,5,17256
3.6600000858306885,3.8299999237060547,3.7899999618530273,3.6600000858306885,1415600,2017,4,3,1,17259
3.509999990463257,3.75,3.640000104904175,3.559999942779541,1363800,2017,4,4,2,17260
3.4200000762939453,3.6500000953674316,3.569999933242798,3.440000057220459,1740400,2017,4,5,3,17261
3.2699999809265137,3.4700000286102295,3.4600000381469727,3.3499999046325684,1346300,2017,4,6,4,17262
3.2200000286102295,3.390000104904175,3.3299999237060547,3.380000114440918,1128700,2017,4,7,5,17263
3.2699999809265137,3.440000057220459,3.390000104904175,3.2699999809265137,839400,2017,4,10,1,17266
3.200000047683716,3.2699999809265137,3.259999990463257,3.240000009536743,969800,2017,4,11,2,17267
3.2100000381469727,3.3399999141693115,3.2100000381469727,3.240000009536743,782400,2017,4,12,3,17268
3.380000114440918,3.6700000762939453,3.5,3.4700000286102295,2340200,2017,4,13,4,17269
3.4000000953674316,3.5399999618530273,3.5,3.440000057220459,870300,2017,4,17,1,17273
3.3499999046325684,3.450000047683716,3.440000057220459,3.4100000858306885,806900,2017,4,18,2,17274
3.369999885559082,3.5399999618530273,3.450000047683716,3.390000104904175,794800,2017,4,19,3,17275
3.369999885559082,3.5299999713897705,3.4000000953674316,3.5199999809265137,923100,2017,4,20,4,17276
3.450000047683716,3.5399999618530273,3.5,3.5199999809265137,678600,2017,4,21,5,17277
3.450000047683716,3.5999999046325684,3.569999933242798,3.5999999046325684,786700,2017,4,24,1,17280
3.5199999809265137,3.7300000190734863,3.640000104904175,3.700000047683716,1032600,2017,4,25,2,17281
3.6600000858306885,3.759999990463257,3.6600000858306885,3.7200000286102295,697700,2017,4,26,3,17282
3.6600000858306885,3.7699999809265137,3.7300000190734863,3.680000066757202,526500,2017,4,27,4,17283
3.5199999809265137,3.700000047683716,3.680000066757202,3.5899999141693115,471600,2017,4,28,5,17284
3.5799999237060547,3.700000047683716,3.609999895095825,3.700000047683716,565100,2017,5,1,1,17287
3.549999952316284,3.7200000286102295,3.7100000381469727,3.569999933242798,548400,2017,5,2,2,17288
3.4000000953674316,3.5299999713897705,3.5299999713897705,3.4200000762939453,834300,2017,5,3,3,17289
3.390000104904175,4.179999828338623,3.390000104904175,4.079999923706055,4424000,2017,5,4,4,17290
3.7799999713897705,4.090000152587891,4.090000152587891,3.7799999713897705,1532500,2017,5,5,5,17291
3.6700000762939453,3.8399999141693115,3.759999990463257,3.690000057220459,840600,2017,5,8,1,17294
3.6500000953674316,3.8299999237060547,3.7200000286102295,3.7799999713897705,804200,2017,5,9,2,17295
3.7300000190734863,3.869999885559082,3.7699999809265137,3.799999952316284,510900,2017,5,10,3,17296
3.6700000762939453,3.809999942779541,3.7899999618530273,3.740000009536743,619500,2017,5,11,4,17297
3.6700000762939453,3.799999952316284,3.7300000190734863,3.690000057220459,668500,2017,5,12,5,17298
3.6700000762939453,3.809999942779541,3.7100000381469727,3.700000047683716,786900,2017,5,15,1,17301
3.609999895095825,3.7300000190734863,3.7200000286102295,3.6500000953674316,428800,2017,5,16,2,17302
3.5,3.630000114440918,3.609999895095825,3.549999952316284,804000,2017,5,17,3,17303
3.5199999809265137,3.630000114440918,3.5399999618530273,3.609999895095825,605700,2017,5,18,4,17304
3.4600000381469727,3.7100000381469727,3.609999895095825,3.4600000381469727,752900,2017,5,19,5,17305
3.380000114440918,3.5299999713897705,3.4700000286102295,3.4000000953674316,1003300,2017,5,22,1,17308
3.4100000858306885,3.569999933242798,3.4200000762939453,3.5299999713897705,599800,2017,5,23,2,17309
3.4700000286102295,3.5899999141693115,3.5299999713897705,3.559999942779541,528500,2017,5,24,3,17310
3.4600000381469727,3.5799999237060547,3.569999933242798,3.5,529700,2017,5,25,4,17311
3.4200000762939453,3.5199999809265137,3.490000009536743,3.450000047683716,529600,2017,5,26,5,17312
3.309999942779541,3.450000047683716,3.450000047683716,3.369999885559082,1172200,2017,5,30,2,17316
3.299999952316284,3.4000000953674316,3.390000104904175,3.319999933242798,579900,2017,5,31,3,17317
3.3299999237060547,3.5,3.3399999141693115,3.440000057220459,626600,2017,6,1,4,17318
3.4100000858306885,3.5299999713897705,3.450000047683716,3.5,638000,2017,6,2,5,17319
3.3499999046325684,3.509999990463257,3.509999990463257,3.4000000953674316,883500,2017,6,5,1,17322
3.319999933242798,3.430000066757202,3.380000114440918,3.390000104904175,622500,2017,6,6,2,17323
3.299999952316284,3.4100000858306885,3.380000114440918,3.319999933242798,615500,2017,6,7,3,17324
3.309999942779541,3.369999885559082,3.309999942779541,3.3299999237060547,351000,2017,6,8,4,17325
3.259999990463257,3.380000114440918,3.359999895095825,3.359999895095825,901400,2017,6,9,5,17326
3.299999952316284,3.5199999809265137,3.380000114440918,3.509999990463257,1312700,2017,6,12,1,17329
3.369999885559082,3.549999952316284,3.549999952316284,3.4600000381469727,694300,2017,6,13,2,17330
3.430000066757202,3.549999952316284,3.4800000190734863,3.490000009536743,584500,2017,6,14,3,17331
3.359999895095825,3.490000009536743,3.450000047683716,3.4000000953674316,666000,2017,6,15,4,17332
3.3299999237060547,3.4600000381469727,3.380000114440918,3.4600000381469727,2775800,2017,6,16,5,17333
3.3499999046325684,3.5199999809265137,3.4600000381469727,3.5199999809265137,749500,2017,6,19,1,17336
3.5,3.9800000190734863,3.5,3.859999895095825,2703300,2017,6,20,2,17337
3.7699999809265137,3.9700000286102295,3.890000104904175,3.940000057220459,966400,2017,6,21,3,17338
3.9700000286102295,4.159999847412109,3.9800000190734863,4.03000020980835,1804300,2017,6,22,4,17339
3.9100000858306885,4.099999904632568,4.039999961853027,3.9800000190734863,1353500,2017,6,23,5,17340
3.940000057220459,4.130000114440918,4.0,4.039999961853027,995600,2017,6,26,1,17343
3.9200000762939453,4.079999923706055,4.010000228881836,3.930000066757202,577400,2017,6,27,2,17344
3.930000066757202,4.03000020980835,3.9800000190734863,3.9700000286102295,774900,2017,6,28,3,17345
3.869999885559082,4.010000228881836,3.9600000381469727,3.950000047683716,495000,2017,6,29,4,17346
3.859999895095825,3.9600000381469727,3.9600000381469727,3.9100000858306885,351900,2017,6,30,5,17347
3.9000000953674316,4.039999961853027,3.9200000762939453,4.0,352600,2017,7,3,1,17350
3.930000066757202,4.090000152587891,4.0,4.0,487600,2017,7,5,3,17352
3.890000104904175,4.070000171661377,3.9700000286102295,3.9700000286102295,881400,2017,7,6,4,17353
3.9700000286102295,4.110000133514404,3.990000009536743,4.110000133514404,519400,2017,7,7,5,17354
4.079999923706055,4.5,4.110000133514404,4.480000019073486,2548500,2017,7,10,1,17357
4.320000171661377,4.510000228881836,4.5,4.349999904632568,1219500,2017,7,11,2,17358
4.300000190734863,4.539999961853027,4.380000114440918,4.349999904632568,874800,2017,7,12,3,17359
4.190000057220459,4.440000057220459,4.360000133514404,4.389999866485596,824500,2017,7,13,4,17360
4.329999923706055,4.489999771118164,4.389999866485596,4.380000114440918,450000,2017,7,14,5,17361
4.400000095367432,4.670000076293945,4.400000095367432,4.599999904632568,1060300,2017,7,17,1,17364
4.659999847412109,5.0,4.659999847412109,5.0,2151900,2017,7,18,2,17365
4.690000057220459,5.150000095367432,4.949999809265137,4.880000114440918,2108300,2017,7,19,3,17366
4.820000171661377,5.099999904632568,4.820000171661377,5.03000020980835,1267100,2017,7,20,4,17367
4.929999828338623,5.150000095367432,5.059999942779541,5.050000190734863,1052300,2017,7,21,5,17368
5.0,5.409999847412109,5.059999942779541,5.369999885559082,1619000,2017,7,24,1,17371
4.869999885559082,5.449999809265137,5.400000095367432,5.139999866485596,2233300,2017,7,25,2,17372
5.099999904632568,5.300000190734863,5.139999866485596,5.260000228881836,983900,2017,7,26,3,17373
4.389999866485596,5.050000190734863,5.050000190734863,4.480000019073486,3934300,2017,7,27,4,17374
4.309999942779541,4.610000133514404,4.420000076293945,4.46999979019165,956600,2017,7,28,5,17375
4.300000190734863,4.46999979019165,4.420000076293945,4.440000057220459,1065000,2017,7,31,1,17378
4.25,4.46999979019165,4.340000152587891,4.349999904632568,1125700,2017,8,1,2,17379
4.050000190734863,4.380000114440918,4.300000190734863,4.119999885559082,1552400,2017,8,2,3,17380
4.059999942779541,4.400000095367432,4.119999885559082,4.21999979019165,1579800,2017,8,3,4,17381
4.010000228881836,4.25,4.199999809265137,4.019999980926514,1247500,2017,8,4,5,17382
3.7799999713897705,4.130000114440918,4.0,3.7899999618530273,1478400,2017,8,7,1,17385
3.7100000381469727,3.9100000858306885,3.7699999809265137,3.8499999046325684,1198900,2017,8,8,2,17386
3.630000114440918,3.880000114440918,3.819999933242798,3.6500000953674316,956500,2017,8,9,3,17387
3.4200000762939453,3.640000104904175,3.619999885559082,3.4800000190734863,1044800,2017,8,10,4,17388
3.450000047683716,3.5899999141693115,3.509999990463257,3.549999952316284,746000,2017,8,11,5,17389
3.5299999713897705,3.940000057220459,3.5799999237060547,3.7699999809265137,1678000,2017,8,14,1,17392
3.609999895095825,3.799999952316284,3.759999990463257,3.7100000381469727,791000,2017,8,15,2,17393
3.630000114440918,3.7899999618530273,3.7300000190734863,3.6500000953674316,449900,2017,8,16,3,17394
3.5,3.740000009536743,3.640000104904175,3.509999990463257,975600,2017,8,17,4,17395
3.5,3.619999885559082,3.5,3.569999933242798,483700,2017,8,18,5,17396
3.549999952316284,3.6500000953674316,3.549999952316284,3.609999895095825,526700,2017,8,21,1,17399
3.569999933242798,3.6700000762939453,3.609999895095825,3.5799999237060547,779000,2017,8,22,2,17400
3.5299999713897705,3.6500000953674316,3.559999942779541,3.5899999141693115,488900,2017,8,23,3,17401
3.5899999141693115,3.7200000286102295,3.619999885559082,3.7100000381469727,508700,2017,8,24,4,17402
3.630000114440918,3.740000009536743,3.7100000381469727,3.6500000953674316,618500,2017,8,25,5,17403
3.6700000762939453,3.7899999618530273,3.680000066757202,3.7100000381469727,586800,2017,8,28,1,17406
3.6500000953674316,3.759999990463257,3.6700000762939453,3.7300000190734863,478000,2017,8,29,2,17407
3.680000066757202,3.759999990463257,3.7300000190734863,3.680000066757202,320400,2017,8,30,3,17408
3.6500000953674316,3.809999942779541,3.7100000381469727,3.690000057220459,1299800,2017,8,31,4,17409
3.6600000858306885,3.7300000190734863,3.700000047683716,3.7200000286102295,470400,2017,9,1,5,17410
3.5799999237060547,3.75,3.740000009536743,3.7200000286102295,861100,2017,9,5,2,17414
3.640000104904175,3.740000009536743,3.7200000286102295,3.6700000762939453,340300,2017,9,6,3,17415
3.609999895095825,4.050000190734863,3.690000057220459,4.039999961853027,1931100,2017,9,7,4,17416
4.070000171661377,4.190000057220459,4.119999885559082,4.159999847412109,1393800,2017,9,8,5,17417
3.990000009536743,4.230000019073486,4.179999828338623,4.130000114440918,887700,2017,9,11,1,17420
4.050000190734863,4.130000114440918,4.119999885559082,4.110000133514404,653300,2017,9,12,2,17421
4.03000020980835,4.289999961853027,4.070000171661377,4.260000228881836,1443000,2017,9,13,3,17422
4.03000020980835,4.519999980926514,4.5,4.099999904632568,2645900,2017,9,14,4,17423
4.010000228881836,4.179999828338623,4.119999885559082,4.119999885559082,1262000,2017,9,15,5,17424
4.070000171661377,4.28000020980835,4.150000095367432,4.110000133514404,1024000,2017,9,18,1,17427
4.079999923706055,4.230000019073486,4.139999866485596,4.230000019073486,863800,2017,9,19,2,17428
4.119999885559082,4.300000190734863,4.25,4.190000057220459,868200,2017,9,20,3,17429
4.059999942779541,4.210000038146973,4.199999809265137,4.099999904632568,797500,2017,9,21,4,17430
4.039999961853027,4.130000114440918,4.070000171661377,4.099999904632568,330500,2017,9,22,5,17431
4.070000171661377,4.190000057220459,4.110000133514404,4.130000114440918,548100,2017,9,25,1,17434
4.050000190734863,4.170000076293945,4.119999885559082,4.159999847412109,781900,2017,9,26,2,17435
4.119999885559082,4.409999847412109,4.159999847412109,4.360000133514404,1546100,2017,9,27,3,17436
4.320000171661377,4.449999809265137,4.360000133514404,4.420000076293945,1056200,2017,9,28,4,17437
4.349999904632568,4.46999979019165,4.420000076293945,4.409999847412109,776500,2017,9,29,5,17438
4.420000076293945,4.789999961853027,4.46999979019165,4.730000019073486,1556700,2017,10,2,1,17441
4.559999942779541,4.829999923706055,4.800000190734863,4.610000133514404,1236000,2017,10,3,2,17442
4.539999961853027,4.730000019073486,4.610000133514404,4.699999809265137,720700,2017,10,4,3,17443
4.610000133514404,4.730000019073486,4.71999979019165,4.710000038146973,537900,2017,10,5,4,17444
4.679999828338623,4.869999885559082,4.710000038146973,4.710000038146973,914700,2017,10,6,5,17445
4.510000228881836,4.769999980926514,4.75,4.559999942779541,1056600,2017,10,9,1,17448
4.539999961853027,4.75,4.590000152587891,4.739999771118164,926700,2017,10,10,2,17449
4.699999809265137,4.840000152587891,4.75,4.78000020980835,893800,2017,10,11,3,17450
4.599999904632568,4.800000190734863,4.800000190734863,4.650000095367432,737000,2017,10,12,4,17451
4.5,4.690000057220459,4.670000076293945,4.639999866485596,984100,2017,10,13,5,17452
4.599999904632568,4.849999904632568,4.699999809265137,4.659999847412109,1061400,2017,10,16,1,17455
4.590000152587891,4.71999979019165,4.690000057220459,4.670000076293945,1067000,2017,10,17,2,17456
4.570000171661377,4.730000019073486,4.710000038146973,4.710000038146973,896900,2017,10,18,3,17457
3.930000066757202,4.710000038146973,4.690000057220459,4.46999979019165,4710000,2017,10,19,4,17458
4.25,4.519999980926514,4.519999980926514,4.329999923706055,1259300,2017,10,20,5,17459
4.199999809265137,4.900000095367432,4.860000133514404,4.260000228881836,12224900,2017,10,23,1,17462
3.690000057220459,4.300000190734863,4.300000190734863,3.7300000190734863,5037900,2017,10,24,2,17463
3.5999999046325684,3.869999885559082,3.7799999713897705,3.7300000190734863,3896900,2017,10,25,3,17464
3.5,3.8499999046325684,3.8499999046325684,3.559999942779541,3119600,2017,10,26,4,17465
3.3499999046325684,3.680000066757202,3.5399999618530273,3.6700000762939453,2757000,2017,10,27,5,17466
3.5299999713897705,3.700000047683716,3.700000047683716,3.549999952316284,1471000,2017,10,30,1,17469
3.549999952316284,3.690000057220459,3.5899999141693115,3.6600000858306885,1564400,2017,10,31,2,17470
3.5399999618530273,3.740000009536743,3.6700000762939453,3.5799999237060547,1301800,2017,11,1,3,17471
3.5399999618530273,3.6700000762939453,3.5999999046325684,3.630000114440918,1019300,2017,11,2,4,17472
3.609999895095825,3.75,3.609999895095825,3.740000009536743,865300,2017,11,3,5,17473
3.6500000953674316,3.869999885559082,3.75,3.6700000762939453,1163200,2017,11,6,1,17476
3.450000047683716,3.7699999809265137,3.630000114440918,3.5,2343800,2017,11,7,2,17477
3.430000066757202,3.5299999713897705,3.4700000286102295,3.509999990463257,1503600,2017,11,8,3,17478
3.4600000381469727,3.569999933242798,3.5,3.549999952316284,1185400,2017,11,9,4,17479
3.509999990463257,3.740000009536743,3.549999952316284,3.7300000190734863,1596100,2017,11,10,5,17480
3.5999999046325684,3.740000009536743,3.7200000286102295,3.6500000953674316,743700,2017,11,13,1,17483
3.450000047683716,3.640000104904175,3.640000104904175,3.5,1629700,2017,11,14,2,17484
3.430000066757202,3.7100000381469727,3.5,3.6500000953674316,1306800,2017,11,15,3,17485
3.6500000953674316,3.809999942779541,3.6500000953674316,3.7100000381469727,1185500,2017,11,16,4,17486
3.6700000762939453,3.7899999618530273,3.7100000381469727,3.700000047683716,1155500,2017,11,17,5,17487
3.5999999046325684,3.7300000190734863,3.700000047683716,3.6500000953674316,751400,2017,11,20,1,17490
3.630000114440918,3.7899999618530273,3.6500000953674316,3.75,1058400,2017,11,21,2,17491
3.7300000190734863,4.050000190734863,3.75,4.019999980926514,1626700,2017,11,22,3,17492
3.9000000953674316,4.099999904632568,4.050000190734863,3.9200000762939453,614100,2017,11,24,5,17494
3.809999942779541,3.9800000190734863,3.940000057220459,3.8499999046325684,662300,2017,11,27,1,17497
3.799999952316284,3.9200000762939453,3.880000114440918,3.890000104904175,578400,2017,11,28,2,17498
3.8399999141693115,3.9700000286102295,3.9100000858306885,3.859999895095825,710600,2017,11,29,3,17499
3.890000104904175,4.019999980926514,3.890000104904175,3.930000066757202,955600,2017,11,30,4,17500
3.799999952316284,4.039999961853027,3.9200000762939453,3.9700000286102295,667200,2017,12,1,5,17501
3.819999933242798,4.070000171661377,4.010000228881836,3.8399999141693115,815700,2017,12,4,1,17504
3.7200000286102295,3.880000114440918,3.8299999237060547,3.7699999809265137,982300,2017,12,5,2,17505
3.630000114440918,3.8399999141693115,3.7699999809265137,3.690000057220459,610300,2017,12,6,3,17506
3.5299999713897705,3.75,3.680000066757202,3.619999885559082,1102200,2017,12,7,4,17507
3.569999933242798,3.7100000381469727,3.6600000858306885,3.630000114440918,742000,2017,12,8,5,17508
3.559999942779541,3.690000057220459,3.6500000953674316,3.5899999141693115,696800,2017,12,11,1,17511
3.3499999046325684,3.6500000953674316,3.5799999237060547,3.369999885559082,1907100,2017,12,12,2,17512
3.3499999046325684,3.5199999809265137,3.4000000953674316,3.509999990463257,1116800,2017,12,13,3,17513
3.4800000190734863,3.630000114440918,3.509999990463257,3.5199999809265137,782600,2017,12,14,4,17514
3.4800000190734863,3.5899999141693115,3.5199999809265137,3.559999942779541,788700,2017,12,15,5,17515
3.509999990463257,3.630000114440918,3.569999933242798,3.5299999713897705,788100,2017,12,18,1,17518
3.5,3.609999895095825,3.509999990463257,3.5399999618530273,820900,2017,12,19,2,17519
3.5199999809265137,3.5999999046325684,3.5399999618530273,3.5299999713897705,566100,2017,12,20,3,17520
3.490000009536743,3.5799999237060547,3.5,3.5,833000,2017,12,21,4,17521
3.440000057220459,3.559999942779541,3.490000009536743,3.5399999618530273,927500,2017,12,22,5,17522
3.430000066757202,3.549999952316284,3.5199999809265137,3.440000057220459,910600,2017,12,26,2,17526
3.359999895095825,3.490000009536743,3.4600000381469727,3.390000104904175,1073300,2017,12,27,3,17527
3.3299999237060547,3.4200000762939453,3.4100000858306885,3.359999895095825,913900,2017,12,28,4,17528
3.240000009536743,3.380000114440918,3.3499999046325684,3.259999990463257,1629800,2017,12,29,5,17529
3.25,3.5399999618530273,3.2899999618530273,3.5399999618530273,1277600,2018,1,2,2,17533
3.430000066757202,3.549999952316284,3.509999990463257,3.5399999618530273,592400,2018,1,3,3,17534
3.4000000953674316,3.549999952316284,3.5399999618530273,3.5199999809265137,721800,2018,1,4,4,17535
3.4800000190734863,3.569999933242798,3.5199999809265137,3.509999990463257,552200,2018,1,5,5,17536
3.4000000953674316,4.099999904632568,3.75,3.9100000858306885,5814000,2018,1,8,1,17539
3.680000066757202,3.950000047683716,3.890000104904175,3.890000104904175,1687600,2018,1,9,2,17540
3.759999990463257,3.940000057220459,3.8299999237060547,3.9100000858306885,914300,2018,1,10,3,17541
3.809999942779541,3.9100000858306885,3.9000000953674316,3.880000114440918,752800,2018,1,11,4,17542
3.8299999237060547,3.9100000858306885,3.880000114440918,3.869999885559082,578900,2018,1,12,5,17543
3.740000009536743,4.0,3.869999885559082,3.7899999618530273,1216000,2018,1,16,2,17547
3.799999952316284,4.050000190734863,3.9000000953674316,3.9200000762939453,2416200,2018,1,17,3,17548
3.8499999046325684,3.9600000381469727,3.869999885559082,3.9000000953674316,952800,2018,1,18,4,17549
3.859999895095825,3.990000009536743,3.890000104904175,3.9700000286102295,1010500,2018,1,19,5,17550
3.9200000762939453,4.130000114440918,4.039999961853027,4.079999923706055,3715300,2018,1,22,1,17553
3.950000047683716,4.099999904632568,4.079999923706055,4.079999923706055,1041100,2018,1,23,2,17554
3.930000066757202,4.079999923706055,4.070000171661377,3.990000009536743,693700,2018,1,24,3,17555
3.700000047683716,3.9700000286102295,3.9700000286102295,3.75,1717600,2018,1,25,4,17556
3.619999885559082,3.819999933242798,3.799999952316284,3.740000009536743,1176600,2018,1,26,5,17557
3.690000057220459,3.8399999141693115,3.7300000190734863,3.740000009536743,768500,2018,1,29,1,17560
3.619999885559082,3.7300000190734863,3.700000047683716,3.6500000953674316,652500,2018,1,30,2,17561
3.5799999237060547,3.7100000381469727,3.690000057220459,3.609999895095825,850800,2018,1,31,3,17562
3.559999942779541,3.6500000953674316,3.5899999141693115,3.5999999046325684,936200,2018,2,1,4,17563
3.559999942779541,3.859999895095825,3.569999933242798,3.740000009536743,1941000,2018,2,2,5,17564
3.5799999237060547,3.819999933242798,3.7200000286102295,3.640000104904175,1850700,2018,2,5,1,17567
3.5199999809265137,3.7699999809265137,3.549999952316284,3.7300000190734863,1233600,2018,2,6,2,17568
3.6600000858306885,3.7899999618530273,3.740000009536743,3.759999990463257,493900,2018,2,7,3,17569
3.6500000953674316,3.799999952316284,3.7799999713897705,3.7100000381469727,1066300,2018,2,8,4,17570
3.5799999237060547,3.799999952316284,3.740000009536743,3.6500000953674316,1295300,2018,2,9,5,17571
3.619999885559082,3.890000104904175,3.640000104904175,3.7899999618530273,1488400,2018,2,12,1,17574
3.680000066757202,3.7899999618530273,3.7799999713897705,3.759999990463257,652900,2018,2,13,2,17575
3.700000047683716,3.9100000858306885,3.700000047683716,3.8399999141693115,785200,2018,2,14,3,17576
3.8299999237060547,4.230000019073486,3.859999895095825,4.210000038146973,1818300,2018,2,15,4,17577
4.03000020980835,4.369999885559082,4.159999847412109,4.349999904632568,2245500,2018,2,16,5,17578
4.309999942779541,4.849999904632568,4.340000152587891,4.699999809265137,4167000,2018,2,20,2,17582
4.519999980926514,5.039999961853027,4.710000038146973,4.800000190734863,3365800,2018,2,21,3,17583
4.769999980926514,5.0,4.840000152587891,4.849999904632568,1517500,2018,2,22,4,17584
4.800000190734863,5.079999923706055,4.840000152587891,5.059999942779541,2034900,2018,2,23,5,17585
5.039999961853027,5.25,5.059999942779541,5.190000057220459,1805800,2018,2,26,1,17588
5.199999809265137,5.369999885559082,5.199999809265137,5.28000020980835,1617900,2018,2,27,2,17589
5.21999979019165,5.599999904632568,5.28000020980835,5.389999866485596,2608400,2018,2,28,3,17590
5.260000228881836,5.53000020980835,5.380000114440918,5.440000057220459,1773300,2018,3,1,4,17591
5.389999866485596,5.760000228881836,5.429999828338623,5.650000095367432,1983900,2018,3,2,5,17592
5.630000114440918,6.0,5.670000076293945,5.989999771118164,2253400,2018,3,5,1,17595
5.420000076293945,6.190000057220459,6.050000190734863,5.809999942779541,2677200,2018,3,6,2,17596
5.760000228881836,6.090000152587891,5.760000228881836,6.039999961853027,1615900,2018,3,7,3,17597
5.849999904632568,6.139999866485596,6.090000152587891,5.869999885559082,2124100,2018,3,8,4,17598
5.679999828338623,5.920000076293945,5.869999885559082,5.75,2057100,2018,3,9,5,17599
5.659999847412109,5.869999885559082,5.789999961853027,5.670000076293945,1909700,2018,3,12,1,17602
5.71999979019165,5.960000038146973,5.71999979019165,5.760000228881836,2222600,2018,3,13,2,17603
5.619999885559082,5.880000114440918,5.699999809265137,5.71999979019165,1541500,2018,3,14,3,17604
5.099999904632568,5.599999904632568,5.239999771118164,5.53000020980835,3064000,2018,3,15,4,17605
5.480000019073486,6.019999980926514,5.550000190734863,5.840000152587891,4547700,2018,3,16,5,17606
5.619999885559082,5.829999923706055,5.769999980926514,5.75,1397000,2018,3,19,1,17609
5.610000133514404,5.889999866485596,5.760000228881836,5.630000114440918,1182400,2018,3,20,2,17610
5.25,5.650000095367432,5.599999904632568,5.340000152587891,2201100,2018,3,21,3,17611
5.099999904632568,5.340000152587891,5.269999980926514,5.190000057220459,1285200,2018,3,22,4,17612
4.989999771118164,5.239999771118164,5.179999828338623,5.019999980926514,1568500,2018,3,23,5,17613
4.829999923706055,5.170000076293945,5.150000095367432,4.989999771118164,2032400,2018,3,26,1,17616
4.800000190734863,5.110000133514404,4.980000019073486,4.820000171661377,1435100,2018,3,27,2,17617
4.630000114440918,4.880000114440918,4.840000152587891,4.71999979019165,1420100,2018,3,28,3,17618
4.670000076293945,4.789999961853027,4.75,4.710000038146973,1066800,2018,3,29,4,17619
4.539999961853027,4.75,4.710000038146973,4.559999942779541,1256600,2018,4,2,1,17623
4.480000019073486,4.639999866485596,4.610000133514404,4.559999942779541,1571100,2018,4,3,2,17624
4.420000076293945,4.610000133514404,4.53000020980835,4.610000133514404,1589300,2018,4,4,3,17625
4.460000038146973,4.679999828338623,4.639999866485596,4.489999771118164,938400,2018,4,5,4,17626
4.409999847412109,4.519999980926514,4.440000057220459,4.460000038146973,1038600,2018,4,6,5,17627
4.21999979019165,4.590000152587891,4.5,4.28000020980835,1169200,2018,4,9,1,17630
4.269999980926514,4.559999942779541,4.309999942779541,4.5,900000,2018,4,10,2,17631
4.440000057220459,4.639999866485596,4.460000038146973,4.610000133514404,926100,2018,4,11,3,17632
4.53000020980835,4.699999809265137,4.670000076293945,4.550000190734863,613900,2018,4,12,4,17633
4.510000228881836,4.670000076293945,4.599999904632568,4.650000095367432,671700,2018,4,13,5,17634
4.050000190734863,4.800000190734863,4.730000019073486,4.110000133514404,2722000,2018,4,16,1,17637
3.9800000190734863,4.25,4.139999866485596,4.090000152587891,1649400,2018,4,17,2,17638
3.940000057220459,4.130000114440918,4.079999923706055,3.950000047683716,1263800,2018,4,18,3,17639
3.630000114440918,4.010000228881836,3.9200000762939453,3.759999990463257,2859900,2018,4,19,4,17640
3.640000104904175,3.809999942779541,3.75,3.7799999713897705,1497100,2018,4,20,5,17641
3.549999952316284,3.819999933242798,3.75,3.5799999237060547,1811300,2018,4,23,1,17644
3.5,3.690000057220459,3.569999933242798,3.5999999046325684,1122000,2018,4,24,2,17645
3.5299999713897705,3.630000114440918,3.549999952316284,3.569999933242798,837700,2018,4,25,3,17646
3.4800000190734863,3.640000104904175,3.559999942779541,3.549999952316284,1008100,2018,4,26,4,17647
3.509999990463257,3.609999895095825,3.569999933242798,3.5999999046325684,737200,2018,4,27,5,17648
3.369999885559082,3.6700000762939453,3.5899999141693115,3.430000066757202,1615800,2018,4,30,1,17651
3.299999952316284,3.5199999809265137,3.440000057220459,3.4700000286102295,1329900,2018,5,1,2,17652
3.430000066757202,3.690000057220459,3.450000047683716,3.6700000762939453,1407400,2018,5,2,3,17653
3.549999952316284,3.7200000286102295,3.690000057220459,3.5899999141693115,794900,2018,5,3,4,17654
3.569999933242798,3.740000009536743,3.5899999141693115,3.680000066757202,903000,2018,5,4,5,17655
3.299999952316284,3.680000066757202,3.619999885559082,3.319999933242798,2421300,2018,5,7,1,17658
3.140000104904175,3.4200000762939453,3.3399999141693115,3.1600000858306885,2443600,2018,5,8,2,17659
3.059999942779541,3.440000057220459,3.200000047683716,3.4100000858306885,1958900,2018,5,9,3,17660
3.380000114440918,3.640000104904175,3.4100000858306885,3.4800000190734863,1583300,2018,5,10,4,17661
3.4200000762939453,3.559999942779541,3.490000009536743,3.559999942779541,936000,2018,5,11,5,17662
3.180000066757202,3.5199999809265137,3.5,3.3499999046325684,3405600,2018,5,14,1,17665
3.240000009536743,3.359999895095825,3.3299999237060547,3.309999942779541,1333200,2018,5,15,2,17666
3.2899999618530273,3.440000057220459,3.319999933242798,3.4000000953674316,1153300,2018,5,16,3,17667
3.2799999713897705,3.450000047683716,3.4000000953674316,3.3499999046325684,1060300,2018,5,17,4,17668
3.319999933242798,3.490000009536743,3.369999885559082,3.450000047683716,900700,2018,5,18,5,17669
3.359999895095825,3.490000009536743,3.450000047683716,3.4000000953674316,909300,2018,5,21,1,17672
3.4000000953674316,3.5799999237060547,3.4200000762939453,3.4800000190734863,1471800,2018,5,22,2,17673
3.430000066757202,3.5399999618530273,3.4700000286102295,3.4800000190734863,733700,2018,5,23,3,17674
3.430000066757202,3.5199999809265137,3.4700000286102295,3.4700000286102295,415400,2018,5,24,4,17675
3.430000066757202,3.509999990463257,3.4800000190734863,3.490000009536743,427400,2018,5,25,5,17676
3.3499999046325684,3.5299999713897705,3.490000009536743,3.390000104904175,1127300,2018,5,29,2,17680
3.369999885559082,3.4800000190734863,3.4100000858306885,3.4100000858306885,1425900,2018,5,30,3,17681
3.319999933242798,3.450000047683716,3.4200000762939453,3.3499999046325684,918300,2018,5,31,4,17682
3.309999942779541,3.4000000953674316,3.369999885559082,3.359999895095825,800700,2018,6,1,5,17683
3.25,3.390000104904175,3.369999885559082,3.2699999809265137,801900,2018,6,4,1,17686
3.1600000858306885,3.3299999237060547,3.2799999713897705,3.180000066757202,1323100,2018,6,5,2,17687
3.0899999141693115,3.25,3.180000066757202,3.1500000953674316,1188300,2018,6,6,3,17688
3.0799999237060547,3.2100000381469727,3.180000066757202,3.0999999046325684,922100,2018,6,7,4,17689
3.069999933242798,3.1600000858306885,3.0999999046325684,3.0999999046325684,1160800,2018,6,8,5,17690
2.9000000953674316,3.1500000953674316,3.119999885559082,2.9100000858306885,2362100,2018,6,11,1,17693
2.809999942779541,3.0399999618530273,3.0,2.869999885559082,2386400,2018,6,12,2,17694
2.7699999809265137,2.9600000381469727,2.9000000953674316,2.8499999046325684,2124300,2018,6,13,3,17695
2.7699999809265137,2.880000114440918,2.859999895095825,2.799999952316284,1599400,2018,6,14,4,17696
2.700000047683716,2.8299999237060547,2.7699999809265137,2.700000047683716,6890800,2018,6,15,5,17697
2.700000047683716,2.7699999809265137,2.7100000381469727,2.700000047683716,1277000,2018,6,18,1,17700
2.5299999713897705,2.7300000190734863,2.700000047683716,2.5299999713897705,2749800,2018,6,19,2,17701
2.549999952316284,2.809999942779541,2.5799999237060547,2.7699999809265137,3628900,2018,6,20,3,17702
2.490000009536743,2.799999952316284,2.7699999809265137,2.5,2564800,2018,6,21,4,17703
2.4100000858306885,2.569999933242798,2.549999952316284,2.430000066757202,2963300,2018,6,22,5,17704
2.299999952316284,2.4800000190734863,2.450000047683716,2.309999942779541,1637200,2018,6,25,1,17707
2.130000114440918,2.5199999809265137,2.299999952316284,2.4600000381469727,2798400,2018,6,26,2,17708
2.25,2.430000066757202,2.430000066757202,2.259999990463257,1107100,2018,6,27,3,17709
2.1700000762939453,2.3499999046325684,2.25,2.309999942779541,1220400,2018,6,28,4,17710
2.240000009536743,2.4000000953674316,2.309999942779541,2.2699999809265137,1545700,2018,6,29,5,17711
2.2200000286102295,2.430000066757202,2.240000009536743,2.4200000762939453,1081100,2018,7,2,1,17714
2.309999942779541,2.450000047683716,2.430000066757202,2.3499999046325684,628800,2018,7,3,2,17715
2.299999952316284,2.4100000858306885,2.380000114440918,2.4000000953674316,598700,2018,7,5,4,17717
2.359999895095825,2.440000057220459,2.4000000953674316,2.4200000762939453,913800,2018,7,6,5,17718
2.3299999237060547,2.430000066757202,2.430000066757202,2.3499999046325684,1009000,2018,7,9,1,17721
2.2200000286102295,2.390000104904175,2.359999895095825,2.25,1427500,2018,7,10,2,17722
2.2100000381469727,2.2699999809265137,2.2300000190734863,2.2200000286102295,651900,2018,7,11,3,17723
2.180000066757202,2.2699999809265137,2.240000009536743,2.2100000381469727,661500,2018,7,12,4,17724
2.180000066757202,2.240000009536743,2.2100000381469727,2.190000057220459,547600,2018,7,13,5,17725
2.049999952316284,2.240000009536743,2.2100000381469727,2.0799999237060547,1178000,2018,7,16,1,17728
2.069999933242798,2.180000066757202,2.069999933242798,2.1500000953674316,860100,2018,7,17,2,17729
2.059999942779541,2.1500000953674316,2.140000104904175,2.140000104904175,882200,2018,7,18,3,17730
2.0899999141693115,2.25,2.130000114440918,2.240000009536743,907800,2018,7,19,4,17731
2.109999895095825,2.259999990463257,2.2300000190734863,2.119999885559082,660400,2018,7,20,5,17732
2.049999952316284,2.130000114440918,2.130000114440918,2.059999942779541,854000,2018,7,23,1,17735
1.850000023841858,2.0999999046325684,2.059999942779541,1.940000057220459,2623200,2018,7,24,2,17736
1.8600000143051147,1.9700000286102295,1.940000057220459,1.8700000047683716,999400,2018,7,25,3,17737
1.7899999618530273,1.8799999952316284,1.8700000047683716,1.8300000429153442,1572800,2018,7,26,4,17738
1.75,1.8600000143051147,1.850000023841858,1.7699999809265137,1309900,2018,7,27,5,17739
1.75,1.8700000047683716,1.7699999809265137,1.8600000143051147,1790900,2018,7,30,1,17742
1.809999942779541,1.940000057220459,1.8700000047683716,1.8300000429153442,1938300,2018,7,31,2,17743
1.8200000524520874,1.909999966621399,1.840000033378601,1.840000033378601,566600,2018,8,1,3,17744
1.75,1.8600000143051147,1.840000033378601,1.7599999904632568,1018100,2018,8,2,4,17745
1.7000000476837158,1.7699999809265137,1.7699999809265137,1.7400000095367432,831800,2018,8,3,5,17746
1.6799999475479126,1.75,1.7400000095367432,1.6799999475479126,749000,2018,8,6,1,17749
1.6799999475479126,1.7300000190734863,1.6799999475479126,1.7200000286102295,706700,2018,8,7,2,17750
1.7000000476837158,1.7799999713897705,1.7100000381469727,1.7300000190734863,1056500,2018,8,8,3,17751
1.7100000381469727,1.7899999618530273,1.7899999618530273,1.75,1233000,2018,8,9,4,17752
1.7599999904632568,1.8600000143051147,1.7599999904632568,1.809999942779541,1713500,2018,8,10,5,17753
1.75,1.850000023841858,1.8200000524520874,1.75,914000,2018,8,13,1,17756
1.7200000286102295,1.7999999523162842,1.7599999904632568,1.7899999618530273,951200,2018,8,14,2,17757
1.6799999475479126,1.7899999618530273,1.7899999618530273,1.690000057220459,1915500,2018,8,15,3,17758
1.649999976158142,1.7699999809265137,1.7200000286102295,1.7000000476837158,1764900,2018,8,16,4,17759
1.5700000524520874,1.7200000286102295,1.7000000476837158,1.6699999570846558,1405500,2018,8,17,5,17760
1.5499999523162842,1.690000057220459,1.6799999475479126,1.590000033378601,1102900,2018,8,20,1,17763
1.5800000429153442,1.899999976158142,1.590000033378601,1.8799999952316284,3864900,2018,8,21,2,17764
1.8600000143051147,2.180000066757202,1.8600000143051147,2.059999942779541,5606600,2018,8,22,3,17765
1.940000057220459,2.0999999046325684,2.069999933242798,2.009999990463257,1770200,2018,8,23,4,17766
1.9500000476837158,2.109999895095825,2.0,2.069999933242798,1729300,2018,8,24,5,17767
2.0299999713897705,2.25,2.0799999237060547,2.1600000858306885,2667900,2018,8,27,1,17770
2.069999933242798,2.240000009536743,2.240000009536743,2.0999999046325684,1315400,2018,8,28,2,17771
2.059999942779541,2.180000066757202,2.0999999046325684,2.1500000953674316,969100,2018,8,29,3,17772
2.059999942779541,2.200000047683716,2.1600000858306885,2.0999999046325684,1118800,2018,8,30,4,17773
2.0899999141693115,2.240000009536743,2.0899999141693115,2.2100000381469727,1456600,2018,8,31,5,17774
2.130000114440918,2.2699999809265137,2.25,2.200000047683716,1237000,2018,9,4,2,17778
2.109999895095825,2.2300000190734863,2.200000047683716,2.140000104904175,895800,2018,9,5,3,17779
1.9500000476837158,2.1500000953674316,2.140000104904175,2.0199999809265137,1233400,2018,9,6,4,17780
1.9600000381469727,2.0399999618530273,2.009999990463257,2.0199999809265137,725500,2018,9,7,5,17781
1.9299999475479126,2.0399999618530273,2.0299999713897705,1.9800000190734863,767200,2018,9,10,1,17784
1.8700000047683716,1.9900000095367432,1.9900000095367432,1.9700000286102295,915900,2018,9,11,2,17785
1.8799999952316284,1.9800000190734863,1.9600000381469727,1.9199999570846558,787400,2018,9,12,3,17786
1.8899999856948853,1.9600000381469727,1.909999966621399,1.9199999570846558,416900,2018,9,13,4,17787
1.8799999952316284,2.0,1.9199999570846558,1.9700000286102295,900500,2018,9,14,5,17788
1.8200000524520874,2.0399999618530273,1.9900000095367432,1.8300000429153442,1283100,2018,9,17,1,17791
1.8200000524520874,1.9500000476837158,1.850000023841858,1.909999966621399,1031200,2018,9,18,2,17792
1.8700000047683716,2.009999990463257,1.9199999570846558,2.0,1092600,2018,9,19,3,17793
2.0,2.2200000286102295,2.009999990463257,2.0999999046325684,1380500,2018,9,20,4,17794
2.0,2.180000066757202,2.109999895095825,2.0,2172300,2018,9,21,5,17795
2.0,2.1600000858306885,2.0,2.1500000953674316,1163200,2018,9,24,1,17798
2.0999999046325684,2.200000047683716,2.1600000858306885,2.109999895095825,1069000,2018,9,25,2,17799
2.059999942779541,2.190000057220459,2.109999895095825,2.140000104904175,984600,2018,9,26,3,17800
2.119999885559082,2.200000047683716,2.140000104904175,2.140000104904175,757400,2018,9,27,4,17801
2.0799999237060547,2.180000066757202,2.140000104904175,2.140000104904175,607600,2018,9,28,5,17802
2.119999885559082,2.369999885559082,2.1600000858306885,2.259999990463257,3327600,2018,10,1,1,17805
2.0799999237060547,2.3399999141693115,2.240000009536743,2.0899999141693115,2234600,2018,10,2,2,17806
2.0399999618530273,2.1600000858306885,2.0999999046325684,2.1500000953674316,1035400,2018,10,3,3,17807
2.0999999046325684,2.240000009536743,2.1600000858306885,2.140000104904175,1180400,2018,10,4,4,17808
2.059999942779541,2.240000009536743,2.130000114440918,2.130000114440918,799400,2018,10,5,5,17809
2.0,2.140000104904175,2.119999885559082,2.059999942779541,861300,2018,10,8,1,17812
1.9500000476837158,2.0899999141693115,2.0299999713897705,1.9700000286102295,1343500,2018,10,9,2,17813
1.899999976158142,2.0299999713897705,1.9700000286102295,1.9199999570846558,1192100,2018,10,10,3,17814
1.8700000047683716,2.0899999141693115,1.899999976158142,2.0,1638100,2018,10,11,4,17815
1.9199999570846558,2.069999933242798,2.049999952316284,1.9500000476837158,736900,2018,10,12,5,17816
1.899999976158142,2.0199999809265137,1.9500000476837158,1.9800000190734863,800200,2018,10,15,1,17819
1.899999976158142,2.009999990463257,2.0,1.9800000190734863,1723200,2018,10,16,2,17820
1.9299999475479126,2.069999933242798,1.9800000190734863,2.059999942779541,749100,2018,10,17,3,17821
1.9800000190734863,2.069999933242798,2.0199999809265137,2.0,728300,2018,10,18,4,17822
1.9199999570846558,2.059999942779541,2.0,1.9600000381469727,1148400,2018,10,19,5,17823
1.7599999904632568,1.9199999570846558,1.8899999856948853,1.809999942779541,1537900,2018,10,22,1,17826
1.7000000476837158,1.809999942779541,1.7699999809265137,1.809999942779541,796500,2018,10,23,2,17827
1.649999976158142,1.7899999618530273,1.7899999618530273,1.659999966621399,1310300,2018,10,24,3,17828
1.6299999952316284,1.8300000429153442,1.6799999475479126,1.7899999618530273,1098200,2018,10,25,4,17829
1.6799999475479126,1.7799999713897705,1.75,1.7200000286102295,922500,2018,10,26,5,17830
1.5800000429153442,1.7699999809265137,1.75,1.6200000047683716,1024800,2018,10,29,1,17833
1.5399999618530273,1.690000057220459,1.6200000047683716,1.6399999856948853,1694100,2018,10,30,2,17834
1.5499999523162842,1.6799999475479126,1.6699999570846558,1.590000033378601,1032700,2018,10,31,3,17835
1.6100000143051147,1.7899999618530273,1.659999966621399,1.7899999618530273,1686400,2018,11,1,4,17836
1.7799999713897705,1.9800000190734863,1.7799999713897705,1.8899999856948853,1811600,2018,11,2,5,17837
1.7699999809265137,1.9299999475479126,1.8799999952316284,1.8799999952316284,1275700,2018,11,5,1,17840
1.75,1.9900000095367432,1.7999999523162842,1.940000057220459,2004200,2018,11,6,2,17841
1.9199999570846558,2.3499999046325684,1.9500000476837158,2.069999933242798,2387300,2018,11,7,3,17842
2.0199999809265137,2.119999885559082,2.059999942779541,2.069999933242798,999300,2018,11,8,4,17843
1.9299999475479126,2.0899999141693115,2.0399999618530273,1.9900000095367432,713000,2018,11,9,5,17844
1.8600000143051147,2.0,2.0,1.9199999570846558,655700,2018,11,12,1,17847
1.9299999475479126,2.0399999618530273,1.9299999475479126,1.9900000095367432,660400,2018,11,13,2,17848
1.9900000095367432,2.109999895095825,2.009999990463257,2.059999942779541,1218600,2018,11,14,3,17849
2.0299999713897705,2.2300000190734863,2.059999942779541,2.190000057220459,1548800,2018,11,15,4,17850
2.069999933242798,2.25,2.1600000858306885,2.109999895095825,854300,2018,11,16,5,17851
2.0299999713897705,2.1600000858306885,2.140000104904175,2.0899999141693115,1101800,2018,11,19,1,17854
2.0299999713897705,2.2100000381469727,2.0399999618530273,2.1600000858306885,1124400,2018,11,20,2,17855
2.119999885559082,2.25,2.180000066757202,2.190000057220459,640500,2018,11,21,3,17856
2.140000104904175,2.25,2.190000057220459,2.2100000381469727,288900,2018,11,23,5,17858
2.190000057220459,2.25,2.2300000190734863,2.240000009536743,497300,2018,11,26,1,17861
2.1700000762939453,2.2899999618530273,2.240000009536743,2.2200000286102295,639500,2018,11,27,2,17862
2.200000047683716,2.450000047683716,2.240000009536743,2.4000000953674316,1544600,2018,11,28,3,17863
2.2799999713897705,2.4100000858306885,2.380000114440918,2.299999952316284,567700,2018,11,29,4,17864
2.2100000381469727,2.430000066757202,2.2799999713897705,2.4100000858306885,939900,2018,11,30,5,17865
2.440000057220459,2.549999952316284,2.4800000190734863,2.4800000190734863,762400,2018,12,3,1,17868
2.2899999618530273,2.5,2.450000047683716,2.309999942779541,673600,2018,12,4,2,17869
2.119999885559082,2.390000104904175,2.25,2.3499999046325684,829600,2018,12,6,4,17871
2.3499999046325684,2.680000066757202,2.359999895095825,2.630000114440918,1602300,2018,12,7,5,17872
2.5399999618530273,2.7799999713897705,2.6500000953674316,2.630000114440918,1342600,2018,12,10,1,17875
2.5899999141693115,2.75,2.6700000762939453,2.619999885559082,1155300,2018,12,11,2,17876
2.630000114440918,2.7899999618530273,2.640000104904175,2.6600000858306885,1065000,2018,12,12,3,17877
2.5,2.700000047683716,2.690000057220459,2.5,949300,2018,12,13,4,17878
2.4000000953674316,2.549999952316284,2.5,2.4200000762939453,800000,2018,12,14,5,17879
2.190000057220459,2.4700000286102295,2.390000104904175,2.2100000381469727,1244400,2018,12,17,1,17882
2.0299999713897705,2.259999990463257,2.2300000190734863,2.0299999713897705,937700,2018,12,18,2,17883
2.009999990463257,2.180000066757202,2.049999952316284,2.009999990463257,1172300,2018,12,19,3,17884
2.3499999046325684,2.940000057220459,2.799999952316284,2.4800000190734863,22720100,2018,12,20,4,17885
2.2200000286102295,2.549999952316284,2.5299999713897705,2.259999990463257,5771400,2018,12,21,5,17886
2.1700000762939453,2.2899999618530273,2.1700000762939453,2.2200000286102295,1369700,2018,12,24,1,17889
1.9500000476837158,2.5,2.240000009536743,2.5,3638900,2018,12,26,3,17891
2.2899999618530273,2.5,2.4800000190734863,2.390000104904175,2456600,2018,12,27,4,17892
2.25,2.490000009536743,2.390000104904175,2.390000104904175,1682800,2018,12,28,5,17893
2.359999895095825,2.5799999237060547,2.4000000953674316,2.380000114440918,1676500,2018,12,31,1,17896
2.2899999618530273,2.559999942779541,2.299999952316284,2.509999990463257,2097300,2019,1,2,3,17898
2.509999990463257,2.8499999046325684,2.5199999809265137,2.799999952316284,3284500,2019,1,3,4,17899
2.8399999141693115,3.140000104904175,2.8499999046325684,2.9700000286102295,3950000,2019,1,4,5,17900
3.009999990463257,3.390000104904175,3.0199999809265137,3.25,4498800,2019,1,7,1,17903
3.180000066757202,3.450000047683716,3.3499999046325684,3.3399999141693115,2817700,2019,1,8,2,17904
3.2100000381469727,3.4000000953674316,3.3299999237060547,3.2300000190734863,2456200,2019,1,9,3,17905
3.069999933242798,3.3399999141693115,3.2100000381469727,3.319999933242798,1892300,2019,1,10,4,17906
3.2300000190734863,3.369999885559082,3.299999952316284,3.2899999618530273,916900,2019,1,11,5,17907
3.109999895095825,3.2799999713897705,3.240000009536743,3.1700000762939453,973400,2019,1,14,1,17910
3.0999999046325684,3.2200000286102295,3.1700000762939453,3.140000104904175,1300300,2019,1,15,2,17911
3.130000114440918,3.309999942779541,3.140000104904175,3.190000057220459,965400,2019,1,16,3,17912
3.180000066757202,3.8299999237060547,3.180000066757202,3.7300000190734863,6477300,2019,1,17,4,17913
3.5999999046325684,3.880000114440918,3.8499999046325684,3.6700000762939453,2660400,2019,1,18,5,17914
3.4600000381469727,3.6600000858306885,3.6600000858306885,3.559999942779541,1493500,2019,1,22,2,17918
3.4800000190734863,3.640000104904175,3.5799999237060547,3.5399999618530273,1022800,2019,1,23,3,17919
3.299999952316284,3.680000066757202,3.680000066757202,3.490000009536743,3092600,2019,1,24,4,17920
3.430000066757202,3.569999933242798,3.5,3.5,1041400,2019,1,25,5,17921
3.3499999046325684,3.5,3.5,3.390000104904175,1299100,2019,1,28,1,17924
3.309999942779541,3.549999952316284,3.430000066757202,3.369999885559082,1608800,2019,1,29,2,17925
3.309999942779541,3.5,3.380000114440918,3.4800000190734863,1309600,2019,1,30,3,17926
3.2699999809265137,3.5199999809265137,3.4800000190734863,3.369999885559082,1976200,2019,1,31,4,17927
3.3299999237060547,3.5,3.369999885559082,3.450000047683716,856000,2019,2,1,5,17928
3.450000047683716,3.630000114440918,3.450000047683716,3.569999933242798,3525000,2019,2,4,1,17931
3.4000000953674316,3.740000009536743,3.5799999237060547,3.4100000858306885,1487000,2019,2,5,2,17932
3.319999933242798,3.5,3.4200000762939453,3.430000066757202,941700,2019,2,6,3,17933
3.319999933242798,3.4600000381469727,3.430000066757202,3.4200000762939453,1383700,2019,2,7,4,17934
3.380000114440918,3.5199999809265137,3.390000104904175,3.490000009536743,1401100,2019,2,8,5,17935
3.430000066757202,3.549999952316284,3.509999990463257,3.4800000190734863,665600,2019,2,11,1,17938
3.4600000381469727,3.5799999237060547,3.490000009536743,3.569999933242798,1014900,2019,2,12,2,17939
3.5199999809265137,3.6600000858306885,3.559999942779541,3.609999895095825,1077800,2019,2,13,3,17940
3.5299999713897705,3.6500000953674316,3.5899999141693115,3.5399999618530273,736500,2019,2,14,4,17941
3.5,3.690000057220459,3.559999942779541,3.609999895095825,1314600,2019,2,15,5,17942
3.0999999046325684,3.6700000762939453,3.609999895095825,3.1700000762939453,3342400,2019,2,19,2,17946
2.759999990463257,3.2300000190734863,3.1600000858306885,2.990000009536743,4046200,2019,2,20,3,17947
2.880000114440918,3.069999933242798,2.9600000381469727,2.9800000190734863,2028300,2019,2,21,4,17948
2.880000114440918,3.069999933242798,3.0,2.890000104904175,2287700,2019,2,22,5,17949
2.8499999046325684,3.0799999237060547,2.890000104904175,2.9800000190734863,2328500,2019,2,25,1,17952
2.950000047683716,3.0899999141693115,2.950000047683716,3.0199999809265137,1320500,2019,2,26,2,17953
3.009999990463257,3.309999942779541,3.0199999809265137,3.2300000190734863,1614500,2019,2,27,3,17954
3.049999952316284,3.25,3.2100000381469727,3.0899999141693115,1103500,2019,2,28,4,17955
3.059999942779541,3.1700000762939453,3.0899999141693115,3.0999999046325684,946700,2019,3,1,5,17956
2.9000000953674316,3.130000114440918,3.109999895095825,2.930000066757202,1229800,2019,3,4,1,17959
2.8299999237060547,2.9600000381469727,2.9100000858306885,2.880000114440918,963400,2019,3,5,2,17960
2.630000114440918,2.9000000953674316,2.9000000953674316,2.6500000953674316,1733900,2019,3,6,3,17961
2.640000104904175,2.880000114440918,2.6500000953674316,2.8299999237060547,1467300,2019,3,7,4,17962
2.619999885559082,2.8399999141693115,2.799999952316284,2.6700000762939453,1388300,2019,3,8,5,17963
2.6700000762939453,2.819999933242798,2.6700000762939453,2.7699999809265137,1011700,2019,3,11,1,17966
2.740000009536743,2.9800000190734863,2.7799999713897705,2.859999895095825,1074600,2019,3,12,2,17967
2.819999933242798,2.9700000286102295,2.9100000858306885,2.9600000381469727,1401900,2019,3,13,3,17968
2.759999990463257,3.0399999618530273,2.8299999237060547,2.990000009536743,2579800,2019,3,14,4,17969
2.819999933242798,2.990000009536743,2.990000009536743,2.869999885559082,1759100,2019,3,15,5,17970
2.8399999141693115,2.940000057220459,2.869999885559082,2.880000114440918,886100,2019,3,18,1,17973
2.8499999046325684,2.990000009536743,2.9000000953674316,2.990000009536743,1230100,2019,3,19,2,17974
2.8499999046325684,3.009999990463257,2.9800000190734863,2.9000000953674316,1713900,2019,3,20,3,17975
2.880000114440918,3.0,2.9100000858306885,2.9800000190734863,1226900,2019,3,21,4,17976
2.7899999618530273,2.9700000286102295,2.9600000381469727,2.819999933242798,1229000,2019,3,22,5,17977
2.740000009536743,2.869999885559082,2.819999933242798,2.8299999237060547,649200,2019,3,25,1,17980
2.859999895095825,2.9600000381469727,2.9000000953674316,2.9600000381469727,1016100,2019,3,26,2,17981
2.7699999809265137,2.9800000190734863,2.950000047683716,2.880000114440918,872600,2019,3,27,3,17982
2.809999942779541,2.930000066757202,2.890000104904175,2.859999895095825,685200,2019,3,28,4,17983
2.880000114440918,2.9700000286102295,2.890000104904175,2.9700000286102295,1194200,2019,3,29,5,17984
2.9000000953674316,3.0,2.9800000190734863,2.9200000762939453,953600,2019,4,1,1,17987
2.869999885559082,3.0,2.9200000762939453,2.890000104904175,1443500,2019,4,2,2,17988
2.8399999141693115,2.9800000190734863,2.940000057220459,2.950000047683716,742600,2019,4,3,3,17989
2.890000104904175,2.9800000190734863,2.940000057220459,2.9200000762939453,913500,2019,4,4,4,17990
2.890000104904175,2.9800000190734863,2.930000066757202,2.9600000381469727,863700,2019,4,5,5,17991
2.890000104904175,2.9800000190734863,2.940000057220459,2.9100000858306885,857300,2019,4,8,1,17994
2.819999933242798,2.930000066757202,2.930000066757202,2.819999933242798,1074300,2019,4,9,2,17995
2.7100000381469727,2.8499999046325684,2.8399999141693115,2.75,771200,2019,4,10,3,17996
2.630000114440918,2.7899999618530273,2.75,2.640000104904175,980800,2019,4,11,4,17997
2.569999933242798,2.690000057220459,2.6700000762939453,2.5999999046325684,1096400,2019,4,12,5,17998
2.549999952316284,2.680000066757202,2.5999999046325684,2.6700000762939453,820600,2019,4,15,1,18001
2.5999999046325684,2.7200000286102295,2.700000047683716,2.619999885559082,472500,2019,4,16,2,18002
2.5,2.6500000953674316,2.630000114440918,2.5399999618530273,658400,2019,4,17,3,18003
2.5,2.5899999141693115,2.5199999809265137,2.5299999713897705,606200,2019,4,18,4,18004
2.4700000286102295,2.5799999237060547,2.569999933242798,2.5399999618530273,795400,2019,4,22,1,18008
2.5199999809265137,2.640000104904175,2.5299999713897705,2.5999999046325684,764100,2019,4,23,2,18009
2.5299999713897705,2.6700000762939453,2.5999999046325684,2.630000114440918,820100,2019,4,24,3,18010
2.569999933242798,2.6500000953674316,2.619999885559082,2.5999999046325684,507100,2019,4,25,4,18011
2.569999933242798,2.6600000858306885,2.5899999141693115,2.6600000858306885,517000,2019,4,26,5,18012
2.6500000953674316,2.7300000190734863,2.6700000762939453,2.6600000858306885,547900,2019,4,29,1,18015
2.5299999713897705,2.7100000381469727,2.6700000762939453,2.569999933242798,740900,2019,4,30,2,18016
2.5199999809265137,2.5999999046325684,2.569999933242798,2.5299999713897705,655400,2019,5,1,3,18017
2.5,2.619999885559082,2.5199999809265137,2.609999895095825,782200,2019,5,2,4,18018
2.619999885559082,2.7200000286102295,2.619999885559082,2.7100000381469727,713400,2019,5,3,5,18019
2.630000114440918,2.7100000381469727,2.6700000762939453,2.700000047683716,517100,2019,5,6,1,18022
2.5999999046325684,2.7100000381469727,2.6500000953674316,2.640000104904175,321200,2019,5,7,2,18023
2.5899999141693115,2.700000047683716,2.6500000953674316,2.6600000858306885,482300,2019,5,8,3,18024
2.6700000762939453,2.930000066757202,2.7699999809265137,2.880000114440918,2475700,2019,5,9,4,18025
2.799999952316284,3.0,2.9200000762939453,2.859999895095825,2702800,2019,5,10,5,18026
2.75,3.0,2.809999942779541,2.9700000286102295,1490200,2019,5,13,1,18029
2.890000104904175,3.0,3.0,2.930000066757202,938500,2019,5,14,2,18030
2.859999895095825,2.9700000286102295,2.940000057220459,2.9700000286102295,767900,2019,5,15,3,18031
2.9200000762939453,2.990000009536743,2.990000009536743,2.950000047683716,912500,2019,5,16,4,18032
2.880000114440918,2.990000009536743,2.9200000762939453,2.950000047683716,975400,2019,5,17,5,18033
2.8399999141693115,2.9800000190734863,2.9200000762939453,2.9000000953674316,887200,2019,5,20,1,18036
2.869999885559082,2.9800000190734863,2.9200000762939453,2.9800000190734863,671100,2019,5,21,2,18037
2.869999885559082,3.0199999809265137,2.9700000286102295,2.9000000953674316,3022900,2019,5,22,3,18038
2.8399999141693115,2.9800000190734863,2.880000114440918,2.9600000381469727,1151400,2019,5,23,4,18039
2.8499999046325684,2.9800000190734863,2.9700000286102295,2.859999895095825,807100,2019,5,24,5,18040
2.799999952316284,2.9000000953674316,2.859999895095825,2.8399999141693115,709500,2019,5,28,2,18044
2.7100000381469727,2.8299999237060547,2.799999952316284,2.7799999713897705,883300,2019,5,29,3,18045
2.5899999141693115,2.809999942779541,2.7799999713897705,2.630000114440918,932100,2019,5,30,4,18046
2.5199999809265137,2.640000104904175,2.569999933242798,2.549999952316284,864900,2019,5,31,5,18047
2.5299999713897705,2.630000114440918,2.5299999713897705,2.619999885559082,737500,2019,6,3,1,18050
2.609999895095825,2.7699999809265137,2.6500000953674316,2.7699999809265137,682900,2019,6,4,2,18051
2.680000066757202,2.799999952316284,2.799999952316284,2.700000047683716,651500,2019,6,5,3,18052
2.5999999046325684,2.700000047683716,2.690000057220459,2.6600000858306885,475000,2019,6,6,4,18053
2.609999895095825,2.7100000381469727,2.680000066757202,2.700000047683716,459500,2019,6,7,5,18054
2.700000047683716,2.7899999618530273,2.7200000286102295,2.7699999809265137,483300,2019,6,10,1,18057
2.5999999046325684,2.7899999618530273,2.7699999809265137,2.6600000858306885,563000,2019,6,11,2,18058
2.619999885559082,2.7300000190734863,2.690000057220459,2.6700000762939453,435000,2019,6,12,3,18059
2.640000104904175,2.75,2.6700000762939453,2.7300000190734863,472300,2019,6,13,4,18060
2.6600000858306885,2.75,2.7300000190734863,2.6600000858306885,462600,2019,6,14,5,18061
2.6700000762939453,2.9200000762939453,2.6700000762939453,2.880000114440918,1217400,2019,6,17,1,18064
2.880000114440918,2.9600000381469727,2.9000000953674316,2.9200000762939453,746000,2019,6,18,2,18065
2.9000000953674316,2.9600000381469727,2.9200000762939453,2.950000047683716,702000,2019,6,19,3,18066
2.930000066757202,3.009999990463257,2.950000047683716,2.9800000190734863,854100,2019,6,20,4,18067
2.940000057220459,3.0,2.950000047683716,3.0,1287200,2019,6,21,5,18068
2.990000009536743,3.059999942779541,3.009999990463257,3.009999990463257,1435800,2019,6,24,1,18071
3.0,3.0999999046325684,3.0299999713897705,3.0399999618530273,4587700,2019,6,25,2,18072
2.9200000762939453,3.0799999237060547,3.0399999618530273,2.940000057220459,2600400,2019,6,26,3,18073
2.880000114440918,3.0,2.940000057220459,2.950000047683716,748300,2019,6,27,4,18074
2.930000066757202,3.059999942779541,2.9700000286102295,3.0,2486200,2019,6,28,5,18075
2.9000000953674316,3.0299999713897705,3.0,2.940000057220459,760600,2019,7,1,1,18078
2.740000009536743,2.940000057220459,2.9100000858306885,2.809999942779541,978400,2019,7,2,2,18079
2.7300000190734863,2.819999933242798,2.7899999618530273,2.7699999809265137,418900,2019,7,3,3,18080
2.640000104904175,2.740000009536743,2.740000009536743,2.690000057220459,1011500,2019,7,5,5,18082
2.619999885559082,2.740000009536743,2.700000047683716,2.6500000953674316,1052200,2019,7,8,1,18085
2.609999895095825,2.740000009536743,2.6700000762939453,2.7300000190734863,1104100,2019,7,9,2,18086
2.690000057220459,2.809999942779541,2.75,2.7300000190734863,858400,2019,7,10,3,18087
2.6700000762939453,2.759999990463257,2.7300000190734863,2.7300000190734863,673700,2019,7,11,4,18088
2.6600000858306885,2.740000009536743,2.740000009536743,2.690000057220459,632400,2019,7,12,5,18089
2.5299999713897705,2.7100000381469727,2.690000057220459,2.5399999618530273,1138000,2019,7,15,1,18092
2.5,2.5899999141693115,2.5299999713897705,2.559999942779541,1879600,2019,7,16,2,18093
2.4600000381469727,2.5799999237060547,2.569999933242798,2.5299999713897705,974000,2019,7,17,3,18094
2.450000047683716,2.549999952316284,2.5299999713897705,2.5299999713897705,914600,2019,7,18,4,18095
2.450000047683716,2.5899999141693115,2.5299999713897705,2.4600000381469727,829300,2019,7,19,5,18096
2.4100000858306885,2.5,2.4600000381469727,2.440000057220459,530300,2019,7,22,1,18099
2.369999885559082,2.4800000190734863,2.4800000190734863,2.390000104904175,715200,2019,7,23,2,18100
2.3299999237060547,2.4100000858306885,2.4000000953674316,2.4000000953674316,547600,2019,7,24,3,18101
2.2799999713897705,2.4000000953674316,2.4000000953674316,2.299999952316284,834500,2019,7,25,4,18102
2.299999952316284,2.4100000858306885,2.299999952316284,2.4000000953674316,745200,2019,7,26,5,18103
2.3399999141693115,2.440000057220459,2.4100000858306885,2.430000066757202,585700,2019,7,29,1,18106
2.380000114440918,2.509999990463257,2.4100000858306885,2.490000009536743,561000,2019,7,30,2,18107
2.4100000858306885,2.5899999141693115,2.4800000190734863,2.4100000858306885,970400,2019,7,31,3,18108
2.430000066757202,2.5399999618530273,2.430000066757202,2.4600000381469727,726100,2019,8,1,4,18109
2.319999933242798,2.4700000286102295,2.450000047683716,2.359999895095825,702000,2019,8,2,5,18110
2.130000114440918,2.319999933242798,2.2799999713897705,2.1700000762939453,1146500,2019,8,5,1,18113
2.180000066757202,2.3499999046325684,2.2200000286102295,2.3399999141693115,700100,2019,8,6,2,18114
2.180000066757202,2.319999933242798,2.299999952316284,2.190000057220459,1108400,2019,8,7,3,18115
2.240000009536743,2.6600000858306885,2.25,2.5999999046325684,2093600,2019,8,8,4,18116
2.4100000858306885,2.5999999046325684,2.569999933242798,2.5799999237060547,1013200,2019,8,9,5,18117
2.559999942779541,2.7300000190734863,2.5799999237060547,2.700000047683716,968200,2019,8,12,1,18120
2.630000114440918,2.75,2.6700000762939453,2.7300000190734863,2091000,2019,8,13,2,18121
2.6500000953674316,2.7799999713897705,2.6500000953674316,2.7200000286102295,1135400,2019,8,14,3,18122
2.630000114440918,2.7799999713897705,2.700000047683716,2.7699999809265137,695100,2019,8,15,4,18123
2.7300000190734863,2.8399999141693115,2.7899999618530273,2.8299999237060547,613000,2019,8,16,5,18124
2.8299999237060547,2.890000104904175,2.859999895095825,2.8399999141693115,711800,2019,8,19,1,18127
2.7699999809265137,2.890000104904175,2.8399999141693115,2.859999895095825,850400,2019,8,20,2,18128
2.8499999046325684,2.9800000190734863,2.890000104904175,2.950000047683716,660600,2019,8,21,3,18129
2.869999885559082,3.0,2.9700000286102295,2.9600000381469727,1547000,2019,8,22,4,18130
2.7899999618530273,2.9700000286102295,2.9200000762939453,2.7899999618530273,822100,2019,8,23,5,18131
2.759999990463257,2.859999895095825,2.8299999237060547,2.819999933242798,623300,2019,8,26,1,18134
2.7300000190734863,2.859999895095825,2.8399999141693115,2.7699999809265137,685100,2019,8,27,2,18135
2.75,2.859999895095825,2.75,2.799999952316284,514100,2019,8,28,3,18136
2.8299999237060547,2.9000000953674316,2.8299999237060547,2.8399999141693115,526300,2019,8,29,4,18137
2.75,2.880000114440918,2.8499999046325684,2.880000114440918,575200,2019,8,30,5,18138
2.809999942779541,2.9100000858306885,2.859999895095825,2.890000104904175,598800,2019,9,3,2,18142
2.8399999141693115,2.940000057220459,2.9200000762939453,2.9100000858306885,602100,2019,9,4,3,18143
2.869999885559082,2.9700000286102295,2.940000057220459,2.950000047683716,588300,2019,9,5,4,18144
2.940000057220459,3.190000057220459,2.950000047683716,3.0999999046325684,1593300,2019,9,6,5,18145
3.049999952316284,3.190000057220459,3.119999885559082,3.140000104904175,707500,2019,9,9,1,18148
3.0199999809265137,3.130000114440918,3.0999999046325684,3.0799999237060547,846800,2019,9,10,2,18149
3.049999952316284,3.140000104904175,3.0999999046325684,3.0999999046325684,982000,2019,9,11,3,18150
3.0299999713897705,3.140000104904175,3.0999999046325684,3.069999933242798,578000,2019,9,12,4,18151
3.0199999809265137,3.119999885559082,3.0899999141693115,3.0399999618530273,566700,2019,9,13,5,18152
2.930000066757202,3.069999933242798,3.0299999713897705,2.990000009536743,675000,2019,9,16,1,18155
2.930000066757202,3.0199999809265137,3.0,2.940000057220459,393400,2019,9,17,2,18156
2.880000114440918,3.0,2.950000047683716,2.9700000286102295,1123800,2019,9,18,3,18157
2.9700000286102295,3.069999933242798,2.990000009536743,3.0399999618530273,1194400,2019,9,19,4,18158
2.930000066757202,3.0399999618530273,3.0299999713897705,3.0299999713897705,981600,2019,9,20,5,18159
3.009999990463257,3.0399999618530273,3.0199999809265137,3.0199999809265137,404500,2019,9,23,1,18162
2.8499999046325684,3.0399999618530273,3.0399999618530273,2.869999885559082,863000,2019,9,24,2,18163
2.7899999618530273,2.880000114440918,2.859999895095825,2.8299999237060547,802800,2019,9,25,3,18164
2.6600000858306885,2.8399999141693115,2.799999952316284,2.680000066757202,813800,2019,9,26,4,18165
2.630000114440918,2.799999952316284,2.680000066757202,2.6600000858306885,682900,2019,9,27,5,18166
2.569999933242798,2.680000066757202,2.6700000762939453,2.5799999237060547,741700,2019,9,30,1,18169
2.4700000286102295,2.630000114440918,2.5799999237060547,2.5,836800,2019,10,1,2,18170
2.430000066757202,2.5399999618530273,2.4700000286102295,2.5199999809265137,554700,2019,10,2,3,18171
2.5,2.5999999046325684,2.5199999809265137,2.5799999237060547,537500,2019,10,3,4,18172
2.5299999713897705,2.640000104904175,2.5799999237060547,2.559999942779541,428800,2019,10,4,5,18173
2.559999942779541,2.700000047683716,2.559999942779541,2.6500000953674316,613900,2019,10,7,1,18176
2.5799999237060547,2.700000047683716,2.619999885559082,2.640000104904175,803100,2019,10,8,2,18177
2.630000114440918,2.740000009536743,2.6700000762939453,2.640000104904175,510200,2019,10,9,3,18178
2.609999895095825,2.7200000286102295,2.640000104904175,2.609999895095825,669100,2019,10,10,4,18179
2.5899999141693115,2.690000057220459,2.619999885559082,2.630000114440918,605100,2019,10,11,5,18180
2.5999999046325684,2.7300000190734863,2.5999999046325684,2.690000057220459,458900,2019,10,14,1,18183
2.5899999141693115,2.759999990463257,2.6700000762939453,2.640000104904175,665500,2019,10,15,2,18184
2.569999933242798,2.6700000762939453,2.630000114440918,2.5999999046325684,513800,2019,10,16,3,18185
2.609999895095825,2.7200000286102295,2.609999895095825,2.680000066757202,420200,2019,10,17,4,18186
2.5899999141693115,2.700000047683716,2.6600000858306885,2.619999885559082,891900,2019,10,18,5,18187
2.549999952316284,2.700000047683716,2.6600000858306885,2.559999942779541,1075800,2019,10,21,1,18190
2.4700000286102295,2.619999885559082,2.549999952316284,2.4800000190734863,970900,2019,10,22,2,18191
2.450000047683716,2.5399999618530273,2.490000009536743,2.5,402600,2019,10,23,3,18192
2.4000000953674316,2.5199999809265137,2.5,2.430000066757202,620000,2019,10,24,4,18193
2.380000114440918,2.4700000286102295,2.4100000858306885,2.4100000858306885,366700,2019,10,25,5,18194
2.369999885559082,2.4700000286102295,2.390000104904175,2.4200000762939453,543100,2019,10,28,1,18197
2.390000104904175,2.490000009536743,2.430000066757202,2.4700000286102295,755500,2019,10,29,2,18198
2.4000000953674316,2.5,2.4700000286102295,2.4600000381469727,589000,2019,10,30,3,18199
2.390000104904175,2.5899999141693115,2.430000066757202,2.5899999141693115,963100,2019,10,31,4,18200
2.5899999141693115,2.859999895095825,2.5999999046325684,2.8499999046325684,1150200,2019,11,1,5,18201
2.859999895095825,3.140000104904175,2.9000000953674316,3.069999933242798,2101800,2019,11,4,1,18204
2.9200000762939453,3.240000009536743,3.0999999046325684,3.2300000190734863,2117800,2019,11,5,2,18205
3.200000047683716,3.6700000762939453,3.2300000190734863,3.6600000858306885,2991800,2019,11,6,3,18206
3.3399999141693115,3.740000009536743,3.609999895095825,3.690000057220459,3278500,2019,11,7,4,18207
3.509999990463257,3.819999933242798,3.640000104904175,3.569999933242798,1969800,2019,11,8,5,18208
3.559999942779541,3.9700000286102295,3.609999895095825,3.9000000953674316,2305700,2019,11,11,1,18211
3.680000066757202,4.010000228881836,3.940000057220459,3.7200000286102295,2057600,2019,11,12,2,18212
3.7100000381469727,3.819999933242798,3.7100000381469727,3.7699999809265137,1380600,2019,11,13,3,18213
3.700000047683716,3.869999885559082,3.7799999713897705,3.740000009536743,923000,2019,11,14,4,18214
3.5799999237060547,3.7899999618530273,3.7799999713897705,3.7200000286102295,1455600,2019,11,15,5,18215
3.7200000286102295,4.449999809265137,3.7300000190734863,4.400000095367432,4643700,2019,11,18,1,18218
4.199999809265137,4.570000171661377,4.5,4.360000133514404,2733100,2019,11,19,2,18219
4.21999979019165,4.429999828338623,4.340000152587891,4.360000133514404,2700500,2019,11,20,3,18220
4.070000171661377,4.420000076293945,4.349999904632568,4.099999904632568,1734200,2019,11,21,4,18221
3.940000057220459,4.179999828338623,4.110000133514404,4.039999961853027,1164200,2019,11,22,5,18222
4.03000020980835,4.230000019073486,4.070000171661377,4.059999942779541,1455200,2019,11,25,1,18225
3.9800000190734863,4.179999828338623,4.03000020980835,4.070000171661377,2749100,2019,11,26,2,18226
4.050000190734863,4.150000095367432,4.130000114440918,4.099999904632568,751800,2019,11,27,3,18227
4.090000152587891,4.25,4.099999904632568,4.190000057220459,798700,2019,11,29,5,18229
3.930000066757202,4.289999961853027,4.190000057220459,3.9700000286102295,2015700,2019,12,2,1,18232
3.930000066757202,4.090000152587891,3.940000057220459,4.019999980926514,950900,2019,12,3,2,18233
3.9200000762939453,4.110000133514404,4.03000020980835,3.940000057220459,1032500,2019,12,4,3,18234
3.75,4.079999923706055,3.950000047683716,4.070000171661377,1570300,2019,12,5,4,18235
3.9000000953674316,4.099999904632568,4.070000171661377,3.9100000858306885,992300,2019,12,6,5,18236
3.9000000953674316,4.03000020980835,3.9000000953674316,3.9100000858306885,619300,2019,12,9,1,18239
3.819999933242798,4.0,3.869999885559082,3.950000047683716,826300,2019,12,10,2,18240
3.8499999046325684,4.0,3.9600000381469727,3.880000114440918,582000,2019,12,11,3,18241
3.809999942779541,3.9700000286102295,3.9000000953674316,3.8299999237060547,544300,2019,12,12,4,18242
3.75,3.869999885559082,3.8399999141693115,3.8399999141693115,568900,2019,12,13,5,18243
3.819999933242798,4.010000228881836,3.8399999141693115,3.930000066757202,922400,2019,12,16,1,18246
3.7799999713897705,3.9800000190734863,3.950000047683716,3.8399999141693115,496200,2019,12,17,2,18247
3.630000114440918,3.869999885559082,3.8299999237060547,3.690000057220459,1038700,2019,12,18,3,18248
3.640000104904175,3.890000104904175,3.690000057220459,3.819999933242798,707200,2019,12,19,4,18249
3.8299999237060547,4.039999961853027,3.8299999237060547,4.0,3103400,2019,12,20,5,18250
4.0,4.260000228881836,4.050000190734863,4.199999809265137,1265800,2019,12,23,1,18253
4.059999942779541,4.320000171661377,4.25,4.119999885559082,679400,2019,12,24,2,18254
4.119999885559082,4.269999980926514,4.150000095367432,4.170000076293945,1377900,2019,12,26,4,18256
4.099999904632568,4.239999771118164,4.190000057220459,4.139999866485596,762400,2019,12,27,5,18257
4.0,4.179999828338623,4.150000095367432,4.010000228881836,744600,2019,12,30,1,18260
4.0,4.130000114440918,4.010000228881836,4.070000171661377,776200,2019,12,31,2,18261
3.9200000762939453,4.130000114440918,4.079999923706055,4.039999961853027,998900,2020,1,2,4,18263
3.819999933242798,3.9800000190734863,3.9800000190734863,3.859999895095825,960300,2020,1,3,5,18264
3.7100000381469727,3.8299999237060547,3.8299999237060547,3.7799999713897705,720500,2020,1,6,1,18267
3.6600000858306885,3.8399999141693115,3.7899999618530273,3.7100000381469727,878000,2020,1,7,2,18268
3.5299999713897705,3.700000047683716,3.700000047683716,3.6500000953674316,920800,2020,1,8,3,18269
3.619999885559082,3.859999895095825,3.680000066757202,3.680000066757202,961100,2020,1,9,4,18270
3.509999990463257,3.700000047683716,3.700000047683716,3.509999990463257,1236600,2020,1,10,5,18271
3.309999942779541,3.559999942779541,3.509999990463257,3.549999952316284,1440000,2020,1,13,1,18274
3.3499999046325684,3.5299999713897705,3.509999990463257,3.5,1196400,2020,1,14,2,18275
3.4600000381469727,3.7300000190734863,3.4700000286102295,3.7200000286102295,1324200,2020,1,15,3,18276
3.700000047683716,3.869999885559082,3.75,3.8499999046325684,1008600,2020,1,16,4,18277
3.869999885559082,4.070000171661377,3.890000104904175,3.940000057220459,1736700,2020,1,17,5,18278
3.799999952316284,3.950000047683716,3.9000000953674316,3.9000000953674316,775400,2020,1,21,2,18282
3.880000114440918,4.03000020980835,3.9200000762939453,4.010000228881836,1570100,2020,1,22,3,18283
3.809999942779541,3.9700000286102295,3.9700000286102295,3.8399999141693115,1410700,2020,1,23,4,18284
3.7300000190734863,3.9200000762939453,3.859999895095825,3.7799999713897705,642600,2020,1,24,5,18285
3.640000104904175,3.7799999713897705,3.7100000381469727,3.7100000381469727,1295600,2020,1,27,1,18288
3.680000066757202,3.759999990463257,3.740000009536743,3.7100000381469727,507500,2020,1,28,2,18289
3.6700000762939453,3.9800000190734863,3.700000047683716,3.869999885559082,2183200,2020,1,29,3,18290
3.7300000190734863,3.8399999141693115,3.8299999237060547,3.799999952316284,798700,2020,1,30,4,18291
3.7100000381469727,3.8299999237060547,3.799999952316284,3.740000009536743,1003100,2020,1,31,5,18292
3.6700000762939453,3.799999952316284,3.75,3.680000066757202,946100,2020,2,3,1,18295
3.640000104904175,3.7300000190734863,3.7200000286102295,3.6700000762939453,1075700,2020,2,4,2,18296
3.549999952316284,3.740000009536743,3.7100000381469727,3.640000104904175,2877300,2020,2,5,3,18297
3.440000057220459,3.6600000858306885,3.6500000953674316,3.549999952316284,1365000,2020,2,6,4,18298
3.5399999618530273,3.680000066757202,3.549999952316284,3.609999895095825,1099000,2020,2,7,5,18299
3.5799999237060547,3.7699999809265137,3.5999999046325684,3.740000009536743,1334100,2020,2,10,1,18302
3.7300000190734863,3.809999942779541,3.7699999809265137,3.7899999618530273,724200,2020,2,11,2,18303
3.7699999809265137,3.869999885559082,3.7699999809265137,3.8399999141693115,843700,2020,2,12,3,18304
3.6500000953674316,3.869999885559082,3.8299999237060547,3.6600000858306885,680700,2020,2,13,4,18305
3.549999952316284,3.7200000286102295,3.6600000858306885,3.6600000858306885,609700,2020,2,14,5,18306
3.630000114440918,3.9100000858306885,3.6700000762939453,3.9000000953674316,1557200,2020,2,18,2,18310
3.940000057220459,4.420000076293945,3.940000057220459,4.389999866485596,3953200,2020,2,19,3,18311
3.7699999809265137,4.420000076293945,4.389999866485596,3.7899999618530273,4037400,2020,2,20,4,18312
3.5,3.880000114440918,3.8299999237060547,3.5199999809265137,2720500,2020,2,21,5,18313
3.119999885559082,3.4800000190734863,3.450000047683716,3.359999895095825,2455300,2020,2,24,1,18316
2.880000114440918,3.380000114440918,3.359999895095825,2.9700000286102295,2417500,2020,2,25,2,18317
2.8399999141693115,3.0799999237060547,2.950000047683716,2.950000047683716,1445600,2020,2,26,3,18318
2.6500000953674316,2.990000009536743,2.9200000762939453,2.6700000762939453,2175600,2020,2,27,4,18319
2.4700000286102295,2.6500000953674316,2.6500000953674316,2.5299999713897705,3216500,2020,2,28,5,18320
2.430000066757202,2.6600000858306885,2.5299999713897705,2.5999999046325684,2126600,2020,3,2,1,18323
2.4800000190734863,2.75,2.6500000953674316,2.5,2495700,2020,3,3,2,18324
2.4800000190734863,2.619999885559082,2.549999952316284,2.5399999618530273,1846900,2020,3,4,3,18325
2.4200000762939453,2.5299999713897705,2.509999990463257,2.440000057220459,1817600,2020,3,5,4,18326
2.359999895095825,2.740000009536743,2.4000000953674316,2.440000057220459,7325700,2020,3,6,5,18327
2.25,2.509999990463257,2.3299999237060547,2.3499999046325684,4498200,2020,3,9,1,18330
2.4000000953674316,2.8399999141693115,2.430000066757202,2.809999942779541,16616200,2020,3,10,2,18331
2.690000057220459,3.0299999713897705,2.7699999809265137,2.7200000286102295,3545600,2020,3,11,3,18332
2.430000066757202,2.7300000190734863,2.7200000286102295,2.609999895095825,3210900,2020,3,12,4,18333
2.4700000286102295,2.8499999046325684,2.799999952316284,2.5199999809265137,2894000,2020,3,13,5,18334
2.2100000381469727,2.390000104904175,2.2899999618530273,2.2300000190734863,1884400,2020,3,16,1,18337
2.009999990463257,2.319999933242798,2.299999952316284,2.1600000858306885,2657400,2020,3,17,2,18338
1.940000057220459,2.2200000286102295,2.0299999713897705,2.119999885559082,2134600,2020,3,18,3,18339
1.9500000476837158,2.1600000858306885,2.0999999046325684,2.049999952316284,2583900,2020,3,19,4,18340
1.8899999856948853,2.119999885559082,2.069999933242798,1.9199999570846558,2916500,2020,3,20,5,18341
1.8200000524520874,2.0199999809265137,1.909999966621399,1.9900000095367432,2665500,2020,3,23,1,18344
2.009999990463257,2.2899999618530273,2.059999942779541,2.2799999713897705,1998800,2020,3,24,2,18345
2.25,2.5799999237060547,2.299999952316284,2.380000114440918,2675000,2020,3,25,3,18346
2.3399999141693115,2.549999952316284,2.380000114440918,2.440000057220459,1665300,2020,3,26,4,18347
2.299999952316284,2.4800000190734863,2.369999885559082,2.3499999046325684,1780700,2020,3,27,5,18348
2.319999933242798,2.4800000190734863,2.3299999237060547,2.4000000953674316,2085900,2020,3,30,1,18351
2.3399999141693115,2.4700000286102295,2.390000104904175,2.450000047683716,1110500,2020,3,31,2,18352
2.25,2.450000047683716,2.369999885559082,2.309999942779541,1316900,2020,4,1,3,18353
2.2699999809265137,2.4100000858306885,2.2799999713897705,2.369999885559082,1288700,2020,4,2,4,18354
2.319999933242798,2.430000066757202,2.3499999046325684,2.369999885559082,1212200,2020,4,3,5,18355
2.4200000762939453,2.5399999618530273,2.4200000762939453,2.4700000286102295,2205100,2020,4,6,1,18358
2.359999895095825,2.690000057220459,2.5299999713897705,2.380000114440918,5182800,2020,4,7,2,18359
2.309999942779541,2.450000047683716,2.440000057220459,2.3399999141693115,1958600,2020,4,8,3,18360
2.3499999046325684,2.5399999618530273,2.4200000762939453,2.5,2709300,2020,4,9,4,18361
2.4800000190734863,2.700000047683716,2.5,2.609999895095825,1887600,2020,4,13,1,18365
2.6600000858306885,2.8399999141693115,2.680000066757202,2.700000047683716,3424300,2020,4,14,2,18366
2.5199999809265137,2.6500000953674316,2.619999885559082,2.5999999046325684,1204400,2020,4,15,3,18367
2.4700000286102295,2.680000066757202,2.609999895095825,2.609999895095825,1605200,2020,4,16,4,18368
2.630000114440918,2.7799999713897705,2.680000066757202,2.690000057220459,1691100,2020,4,17,5,18369
2.6600000858306885,2.990000009536743,2.6700000762939453,2.7799999713897705,4829800,2020,4,20,1,18372
2.6500000953674316,2.950000047683716,2.8499999046325684,2.8299999237060547,5271100,2020,4,21,2,18373
2.759999990463257,2.930000066757202,2.890000104904175,2.799999952316284,1748800,2020,4,22,3,18374
2.75,2.8399999141693115,2.799999952316284,2.7799999713897705,1296900,2020,4,23,4,18375
2.7300000190734863,2.819999933242798,2.799999952316284,2.7899999618530273,1435700,2020,4,24,5,18376
2.75,2.890000104904175,2.869999885559082,2.8399999141693115,1834300,2020,4,27,1,18379
2.759999990463257,2.9200000762939453,2.9100000858306885,2.7699999809265137,1460500,2020,4,28,2,18380
2.6700000762939453,2.819999933242798,2.819999933242798,2.740000009536743,1857100,2020,4,29,3,18381
2.640000104904175,2.819999933242798,2.7300000190734863,2.6700000762939453,1442000,2020,4,30,4,18382
2.369999885559082,2.6700000762939453,2.630000114440918,2.4600000381469727,2725000,2020,5,1,5,18383
2.4200000762939453,2.569999933242798,2.4700000286102295,2.559999942779541,1184000,2020,5,4,1,18386
2.5299999713897705,2.7300000190734863,2.630000114440918,2.549999952316284,5327500,2020,5,5,2,18387
2.5399999618530273,2.6600000858306885,2.5999999046325684,2.640000104904175,2440400,2020,5,6,3,18388
2.3299999237060547,2.680000066757202,2.6500000953674316,2.5399999618530273,3045600,2020,5,7,4,18389
2.490000009536743,2.619999885559082,2.5299999713897705,2.5299999713897705,1246700,2020,5,8,5,18390
2.4600000381469727,2.640000104904175,2.490000009536743,2.630000114440918,1483800,2020,5,11,1,18393
2.559999942779541,2.7699999809265137,2.609999895095825,2.559999942779541,2110300,2020,5,12,2,18394
2.4200000762939453,2.740000009536743,2.559999942779541,2.5299999713897705,3681200,2020,5,13,3,18395
2.2799999713897705,2.5199999809265137,2.5,2.2899999618530273,5475800,2020,5,14,4,18396
2.299999952316284,2.430000066757202,2.3299999237060547,2.380000114440918,2940500,2020,5,15,5,18397
2.4000000953674316,2.5299999713897705,2.4800000190734863,2.5,2820100,2020,5,18,1,18400
2.4600000381469727,2.6500000953674316,2.509999990463257,2.4800000190734863,2777200,2020,5,19,2,18401
2.450000047683716,2.5899999141693115,2.5399999618530273,2.5,2390000,2020,5,20,3,18402
2.440000057220459,2.5299999713897705,2.5199999809265137,2.5,1608000,2020,5,21,4,18403
2.4600000381469727,2.5999999046325684,2.5,2.5,2198600,2020,5,22,5,18404
2.509999990463257,2.6500000953674316,2.5799999237060547,2.5399999618530273,3127700,2020,5,26,2,18408
2.5299999713897705,2.8299999237060547,2.6500000953674316,2.75,4873100,2020,5,27,3,18409
2.740000009536743,2.940000057220459,2.799999952316284,2.880000114440918,4143800,2020,5,28,4,18410
2.890000104904175,3.7899999618530273,2.950000047683716,3.7300000190734863,16312500,2020,5,29,5,18411
3.759999990463257,4.300000190734863,3.819999933242798,4.239999771118164,10086900,2020,6,1,1,18414
3.930000066757202,4.789999961853027,4.690000057220459,4.070000171661377,10747000,2020,6,2,2,18415
3.740000009536743,4.179999828338623,4.179999828338623,3.759999990463257,4931800,2020,6,3,3,18416
3.6700000762939453,3.930000066757202,3.700000047683716,3.740000009536743,2738600,2020,6,4,4,18417
3.630000114440918,3.940000057220459,3.7300000190734863,3.8499999046325684,2366400,2020,6,5,5,18418
3.690000057220459,3.990000009536743,3.9100000858306885,3.7899999618530273,2470200,2020,6,8,1,18421
3.690000057220459,3.809999942779541,3.75,3.7699999809265137,1664300,2020,6,9,2,18422
3.740000009536743,4.099999904632568,3.75,4.0,2990300,2020,6,10,3,18423
3.5899999141693115,3.940000057220459,3.9200000762939453,3.5999999046325684,2492900,2020,6,11,4,18424
3.240000009536743,3.6600000858306885,3.640000104904175,3.490000009536743,3047700,2020,6,12,5,18425
3.369999885559082,3.640000104904175,3.430000066757202,3.609999895095825,2532800,2020,6,15,1,18428
3.509999990463257,3.700000047683716,3.6500000953674316,3.559999942779541,2352600,2020,6,16,2,18429
3.5299999713897705,3.7100000381469727,3.5299999713897705,3.5899999141693115,1882000,2020,6,17,3,18430
3.549999952316284,3.759999990463257,3.549999952316284,3.7300000190734863,1654800,2020,6,18,4,18431
3.740000009536743,3.930000066757202,3.740000009536743,3.8299999237060547,7437300,2020,6,19,5,18432
3.759999990463257,4.25,4.0,4.230000019073486,5253700,2020,6,22,1,18435
4.070000171661377,4.239999771118164,4.179999828338623,4.150000095367432,2650200,2020,6,23,2,18436
3.950000047683716,4.260000228881836,4.119999885559082,4.179999828338623,2610000,2020,6,24,3,18437
4.010000228881836,4.380000114440918,4.150000095367432,4.170000076293945,2772800,2020,6,25,4,18438
3.940000057220459,4.179999828338623,4.070000171661377,3.9700000286102295,6560700,2020,6,26,5,18439
3.9100000858306885,4.230000019073486,3.9800000190734863,3.9700000286102295,2626100,2020,6,29,1,18442
3.8499999046325684,4.039999961853027,3.930000066757202,3.930000066757202,2340900,2020,6,30,2,18443
3.890000104904175,4.059999942779541,4.0,4.019999980926514,1532600,2020,7,1,3,18444
3.950000047683716,4.110000133514404,4.090000152587891,4.019999980926514,1250800,2020,7,2,4,18445
3.930000066757202,4.070000171661377,4.039999961853027,3.9600000381469727,1293900,2020,7,6,1,18449
3.9000000953674316,4.059999942779541,3.9000000953674316,4.0,1288900,2020,7,7,2,18450
3.9100000858306885,4.039999961853027,4.019999980926514,3.930000066757202,1545300,2020,7,8,3,18451
3.9000000953674316,4.010000228881836,3.930000066757202,3.9200000762939453,1373300,2020,7,9,4,18452
3.759999990463257,4.010000228881836,4.010000228881836,3.7899999618530273,1631800,2020,7,10,5,18453
3.5399999618530273,3.819999933242798,3.799999952316284,3.5399999618530273,2208000,2020,7,13,1,18456
3.4800000190734863,3.630000114440918,3.5399999618530273,3.609999895095825,1742700,2020,7,14,2,18457
3.559999942779541,3.700000047683716,3.640000104904175,3.690000057220459,1742700,2020,7,15,3,18458
3.430000066757202,3.640000104904175,3.640000104904175,3.549999952316284,2310000,2020,7,16,4,18459
3.5199999809265137,3.630000114440918,3.5199999809265137,3.5999999046325684,1492000,2020,7,17,5,18460
3.609999895095825,3.8499999046325684,3.7100000381469727,3.7200000286102295,2056200,2020,7,20,1,18463
3.5199999809265137,3.7699999809265137,3.7300000190734863,3.609999895095825,2495700,2020,7,21,2,18464
3.3299999237060547,3.619999885559082,3.5999999046325684,3.5299999713897705,9829800,2020,7,22,3,18465
3.369999885559082,3.549999952316284,3.5299999713897705,3.4000000953674316,2095700,2020,7,23,4,18466
3.2200000286102295,3.430000066757202,3.4200000762939453,3.240000009536743,2452200,2020,7,24,5,18467
3.130000114440918,3.2699999809265137,3.2200000286102295,3.200000047683716,2203600,2020,7,27,1,18470
3.0399999618530273,3.2799999713897705,3.200000047683716,3.0899999141693115,3840200,2020,7,28,2,18471
2.930000066757202,3.109999895095825,3.069999933242798,2.9800000190734863,2961300,2020,7,29,3,18472
2.890000104904175,3.180000066757202,2.950000047683716,3.140000104904175,2167800,2020,7,30,4,18473
3.0,3.1600000858306885,3.109999895095825,3.0399999618530273,1773500,2020,7,31,5,18474
3.069999933242798,3.2899999618530273,3.069999933242798,3.259999990463257,1840900,2020,8,3,1,18477
3.1500000953674316,3.430000066757202,3.2200000286102295,3.369999885559082,2329100,2020,8,4,2,18478
3.2200000286102295,3.359999895095825,3.3499999046325684,3.3399999141693115,2133700,2020,8,5,3,18479
3.2300000190734863,3.4200000762939453,3.240000009536743,3.309999942779541,1856400,2020,8,6,4,18480
3.3399999141693115,3.8299999237060547,3.3399999141693115,3.75,3340900,2020,8,7,5,18481
3.630000114440918,3.7899999618530273,3.759999990463257,3.630000114440918,1782900,2020,8,10,1,18484
3.4700000286102295,3.6600000858306885,3.6500000953674316,3.5299999713897705,2454100,2020,8,11,2,18485
3.509999990463257,3.6500000953674316,3.5799999237060547,3.559999942779541,1540100,2020,8,12,3,18486
3.509999990463257,3.869999885559082,3.549999952316284,3.7899999618530273,1905900,2020,8,13,4,18487
3.640000104904175,3.819999933242798,3.819999933242798,3.7100000381469727,1380100,2020,8,14,5,18488
3.690000057220459,4.019999980926514,3.700000047683716,3.990000009536743,1637300,2020,8,17,1,18491
3.9800000190734863,4.369999885559082,4.010000228881836,4.300000190734863,7650900,2020,8,18,2,18492
4.119999885559082,4.46999979019165,4.329999923706055,4.320000171661377,2547200,2020,8,19,3,18493
4.289999961853027,4.489999771118164,4.440000057220459,4.429999828338623,1917600,2020,8,20,4,18494
4.110000133514404,4.440000057220459,4.400000095367432,4.21999979019165,1932200,2020,8,21,5,18495
3.9200000762939453,4.28000020980835,4.28000020980835,3.950000047683716,1959700,2020,8,24,1,18498
3.9000000953674316,4.239999771118164,3.950000047683716,4.210000038146973,1503600,2020,8,25,2,18499
4.03000020980835,4.21999979019165,4.199999809265137,4.059999942779541,1785500,2020,8,26,3,18500
3.930000066757202,4.110000133514404,4.059999942779541,4.03000020980835,1239100,2020,8,27,4,18501
4.039999961853027,4.340000152587891,4.070000171661377,4.28000020980835,1697200,2020,8,28,5,18502
4.179999828338623,4.409999847412109,4.230000019073486,4.360000133514404,2094200,2020,8,31,1,18505
4.159999847412109,4.409999847412109,4.369999885559082,4.25,2373500,2020,9,1,2,18506
4.139999866485596,4.260000228881836,4.239999771118164,4.239999771118164,1312800,2020,9,2,3,18507
3.9600000381469727,4.309999942779541,4.25,4.010000228881836,2135300,2020,9,3,4,18508
3.75,4.070000171661377,4.039999961853027,3.9200000762939453,1835700,2020,9,4,5,18509
3.7899999618530273,4.139999866485596,4.019999980926514,3.950000047683716,2073900,2020,9,8,2,18513
3.9700000286102295,4.199999809265137,3.9700000286102295,4.190000057220459,1803400,2020,9,9,3,18514
4.190000057220459,5.380000114440918,4.190000057220459,5.190000057220459,19909600,2020,9,10,4,18515
4.789999961853027,5.630000114440918,5.170000076293945,4.989999771118164,8437900,2020,9,11,5,18516
5.059999942779541,5.320000171661377,5.139999866485596,5.199999809265137,4547300,2020,9,14,1,18519
4.96999979019165,5.320000171661377,5.309999942779541,5.010000228881836,4535500,2020,9,15,2,18520
4.989999771118164,5.21999979019165,5.010000228881836,5.110000133514404,4213300,2020,9,16,3,18521
5.03000020980835,5.25,5.070000171661377,5.190000057220459,4515200,2020,9,17,4,18522
4.849999904632568,5.449999809265137,5.320000171661377,5.179999828338623,7520400,2020,9,18,5,18523
4.659999847412109,5.170000076293945,4.960000038146973,4.679999828338623,3301900,2020,9,21,1,18526
4.139999866485596,4.739999771118164,4.739999771118164,4.230000019073486,3986400,2020,9,22,2,18527
4.130000114440918,4.510000228881836,4.25,4.289999961853027,2393400,2020,9,23,3,18528
3.9100000858306885,4.300000190734863,4.239999771118164,3.940000057220459,2748400,2020,9,24,4,18529
3.9000000953674316,4.079999923706055,4.0,4.019999980926514,2029800,2020,9,25,5,18530
3.9700000286102295,4.139999866485596,4.050000190734863,4.050000190734863,1228700,2020,9,28,1,18533
3.9800000190734863,4.130000114440918,4.050000190734863,4.070000171661377,1255300,2020,9,29,2,18534
3.950000047683716,4.139999866485596,4.070000171661377,4.0,1297800,2020,9,30,3,18535
3.9600000381469727,4.099999904632568,4.0,4.050000190734863,1084100,2020,10,1,4,18536
3.880000114440918,4.059999942779541,3.9600000381469727,3.880000114440918,1511000,2020,10,2,5,18537
3.880000114440918,4.099999904632568,3.890000104904175,4.090000152587891,1305500,2020,10,5,1,18540
4.079999923706055,4.289999961853027,4.090000152587891,4.190000057220459,1488800,2020,10,6,2,18541
4.139999866485596,4.510000228881836,4.269999980926514,4.449999809265137,1432500,2020,10,7,3,18542
4.340000152587891,4.539999961853027,4.489999771118164,4.400000095367432,1149900,2020,10,8,4,18543
4.28000020980835,4.53000020980835,4.429999828338623,4.349999904632568,1333600,2020,10,9,5,18544
4.260000228881836,4.409999847412109,4.400000095367432,4.349999904632568,911700,2020,10,12,1,18547
4.289999961853027,4.559999942779541,4.300000190734863,4.489999771118164,1820000,2020,10,13,2,18548
4.079999923706055,4.550000190734863,4.5,4.099999904632568,3181400,2020,10,14,3,18549
4.050000190734863,4.300000190734863,4.059999942779541,4.269999980926514,1412500,2020,10,15,4,18550
4.25,4.449999809265137,4.260000228881836,4.380000114440918,837000,2020,10,16,5,18551
4.170000076293945,4.449999809265137,4.449999809265137,4.199999809265137,1067600,2020,10,19,1,18554
4.03000020980835,4.289999961853027,4.199999809265137,4.139999866485596,1811000,2020,10,20,2,18555
4.0,4.239999771118164,4.199999809265137,4.039999961853027,1235800,2020,10,21,3,18556
4.03000020980835,4.150000095367432,4.03000020980835,4.079999923706055,1811600,2020,10,22,4,18557
3.9200000762939453,4.150000095367432,4.070000171661377,3.940000057220459,2564400,2020,10,23,5,18558
3.569999933242798,3.940000057220459,3.930000066757202,3.6500000953674316,3564200,2020,10,26,1,18561
3.619999885559082,3.880000114440918,3.6500000953674316,3.8399999141693115,1408500,2020,10,27,2,18562
3.609999895095825,3.7899999618530273,3.759999990463257,3.690000057220459,1287600,2020,10,28,3,18563
3.390000104904175,3.7899999618530273,3.690000057220459,3.7200000286102295,1824100,2020,10,29,4,18564
3.640000104904175,3.8399999141693115,3.7300000190734863,3.690000057220459,1421200,2020,10,30,5,18565
3.6700000762939453,4.03000020980835,3.690000057220459,3.740000009536743,2084700,2020,11,2,1,18568
3.75,3.9200000762939453,3.809999942779541,3.869999885559082,1640100,2020,11,3,2,18569
3.8399999141693115,4.070000171661377,3.8499999046325684,3.9100000858306885,2123100,2020,11,4,3,18570
3.8499999046325684,4.090000152587891,3.9600000381469727,4.03000020980835,1839600,2020,11,5,4,18571
3.809999942779541,4.050000190734863,4.019999980926514,3.819999933242798,1728600,2020,11,6,5,18572
3.880000114440918,4.090000152587891,3.9600000381469727,3.9700000286102295,1695100,2020,11,9,1,18575
3.9800000190734863,4.179999828338623,4.039999961853027,4.150000095367432,2315200,2020,11,10,2,18576
4.0,4.25,4.150000095367432,4.039999961853027,1162600,2020,11,11,3,18577
3.700000047683716,4.050000190734863,4.0,3.7799999713897705,3328800,2020,11,12,4,18578
3.7300000190734863,3.869999885559082,3.819999933242798,3.7899999618530273,1670500,2020,11,13,5,18579
3.799999952316284,3.990000009536743,3.869999885559082,3.880000114440918,2201500,2020,11,16,1,18582
3.809999942779541,3.9600000381469727,3.880000114440918,3.940000057220459,1374500,2020,11,17,2,18583
3.7699999809265137,4.010000228881836,3.9800000190734863,3.809999942779541,1395800,2020,11,18,3,18584
3.690000057220459,3.8399999141693115,3.819999933242798,3.75,950000,2020,11,19,4,18585
3.609999895095825,3.75,3.7100000381469727,3.6500000953674316,2226200,2020,11,20,5,18586
3.559999942779541,3.7300000190734863,3.700000047683716,3.5799999237060547,1899300,2020,11,23,1,18589
3.5299999713897705,3.799999952316284,3.5999999046325684,3.6500000953674316,2029600,2020,11,24,2,18590
3.450000047683716,3.630000114440918,3.619999885559082,3.509999990463257,3530900,2020,11,25,3,18591
3.490000009536743,3.740000009536743,3.490000009536743,3.7100000381469727,1638900,2020,11,27,5,18593
3.6600000858306885,3.8399999141693115,3.75,3.700000047683716,1559400,2020,11,30,1,18596
3.7300000190734863,4.010000228881836,3.7300000190734863,3.799999952316284,2658900,2020,12,1,2,18597
3.5799999237060547,3.809999942779541,3.799999952316284,3.630000114440918,2042100,2020,12,2,3,18598
3.3399999141693115,3.680000066757202,3.5899999141693115,3.390000104904175,3823300,2020,12,3,4,18599
3.2799999713897705,3.4200000762939453,3.4200000762939453,3.3299999237060547,2546200,2020,12,4,5,18600
3.180000066757202,3.380000114440918,3.359999895095825,3.259999990463257,2721600,2020,12,7,1,18603
3.0899999141693115,3.299999952316284,3.2799999713897705,3.2699999809265137,3209500,2020,12,8,2,18604
3.190000057220459,3.3399999141693115,3.259999990463257,3.2699999809265137,2074800,2020,12,9,3,18605
3.240000009536743,3.4800000190734863,3.2899999618530273,3.4100000858306885,1880100,2020,12,10,4,18606
3.359999895095825,3.5899999141693115,3.369999885559082,3.440000057220459,2111900,2020,12,11,5,18607
3.4600000381469727,3.7899999618530273,3.5199999809265137,3.6700000762939453,2695900,2020,12,14,1,18610
3.559999942779541,3.75,3.7200000286102295,3.690000057220459,1717000,2020,12,15,2,18611
3.549999952316284,3.7200000286102295,3.690000057220459,3.609999895095825,1144100,2020,12,16,3,18612
3.5,3.7300000190734863,3.609999895095825,3.700000047683716,2443800,2020,12,17,4,18613
3.549999952316284,3.8399999141693115,3.680000066757202,3.549999952316284,10376900,2020,12,18,5,18614
3.380000114440918,3.5399999618530273,3.5,3.4600000381469727,2281100,2020,12,21,1,18617
3.359999895095825,3.5,3.4800000190734863,3.430000066757202,1414500,2020,12,22,2,18618
3.309999942779541,3.5,3.4200000762939453,3.4800000190734863,1545200,2020,12,23,3,18619
3.380000114440918,3.5199999809265137,3.509999990463257,3.390000104904175,886700,2020,12,24,4,18620
3.2300000190734863,3.440000057220459,3.4200000762939453,3.259999990463257,2167300,2020,12,28,1,18624
3.130000114440918,3.319999933242798,3.240000009536743,3.1700000762939453,3119900,2020,12,29,2,18625
3.180000066757202,3.299999952316284,3.240000009536743,3.2899999618530273,1786100,2020,12,30,3,18626
3.180000066757202,3.299999952316284,3.2799999713897705,3.180000066757202,1344800,2020,12,31,4,18627
3.119999885559082,3.2699999809265137,3.2100000381469727,3.2300000190734863,1444600,2021,1,4,1,18631
3.1700000762939453,3.2699999809265137,3.240000009536743,3.2200000286102295,1225400,2021,1,5,2,18632
3.190000057220459,3.359999895095825,3.25,3.299999952316284,1670400,2021,1,6,3,18633
3.2699999809265137,3.430000066757202,3.299999952316284,3.3499999046325684,1610600,2021,1,7,4,18634
3.190000057220459,3.3399999141693115,3.3399999141693115,3.25,1731900,2021,1,8,5,18635
3.1600000858306885,3.319999933242798,3.240000009536743,3.2300000190734863,1721700,2021,1,11,1,18638
3.2100000381469727,3.309999942779541,3.2300000190734863,3.240000009536743,1258400,2021,1,12,2,18639
3.1600000858306885,3.259999990463257,3.240000009536743,3.190000057220459,1529100,2021,1,13,3,18640
3.180000066757202,3.440000057220459,3.200000047683716,3.4200000762939453,2573600,2021,1,14,4,18641
3.3399999141693115,3.5999999046325684,3.4800000190734863,3.3499999046325684,2042900,2021,1,15,5,18642
3.319999933242798,3.5399999618530273,3.369999885559082,3.509999990463257,1883600,2021,1,19,2,18646
3.5,3.680000066757202,3.549999952316284,3.559999942779541,1763400,2021,1,20,3,18647
3.3499999046325684,3.6600000858306885,3.630000114440918,3.4200000762939453,2033900,2021,1,21,4,18648
3.319999933242798,3.4600000381469727,3.369999885559082,3.440000057220459,1314800,2021,1,22,5,18649
3.4100000858306885,3.930000066757202,3.4600000381469727,3.9000000953674316,4873700,2021,1,25,1,18652
3.640000104904175,4.059999942779541,3.9200000762939453,3.7100000381469727,3055300,2021,1,26,2,18653
3.509999990463257,4.039999961853027,3.700000047683716,3.75,4305400,2021,1,27,3,18654
3.6600000858306885,3.9700000286102295,3.7699999809265137,3.6700000762939453,2144200,2021,1,28,4,18655
3.609999895095825,3.819999933242798,3.740000009536743,3.680000066757202,1942500,2021,1,29,5,18656
3.619999885559082,4.0,3.759999990463257,3.950000047683716,3618600,2021,2,1,1,18659
3.9600000381469727,4.5,3.9700000286102295,4.230000019073486,5482500,2021,2,2,2,18660
4.210000038146973,4.489999771118164,4.210000038146973,4.400000095367432,3406400,2021,2,3,3,18661
4.460000038146973,5.949999809265137,4.860000133514404,5.199999809265137,22115500,2021,2,4,4,18662
4.639999866485596,5.199999809265137,5.03000020980835,5.179999828338623,7581300,2021,2,5,5,18663
5.03000020980835,5.400000095367432,5.179999828338623,5.25,3640000,2021,2,8,1,18666
5.059999942779541,5.400000095367432,5.369999885559082,5.239999771118164,3863900,2021,2,9,2,18667
4.940000057220459,5.369999885559082,5.28000020980835,5.139999866485596,3904400,2021,2,10,3,18668
4.699999809265137,5.179999828338623,5.159999847412109,4.710000038146973,3710000,2021,2,11,4,18669
4.480000019073486,4.739999771118164,4.679999828338623,4.639999866485596,2507100,2021,2,12,5,18670
4.46999979019165,4.75,4.730000019073486,4.599999904632568,2428100,2021,2,16,2,18674
4.409999847412109,4.619999885559082,4.510000228881836,4.590000152587891,1940300,2021,2,17,3,18675
4.400000095367432,4.619999885559082,4.550000190734863,4.420000076293945,1854100,2021,2,18,4,18676
4.389999866485596,4.599999904632568,4.400000095367432,4.480000019073486,2082700,2021,2,19,5,18677
4.230000019073486,4.460000038146973,4.380000114440918,4.329999923706055,2030000,2021,2,22,1,18680
4.130000114440918,4.380000114440918,4.210000038146973,4.179999828338623,2553400,2021,2,23,2,18681
4.119999885559082,4.260000228881836,4.170000076293945,4.179999828338623,1966300,2021,2,24,3,18682
4.070000171661377,4.28000020980835,4.179999828338623,4.090000152587891,1945700,2021,2,25,4,18683
3.9700000286102295,4.150000095367432,4.059999942779541,4.0,1865900,2021,2,26,5,18684
3.940000057220459,4.119999885559082,4.070000171661377,3.9600000381469727,2219700,2021,3,1,1,18687
3.619999885559082,4.03000020980835,3.9800000190734863,3.6600000858306885,5364600,2021,3,2,2,18688
3.390000104904175,3.690000057220459,3.630000114440918,3.4000000953674316,3552100,2021,3,3,3,18689
3.069999933242798,3.4600000381469727,3.359999895095825,3.1600000858306885,4649600,2021,3,4,4,18690
2.940000057220459,3.3499999046325684,3.259999990463257,3.200000047683716,4953900,2021,3,5,5,18691
3.069999933242798,3.2899999618530273,3.25,3.0899999141693115,2764500,2021,3,8,1,18694
3.140000104904175,3.299999952316284,3.140000104904175,3.259999990463257,2652400,2021,3,9,2,18695
3.140000104904175,3.4200000762939453,3.3299999237060547,3.1600000858306885,3116200,2021,3,10,3,18696
3.2200000286102295,3.4200000762939453,3.240000009536743,3.3499999046325684,3698100,2021,3,11,4,18697
3.190000057220459,3.3499999046325684,3.3299999237060547,3.309999942779541,5375600,2021,3,12,5,18698
3.309999942779541,3.4700000286102295,3.4200000762939453,3.4000000953674316,3643800,2021,3,15,1,18701
3.1500000953674316,3.5199999809265137,3.5199999809265137,3.2100000381469727,5467600,2021,3,16,2,18702
3.109999895095825,3.2699999809265137,3.180000066757202,3.2300000190734863,3315600,2021,3,17,3,18703
3.119999885559082,3.440000057220459,3.190000057220459,3.130000114440918,6374800,2021,3,18,4,18704
3.0999999046325684,3.2100000381469727,3.190000057220459,3.0999999046325684,7305200,2021,3,19,5,18705
3.140000104904175,3.2699999809265137,3.1600000858306885,3.190000057220459,3296600,2021,3,22,1,18708
2.9700000286102295,3.190000057220459,3.1700000762939453,3.0,5556400,2021,3,23,2,18709
2.740000009536743,3.049999952316284,3.0399999618530273,2.7699999809265137,7299500,2021,3,24,3,18710
2.630000114440918,2.9800000190734863,2.7799999713897705,2.819999933242798,6876200,2021,3,25,4,18711
2.7300000190734863,2.890000104904175,2.880000114440918,2.8499999046325684,3972000,2021,3,26,5,18712
2.680000066757202,2.880000114440918,2.880000114440918,2.690000057220459,2798000,2021,3,29,1,18715
2.5799999237060547,2.7699999809265137,2.6700000762939453,2.700000047683716,3945800,2021,3,30,2,18716
2.700000047683716,2.819999933242798,2.7300000190734863,2.7200000286102295,4111900,2021,3,31,3,18717
2.740000009536743,2.940000057220459,2.759999990463257,2.869999885559082,3262000,2021,4,1,4,18718
2.9000000953674316,3.130000114440918,3.0299999713897705,3.0399999618530273,3802700,2021,4,5,1,18722
2.880000114440918,3.0999999046325684,3.059999942779541,2.890000104904175,3247900,2021,4,6,2,18723
2.7899999618530273,2.940000057220459,2.9100000858306885,2.799999952316284,2070500,2021,4,7,3,18724
2.7799999713897705,2.880000114440918,2.8499999046325684,2.7899999618530273,2258100,2021,4,8,4,18725
2.740000009536743,2.8299999237060547,2.7899999618530273,2.7899999618530273,2207200,2021,4,9,5,18726
2.609999895095825,2.819999933242798,2.819999933242798,2.680000066757202,3869800,2021,4,12,1,18729
2.559999942779541,2.740000009536743,2.7200000286102295,2.7100000381469727,5127500,2021,4,13,2,18730
2.6600000858306885,2.9100000858306885,2.7300000190734863,2.690000057220459,6102200,2021,4,14,3,18731
2.630000114440918,2.75,2.700000047683716,2.6600000858306885,2937000,2021,4,15,4,18732
2.549999952316284,2.6600000858306885,2.6500000953674316,2.619999885559082,2879500,2021,4,16,5,18733
2.5399999618530273,2.6600000858306885,2.630000114440918,2.559999942779541,2363300,2021,4,19,1,18736
2.5,2.700000047683716,2.559999942779541,2.680000066757202,2837000,2021,4,20,2,18737
2.619999885559082,2.9200000762939453,2.6700000762939453,2.9200000762939453,4740500,2021,4,21,3,18738
2.809999942779541,2.9800000190734863,2.930000066757202,2.9200000762939453,3732900,2021,4,22,4,18739
2.8499999046325684,3.059999942779541,2.9100000858306885,3.049999952316284,3024300,2021,4,23,5,18740
3.0299999713897705,3.25,3.0999999046325684,3.140000104904175,3593400,2021,4,26,1,18743
3.059999942779541,3.200000047683716,3.1500000953674316,3.119999885559082,2274600,2021,4,27,2,18744
3.009999990463257,3.190000057220459,3.0999999046325684,3.1500000953674316,1660900,2021,4,28,3,18745
3.069999933242798,3.190000057220459,3.190000057220459,3.0899999141693115,1410500,2021,4,29,4,18746
3.059999942779541,3.1500000953674316,3.069999933242798,3.0899999141693115,1804600,2021,4,30,5,18747
3.0299999713897705,3.140000104904175,3.0999999046325684,3.049999952316284,2007300,2021,5,3,1,18750
2.9000000953674316,3.069999933242798,3.0199999809265137,2.9600000381469727,2596600,2021,5,4,2,18751
2.9200000762939453,3.069999933242798,2.9600000381469727,2.950000047683716,2811800,2021,5,5,3,18752
2.7300000190734863,2.950000047683716,2.819999933242798,2.819999933242798,2502700,2021,5,6,4,18753
2.8499999046325684,3.0799999237060547,2.859999895095825,3.069999933242798,2280600,2021,5,7,5,18754
2.990000009536743,3.119999885559082,3.049999952316284,3.009999990463257,2086900,2021,5,10,1,18757
2.869999885559082,3.119999885559082,2.890000104904175,3.0999999046325684,1546800,2021,5,11,2,18758
3.0199999809265137,3.200000047683716,3.049999952316284,3.0299999713897705,2238000,2021,5,12,3,18759
2.9200000762939453,3.1500000953674316,3.069999933242798,3.0299999713897705,1856900,2021,5,13,4,18760
3.0299999713897705,3.2300000190734863,3.049999952316284,3.2300000190734863,2275800,2021,5,14,5,18761
3.2200000286102295,3.359999895095825,3.259999990463257,3.259999990463257,1835400,2021,5,17,1,18764
3.8499999046325684,4.5,4.21999979019165,3.930000066757202,95520500,2021,5,18,2,18765
3.809999942779541,4.210000038146973,4.0,4.179999828338623,15345600,2021,5,19,3,18766
4.130000114440918,4.400000095367432,4.150000095367432,4.179999828338623,9136200,2021,5,20,4,18767
4.050000190734863,4.28000020980835,4.239999771118164,4.190000057220459,5493900,2021,5,21,5,18768
3.9700000286102295,4.25,4.230000019073486,4.03000020980835,4537800,2021,5,24,1,18771
4.0,4.130000114440918,4.059999942779541,4.010000228881836,2226200,2021,5,25,2,18772
3.9800000190734863,4.150000095367432,4.050000190734863,4.139999866485596,2855600,2021,5,26,3,18773
4.090000152587891,4.239999771118164,4.179999828338623,4.210000038146973,5198100,2021,5,27,4,18774
4.199999809265137,4.449999809265137,4.210000038146973,4.260000228881836,3863900,2021,5,28,5,18775
4.199999809265137,4.400000095367432,4.400000095367432,4.21999979019165,3245700,2021,6,1,2,18779
4.050000190734863,4.289999961853027,4.230000019073486,4.070000171661377,3534100,2021,6,2,3,18780
3.930000066757202,4.079999923706055,4.03000020980835,4.03000020980835,2731000,2021,6,3,4,18781
3.990000009536743,4.070000171661377,4.070000171661377,4.03000020980835,2493300,2021,6,4,5,18782
4.03000020980835,4.340000152587891,4.03000020980835,4.28000020980835,4938500,2021,6,7,1,18785
4.360000133514404,5.0,4.360000133514404,4.989999771118164,9995800,2021,6,8,2,18786
4.840000152587891,5.099999904632568,4.869999885559082,5.070000171661377,6505300,2021,6,9,3,18787
5.019999980926514,5.170000076293945,5.090000152587891,5.130000114440918,3873700,2021,6,10,4,18788
4.960000038146973,5.190000057220459,5.070000171661377,5.179999828338623,3052300,2021,6,11,5,18789
5.090000152587891,5.269999980926514,5.199999809265137,5.139999866485596,3243100,2021,6,14,1,18792
4.940000057220459,5.119999885559082,5.110000133514404,5.039999961853027,2483800,2021,6,15,2,18793
4.829999923706055,5.079999923706055,5.010000228881836,5.0,2580100,2021,6,16,3,18794
5.139999866485596,5.659999847412109,5.210000038146973,5.320000171661377,10030000,2021,6,17,4,18795
5.179999828338623,5.380000114440918,5.230000019073486,5.260000228881836,6911700,2021,6,18,5,18796
5.159999847412109,5.329999923706055,5.28000020980835,5.300000190734863,3441500,2021,6,21,1,18799
5.099999904632568,5.360000133514404,5.300000190734863,5.179999828338623,4209000,2021,6,22,2,18800
5.179999828338623,5.389999866485596,5.179999828338623,5.380000114440918,4784400,2021,6,23,3,18801
5.409999847412109,5.539999961853027,5.460000038146973,5.449999809265137,3267900,2021,6,24,4,18802
5.320000171661377,5.480000019073486,5.449999809265137,5.369999885559082,7393700,2021,6,25,5,18803
5.340000152587891,5.46999979019165,5.429999828338623,5.420000076293945,2958000,2021,6,28,1,18806
5.389999866485596,5.510000228881836,5.420000076293945,5.440000057220459,2506200,2021,6,29,2,18807
5.369999885559082,5.570000171661377,5.409999847412109,5.489999771118164,2968900,2021,6,30,3,18808
5.420000076293945,5.559999942779541,5.510000228881836,5.559999942779541,2580300,2021,7,1,4,18809
5.460000038146973,5.570000171661377,5.559999942779541,5.519999980926514,1677000,2021,7,2,5,18810
5.349999904632568,5.630000114440918,5.610000133514404,5.380000114440918,2465800,2021,7,6,2,18814
5.289999961853027,5.449999809265137,5.360000133514404,5.389999866485596,2061200,2021,7,7,3,18815
5.199999809265137,5.550000190734863,5.230000019073486,5.550000190734863,3538000,2021,7,8,4,18816
5.489999771118164,5.650000095367432,5.610000133514404,5.639999866485596,2393100,2021,7,9,5,18817
5.590000152587891,5.789999961853027,5.679999828338623,5.639999866485596,3588100,2021,7,12,1,18820
5.550000190734863,5.699999809265137,5.630000114440918,5.639999866485596,1681100,2021,7,13,2,18821
5.5,5.75,5.710000038146973,5.53000020980835,2742400,2021,7,14,3,18822
5.269999980926514,5.519999980926514,5.460000038146973,5.400000095367432,2364100,2021,7,15,4,18823
5.340000152587891,5.53000020980835,5.449999809265137,5.389999866485596,1485100,2021,7,16,5,18824
5.28000020980835,5.559999942779541,5.380000114440918,5.46999979019165,2284100,2021,7,19,1,18827
5.400000095367432,5.610000133514404,5.46999979019165,5.559999942779541,2534400,2021,7,20,2,18828
5.539999961853027,5.650000095367432,5.550000190734863,5.619999885559082,1546200,2021,7,21,3,18829
5.550000190734863,5.699999809265137,5.610000133514404,5.579999923706055,1592700,2021,7,22,4,18830
5.489999771118164,5.639999866485596,5.570000171661377,5.619999885559082,1373900,2021,7,23,5,18831
5.300000190734863,5.610000133514404,5.599999904632568,5.300000190734863,2166900,2021,7,26,1,18834
4.75,5.300000190734863,5.25,4.980000019073486,5457000,2021,7,27,2,18835
4.960000038146973,5.289999961853027,5.03000020980835,5.260000228881836,1703000,2021,7,28,3,18836
5.150000095367432,5.369999885559082,5.289999961853027,5.190000057220459,1613100,2021,7,29,4,18837
5.119999885559082,5.320000171661377,5.150000095367432,5.179999828338623,1561200,2021,7,30,5,18838
5.139999866485596,5.380000114440918,5.179999828338623,5.289999961853027,1336200,2021,8,2,1,18841
5.230000019073486,5.480000019073486,5.289999961853027,5.449999809265137,1826400,2021,8,3,2,18842
5.420000076293945,5.670000076293945,5.449999809265137,5.570000171661377,3904900,2021,8,4,3,18843
5.510000228881836,5.699999809265137,5.539999961853027,5.670000076293945,2066700,2021,8,5,4,18844
5.46999979019165,5.679999828338623,5.630000114440918,5.630000114440918,2193400,2021,8,6,5,18845
5.340000152587891,5.670000076293945,5.429999828338623,5.400000095367432,3605600,2021,8,9,1,18848
5.400000095367432,5.659999847412109,5.460000038146973,5.610000133514404,2989100,2021,8,10,2,18849
5.590000152587891,5.920000076293945,5.590000152587891,5.849999904632568,7044200,2021,8,11,3,18850
5.809999942779541,5.96999979019165,5.909999847412109,5.949999809265137,2874300,2021,8,12,4,18851
5.920000076293945,6.159999847412109,5.949999809265137,6.150000095367432,3839600,2021,8,13,5,18852
5.880000114440918,6.179999828338623,6.170000076293945,5.909999847412109,3903100,2021,8,16,1,18855
5.659999847412109,5.920000076293945,5.849999904632568,5.889999866485596,3366600,2021,8,17,2,18856
5.829999923706055,6.090000152587891,5.940000057220459,6.010000228881836,2179100,2021,8,18,3,18857
5.739999771118164,6.019999980926514,5.980000019073486,5.75,2168000,2021,8,19,4,18858
5.699999809265137,6.110000133514404,5.710000038146973,6.050000190734863,4568400,2021,8,20,5,18859
6.0,6.210000038146973,6.059999942779541,6.190000057220459,3934800,2021,8,23,1,18862
6.050000190734863,6.300000190734863,6.210000038146973,6.190000057220459,3689500,2021,8,24,2,18863
6.070000171661377,6.239999771118164,6.159999847412109,6.079999923706055,2841400,2021,8,25,3,18864
6.119999885559082,6.400000095367432,6.119999885559082,6.329999923706055,9137300,2021,8,26,4,18865
6.170000076293945,6.449999809265137,6.449999809265137,6.260000228881836,5584900,2021,8,27,5,18866
6.289999961853027,6.789999961853027,6.300000190734863,6.630000114440918,7415900,2021,8,30,1,18869
6.119999885559082,6.75,6.739999771118164,6.170000076293945,6589000,2021,8,31,2,18870
5.940000057220459,6.210000038146973,6.190000057220459,6.190000057220459,4259800,2021,9,1,3,18871
6.059999942779541,6.300000190734863,6.170000076293945,6.170000076293945,2294500,2021,9,2,4,18872
5.980000019073486,6.190000057220459,6.110000133514404,6.090000152587891,2595600,2021,9,3,5,18873
6.090000152587891,6.409999847412109,6.090000152587891,6.400000095367432,5688800,2021,9,7,2,18877
6.309999942779541,6.5,6.400000095367432,6.360000133514404,2859300,2021,9,8,3,18878
6.369999885559082,6.639999866485596,6.380000114440918,6.539999961853027,5325300,2021,9,9,4,18879
6.460000038146973,6.639999866485596,6.610000133514404,6.5,3149400,2021,9,10,5,18880
6.349999904632568,6.559999942779541,6.510000228881836,6.349999904632568,2957600,2021,9,13,1,18883
5.570000171661377,6.289999961853027,6.289999961853027,5.590000152587891,6211100,2021,9,14,2,18884
5.340000152587891,5.769999980926514,5.690000057220459,5.380000114440918,8181800,2021,9,15,3,18885
5.329999923706055,5.579999923706055,5.360000133514404,5.570000171661377,3933100,2021,9,16,4,18886
5.519999980926514,6.039999961853027,6.010000228881836,5.829999923706055,6888600,2021,9,17,5,18887
5.599999904632568,5.980000019073486,5.599999904632568,5.820000171661377,4080700,2021,9,20,1,18890
5.769999980926514,5.920000076293945,5.789999961853027,5.809999942779541,2432100,2021,9,21,2,18891
5.840000152587891,6.110000133514404,5.860000133514404,6.03000020980835,4050900,2021,9,22,3,18892
6.019999980926514,6.199999809265137,6.059999942779541,6.079999923706055,2827100,2021,9,23,4,18893
5.849999904632568,6.090000152587891,6.019999980926514,5.900000095367432,2074200,2021,9,24,5,18894
5.659999847412109,5.940000057220459,5.909999847412109,5.679999828338623,2634900,2021,9,27,1,18897
5.170000076293945,5.789999961853027,5.610000133514404,5.21999979019165,6029000,2021,9,28,2,18898
5.21999979019165,5.360000133514404,5.28000020980835,5.239999771118164,2807400,2021,9,29,3,18899
5.25,5.420000076293945,5.260000228881836,5.25,2251900,2021,9,30,4,18900
5.119999885559082,5.360000133514404,5.289999961853027,5.320000171661377,3188900,2021,10,1,5,18901
5.170000076293945,5.550000190734863,5.21999979019165,5.46999979019165,4829300,2021,10,4,1,18904
5.489999771118164,5.710000038146973,5.489999771118164,5.659999847412109,5372000,2021,10,5,2,18905
5.570000171661377,5.699999809265137,5.599999904632568,5.639999866485596,3204200,2021,10,6,3,18906
5.630000114440918,5.789999961853027,5.650000095367432,5.739999771118164,3649200,2021,10,7,4,18907
5.659999847412109,5.860000133514404,5.739999771118164,5.71999979019165,3445300,2021,10,8,5,18908
5.630000114440918,5.789999961853027,5.659999847412109,5.650000095367432,3619500,2021,10,11,1,18911
5.639999866485596,5.800000190734863,5.739999771118164,5.639999866485596,2411700,2021,10,12,2,18912
5.340000152587891,5.75,5.679999828338623,5.400000095367432,2701700,2021,10,13,3,18913
5.300000190734863,5.559999942779541,5.420000076293945,5.5,2573000,2021,10,14,4,18914
5.28000020980835,5.570000171661377,5.570000171661377,5.309999942779541,1988600,2021,10,15,5,18915
5.059999942779541,5.329999923706055,5.269999980926514,5.090000152587891,3537700,2021,10,18,1,18918
4.920000076293945,5.139999866485596,5.079999923706055,5.050000190734863,5198700,2021,10,19,2,18919
4.989999771118164,5.199999809265137,5.039999961853027,5.0,2059700,2021,10,20,3,18920
5.03000020980835,5.179999828338623,5.090000152587891,5.130000114440918,1473900,2021,10,21,4,18921
3.4600000381469727,4.099999904632568,4.019999980926514,4.010000228881836,16052200,2021,10,22,5,18922
3.7300000190734863,4.079999923706055,4.059999942779541,3.7899999618530273,7086500,2021,10,25,1,18925
3.7200000286102295,3.930000066757202,3.8299999237060547,3.7899999618530273,5122500,2021,10,26,2,18926
3.75,3.9000000953674316,3.8299999237060547,3.809999942779541,2922800,2021,10,27,3,18927
3.7699999809265137,3.9200000762939453,3.799999952316284,3.9000000953674316,2829400,2021,10,28,4,18928
3.809999942779541,3.990000009536743,3.9100000858306885,3.8399999141693115,3177700,2021,10,29,5,18929
3.8499999046325684,4.460000038146973,3.9100000858306885,4.389999866485596,6966300,2021,11,1,1,18932
4.179999828338623,4.420000076293945,4.369999885559082,4.360000133514404,3238500,2021,11,2,2,18933
4.289999961853027,4.420000076293945,4.389999866485596,4.400000095367432,3028700,2021,11,3,3,18934
4.239999771118164,4.389999866485596,4.389999866485596,4.289999961853027,2278700,2021,11,4,4,18935
4.079999923706055,4.309999942779541,4.300000190734863,4.159999847412109,3399600,2021,11,5,5,18936
4.110000133514404,4.340000152587891,4.150000095367432,4.179999828338623,3287800,2021,11,8,1,18939
4.289999961853027,4.690000057220459,4.579999923706055,4.449999809265137,5698300,2021,11,9,2,18940
4.320000171661377,4.559999942779541,4.53000020980835,4.329999923706055,5312100,2021,11,10,3,18941
4.210000038146973,4.380000114440918,4.320000171661377,4.260000228881836,2280500,2021,11,11,4,18942
3.819999933242798,4.5,4.5,3.880000114440918,6710600,2021,11,12,5,18943
3.569999933242798,3.869999885559082,3.8499999046325684,3.6500000953674316,5894500,2021,11,15,1,18946
3.4200000762939453,3.7300000190734863,3.5899999141693115,3.690000057220459,5274100,2021,11,16,2,18947
3.490000009536743,3.690000057220459,3.680000066757202,3.5299999713897705,3828600,2021,11,17,3,18948
3.4100000858306885,3.680000066757202,3.5399999618530273,3.5799999237060547,4154200,2021,11,18,4,18949
3.4700000286102295,3.5999999046325684,3.549999952316284,3.490000009536743,3419400,2021,11,19,5,18950
3.2799999713897705,3.569999933242798,3.569999933242798,3.380000114440918,4316200,2021,11,22,1,18953
3.190000057220459,3.4200000762939453,3.359999895095825,3.369999885559082,5278600,2021,11,23,2,18954
3.2799999713897705,3.4100000858306885,3.3299999237060547,3.3399999141693115,2298300,2021,11,24,3,18955
3.200000047683716,3.4100000858306885,3.319999933242798,3.2300000190734863,2909700,2021,11,26,5,18957
3.140000104904175,3.299999952316284,3.259999990463257,3.1500000953674316,3896200,2021,11,29,1,18960
3.0,3.1600000858306885,3.0999999046325684,3.1500000953674316,5597900,2021,11,30,2,18961
2.9700000286102295,3.319999933242798,3.2300000190734863,2.9800000190734863,6009500,2021,12,1,3,18962
2.880000114440918,3.059999942779541,3.0299999713897705,3.0199999809265137,6843000,2021,12,2,4,18963
2.880000114440918,3.0299999713897705,3.009999990463257,2.9200000762939453,4415100,2021,12,3,5,18964
2.8499999046325684,3.0799999237060547,2.9200000762939453,3.0299999713897705,4045500,2021,12,6,1,18967
3.049999952316284,3.319999933242798,3.049999952316284,3.2300000190734863,4233500,2021,12,7,2,18968
3.2100000381469727,3.369999885559082,3.2899999618530273,3.319999933242798,3390700,2021,12,8,3,18969
3.190000057220459,3.4100000858306885,3.319999933242798,3.2100000381469727,3034700,2021,12,9,4,18970
3.190000057220459,3.309999942779541,3.2300000190734863,3.2200000286102295,2896100,2021,12,10,5,18971
3.140000104904175,3.380000114440918,3.1500000953674316,3.2100000381469727,3679400,2021,12,13,1,18974
3.0999999046325684,3.299999952316284,3.259999990463257,3.109999895095825,4003000,2021,12,14,2,18975
3.0299999713897705,3.319999933242798,3.0999999046325684,3.309999942779541,4570200,2021,12,15,3,18976
3.319999933242798,3.5199999809265137,3.450000047683716,3.319999933242798,5107700,2021,12,16,4,18977
3.25,3.5799999237060547,3.2899999618530273,3.559999942779541,24894700,2021,12,17,5,18978
3.390000104904175,3.569999933242798,3.4700000286102295,3.5299999713897705,5165300,2021,12,20,1,18981
3.4100000858306885,3.559999942779541,3.5299999713897705,3.5199999809265137,3276600,2021,12,21,2,18982
3.369999885559082,3.569999933242798,3.5,3.509999990463257,4050900,2021,12,22,3,18983
3.450000047683716,3.609999895095825,3.4600000381469727,3.5799999237060547,2923400,2021,12,23,4,18984
3.4600000381469727,3.5799999237060547,3.559999942779541,3.4700000286102295,2573200,2021,12,27,1,18988
3.369999885559082,3.619999885559082,3.4600000381469727,3.369999885559082,2899100,2021,12,28,2,18989
3.309999942779541,3.4000000953674316,3.369999885559082,3.380000114440918,2471700,2021,12,29,3,18990
3.3399999141693115,3.490000009536743,3.369999885559082,3.369999885559082,2209700,2021,12,30,4,18991
3.200000047683716,3.4200000762939453,3.359999895095825,3.2200000286102295,3595200,2021,12,31,5,18992
3.200000047683716,3.4800000190734863,3.2699999809265137,3.4700000286102295,3511500,2022,1,3,1,18995
3.1500000953674316,3.490000009536743,3.450000047683716,3.200000047683716,4037900,2022,1,4,2,18996
3.0,3.2699999809265137,3.2200000286102295,3.0,4462700,2022,1,5,3,18997
2.9600000381469727,3.140000104904175,3.0199999809265137,3.069999933242798,3852600,2022,1,6,4,18998
2.9800000190734863,3.200000047683716,3.059999942779541,2.990000009536743,3065900,2022,1,7,5,18999
2.930000066757202,3.049999952316284,2.9800000190734863,3.0299999713897705,4431400,2022,1,10,1,19002
3.0399999618530273,3.190000057220459,3.049999952316284,3.0899999141693115,1932300,2022,1,11,2,19003
2.990000009536743,3.1500000953674316,3.0999999046325684,2.990000009536743,3618300,2022,1,12,3,19004
2.880000114440918,3.049999952316284,3.0,2.890000104904175,2922200,2022,1,13,4,19005
2.869999885559082,3.059999942779541,2.9000000953674316,3.049999952316284,3832900,2022,1,14,5,19006
2.8299999237060547,3.0399999618530273,2.9600000381469727,2.8399999141693115,4046100,2022,1,18,2,19010
2.799999952316284,2.950000047683716,2.9100000858306885,2.809999942779541,4461700,2022,1,19,3,19011
2.7300000190734863,2.9100000858306885,2.869999885559082,2.740000009536743,2812500,2022,1,20,4,19012
2.680000066757202,2.809999942779541,2.740000009536743,2.680000066757202,4028500,2022,1,21,5,19013
2.440000057220459,2.7100000381469727,2.549999952316284,2.690000057220459,5506200,2022,1,24,1,19016
2.559999942779541,2.7300000190734863,2.609999895095825,2.680000066757202,3218000,2022,1,25,2,19017
2.569999933242798,2.819999933242798,2.700000047683716,2.609999895095825,3911700,2022,1,26,3,19018
2.4800000190734863,2.690000057220459,2.619999885559082,2.490000009536743,3338500,2022,1,27,4,19019
2.440000057220459,2.640000104904175,2.5399999618530273,2.630000114440918,4620700,2022,1,28,5,19020
2.5999999046325684,2.759999990463257,2.5999999046325684,2.759999990463257,4200500,2022,1,31,1,19023
2.630000114440918,2.7899999618530273,2.7799999713897705,2.7100000381469727,3457000,2022,2,1,2,19024
2.490000009536743,2.859999895095825,2.7100000381469727,2.509999990463257,4337200,2022,2,2,3,19025
2.369999885559082,2.5399999618530273,2.5399999618530273,2.380000114440918,3428200,2022,2,3,4,19026
2.3399999141693115,2.440000057220459,2.369999885559082,2.390000104904175,3470000,2022,2,4,5,19027
2.4100000858306885,2.559999942779541,2.430000066757202,2.5,2722000,2022,2,7,1,19030
2.4000000953674316,2.5299999713897705,2.4800000190734863,2.509999990463257,2310900,2022,2,8,2,19031
2.5199999809265137,2.6700000762939453,2.5299999713897705,2.640000104904175,3193000,2022,2,9,3,19032
2.440000057220459,2.700000047683716,2.569999933242798,2.5199999809265137,4081300,2022,2,10,4,19033
2.4200000762939453,2.5799999237060547,2.5399999618530273,2.440000057220459,2077300,2022,2,11,5,19034
2.3499999046325684,2.4600000381469727,2.430000066757202,2.3499999046325684,3232500,2022,2,14,1,19037
2.4100000858306885,2.569999933242798,2.4200000762939453,2.559999942779541,3455100,2022,2,15,2,19038
2.4700000286102295,2.569999933242798,2.509999990463257,2.549999952316284,2415400,2022,2,16,3,19039
2.4700000286102295,2.569999933242798,2.5,2.5399999618530273,5537100,2022,2,17,4,19040
2.4800000190734863,2.5899999141693115,2.509999990463257,2.549999952316284,3850200,2022,2,18,5,19041
2.509999990463257,2.6500000953674316,2.5199999809265137,2.6500000953674316,6793100,2022,2,22,2,19045
2.5899999141693115,2.7100000381469727,2.690000057220459,2.6500000953674316,5794000,2022,2,23,3,19046
2.509999990463257,2.759999990463257,2.5199999809265137,2.759999990463257,8875200,2022,2,24,4,19047
2.549999952316284,2.759999990463257,2.75,2.6700000762939453,4332500,2022,2,25,5,19048
2.630000114440918,2.740000009536743,2.6500000953674316,2.700000047683716,3239600,2022,2,28,1,19051
2.559999942779541,2.75,2.630000114440918,2.5899999141693115,3082200,2022,3,1,2,19052
2.569999933242798,3.109999895095825,2.5899999141693115,3.069999933242798,6436600,2022,3,2,3,19053
2.940000057220459,3.0999999046325684,3.069999933242798,2.9600000381469727,4581400,2022,3,3,4,19054
2.890000104904175,3.059999942779541,2.9600000381469727,2.9100000858306885,3777200,2022,3,4,5,19055
2.880000114440918,3.0199999809265137,2.9200000762939453,2.9200000762939453,2948600,2022,3,7,1,19058
2.7899999618530273,3.0999999046325684,2.9000000953674316,2.940000057220459,4785000,2022,3,8,2,19059
2.9800000190734863,3.119999885559082,3.0,3.109999895095825,5048300,2022,3,9,3,19060
2.9200000762939453,3.0899999141693115,3.0899999141693115,2.940000057220459,2967600,2022,3,10,4,19061
2.809999942779541,2.9700000286102295,2.9600000381469727,2.809999942779541,3957100,2022,3,11,5,19062
2.5999999046325684,2.8499999046325684,2.809999942779541,2.619999885559082,6983400,2022,3,14,1,19065
2.5399999618530273,2.6700000762939453,2.6600000858306885,2.6600000858306885,3991500,2022,3,15,2,19066
2.5999999046325684,2.75,2.6600000858306885,2.75,4061600,2022,3,16,3,19067
2.680000066757202,2.890000104904175,2.7200000286102295,2.890000104904175,3991500,2022,3,17,4,19068
2.8399999141693115,3.0299999713897705,2.869999885559082,2.9600000381469727,15227600,2022,3,18,5,19069
2.7699999809265137,3.0,2.9600000381469727,2.7699999809265137,3230600,2022,3,21,1,19072
2.759999990463257,2.8499999046325684,2.799999952316284,2.7899999618530273,2742100,2022,3,22,2,19073
2.680000066757202,2.809999942779541,2.759999990463257,2.680000066757202,3476000,2022,3,23,3,19074
2.6700000762939453,2.799999952316284,2.7200000286102295,2.7899999618530273,2324100,2022,3,24,4,19075
2.680000066757202,2.7899999618530273,2.7799999713897705,2.700000047683716,2980200,2022,3,25,5,19076
2.630000114440918,2.759999990463257,2.7100000381469727,2.6700000762939453,4311700,2022,3,28,1,19079
2.7100000381469727,2.8299999237060547,2.7300000190734863,2.7899999618530273,4632600,2022,3,29,2,19080
2.619999885559082,2.7899999618530273,2.7799999713897705,2.619999885559082,3656100,2022,3,30,3,19081
2.4200000762939453,2.6600000858306885,2.640000104904175,2.4600000381469727,9260800,2022,3,31,4,19082
2.4700000286102295,2.5899999141693115,2.5,2.569999933242798,6049200,2022,4,1,5,19083
2.5799999237060547,2.6700000762939453,2.5999999046325684,2.640000104904175,4344600,2022,4,4,1,19086
2.559999942779541,2.6700000762939453,2.6500000953674316,2.569999933242798,4761600,2022,4,5,2,19087
2.5199999809265137,2.630000114440918,2.549999952316284,2.5799999237060547,3431600,2022,4,6,3,19088
2.4600000381469727,2.5999999046325684,2.559999942779541,2.490000009536743,3934100,2022,4,7,4,19089
2.390000104904175,2.5,2.490000009536743,2.390000104904175,4039600,2022,4,8,5,19090
2.2799999713897705,2.380000114440918,2.359999895095825,2.309999942779541,4707300,2022,4,11,1,19093
2.309999942779541,2.4000000953674316,2.319999933242798,2.3499999046325684,3886200,2022,4,12,2,19094
2.359999895095825,2.4600000381469727,2.359999895095825,2.440000057220459,2438000,2022,4,13,3,19095
2.3399999141693115,2.440000057220459,2.440000057220459,2.3399999141693115,2383400,2022,4,14,4,19096
2.240000009536743,2.359999895095825,2.359999895095825,2.2699999809265137,4447100,2022,4,18,1,19100
2.25,2.390000104904175,2.299999952316284,2.299999952316284,3434200,2022,4,19,2,19101
2.25,2.3499999046325684,2.309999942779541,2.2699999809265137,2521100,2022,4,20,3,19102
2.109999895095825,2.299999952316284,2.2899999618530273,2.109999895095825,3974800,2022,4,21,4,19103
2.049999952316284,2.140000104904175,2.109999895095825,2.0799999237060547,3523800,2022,4,22,5,19104
2.049999952316284,2.1500000953674316,2.059999942779541,2.130000114440918,2380600,2022,4,25,1,19107
1.9800000190734863,2.180000066757202,2.130000114440918,1.9800000190734863,3902800,2022,4,26,2,19108
1.9500000476837158,2.0399999618530273,1.9700000286102295,1.9500000476837158,3283200,2022,4,27,3,19109
1.8600000143051147,2.0,2.0,1.9600000381469727,3067100,2022,4,28,4,19110
1.840000033378601,2.009999990463257,1.940000057220459,1.850000023841858,3907300,2022,4,29,5,19111
1.8300000429153442,1.940000057220459,1.850000023841858,1.940000057220459,5281800,2022,5,2,1,19114
1.850000023841858,1.9500000476837158,1.9199999570846558,1.8799999952316284,2599100,2022,5,3,2,19115
1.7400000095367432,1.909999966621399,1.8700000047683716,1.909999966621399,3981800,2022,5,4,3,19116
1.7100000381469727,1.8700000047683716,1.8600000143051147,1.7599999904632568,4599600,2022,5,5,4,19117
1.659999966621399,1.7400000095367432,1.7400000095367432,1.6699999570846558,3549300,2022,5,6,5,19118
1.5,1.659999966621399,1.6100000143051147,1.5199999809265137,9419900,2022,5,9,1,19121
1.5800000429153442,1.7699999809265137,1.7300000190734863,1.659999966621399,6208500,2022,5,10,2,19122
1.5,1.75,1.7000000476837158,1.5099999904632568,7182500,2022,5,11,3,19123
1.4800000190734863,1.649999976158142,1.5,1.5499999523162842,8933600,2022,5,12,4,19124
1.5800000429153442,1.7100000381469727,1.6100000143051147,1.6299999952316284,5179200,2022,5,13,5,19125
1.559999942779541,1.659999966621399,1.6299999952316284,1.5800000429153442,3653600,2022,5,16,1,19128
1.5700000524520874,1.659999966621399,1.6299999952316284,1.649999976158142,5301500,2022,5,17,2,19129
1.5099999904632568,1.6200000047683716,1.6100000143051147,1.5299999713897705,4431700,2022,5,18,3,19130
1.4600000381469727,1.5700000524520874,1.5199999809265137,1.5399999618530273,3804200,2022,5,19,4,19131
1.4900000095367432,1.6100000143051147,1.5700000524520874,1.5700000524520874,2404500,2022,5,20,5,19132
1.559999942779541,1.6200000047683716,1.6100000143051147,1.5700000524520874,2261000,2022,5,23,1,19135
1.4299999475479126,1.559999942779541,1.5399999618530273,1.440000057220459,3851000,2022,5,24,2,19136
1.399999976158142,1.4700000286102295,1.4600000381469727,1.4500000476837158,2530800,2022,5,25,3,19137
1.4500000476837158,1.5399999618530273,1.4600000381469727,1.5,2936400,2022,5,26,4,19138
1.4500000476837158,1.6299999952316284,1.5,1.6100000143051147,4432500,2022,5,27,5,19139
1.600000023841858,1.7599999904632568,1.6399999856948853,1.6699999570846558,5622000,2022,5,31,2,19143
1.559999942779541,1.7100000381469727,1.6699999570846558,1.600000023841858,3546800,2022,6,1,3,19144
1.5299999713897705,1.6100000143051147,1.6100000143051147,1.6100000143051147,3209400,2022,6,2,4,19145
1.5700000524520874,1.6799999475479126,1.5700000524520874,1.6799999475479126,3218800,2022,6,3,5,19146
1.559999942779541,1.7400000095367432,1.6799999475479126,1.559999942779541,3088700,2022,6,6,1,19149
1.5399999618530273,1.6799999475479126,1.5499999523162842,1.6799999475479126,2878900,2022,6,7,2,19150
1.6100000143051147,1.7799999713897705,1.6200000047683716,1.7000000476837158,4055700,2022,6,8,3,19151
1.6399999856948853,1.7100000381469727,1.6799999475479126,1.6399999856948853,3424500,2022,6,9,4,19152
1.4500000476837158,1.6200000047683716,1.590000033378601,1.4600000381469727,3611500,2022,6,10,5,19153
1.2999999523162842,1.4700000286102295,1.4600000381469727,1.3300000429153442,7690200,2022,6,13,1,19156
1.25,1.340000033378601,1.3300000429153442,1.2999999523162842,4442000,2022,6,14,2,19157
1.2799999713897705,1.409999966621399,1.2999999523162842,1.3899999856948853,6271300,2022,6,15,3,19158
1.2999999523162842,1.4299999475479126,1.3200000524520874,1.399999976158142,5138800,2022,6,16,4,19159
1.399999976158142,1.6100000143051147,1.399999976158142,1.5700000524520874,10436100,2022,6,17,5,19160
1.590000033378601,1.7400000095367432,1.6299999952316284,1.649999976158142,4776000,2022,6,21,2,19164
1.6200000047683716,1.8600000143051147,1.6299999952316284,1.7999999523162842,4862000,2022,6,22,3,19165
1.7899999618530273,1.9900000095367432,1.8300000429153442,1.9800000190734863,4567400,2022,6,23,4,19166
1.840000033378601,2.009999990463257,1.9800000190734863,1.899999976158142,8528400,2022,6,24,5,19167
1.840000033378601,1.9600000381469727,1.9199999570846558,1.8799999952316284,3273800,2022,6,27,1,19170
1.7999999523162842,1.909999966621399,1.8799999952316284,1.840000033378601,4161000,2022,6,28,2,19171
1.9900000095367432,2.4700000286102295,2.0999999046325684,2.0399999618530273,25421700,2022,6,29,3,19172
1.8600000143051147,2.0299999713897705,1.9600000381469727,1.940000057220459,4600500,2022,6,30,4,19173
1.850000023841858,1.9700000286102295,1.9299999475479126,1.9600000381469727,4880100,2022,7,1,5,19174
1.940000057220459,2.4200000762939453,1.9600000381469727,2.4100000858306885,11554900,2022,7,5,2,19178
2.319999933242798,2.509999990463257,2.380000114440918,2.430000066757202,7442000,2022,7,6,3,19179
2.390000104904175,2.609999895095825,2.440000057220459,2.559999942779541,5696800,2022,7,7,4,19180
2.509999990463257,2.7100000381469727,2.5399999618530273,2.7100000381469727,3979700,2022,7,8,5,19181
2.569999933242798,2.7300000190734863,2.7100000381469727,2.569999933242798,5262800,2022,7,11,1,19184
2.3299999237060547,2.75,2.559999942779541,2.7200000286102295,6659400,2022,7,12,2,19185
2.619999885559082,2.930000066757202,2.6500000953674316,2.890000104904175,5085200,2022,7,13,3,19186
2.7200000286102295,2.9200000762939453,2.8399999141693115,2.869999885559082,4449200,2022,7,14,4,19187
2.7200000286102295,2.9800000190734863,2.930000066757202,2.880000114440918,4035700,2022,7,15,5,19188
2.700000047683716,2.9800000190734863,2.859999895095825,2.700000047683716,4295100,2022,7,18,1,19191
2.640000104904175,2.869999885559082,2.75,2.7899999618530273,3843200,2022,7,19,2,19192
2.740000009536743,3.059999942779541,2.7799999713897705,2.859999895095825,5548200,2022,7,20,3,19193
2.7699999809265137,2.890000104904175,2.8399999141693115,2.8499999046325684,2529700,2022,7,21,4,19194
2.6500000953674316,2.869999885559082,2.8499999046325684,2.6600000858306885,4858300,2022,7,22,5,19195
2.609999895095825,2.740000009536743,2.7300000190734863,2.680000066757202,3123900,2022,7,25,1,19198
2.5999999046325684,2.950000047683716,2.6500000953674316,2.8299999237060547,5152300,2022,7,26,2,19199
2.7100000381469727,2.9100000858306885,2.859999895095825,2.890000104904175,6418500,2022,7,27,3,19200
2.640000104904175,2.890000104904175,2.859999895095825,2.7699999809265137,4471800,2022,7,28,4,19201
2.5299999713897705,2.740000009536743,2.740000009536743,2.5799999237060547,3916200,2022,7,29,5,19202
2.4600000381469727,2.619999885559082,2.549999952316284,2.4800000190734863,3461400,2022,8,1,1,19205
2.4100000858306885,2.5799999237060547,2.4600000381469727,2.569999933242798,3830800,2022,8,2,2,19206
2.569999933242798,2.799999952316284,2.569999933242798,2.609999895095825,5173200,2022,8,3,3,19207
2.5399999618530273,2.6600000858306885,2.6500000953674316,2.559999942779541,5118700,2022,8,4,4,19208
2.490000009536743,2.690000057220459,2.509999990463257,2.6500000953674316,6405900,2022,8,5,5,19209
2.5,2.7100000381469727,2.700000047683716,2.609999895095825,4151900,2022,8,8,1,19212
2.369999885559082,2.6600000858306885,2.6600000858306885,2.559999942779541,5126000,2022,8,9,2,19213
2.5,2.680000066757202,2.6700000762939453,2.6700000762939453,4770300,2022,8,10,3,19214
2.6500000953674316,2.950000047683716,2.6600000858306885,2.6700000762939453,5522700,2022,8,11,4,19215
2.6700000762939453,3.049999952316284,2.7300000190734863,2.9700000286102295,6418400,2022,8,12,5,19216
2.9000000953674316,3.1500000953674316,3.0199999809265137,3.140000104904175,4520000,2022,8,15,1,19219
2.950000047683716,3.200000047683716,3.109999895095825,2.9800000190734863,4239700,2022,8,16,2,19220
2.7899999618530273,3.069999933242798,2.9800000190734863,2.7899999618530273,4223900,2022,8,17,3,19221
2.7100000381469727,2.8499999046325684,2.7899999618530273,2.819999933242798,3218800,2022,8,18,4,19222
2.740000009536743,2.869999885559082,2.759999990463257,2.7899999618530273,2568300,2022,8,19,5,19223
2.7300000190734863,2.9100000858306885,2.75,2.759999990463257,3327700,2022,8,22,1,19226
2.7699999809265137,2.930000066757202,2.7899999618530273,2.880000114440918,3777300,2022,8,23,2,19227
2.819999933242798,3.0399999618530273,2.890000104904175,2.990000009536743,3195900,2022,8,24,3,19228
2.869999885559082,3.0399999618530273,3.0299999713897705,2.890000104904175,2391400,2022,8,25,4,19229
2.6500000953674316,2.9000000953674316,2.890000104904175,2.6700000762939453,4955000,2022,8,26,5,19230
2.630000114440918,2.75,2.6700000762939453,2.6600000858306885,3483700,2022,8,29,1,19233
2.609999895095825,2.7300000190734863,2.7100000381469727,2.6600000858306885,3555500,2022,8,30,2,19234
2.680000066757202,2.7899999618530273,2.700000047683716,2.700000047683716,3992600,2022,8,31,3,19235
2.609999895095825,2.75,2.680000066757202,2.7300000190734863,4943100,2022,9,1,4,19236
2.569999933242798,2.799999952316284,2.740000009536743,2.569999933242798,4338400,2022,9,2,5,19237
2.4100000858306885,2.5799999237060547,2.5799999237060547,2.4200000762939453,3712900,2022,9,6,2,19241
2.4000000953674316,2.5399999618530273,2.4000000953674316,2.5399999618530273,3759700,2022,9,7,3,19242
2.490000009536743,2.6600000858306885,2.5,2.619999885559082,3671100,2022,9,8,4,19243
2.549999952316284,2.7200000286102295,2.619999885559082,2.690000057220459,3048100,2022,9,9,5,19244
2.619999885559082,2.7100000381469727,2.700000047683716,2.700000047683716,2290200,2022,9,12,1,19247
2.430000066757202,2.640000104904175,2.5999999046325684,2.490000009536743,5476900,2022,9,13,2,19248
2.4000000953674316,2.490000009536743,2.4700000286102295,2.440000057220459,4024800,2022,9,14,3,19249
2.4000000953674316,2.5399999618530273,2.4100000858306885,2.5199999809265137,2524300,2022,9,15,4,19250
2.319999933242798,2.5,2.490000009536743,2.3399999141693115,8620100,2022,9,16,5,19251
2.25,2.3299999237060547,2.299999952316284,2.309999942779541,3240800,2022,9,19,1,19254
2.25,2.359999895095825,2.2699999809265137,2.2899999618530273,1931900,2022,9,20,2,19255
2.25,2.380000114440918,2.3299999237060547,2.259999990463257,2954000,2022,9,21,3,19256
2.180000066757202,2.2899999618530273,2.2899999618530273,2.240000009536743,4125400,2022,9,22,4,19257
2.0999999046325684,2.2200000286102295,2.2200000286102295,2.130000114440918,6294700,2022,9,23,5,19258
1.9500000476837158,2.190000057220459,2.109999895095825,1.9600000381469727,3845000,2022,9,26,1,19261
2.0,2.0899999141693115,2.0399999618530273,2.0399999618530273,5176800,2022,9,27,2,19262
2.069999933242798,2.2300000190734863,2.0899999141693115,2.200000047683716,6953100,2022,9,28,3,19263
2.0399999618530273,2.190000057220459,2.1500000953674316,2.059999942779541,4746200,2022,9,29,4,19264
2.0399999618530273,2.190000057220459,2.0799999237060547,2.049999952316284,5026400,2022,9,30,5,19265
2.0399999618530273,2.180000066757202,2.0999999046325684,2.0899999141693115,4331800,2022,10,3,1,19268
2.0799999237060547,2.2300000190734863,2.119999885559082,2.2100000381469727,10208200,2022,10,4,2,19269
2.130000114440918,2.4000000953674316,2.1600000858306885,2.369999885559082,4974000,2022,10,5,3,19270
2.3499999046325684,2.8399999141693115,2.3499999046325684,2.799999952316284,9693600,2022,10,6,4,19271
2.630000114440918,2.7899999618530273,2.75,2.680000066757202,5663400,2022,10,7,5,19272
2.559999942779541,2.690000057220459,2.6700000762939453,2.6500000953674316,3234400,2022,10,10,1,19275
2.569999933242798,2.819999933242798,2.6600000858306885,2.6600000858306885,4330500,2022,10,11,2,19276
2.25,2.700000047683716,2.640000104904175,2.5399999618530273,5345100,2022,10,12,3,19277
2.4000000953674316,2.609999895095825,2.4600000381469727,2.5799999237060547,5417300,2022,10,13,4,19278
2.430000066757202,2.640000104904175,2.5999999046325684,2.440000057220459,3646400,2022,10,14,5,19279
2.440000057220459,2.7200000286102295,2.5,2.680000066757202,3946500,2022,10,17,1,19282
2.680000066757202,2.7899999618530273,2.7300000190734863,2.7200000286102295,2910000,2022,10,18,2,19283
2.549999952316284,2.7799999713897705,2.7100000381469727,2.5899999141693115,5287600,2022,10,19,3,19284
2.5199999809265137,2.7200000286102295,2.619999885559082,2.5399999618530273,2777100,2022,10,20,4,19285
2.4600000381469727,2.690000057220459,2.5299999713897705,2.640000104904175,4360000,2022,10,21,5,19286
2.5,2.640000104904175,2.630000114440918,2.609999895095825,3318900,2022,10,24,1,19289
2.5999999046325684,2.7699999809265137,2.630000114440918,2.630000114440918,4028800,2022,10,25,2,19290
2.569999933242798,2.799999952316284,2.619999885559082,2.609999895095825,5676400,2022,10,26,3,19291
2.430000066757202,2.6700000762939453,2.6700000762939453,2.440000057220459,3882600,2022,10,27,4,19292
2.3299999237060547,2.569999933242798,2.450000047683716,2.549999952316284,4121400,2022,10,28,5,19293
2.490000009536743,2.5999999046325684,2.549999952316284,2.509999990463257,3443500,2022,10,31,1,19296
2.490000009536743,2.5899999141693115,2.549999952316284,2.509999990463257,4347200,2022,11,1,2,19297
2.4100000858306885,2.5999999046325684,2.5199999809265137,2.430000066757202,4338700,2022,11,2,3,19298
2.359999895095825,2.5199999809265137,2.4100000858306885,2.4600000381469727,5193100,2022,11,3,4,19299
2.3399999141693115,2.5199999809265137,2.5199999809265137,2.440000057220459,4389800,2022,11,4,5,19300
2.369999885559082,2.5199999809265137,2.4600000381469727,2.390000104904175,3605200,2022,11,7,1,19303
2.180000066757202,2.4700000286102295,2.4000000953674316,2.2300000190734863,3669900,2022,11,8,2,19304
2.009999990463257,2.25,2.2100000381469727,2.0199999809265137,4819900,2022,11,9,3,19305
2.109999895095825,2.490000009536743,2.130000114440918,2.450000047683716,9509700,2022,11,10,4,19306
2.390000104904175,2.5799999237060547,2.4000000953674316,2.509999990463257,5153500,2022,11,11,5,19307
2.5399999618530273,2.990000009536743,2.5899999141693115,2.930000066757202,16025300,2022,11,14,1,19310
2.8299999237060547,3.190000057220459,3.0,3.1700000762939453,10387300,2022,11,15,2,19311
3.0799999237060547,3.369999885559082,3.140000104904175,3.25,6602600,2022,11,16,3,19312
3.069999933242798,3.2699999809265137,3.2200000286102295,3.1700000762939453,5367800,2022,11,17,4,19313
3.0299999713897705,3.309999942779541,3.2699999809265137,3.059999942779541,4655000,2022,11,18,5,19314
2.950000047683716,3.0799999237060547,3.0299999713897705,2.990000009536743,3653500,2022,11,21,1,19317
2.859999895095825,3.049999952316284,3.0399999618530273,3.0399999618530273,3938800,2022,11,22,2,19318
2.9700000286102295,3.069999933242798,3.0299999713897705,3.0,2562800,2022,11,23,3,19319
2.799999952316284,2.9700000286102295,2.9600000381469727,2.809999942779541,2461300,2022,11,25,5,19321
2.6600000858306885,2.8499999046325684,2.759999990463257,2.680000066757202,3175300,2022,11,28,1,19324
2.5799999237060547,2.7100000381469727,2.700000047683716,2.630000114440918,2443900,2022,11,29,2,19325
2.569999933242798,2.7899999618530273,2.630000114440918,2.700000047683716,5430400,2022,11,30,3,19326
2.5999999046325684,2.690000057220459,2.690000057220459,2.640000104904175,2663400,2022,12,1,4,19327
2.559999942779541,2.990000009536743,2.5999999046325684,2.9700000286102295,3467100,2022,12,2,5,19328
2.6700000762939453,2.950000047683716,2.950000047683716,2.7899999618530273,4002000,2022,12,5,1,19331
2.549999952316284,2.7899999618530273,2.7699999809265137,2.559999942779541,3615900,2022,12,6,2,19332
2.440000057220459,2.549999952316284,2.5399999618530273,2.4700000286102295,4581300,2022,12,7,3,19333
2.430000066757202,2.5999999046325684,2.5799999237060547,2.509999990463257,3419500,2022,12,8,4,19334
2.4100000858306885,2.5,2.4800000190734863,2.4200000762939453,2707400,2022,12,9,5,19335
2.390000104904175,2.740000009536743,2.430000066757202,2.740000009536743,1166183,2022,12,12,1,19338
