low,high,open,close,volume,year,month,day,weekday,days
3150.0,3150.0,3150.0,3150.0,35010,2009,3,23,1,14326
3302.0,3302.0,3302.0,3302.0,380,2009,3,24,2,14327
3454.0,3454.0,3454.0,3454.0,2200,2009,3,25,3,14328
3627.0,3627.0,3627.0,3627.0,3760,2009,3,26,4,14329
3765.0,3800.0,3800.0,3800.0,510350,2009,3,27,5,14330
3627.0,3869.0,3800.0,3627.0,387370,2009,3,30,1,14333
3447.0,3489.0,3447.0,3447.0,158450,2009,3,31,2,14334
3371.0,3592.0,3447.0,3592.0,212000,2009,4,1,3,14335
3454.0,3661.0,3627.0,3592.0,108910,2009,4,2,4,14336
3523.0,3627.0,3592.0,3523.0,244100,2009,4,3,5,14337
3412.0,3586.0,3412.0,3551.0,239340,2009,4,7,2,14341
3412.0,3516.0,3419.0,3468.0,152970,2009,4,8,3,14342
3412.0,3481.0,3481.0,3412.0,85760,2009,4,9,4,14343
3447.0,3551.0,3551.0,3551.0,157130,2009,4,10,5,14344
3725.0,3725.0,3725.0,3725.0,138680,2009,4,13,1,14347
3586.0,3725.0,3621.0,3656.0,115190,2009,4,14,2,14348
3474.0,3551.0,3481.0,3481.0,78290,2009,4,15,3,14349
3481.0,3586.0,3586.0,3516.0,96830,2009,4,16,4,14350
3342.0,3481.0,3481.0,3412.0,77480,2009,4,17,5,14351
3412.0,3551.0,3412.0,3481.0,235860,2009,4,20,1,14354
3586.0,3656.0,3656.0,3656.0,353670,2009,4,21,2,14355
3725.0,3830.0,3830.0,3795.0,276250,2009,4,22,3,14356
3621.0,3760.0,3690.0,3621.0,75150,2009,4,23,4,14357
3447.0,3586.0,3481.0,3516.0,169850,2009,4,24,5,14358
3454.0,3551.0,3516.0,3481.0,100970,2009,4,27,1,14361
3426.0,3516.0,3426.0,3516.0,105180,2009,4,28,2,14362
3468.0,3516.0,3481.0,3468.0,108840,2009,4,29,3,14363
3621.0,3621.0,3621.0,3621.0,107180,2009,5,4,1,14368
3725.0,3795.0,3795.0,3725.0,424560,2009,5,5,2,14369
3551.0,3656.0,3656.0,3551.0,112930,2009,5,6,3,14370
3551.0,3656.0,3621.0,3656.0,88860,2009,5,7,4,14371
3516.0,3725.0,3516.0,3656.0,148470,2009,5,8,5,14372
3621.0,3656.0,3621.0,3621.0,164050,2009,5,11,1,14375
3551.0,3656.0,3586.0,3656.0,131070,2009,5,12,2,14376
3586.0,3656.0,3621.0,3621.0,125860,2009,5,13,3,14377
3551.0,3621.0,3551.0,3586.0,85580,2009,5,14,4,14378
3586.0,3656.0,3656.0,3621.0,128400,2009,5,15,5,14379
3586.0,3621.0,3621.0,3621.0,73730,2009,5,18,1,14382
3551.0,3656.0,3621.0,3586.0,194140,2009,5,19,2,14383
3586.0,3690.0,3586.0,3690.0,140070,2009,5,20,3,14384
3621.0,3725.0,3690.0,3656.0,220190,2009,5,21,4,14385
3586.0,3830.0,3656.0,3830.0,428050,2009,5,22,5,14386
4004.0,4004.0,4004.0,4004.0,135370,2009,5,25,1,14389
4178.0,4178.0,4178.0,4178.0,41150,2009,5,26,2,14390
4387.0,4387.0,4387.0,4387.0,26130,2009,5,27,3,14391
4596.0,4596.0,4596.0,4596.0,29810,2009,5,28,4,14392
4526.0,4804.0,4804.0,4804.0,845580,2009,5,29,5,14393
5013.0,5013.0,5013.0,5013.0,126810,2009,6,1,1,14396
5257.0,5257.0,5257.0,5257.0,57990,2009,6,2,2,14397
5466.0,5501.0,5501.0,5501.0,592590,2009,6,3,3,14398
5501.0,5710.0,5675.0,5675.0,636590,2009,6,4,4,14399
5710.0,5849.0,5814.0,5779.0,403030,2009,6,5,5,14400
5814.0,6058.0,5849.0,6058.0,397840,2009,6,8,1,14403
5779.0,6336.0,5779.0,6301.0,621990,2009,6,9,2,14404
6023.0,6023.0,6023.0,5988.0,398390,2009,6,10,3,14405
5918.0,5988.0,5918.0,5988.0,475310,2009,6,11,4,14406
5710.0,6058.0,6058.0,5849.0,381890,2009,6,12,5,14407
5570.0,5849.0,5849.0,5605.0,312180,2009,6,15,1,14410
5327.0,5431.0,5327.0,5327.0,212600,2009,6,16,2,14411
5083.0,5222.0,5118.0,5187.0,318500,2009,6,17,3,14412
5292.0,5431.0,5431.0,5431.0,530960,2009,6,18,4,14413
5501.0,5675.0,5675.0,5675.0,427710,2009,6,19,5,14414
5396.0,5536.0,5501.0,5396.0,174050,2009,6,22,1,14417
5153.0,5222.0,5153.0,5153.0,269310,2009,6,23,2,14418
5292.0,5396.0,5396.0,5396.0,132820,2009,6,24,3,14419
5153.0,5396.0,5396.0,5153.0,245730,2009,6,25,4,14420
5083.0,5257.0,5083.0,5222.0,113740,2009,6,26,5,14421
5083.0,5222.0,5118.0,5083.0,184200,2009,6,29,1,14424
4839.0,5048.0,5013.0,4839.0,207480,2009,6,30,2,14425
4630.0,4700.0,4630.0,4665.0,285800,2009,7,1,3,14426
4665.0,4874.0,4735.0,4804.0,85950,2009,7,2,4,14427
4735.0,4874.0,4735.0,4804.0,74580,2009,7,3,5,14428
4874.0,5013.0,4874.0,5013.0,133640,2009,7,6,1,14431
4874.0,5048.0,5013.0,4874.0,98020,2009,7,7,2,14432
4874.0,4978.0,4874.0,4944.0,86720,2009,7,8,3,14433
4944.0,5048.0,5048.0,5048.0,137050,2009,7,9,4,14434
4978.0,5083.0,5048.0,5048.0,151680,2009,7,10,5,14435
5013.0,5118.0,5118.0,5013.0,61030,2009,7,13,1,14438
4909.0,5013.0,4978.0,4944.0,135370,2009,7,14,2,14439
4909.0,5013.0,4909.0,5013.0,78400,2009,7,15,3,14440
4978.0,5118.0,5083.0,5013.0,91570,2009,7,16,4,14441
5013.0,5048.0,5013.0,5013.0,75130,2009,7,17,5,14442
4978.0,5048.0,4978.0,5048.0,135350,2009,7,20,1,14445
5048.0,5118.0,5048.0,5083.0,63540,2009,7,21,2,14446
5048.0,5118.0,5118.0,5083.0,56270,2009,7,22,3,14447
5048.0,5222.0,5048.0,5222.0,89260,2009,7,23,4,14448
5466.0,5466.0,5466.0,5466.0,325150,2009,7,24,5,14449
5431.0,5605.0,5466.0,5466.0,146680,2009,7,27,1,14452
5222.0,5431.0,5361.0,5222.0,102710,2009,7,28,2,14453
5187.0,5292.0,5187.0,5187.0,48970,2009,7,29,3,14454
5118.0,5292.0,5153.0,5187.0,129810,2009,7,30,4,14455
5222.0,5327.0,5257.0,5327.0,111990,2009,7,31,5,14456
5292.0,5361.0,5292.0,5327.0,62580,2009,8,3,1,14459
5431.0,5536.0,5536.0,5536.0,207250,2009,8,4,2,14460
5536.0,5779.0,5605.0,5779.0,562120,2009,8,5,3,14461
5640.0,5884.0,5779.0,5710.0,216600,2009,8,6,4,14462
5605.0,5675.0,5640.0,5605.0,163590,2009,8,7,5,14463
5605.0,5849.0,5744.0,5849.0,411250,2009,8,10,1,14466
5814.0,5884.0,5814.0,5884.0,276460,2009,8,11,2,14467
5813.0,5990.0,5990.0,5884.0,157540,2009,8,12,3,14468
5884.0,5990.0,5955.0,5884.0,210190,2009,8,13,4,14469
5919.0,6132.0,5955.0,6061.0,330440,2009,8,14,5,14470
6025.0,6203.0,6096.0,6061.0,262410,2009,8,17,1,14473
6025.0,6096.0,6061.0,6096.0,229640,2009,8,18,2,14474
6167.0,6380.0,6203.0,6380.0,421610,2009,8,19,3,14475
6309.0,6522.0,6522.0,6380.0,236360,2009,8,20,4,14476
6451.0,6699.0,6699.0,6451.0,621250,2009,8,21,5,14477
6238.0,6451.0,6380.0,6344.0,357970,2009,8,24,1,14480
6167.0,6309.0,6309.0,6167.0,296770,2009,8,25,2,14481
6167.0,6238.0,6238.0,6203.0,186420,2009,8,26,3,14482
6096.0,6238.0,6203.0,6203.0,289660,2009,8,27,4,14483
6473.0,6473.0,6473.0,6473.0,70240,2009,8,28,5,14484
6709.0,6756.0,6756.0,6756.0,560470,2009,8,31,1,14487
6709.0,6945.0,6709.0,6851.0,435140,2009,9,1,2,14488
6709.0,6803.0,6803.0,6709.0,323780,2009,9,3,4,14490
6426.0,6756.0,6756.0,6520.0,245580,2009,9,4,5,14491
6237.0,6520.0,6520.0,6284.0,200200,2009,9,7,1,14494
6378.0,6567.0,6426.0,6567.0,208740,2009,9,8,2,14495
6615.0,6756.0,6756.0,6662.0,479630,2009,9,9,3,14496
6567.0,6709.0,6567.0,6709.0,237410,2009,9,10,4,14497
6615.0,6709.0,6709.0,6615.0,238480,2009,9,11,5,14498
6520.0,6615.0,6520.0,6520.0,168520,2009,9,14,1,14501
6426.0,6567.0,6520.0,6473.0,199490,2009,9,15,2,14502
6378.0,6473.0,6615.0,6426.0,213980,2009,9,16,3,14503
6378.0,6520.0,6520.0,6426.0,191360,2009,9,17,4,14504
6378.0,6473.0,6426.0,6426.0,92940,2009,9,18,5,14505
6331.0,6426.0,6331.0,6378.0,108100,2009,9,21,1,14508
6284.0,6378.0,6284.0,6331.0,130170,2009,9,22,2,14509
6331.0,6615.0,6331.0,6378.0,256490,2009,9,23,3,14510
6189.0,6378.0,6331.0,6237.0,199830,2009,9,24,4,14511
6237.0,6331.0,6237.0,6331.0,128850,2009,9,25,5,14512
6284.0,6378.0,6331.0,6284.0,185970,2009,9,28,1,14515
6189.0,6331.0,6284.0,6189.0,90380,2009,9,29,2,14516
6142.0,6284.0,6189.0,6237.0,78260,2009,9,30,3,14517
6189.0,6331.0,6237.0,6189.0,126530,2009,10,1,4,14518
5953.0,6142.0,6000.0,6095.0,161910,2009,10,2,5,14519
6000.0,6095.0,6095.0,6000.0,49640,2009,10,5,1,14522
5717.0,6095.0,5717.0,6000.0,81900,2009,10,6,2,14523
6048.0,6284.0,6048.0,6284.0,152080,2009,10,7,3,14524
6284.0,6567.0,6331.0,6567.0,505260,2009,10,8,4,14525
6709.0,6851.0,6851.0,6756.0,598730,2009,10,9,5,14526
6520.0,6756.0,6709.0,6662.0,298380,2009,10,12,1,14529
6426.0,6520.0,6520.0,6426.0,238730,2009,10,13,2,14530
6520.0,6709.0,6615.0,6709.0,366870,2009,10,14,3,14531
6756.0,7040.0,7040.0,6898.0,489940,2009,10,15,4,14532
6615.0,6851.0,6803.0,6615.0,336030,2009,10,16,5,14533
6520.0,6803.0,6615.0,6803.0,360640,2009,10,19,1,14536
6615.0,6803.0,6756.0,6662.0,262040,2009,10,20,2,14537
6520.0,6709.0,6520.0,6615.0,262450,2009,10,21,3,14538
6520.0,6851.0,6615.0,6709.0,461320,2009,10,22,4,14539
6567.0,6756.0,6756.0,6567.0,384510,2009,10,23,5,14540
6426.0,6709.0,6567.0,6426.0,202700,2009,10,26,1,14543
6331.0,6473.0,6426.0,6378.0,182460,2009,10,27,2,14544
6331.0,6473.0,6473.0,6331.0,86800,2009,10,28,3,14545
6048.0,6237.0,6142.0,6048.0,310600,2009,10,29,4,14546
6048.0,6284.0,6284.0,6237.0,52180,2009,10,30,5,14547
5953.0,6000.0,5953.0,5953.0,321430,2009,11,2,1,14550
5670.0,5953.0,5859.0,5670.0,254530,2009,11,3,2,14551
5717.0,5953.0,5717.0,5764.0,100380,2009,11,4,3,14552
5859.0,6048.0,5953.0,6048.0,119800,2009,11,5,4,14553
5953.0,6189.0,6189.0,5953.0,114800,2009,11,6,5,14554
5670.0,5953.0,5811.0,5717.0,138690,2009,11,9,1,14557
5575.0,5859.0,5764.0,5670.0,142920,2009,11,10,2,14558
5717.0,5953.0,5859.0,5953.0,287360,2009,11,11,3,14559
6095.0,6237.0,6237.0,6237.0,403750,2009,11,12,4,14560
6095.0,6520.0,6095.0,6520.0,594770,2009,11,13,5,14561
6284.0,6520.0,6473.0,6284.0,121160,2009,11,16,1,14564
6237.0,6378.0,6378.0,6284.0,144000,2009,11,17,2,14565
6095.0,6284.0,6284.0,6237.0,109490,2009,11,18,3,14566
6189.0,6331.0,6284.0,6237.0,128800,2009,11,19,4,14567
6142.0,6284.0,6237.0,6189.0,103330,2009,11,20,5,14568
6000.0,6142.0,6095.0,6048.0,157830,2009,11,23,1,14571
5953.0,6048.0,6000.0,6000.0,76530,2009,11,24,2,14572
5717.0,6000.0,5717.0,5717.0,289190,2009,11,25,3,14573
5433.0,5575.0,5481.0,5433.0,199660,2009,11,26,4,14574
5197.0,5670.0,5197.0,5670.0,147220,2009,11,27,5,14575
5670.0,5859.0,5764.0,5811.0,121600,2009,11,30,1,14578
5859.0,6048.0,6000.0,6000.0,106320,2009,12,1,2,14579
5717.0,5953.0,5764.0,5717.0,153510,2009,12,2,3,14580
5669.0,5957.0,5717.0,5717.0,49040,2009,12,3,4,14581
5717.0,5861.0,5765.0,5861.0,61750,2009,12,4,5,14582
5861.0,5957.0,5957.0,5909.0,62460,2009,12,7,1,14585
5621.0,5813.0,5813.0,5669.0,137640,2009,12,8,2,14586
5476.0,5669.0,5476.0,5669.0,104800,2009,12,9,3,14587
5525.0,5813.0,5813.0,5669.0,49250,2009,12,10,4,14588
5428.0,5573.0,5573.0,5428.0,112750,2009,12,11,5,14589
5428.0,5669.0,5428.0,5573.0,22310,2009,12,14,1,14592
5476.0,5573.0,5476.0,5476.0,24120,2009,12,15,2,14593
5236.0,5525.0,5525.0,5236.0,228020,2009,12,16,3,14594
5092.0,5380.0,5284.0,5332.0,106350,2009,12,17,4,14595
5428.0,5573.0,5428.0,5573.0,158980,2009,12,18,5,14596
5476.0,5765.0,5476.0,5765.0,24730,2009,12,21,1,14599
5621.0,5861.0,5861.0,5621.0,70430,2009,12,22,2,14600
5573.0,5621.0,5573.0,5573.0,36060,2009,12,23,3,14601
5428.0,5669.0,5476.0,5669.0,62940,2009,12,24,4,14602
5669.0,5861.0,5765.0,5765.0,141030,2009,12,25,5,14603
5573.0,5765.0,5573.0,5765.0,52900,2009,12,28,1,14606
5669.0,5765.0,5765.0,5765.0,37760,2009,12,29,2,14607
5717.0,5813.0,5717.0,5765.0,113520,2009,12,30,3,14608
5717.0,5813.0,5813.0,5717.0,95500,2009,12,31,4,14609
5669.0,5909.0,5765.0,5861.0,114520,2010,1,4,1,14613
6053.0,6149.0,6149.0,6149.0,498720,2010,1,5,2,14614
6005.0,6341.0,6005.0,6197.0,112030,2010,1,6,3,14615
6053.0,6197.0,6053.0,6053.0,84210,2010,1,7,4,14616
5765.0,6101.0,6101.0,5765.0,216560,2010,1,8,5,14617
5717.0,5909.0,5909.0,5765.0,141830,2010,1,11,1,14620
5525.0,5813.0,5717.0,5525.0,187220,2010,1,12,2,14621
5380.0,5669.0,5525.0,5525.0,144410,2010,1,13,3,14622
5621.0,5717.0,5717.0,5621.0,82900,2010,1,14,4,14623
5525.0,5669.0,5669.0,5573.0,45490,2010,1,15,5,14624
5380.0,5573.0,5573.0,5380.0,53650,2010,1,18,1,14627
5380.0,5621.0,5525.0,5621.0,131950,2010,1,19,2,14628
5476.0,5621.0,5476.0,5476.0,31180,2010,1,20,3,14629
5284.0,5573.0,5428.0,5284.0,98870,2010,1,21,4,14630
5140.0,5428.0,5380.0,5236.0,99740,2010,1,22,5,14631
5236.0,5428.0,5428.0,5428.0,62040,2010,1,25,1,14634
5476.0,5621.0,5476.0,5621.0,58340,2010,1,26,2,14635
5428.0,5525.0,5525.0,5428.0,50960,2010,1,27,3,14636
5332.0,5428.0,5380.0,5332.0,29870,2010,1,28,4,14637
5236.0,5428.0,5236.0,5284.0,51740,2010,1,29,5,14638
5236.0,5332.0,5332.0,5236.0,56220,2010,2,1,1,14641
5284.0,5332.0,5332.0,5284.0,40850,2010,2,2,2,14642
5332.0,5476.0,5380.0,5476.0,34150,2010,2,3,3,14643
5428.0,5525.0,5428.0,5476.0,43580,2010,2,4,4,14644
5284.0,5380.0,5332.0,5332.0,78500,2010,2,5,5,14645
5284.0,5428.0,5284.0,5380.0,27330,2010,2,8,1,14648
5284.0,5380.0,5380.0,5284.0,50380,2010,2,9,2,14649
5332.0,5428.0,5380.0,5380.0,11170,2010,2,10,3,14650
5284.0,5428.0,5284.0,5428.0,18210,2010,2,11,4,14651
5476.0,5525.0,5525.0,5476.0,17850,2010,2,12,5,14652
5476.0,5525.0,5476.0,5476.0,21940,2010,2,22,1,14662
5284.0,5428.0,5428.0,5284.0,36860,2010,2,23,2,14663
5140.0,5284.0,5188.0,5140.0,78440,2010,2,24,3,14664
5140.0,5236.0,5140.0,5188.0,46560,2010,2,25,4,14665
5092.0,5236.0,5188.0,5092.0,76240,2010,2,26,5,14666
5092.0,5284.0,5284.0,5284.0,50000,2010,3,1,1,14669
5188.0,5332.0,5332.0,5188.0,33140,2010,3,2,2,14670
5188.0,5236.0,5188.0,5236.0,41050,2010,3,3,3,14671
5236.0,5428.0,5236.0,5236.0,122200,2010,3,4,4,14672
5236.0,5284.0,5284.0,5284.0,73590,2010,3,5,5,14673
5284.0,5380.0,5332.0,5332.0,68060,2010,3,8,1,14676
5332.0,5476.0,5380.0,5476.0,183740,2010,3,9,2,14677
5380.0,5476.0,5428.0,5428.0,55930,2010,3,10,3,14678
5380.0,5428.0,5428.0,5380.0,53730,2010,3,11,4,14679
5380.0,5476.0,5428.0,5476.0,123540,2010,3,12,5,14680
5476.0,5573.0,5476.0,5476.0,89890,2010,3,15,1,14683
5284.0,5476.0,5476.0,5380.0,64200,2010,3,16,2,14684
5236.0,5380.0,5236.0,5236.0,85800,2010,3,17,3,14685
5236.0,5332.0,5236.0,5284.0,59700,2010,3,18,4,14686
5188.0,5332.0,5188.0,5188.0,161150,2010,3,19,5,14687
5428.0,5428.0,5428.0,5428.0,103830,2010,3,22,1,14690
5476.0,5669.0,5573.0,5669.0,623330,2010,3,23,2,14691
5476.0,5717.0,5717.0,5573.0,184340,2010,3,24,3,14692
5380.0,5573.0,5525.0,5525.0,117710,2010,3,25,4,14693
5332.0,5525.0,5428.0,5525.0,173340,2010,3,26,5,14694
5428.0,5621.0,5476.0,5573.0,254430,2010,3,29,1,14697
5476.0,5621.0,5476.0,5525.0,163560,2010,3,30,2,14698
5476.0,5621.0,5525.0,5573.0,124280,2010,3,31,3,14699
5525.0,5669.0,5573.0,5621.0,95420,2010,4,1,4,14700
5573.0,5669.0,5669.0,5621.0,91810,2010,4,2,5,14701
5621.0,5861.0,5669.0,5861.0,329860,2010,4,5,1,14704
5957.0,6149.0,6053.0,5957.0,463200,2010,4,6,2,14705
5861.0,6053.0,5957.0,6005.0,187120,2010,4,7,3,14706
5813.0,6053.0,5813.0,5813.0,128320,2010,4,8,4,14707
5813.0,5861.0,5861.0,5861.0,109390,2010,4,9,5,14708
5813.0,5957.0,5861.0,5861.0,256740,2010,4,12,1,14711
5861.0,5909.0,5861.0,5861.0,65530,2010,4,13,2,14712
5813.0,5861.0,5813.0,5813.0,72670,2010,4,14,3,14713
5813.0,5909.0,5813.0,5909.0,73450,2010,4,15,4,14714
5813.0,5909.0,5909.0,5813.0,70510,2010,4,16,5,14715
5717.0,5813.0,5717.0,5717.0,111930,2010,4,19,1,14718
5669.0,5765.0,5717.0,5669.0,68980,2010,4,20,2,14719
5765.0,5909.0,5765.0,5909.0,264130,2010,4,21,3,14720
5957.0,6199.0,6199.0,5957.0,195570,2010,4,22,4,14721
5812.0,5957.0,5957.0,5957.0,131480,2010,4,26,1,14725
5860.0,5957.0,5957.0,5909.0,62710,2010,4,27,2,14726
5812.0,5909.0,5860.0,5860.0,64250,2010,4,28,3,14727
5812.0,5909.0,5860.0,5860.0,48270,2010,4,29,4,14728
5860.0,5909.0,5860.0,5909.0,42660,2010,5,4,2,14733
5812.0,5860.0,5860.0,5812.0,161520,2010,5,5,3,14734
5812.0,6054.0,5812.0,5957.0,221790,2010,5,6,4,14735
5812.0,5957.0,5860.0,5812.0,153640,2010,5,7,5,14736
5715.0,5812.0,5763.0,5763.0,77280,2010,5,10,1,14739
5715.0,5812.0,5763.0,5812.0,103840,2010,5,11,2,14740
5666.0,5715.0,5715.0,5715.0,116500,2010,5,12,3,14741
5666.0,5812.0,5666.0,5715.0,110730,2010,5,13,4,14742
5666.0,5812.0,5812.0,5666.0,50660,2010,5,14,5,14743
5570.0,5666.0,5666.0,5570.0,52790,2010,5,17,1,14746
5521.0,5570.0,5521.0,5570.0,49410,2010,5,18,2,14747
5376.0,5521.0,5376.0,5376.0,84280,2010,5,19,3,14748
5327.0,5618.0,5327.0,5618.0,51460,2010,5,20,4,14749
5376.0,5521.0,5376.0,5376.0,248310,2010,5,21,5,14750
5327.0,5473.0,5473.0,5473.0,25110,2010,5,24,1,14753
5473.0,5570.0,5473.0,5473.0,77980,2010,5,25,2,14754
5473.0,5570.0,5521.0,5521.0,150280,2010,5,26,3,14755
5376.0,5618.0,5376.0,5618.0,124320,2010,5,27,4,14756
5666.0,5763.0,5715.0,5715.0,116680,2010,5,28,5,14757
5618.0,5763.0,5763.0,5618.0,9900,2010,5,31,1,14760
5521.0,5666.0,5666.0,5666.0,21150,2010,6,1,2,14761
5570.0,5618.0,5618.0,5570.0,33830,2010,6,2,3,14762
5570.0,5618.0,5570.0,5570.0,142680,2010,6,3,4,14763
5715.0,5812.0,5715.0,5715.0,349190,2010,6,4,5,14764
5618.0,5715.0,5715.0,5666.0,30300,2010,6,7,1,14767
5570.0,5715.0,5570.0,5666.0,35560,2010,6,8,2,14768
5666.0,5763.0,5715.0,5715.0,63070,2010,6,9,3,14769
5666.0,5715.0,5715.0,5715.0,251470,2010,6,10,4,14770
5715.0,5763.0,5763.0,5715.0,181460,2010,6,11,5,14771
5618.0,5715.0,5715.0,5618.0,57720,2010,6,14,1,14774
5618.0,5715.0,5666.0,5715.0,72430,2010,6,15,2,14775
5666.0,5763.0,5715.0,5715.0,221590,2010,6,16,3,14776
5666.0,5715.0,5666.0,5715.0,138390,2010,6,17,4,14777
5715.0,5763.0,5715.0,5715.0,134640,2010,6,18,5,14778
5666.0,5715.0,5666.0,5715.0,143830,2010,6,21,1,14781
5666.0,5715.0,5715.0,5715.0,203240,2010,6,22,2,14782
5594.0,5884.0,5594.0,5797.0,104180,2010,6,23,3,14783
5594.0,5811.0,5811.0,5594.0,89740,2010,6,24,4,14784
5521.0,5666.0,5564.0,5521.0,74000,2010,6,25,5,14785
5492.0,5739.0,5521.0,5739.0,87200,2010,6,28,1,14788
5666.0,5811.0,5811.0,5811.0,173630,2010,6,29,2,14789
5550.0,5637.0,5608.0,5550.0,101720,2010,6,30,3,14790
5521.0,5594.0,5535.0,5579.0,177140,2010,7,1,4,14791
5535.0,5739.0,5652.0,5739.0,202530,2010,7,2,5,14792
5652.0,5782.0,5666.0,5782.0,107250,2010,7,5,1,14795
5652.0,5724.0,5710.0,5724.0,41050,2010,7,6,2,14796
5535.0,5666.0,5666.0,5535.0,64290,2010,7,7,3,14797
5492.0,5652.0,5492.0,5492.0,81210,2010,7,8,4,14798
5550.0,5637.0,5637.0,5564.0,47760,2010,7,9,5,14799
5521.0,5579.0,5550.0,5579.0,77390,2010,7,12,1,14802
5579.0,5652.0,5594.0,5652.0,93900,2010,7,13,2,14803
5594.0,5666.0,5594.0,5594.0,27180,2010,7,14,3,14804
5594.0,5637.0,5594.0,5594.0,57360,2010,7,15,4,14805
5594.0,5637.0,5637.0,5637.0,79350,2010,7,16,5,14806
5623.0,5637.0,5637.0,5637.0,35820,2010,7,19,1,14809
5550.0,5594.0,5579.0,5550.0,34970,2010,7,20,2,14810
5521.0,5579.0,5535.0,5521.0,18610,2010,7,21,3,14811
5463.0,5521.0,5521.0,5463.0,26430,2010,7,22,4,14812
5434.0,5521.0,5448.0,5448.0,30650,2010,7,23,5,14813
5419.0,5448.0,5448.0,5419.0,17300,2010,7,26,1,14816
5303.0,5448.0,5419.0,5303.0,23580,2010,7,27,2,14817
5230.0,5376.0,5376.0,5230.0,10760,2010,7,28,3,14818
5201.0,5245.0,5230.0,5201.0,20320,2010,7,29,4,14819
5158.0,5230.0,5158.0,5172.0,25920,2010,7,30,5,14820
5172.0,5187.0,5172.0,5172.0,11010,2010,8,2,1,14823
5158.0,5230.0,5230.0,5158.0,16210,2010,8,3,2,14824
4998.0,5158.0,5158.0,5041.0,11290,2010,8,4,3,14825
4954.0,5085.0,4969.0,4954.0,27070,2010,8,5,4,14826
4896.0,4954.0,4954.0,4940.0,8250,2010,8,6,5,14827
4736.0,4940.0,4940.0,4736.0,12940,2010,8,9,1,14830
4504.0,4649.0,4649.0,4533.0,48370,2010,8,10,2,14831
4533.0,4722.0,4533.0,4591.0,25480,2010,8,11,3,14832
4373.0,4518.0,4504.0,4373.0,94100,2010,8,12,4,14833
4359.0,4431.0,4373.0,4431.0,56620,2010,8,13,5,14834
4591.0,4649.0,4635.0,4649.0,42540,2010,8,16,1,14837
4577.0,4794.0,4780.0,4794.0,36480,2010,8,17,2,14838
4577.0,4794.0,4794.0,4577.0,15200,2010,8,18,3,14839
4577.0,4649.0,4577.0,4635.0,23830,2010,8,19,4,14840
4533.0,4794.0,4577.0,4794.0,40120,2010,8,20,5,14841
4620.0,4678.0,4649.0,4620.0,11100,2010,8,23,1,14844
4402.0,4533.0,4533.0,4417.0,100560,2010,8,24,2,14845
4228.0,4315.0,4286.0,4271.0,79290,2010,8,25,3,14846
4359.0,4475.0,4359.0,4475.0,149060,2010,8,26,4,14847
4300.0,4664.0,4649.0,4649.0,50190,2010,8,27,5,14848
4794.0,4882.0,4794.0,4882.0,109910,2010,8,30,1,14851
4882.0,5085.0,5085.0,5085.0,175300,2010,8,31,2,14852
4954.0,5085.0,5085.0,5085.0,71670,2010,9,1,3,14853
5216.0,5274.0,5274.0,5230.0,60390,2010,9,6,1,14858
5187.0,5230.0,5230.0,5201.0,47490,2010,9,7,2,14859
5012.0,5158.0,5085.0,5158.0,105800,2010,9,8,3,14860
5158.0,5230.0,5216.0,5187.0,52000,2010,9,9,4,14861
5085.0,5216.0,5216.0,5085.0,65630,2010,9,10,5,14862
4925.0,5158.0,5158.0,4969.0,56140,2010,9,13,1,14865
4940.0,5158.0,5158.0,5012.0,47330,2010,9,14,2,14866
5012.0,5162.0,5162.0,5057.0,51860,2010,9,15,3,14867
5042.0,5117.0,5057.0,5072.0,15530,2010,9,16,4,14868
5072.0,5282.0,5282.0,5087.0,47210,2010,9,17,5,14869
4983.0,5162.0,4983.0,5162.0,44820,2010,9,20,1,14872
4938.0,5162.0,5117.0,4938.0,68730,2010,9,21,2,14873
4893.0,5057.0,4893.0,5057.0,16170,2010,9,22,3,14874
4938.0,5057.0,5057.0,5057.0,35470,2010,9,23,4,14875
4938.0,5057.0,4938.0,5057.0,13020,2010,9,24,5,14876
4938.0,5042.0,4938.0,5042.0,8920,2010,9,27,1,14879
4968.0,5057.0,5042.0,5057.0,51710,2010,9,28,2,14880
5057.0,5102.0,5087.0,5087.0,60190,2010,9,29,3,14881
5042.0,5102.0,5087.0,5102.0,76250,2010,9,30,4,14882
5057.0,5147.0,5147.0,5087.0,41930,2010,10,1,5,14883
5027.0,5087.0,5087.0,5087.0,118300,2010,10,4,1,14886
4938.0,5087.0,4938.0,5087.0,80080,2010,10,5,2,14887
5087.0,5162.0,5117.0,5162.0,118360,2010,10,6,3,14888
5087.0,5177.0,5162.0,5177.0,114000,2010,10,7,4,14889
5057.0,5177.0,5177.0,5162.0,78190,2010,10,8,5,14890
5027.0,5162.0,5072.0,5162.0,87870,2010,10,11,1,14893
5012.0,5162.0,5162.0,5087.0,25530,2010,10,12,2,14894
5012.0,5132.0,5012.0,5132.0,49280,2010,10,13,3,14895
5102.0,5147.0,5102.0,5132.0,48520,2010,10,14,4,14896
5102.0,5147.0,5117.0,5147.0,57710,2010,10,15,5,14897
5087.0,5147.0,5132.0,5147.0,83070,2010,10,18,1,14900
5057.0,5132.0,5117.0,5132.0,134780,2010,10,19,2,14901
4983.0,5102.0,5087.0,5042.0,124390,2010,10,20,3,14902
4968.0,5072.0,5042.0,5027.0,109630,2010,10,21,4,14903
4968.0,5117.0,5027.0,5117.0,83400,2010,10,22,5,14904
5042.0,5102.0,5057.0,5042.0,88570,2010,10,25,1,14907
5042.0,5192.0,5117.0,5117.0,72130,2010,10,26,2,14908
5057.0,5117.0,5117.0,5117.0,78790,2010,10,27,3,14909
5087.0,5102.0,5102.0,5087.0,47490,2010,10,28,4,14910
5072.0,5102.0,5087.0,5087.0,74090,2010,10,29,5,14911
5057.0,5087.0,5057.0,5087.0,32030,2010,11,1,1,14914
5057.0,5087.0,5087.0,5072.0,73750,2010,11,2,2,14915
5027.0,5072.0,5072.0,5072.0,71820,2010,11,3,3,14916
5042.0,5087.0,5072.0,5072.0,69520,2010,11,4,4,14917
5012.0,5102.0,5012.0,5102.0,100750,2010,11,5,5,14918
5072.0,5132.0,5072.0,5117.0,103120,2010,11,8,1,14921
5072.0,5147.0,5087.0,5147.0,78850,2010,11,9,2,14922
5087.0,5162.0,5087.0,5147.0,53350,2010,11,10,3,14923
5072.0,5117.0,5072.0,5117.0,23440,2010,11,11,4,14924
4938.0,5117.0,4938.0,5117.0,77330,2010,11,12,5,14925
4953.0,5087.0,4983.0,5087.0,55700,2010,11,15,1,14928
4953.0,5042.0,5042.0,5012.0,71110,2010,11,16,2,14929
4923.0,4998.0,4938.0,4923.0,46370,2010,11,17,3,14930
4818.0,5057.0,4818.0,5057.0,51380,2010,11,18,4,14931
4893.0,5072.0,5057.0,5042.0,51380,2010,11,19,5,14932
4848.0,5042.0,4848.0,5042.0,58000,2010,11,22,1,14935
5012.0,5042.0,5012.0,5042.0,48330,2010,11,23,2,14936
4938.0,5042.0,4953.0,5042.0,31530,2010,11,24,3,14937
5012.0,5057.0,5012.0,5042.0,58060,2010,11,25,4,14938
5012.0,5042.0,5042.0,5042.0,31250,2010,11,26,5,14939
5012.0,5042.0,5042.0,5042.0,44430,2010,11,29,1,14942
5042.0,5192.0,5042.0,5087.0,101250,2010,11,30,2,14943
5012.0,5102.0,5102.0,5042.0,37560,2010,12,1,3,14944
5012.0,5057.0,5042.0,5027.0,43170,2010,12,2,4,14945
5012.0,5102.0,5042.0,5072.0,53960,2010,12,3,5,14946
5027.0,5087.0,5087.0,5072.0,131050,2010,12,6,1,14949
5012.0,5072.0,5072.0,5012.0,62230,2010,12,7,2,14950
4938.0,5042.0,5042.0,4968.0,16410,2010,12,8,3,14951
4863.0,5012.0,4953.0,4938.0,60850,2010,12,9,4,14952
4938.0,5057.0,4938.0,5057.0,34150,2010,12,10,5,14953
5087.0,5162.0,5132.0,5147.0,147590,2010,12,13,1,14956
5012.0,5147.0,5147.0,5087.0,92820,2010,12,14,2,14957
5012.0,5117.0,5012.0,5102.0,97540,2010,12,15,3,14958
5012.0,5057.0,5012.0,5012.0,42490,2010,12,16,4,14959
4968.0,5087.0,4968.0,5087.0,55050,2010,12,17,5,14960
5087.0,5342.0,5087.0,5342.0,454210,2010,12,20,1,14963
5387.0,5596.0,5536.0,5596.0,492170,2010,12,21,2,14964
5596.0,5761.0,5761.0,5611.0,159830,2010,12,22,3,14965
5461.0,5671.0,5461.0,5626.0,114140,2010,12,23,4,14966
5357.0,5551.0,5387.0,5536.0,124610,2010,12,24,5,14967
5416.0,5536.0,5536.0,5476.0,173940,2010,12,27,1,14970
5312.0,5506.0,5372.0,5431.0,70880,2010,12,28,2,14971
5387.0,5521.0,5521.0,5387.0,108500,2010,12,29,3,14972
5252.0,5387.0,5252.0,5267.0,69910,2010,12,30,4,14973
5267.0,5387.0,5267.0,5327.0,67420,2010,12,31,5,14974
5416.0,5491.0,5491.0,5431.0,29460,2011,1,4,2,14978
5327.0,5431.0,5431.0,5327.0,71040,2011,1,5,3,14979
5373.0,5435.0,5435.0,5388.0,41100,2011,1,6,4,14980
5234.0,5388.0,5311.0,5388.0,54210,2011,1,7,5,14981
5311.0,5465.0,5311.0,5465.0,47620,2011,1,10,1,14984
5311.0,5388.0,5311.0,5388.0,43720,2011,1,11,2,14985
5358.0,5496.0,5388.0,5388.0,17190,2011,1,12,3,14986
5388.0,5419.0,5388.0,5388.0,25020,2011,1,13,4,14987
5419.0,5465.0,5465.0,5450.0,42040,2011,1,14,5,14988
5311.0,5511.0,5342.0,5465.0,12300,2011,1,17,1,14991
5388.0,5465.0,5404.0,5435.0,56250,2011,1,18,2,14992
5450.0,5527.0,5450.0,5511.0,92660,2011,1,19,3,14993
5450.0,5542.0,5511.0,5542.0,110210,2011,1,20,4,14994
5542.0,5619.0,5542.0,5604.0,47230,2011,1,21,5,14995
5604.0,5681.0,5604.0,5665.0,85350,2011,1,24,1,14998
5619.0,5681.0,5665.0,5650.0,50810,2011,1,25,2,14999
5650.0,5696.0,5696.0,5681.0,33860,2011,1,26,3,15000
5665.0,5773.0,5665.0,5773.0,82160,2011,1,27,4,15001
5758.0,5819.0,5773.0,5758.0,66650,2011,1,28,5,15002
5696.0,5773.0,5758.0,5773.0,81100,2011,2,8,2,15013
5758.0,5804.0,5804.0,5758.0,95990,2011,2,9,3,15014
5681.0,5758.0,5696.0,5758.0,43960,2011,2,10,4,15015
5696.0,5758.0,5696.0,5758.0,41850,2011,2,11,5,15016
5727.0,5742.0,5727.0,5727.0,37410,2011,2,14,1,15019
5542.0,5727.0,5542.0,5558.0,15290,2011,2,15,2,15020
5681.0,5696.0,5696.0,5681.0,27130,2011,2,16,3,15021
5604.0,5696.0,5696.0,5696.0,35770,2011,2,17,4,15022
5573.0,5681.0,5665.0,5573.0,54020,2011,2,18,5,15023
5296.0,5450.0,5388.0,5296.0,66280,2011,2,21,1,15026
5034.0,5234.0,5080.0,5080.0,57330,2011,2,22,2,15027
5234.0,5327.0,5234.0,5265.0,8140,2011,2,23,3,15028
5019.0,5127.0,5080.0,5019.0,33960,2011,2,24,4,15029
5157.0,5234.0,5157.0,5157.0,9650,2011,2,25,5,15030
4942.0,5157.0,5080.0,4942.0,18120,2011,2,28,1,15033
4865.0,5003.0,5003.0,4865.0,26000,2011,3,1,2,15034
4634.0,4926.0,4849.0,4634.0,21900,2011,3,2,3,15035
4526.0,4665.0,4526.0,4526.0,14930,2011,3,3,4,15036
4511.0,4711.0,4619.0,4511.0,21000,2011,3,4,5,15037
4511.0,4696.0,4511.0,4526.0,11520,2011,3,7,1,15040
4480.0,4572.0,4480.0,4526.0,10470,2011,3,8,2,15041
4465.0,4542.0,4542.0,4480.0,46650,2011,3,9,3,15042
4619.0,4696.0,4696.0,4649.0,10200,2011,3,10,4,15043
4649.0,4680.0,4649.0,4665.0,15440,2011,3,11,5,15044
4465.0,4665.0,4465.0,4465.0,29360,2011,3,14,1,15047
4434.0,4542.0,4465.0,4434.0,23300,2011,3,15,2,15048
4418.0,4495.0,4495.0,4418.0,21720,2011,3,16,3,15049
4388.0,4465.0,4434.0,4465.0,23060,2011,3,17,4,15050
4418.0,4480.0,4465.0,4465.0,29660,2011,3,18,5,15051
4480.0,4603.0,4603.0,4511.0,4720,2011,3,21,1,15054
4295.0,4588.0,4588.0,4295.0,71260,2011,3,22,2,15055
4295.0,4357.0,4341.0,4311.0,55200,2011,3,23,3,15056
4326.0,4465.0,4341.0,4388.0,3680,2011,3,24,4,15057
4388.0,4403.0,4388.0,4388.0,18210,2011,3,25,5,15058
4311.0,4388.0,4326.0,4388.0,24910,2011,3,28,1,15061
4341.0,4434.0,4434.0,4341.0,18840,2011,3,29,2,15062
4157.0,4372.0,4157.0,4372.0,23490,2011,3,30,3,15063
4311.0,4388.0,4388.0,4341.0,37350,2011,3,31,4,15064
4295.0,4341.0,4295.0,4341.0,2770,2011,4,1,5,15065
4311.0,4372.0,4372.0,4372.0,1210,2011,4,4,1,15068
4234.0,4341.0,4234.0,4311.0,3130,2011,4,5,2,15069
4295.0,4388.0,4311.0,4388.0,15240,2011,4,6,3,15070
4311.0,4449.0,4388.0,4388.0,22750,2011,4,7,4,15071
4372.0,4388.0,4388.0,4388.0,10070,2011,4,8,5,15072
4311.0,4465.0,4341.0,4341.0,3070,2011,4,13,3,15077
4264.0,4326.0,4264.0,4311.0,8800,2011,4,14,4,15078
4295.0,4326.0,4311.0,4311.0,43450,2011,4,15,5,15079
4249.0,4311.0,4249.0,4249.0,6810,2011,4,18,1,15082
4188.0,4295.0,4218.0,4295.0,11990,2011,4,19,2,15083
4295.0,4372.0,4295.0,4372.0,17380,2011,4,20,3,15084
4188.0,4372.0,4372.0,4341.0,23300,2011,4,21,4,15085
4172.0,4326.0,4172.0,4234.0,15060,2011,4,22,5,15086
4234.0,4311.0,4234.0,4264.0,18110,2011,4,25,1,15089
4264.0,4341.0,4341.0,4341.0,36420,2011,4,26,2,15090
4326.0,4357.0,4341.0,4341.0,28180,2011,4,27,3,15091
4249.0,4341.0,4341.0,4295.0,20260,2011,4,28,4,15092
4249.0,4341.0,4249.0,4295.0,23550,2011,4,29,5,15093
4264.0,4326.0,4311.0,4264.0,12770,2011,5,4,3,15098
4249.0,4341.0,4341.0,4311.0,23660,2011,5,5,4,15099
4188.0,4311.0,4311.0,4188.0,14000,2011,5,6,5,15100
4188.0,4311.0,4311.0,4203.0,12910,2011,5,9,1,15103
4203.0,4218.0,4218.0,4218.0,15500,2011,5,10,2,15104
4187.0,4296.0,4296.0,4218.0,11140,2011,5,11,3,15105
4171.0,4218.0,4218.0,4187.0,15910,2011,5,12,4,15106
4014.0,4296.0,4218.0,4014.0,12060,2011,5,13,5,15107
4046.0,4140.0,4140.0,4046.0,19680,2011,5,16,1,15110
3952.0,4046.0,4046.0,3983.0,16240,2011,5,17,2,15111
3920.0,4014.0,3983.0,3983.0,21090,2011,5,18,3,15112
3873.0,4061.0,3873.0,3889.0,15540,2011,5,19,4,15113
3701.0,3920.0,3920.0,3701.0,18420,2011,5,20,5,15114
3528.0,3716.0,3528.0,3528.0,19490,2011,5,23,1,15117
3356.0,3403.0,3403.0,3356.0,25160,2011,5,24,2,15118
3199.0,3230.0,3199.0,3215.0,34330,2011,5,25,3,15119
3058.0,3371.0,3058.0,3371.0,10970,2011,5,26,4,15120
3497.0,3528.0,3528.0,3528.0,13510,2011,5,27,5,15121
3544.0,3607.0,3607.0,3575.0,20270,2011,5,30,1,15124
3450.0,3669.0,3669.0,3575.0,15980,2011,5,31,2,15125
3575.0,3748.0,3575.0,3748.0,33120,2011,6,1,3,15126
3638.0,3920.0,3638.0,3920.0,89050,2011,6,2,4,15127
3763.0,3999.0,3999.0,3920.0,39390,2011,6,3,5,15128
3795.0,4093.0,4093.0,3983.0,20750,2011,6,6,1,15131
3826.0,4077.0,3826.0,4014.0,31730,2011,6,7,2,15132
3873.0,4014.0,4014.0,4014.0,42740,2011,6,8,3,15133
3842.0,4061.0,4061.0,3842.0,56200,2011,6,9,4,15134
3732.0,3842.0,3842.0,3732.0,28790,2011,6,10,5,15135
3559.0,3685.0,3685.0,3559.0,295850,2011,6,13,1,15138
3387.0,3685.0,3685.0,3387.0,149150,2011,6,14,2,15139
3230.0,3544.0,3544.0,3230.0,284070,2011,6,15,3,15140
3309.0,3387.0,3356.0,3387.0,402380,2011,6,16,4,15141
3512.0,3544.0,3544.0,3544.0,365700,2011,6,17,5,15142
3701.0,3716.0,3716.0,3716.0,862140,2011,6,20,1,15145
3716.0,3889.0,3748.0,3889.0,181840,2011,6,21,2,15146
3732.0,3920.0,3889.0,3904.0,357850,2011,6,22,3,15147
3716.0,3936.0,3732.0,3889.0,575320,2011,6,23,4,15148
3873.0,3920.0,3889.0,3920.0,475820,2011,6,24,5,15149
3999.0,4108.0,4108.0,4108.0,444020,2011,6,27,1,15152
4077.0,4234.0,4234.0,4155.0,255960,2011,6,28,2,15153
4124.0,4187.0,4187.0,4171.0,140430,2011,6,29,3,15154
4061.0,4375.0,4077.0,4328.0,498360,2011,6,30,4,15155
4124.0,4344.0,4328.0,4155.0,168040,2011,7,1,5,15156
3967.0,4155.0,4155.0,4014.0,179520,2011,7,4,1,15159
3936.0,4124.0,4014.0,4108.0,74190,2011,7,5,2,15160
4046.0,4140.0,4140.0,4093.0,115970,2011,7,6,3,15161
3983.0,4093.0,4061.0,4093.0,256150,2011,7,7,4,15162
4014.0,4155.0,4014.0,4155.0,116490,2011,7,8,5,15163
4077.0,4171.0,4171.0,4093.0,83710,2011,7,11,1,15166
3999.0,4108.0,3999.0,4108.0,159320,2011,7,12,2,15167
4061.0,4108.0,4108.0,4108.0,146780,2011,7,13,3,15168
4043.0,4271.0,4271.0,4141.0,194260,2011,7,14,4,15169
4076.0,4157.0,4141.0,4092.0,54470,2011,7,15,5,15170
4108.0,4223.0,4141.0,4223.0,115680,2011,7,18,1,15173
4190.0,4239.0,4239.0,4223.0,69920,2011,7,19,2,15174
4190.0,4223.0,4223.0,4206.0,81260,2011,7,20,3,15175
4174.0,4223.0,4206.0,4223.0,97190,2011,7,21,4,15176
4190.0,4353.0,4206.0,4353.0,215520,2011,7,22,5,15177
4353.0,4549.0,4483.0,4532.0,127260,2011,7,25,1,15180
4483.0,4565.0,4565.0,4516.0,58860,2011,7,26,2,15181
4402.0,4549.0,4402.0,4451.0,60360,2011,7,27,3,15182
4304.0,4500.0,4467.0,4402.0,131460,2011,7,28,4,15183
4369.0,4451.0,4451.0,4402.0,59000,2011,7,29,5,15184
4369.0,4467.0,4402.0,4435.0,118350,2011,8,1,1,15187
4402.0,4467.0,4451.0,4418.0,124010,2011,8,2,2,15188
4288.0,4418.0,4418.0,4288.0,67770,2011,8,3,3,15189
4271.0,4386.0,4386.0,4320.0,47930,2011,8,4,4,15190
4239.0,4304.0,4255.0,4239.0,63640,2011,8,5,5,15191
4190.0,4337.0,4239.0,4288.0,75410,2011,8,8,1,15194
4157.0,4337.0,4337.0,4223.0,68900,2011,8,9,2,15195
4239.0,4320.0,4304.0,4288.0,196090,2011,8,10,3,15196
4239.0,4337.0,4304.0,4337.0,211110,2011,8,11,4,15197
4337.0,4369.0,4337.0,4369.0,130500,2011,8,12,5,15198
4369.0,4418.0,4386.0,4418.0,65190,2011,8,15,1,15201
4402.0,4467.0,4435.0,4467.0,150170,2011,8,16,2,15202
4320.0,4483.0,4337.0,4435.0,107350,2011,8,17,3,15203
4369.0,4451.0,4418.0,4402.0,177440,2011,8,18,4,15204
4369.0,4435.0,4418.0,4418.0,145180,2011,8,19,5,15205
4402.0,4630.0,4402.0,4630.0,307050,2011,8,22,1,15208
4630.0,4858.0,4630.0,4858.0,216750,2011,8,23,2,15209
4858.0,5087.0,4858.0,4956.0,204590,2011,8,24,3,15210
4793.0,4956.0,4940.0,4858.0,141560,2011,8,25,4,15211
4858.0,4956.0,4858.0,4875.0,147070,2011,8,26,5,15212
4777.0,5038.0,5038.0,4891.0,142390,2011,8,29,1,15215
4891.0,5038.0,4907.0,4973.0,217910,2011,8,30,2,15216
4907.0,4989.0,4956.0,4956.0,154900,2011,8,31,3,15217
4907.0,4989.0,4956.0,4907.0,88640,2011,9,1,4,15218
4924.0,5038.0,4924.0,5038.0,128140,2011,9,5,1,15222
4956.0,5282.0,4973.0,5282.0,235010,2011,9,6,2,15223
5445.0,5543.0,5543.0,5543.0,290910,2011,9,7,3,15224
5755.0,5820.0,5755.0,5820.0,160920,2011,9,8,4,15225
5869.0,6097.0,5951.0,6016.0,462320,2011,9,9,5,15226
5722.0,6114.0,6016.0,5755.0,253400,2011,9,12,1,15229
5478.0,5788.0,5755.0,5755.0,211660,2011,9,13,2,15230
5478.0,6032.0,5755.0,5951.0,238460,2011,9,14,3,15231
5674.0,5967.0,5934.0,5869.0,96580,2011,9,15,4,15232
5706.0,5934.0,5902.0,5886.0,92680,2011,9,16,5,15233
5869.0,5967.0,5869.0,5918.0,127520,2011,9,19,1,15236
5804.0,5934.0,5837.0,5837.0,142580,2011,9,20,2,15237
5820.0,5918.0,5837.0,5853.0,145910,2011,9,21,3,15238
5837.0,6130.0,5837.0,6081.0,549540,2011,9,22,4,15239
5951.0,6146.0,5951.0,5951.0,222360,2011,9,23,5,15240
5804.0,6016.0,5951.0,5804.0,123190,2011,9,26,1,15243
5820.0,5918.0,5869.0,5837.0,147840,2011,9,27,2,15244
5869.0,6049.0,5869.0,6049.0,225840,2011,9,28,3,15245
6000.0,6130.0,6049.0,6065.0,483200,2011,9,29,4,15246
6065.0,6358.0,6081.0,6358.0,737100,2011,9,30,5,15247
6375.0,6668.0,6521.0,6652.0,296210,2011,10,3,1,15250
6326.0,6652.0,6652.0,6326.0,185540,2011,10,4,2,15251
6114.0,6424.0,6195.0,6261.0,188370,2011,10,5,3,15252
6146.0,6424.0,6261.0,6195.0,233410,2011,10,6,4,15253
6146.0,6326.0,6146.0,6261.0,222080,2011,10,7,5,15254
6114.0,6309.0,6244.0,6114.0,221720,2011,10,10,1,15257
5820.0,6195.0,6049.0,5820.0,440900,2011,10,11,2,15258
5706.0,6016.0,5722.0,5934.0,337020,2011,10,12,3,15259
5869.0,6114.0,5902.0,6065.0,185400,2011,10,13,4,15260
5934.0,6163.0,5934.0,6065.0,184790,2011,10,14,5,15261
5902.0,6114.0,5983.0,5983.0,122470,2011,10,17,1,15264
6049.0,6277.0,6081.0,6130.0,276740,2011,10,18,2,15265
6032.0,6212.0,6081.0,6130.0,131110,2011,10,19,3,15266
5951.0,6130.0,6081.0,6032.0,138790,2011,10,20,4,15267
5967.0,6097.0,6016.0,5967.0,175480,2011,10,21,5,15268
5951.0,6065.0,5967.0,5967.0,93240,2011,10,24,1,15271
5918.0,6016.0,5918.0,5934.0,131270,2011,10,25,2,15272
5918.0,5983.0,5951.0,5951.0,105180,2011,10,26,3,15273
5869.0,5967.0,5951.0,5902.0,158940,2011,10,27,4,15274
5902.0,6032.0,5902.0,5967.0,243640,2011,10,28,5,15275
5804.0,6000.0,5967.0,5804.0,207800,2011,10,31,1,15278
5804.0,5967.0,5804.0,5869.0,246720,2011,11,1,2,15279
5804.0,5918.0,5869.0,5804.0,119310,2011,11,2,3,15280
5869.0,5918.0,5869.0,5886.0,312790,2011,11,3,4,15281
5837.0,5918.0,5837.0,5886.0,102710,2011,11,4,5,15282
5788.0,5934.0,5886.0,5788.0,123900,2011,11,7,1,15285
5706.0,5837.0,5771.0,5739.0,114900,2011,11,8,2,15286
5706.0,5788.0,5788.0,5706.0,140540,2011,11,9,3,15287
5657.0,5706.0,5690.0,5674.0,180760,2011,11,10,4,15288
5625.0,5739.0,5625.0,5625.0,225300,2011,11,11,5,15289
5608.0,5657.0,5625.0,5625.0,225190,2011,11,14,1,15292
5445.0,5674.0,5445.0,5625.0,212430,2011,11,15,2,15293
5625.0,5788.0,5625.0,5674.0,118850,2011,11,16,3,15294
5641.0,5755.0,5641.0,5706.0,146180,2011,11,17,4,15295
5674.0,5722.0,5674.0,5722.0,136580,2011,11,18,5,15296
5706.0,5755.0,5722.0,5722.0,60760,2011,11,21,1,15299
5722.0,5788.0,5739.0,5722.0,83390,2011,11,22,2,15300
5706.0,5771.0,5722.0,5771.0,100750,2011,11,23,3,15301
5706.0,5788.0,5771.0,5788.0,84720,2011,11,24,4,15302
5788.0,5804.0,5788.0,5788.0,58820,2011,11,25,5,15303
5771.0,5886.0,5771.0,5804.0,78790,2011,11,28,1,15306
5739.0,5853.0,5771.0,5804.0,52860,2011,11,29,2,15307
5788.0,5853.0,5788.0,5788.0,59500,2011,11,30,3,15308
5739.0,5788.0,5771.0,5739.0,28130,2011,12,1,4,15309
5739.0,5820.0,5771.0,5771.0,226270,2011,12,2,5,15310
6049.0,6049.0,6049.0,6049.0,130570,2011,12,5,1,15313
6342.0,6342.0,6342.0,6342.0,70380,2011,12,6,2,15314
6521.0,6652.0,6652.0,6619.0,631030,2011,12,7,3,15315
6326.0,6619.0,6603.0,6326.0,245400,2011,12,8,4,15316
6097.0,6309.0,6097.0,6114.0,178040,2011,12,9,5,15317
6081.0,6407.0,6081.0,6358.0,95590,2011,12,12,1,15320
6277.0,6391.0,6277.0,6277.0,118880,2011,12,13,2,15321
6277.0,6342.0,6277.0,6342.0,140330,2011,12,14,3,15322
6244.0,6342.0,6326.0,6342.0,290780,2011,12,15,4,15323
6293.0,6652.0,6293.0,6652.0,783440,2011,12,16,5,15324
6456.0,6717.0,6456.0,6684.0,600890,2011,12,19,1,15327
6391.0,6684.0,6440.0,6407.0,117480,2011,12,20,2,15328
6212.0,6440.0,6358.0,6358.0,100250,2011,12,21,3,15329
6130.0,6342.0,6195.0,6342.0,323370,2011,12,22,4,15330
6179.0,6440.0,6277.0,6358.0,82770,2011,12,23,5,15331
6212.0,6407.0,6358.0,6407.0,85860,2011,12,26,1,15334
6228.0,6587.0,6358.0,6440.0,97370,2011,12,27,2,15335
6261.0,6521.0,6440.0,6456.0,132380,2011,12,28,3,15336
6423.0,6774.0,6490.0,6774.0,140300,2011,12,29,4,15337
6624.0,6774.0,6657.0,6724.0,233960,2011,12,30,5,15338
6557.0,6774.0,6691.0,6674.0,59520,2012,1,3,2,15342
6523.0,6691.0,6590.0,6523.0,36660,2012,1,4,3,15343
6440.0,6557.0,6523.0,6557.0,103500,2012,1,5,4,15344
6490.0,6624.0,6540.0,6574.0,100550,2012,1,6,5,15345
6423.0,6590.0,6490.0,6456.0,75280,2012,1,9,1,15348
6373.0,6473.0,6456.0,6473.0,55220,2012,1,10,2,15349
6423.0,6507.0,6507.0,6473.0,29780,2012,1,11,3,15350
6356.0,6473.0,6473.0,6473.0,34870,2012,1,12,4,15351
6356.0,6490.0,6423.0,6356.0,59340,2012,1,13,5,15352
6256.0,6406.0,6406.0,6406.0,88060,2012,1,16,1,15355
6189.0,6356.0,6289.0,6189.0,59730,2012,1,17,2,15356
6222.0,6406.0,6222.0,6406.0,27190,2012,1,18,3,15357
6306.0,6490.0,6406.0,6456.0,103890,2012,1,19,4,15358
6423.0,6490.0,6423.0,6473.0,61490,2012,1,20,5,15359
6423.0,6523.0,6473.0,6490.0,52660,2012,1,30,1,15369
6406.0,6507.0,6440.0,6440.0,82210,2012,1,31,2,15370
6356.0,6440.0,6440.0,6390.0,70690,2012,2,1,3,15371
6390.0,6574.0,6490.0,6473.0,153590,2012,2,2,4,15372
6473.0,6657.0,6490.0,6490.0,179440,2012,2,3,5,15373
6423.0,6523.0,6440.0,6440.0,56020,2012,2,6,1,15376
6406.0,6473.0,6440.0,6440.0,136930,2012,2,7,2,15377
6406.0,6490.0,6406.0,6440.0,101350,2012,2,8,3,15378
6390.0,6440.0,6440.0,6390.0,33680,2012,2,9,4,15379
6323.0,6440.0,6356.0,6440.0,35830,2012,2,10,5,15380
6339.0,6423.0,6339.0,6356.0,26100,2012,2,13,1,15383
6356.0,6440.0,6356.0,6440.0,56180,2012,2,14,2,15384
6390.0,6490.0,6390.0,6440.0,38150,2012,2,15,3,15385
6406.0,6423.0,6406.0,6423.0,26240,2012,2,16,4,15386
6406.0,6490.0,6490.0,6406.0,15100,2012,2,17,5,15387
6390.0,6456.0,6456.0,6406.0,90930,2012,2,20,1,15390
6323.0,6440.0,6406.0,6323.0,104280,2012,2,21,2,15391
6239.0,6323.0,6306.0,6256.0,137950,2012,2,22,3,15392
6189.0,6423.0,6289.0,6406.0,271210,2012,2,23,4,15393
6406.0,6607.0,6440.0,6557.0,229810,2012,2,24,5,15394
6490.0,6574.0,6523.0,6574.0,116350,2012,2,27,1,15397
6440.0,6607.0,6523.0,6523.0,158590,2012,2,28,2,15398
6473.0,6841.0,6473.0,6841.0,318960,2012,2,29,3,15399
6875.0,7142.0,6942.0,7142.0,237500,2012,3,1,4,15400
6992.0,7259.0,7259.0,7142.0,125230,2012,3,2,5,15401
7192.0,7393.0,7192.0,7226.0,179670,2012,3,5,1,15404
6875.0,7226.0,7226.0,6875.0,264090,2012,3,6,2,15405
6590.0,6875.0,6875.0,6590.0,188120,2012,3,7,3,15406
6356.0,6640.0,6590.0,6373.0,149050,2012,3,8,4,15407
6323.0,6490.0,6323.0,6356.0,117660,2012,3,9,5,15408
6356.0,6490.0,6440.0,6356.0,93650,2012,3,12,1,15411
6323.0,6456.0,6356.0,6390.0,238830,2012,3,13,2,15412
6356.0,6507.0,6440.0,6507.0,119320,2012,3,14,3,15413
6373.0,6674.0,6507.0,6674.0,107030,2012,3,15,4,15414
6440.0,6707.0,6557.0,6440.0,180770,2012,3,16,5,15415
6373.0,6490.0,6440.0,6456.0,224070,2012,3,19,1,15418
6390.0,6473.0,6390.0,6440.0,73680,2012,3,20,2,15419
6423.0,6590.0,6423.0,6456.0,152860,2012,3,21,3,15420
6423.0,6473.0,6456.0,6456.0,63060,2012,3,22,4,15421
6423.0,6507.0,6440.0,6440.0,135850,2012,3,23,5,15422
6390.0,6473.0,6390.0,6456.0,38840,2012,3,26,1,15425
6406.0,6523.0,6523.0,6440.0,70420,2012,3,27,2,15426
6339.0,6456.0,6390.0,6456.0,121840,2012,3,28,3,15427
6423.0,6540.0,6423.0,6456.0,104900,2012,3,29,4,15428
6456.0,6574.0,6456.0,6523.0,133260,2012,3,30,5,15429
6473.0,6557.0,6490.0,6557.0,47820,2012,4,3,2,15433
6473.0,6523.0,6490.0,6507.0,95950,2012,4,4,3,15434
6490.0,6523.0,6490.0,6507.0,27690,2012,4,5,4,15435
6456.0,6557.0,6507.0,6523.0,75840,2012,4,6,5,15436
6540.0,6657.0,6574.0,6657.0,48110,2012,4,9,1,15439
6657.0,6724.0,6674.0,6724.0,41110,2012,4,10,2,15440
6707.0,6942.0,6724.0,6942.0,141760,2012,4,11,3,15441
6942.0,7192.0,6942.0,7192.0,357790,2012,4,12,4,15442
7209.0,7410.0,7360.0,7209.0,240320,2012,4,13,5,15443
7159.0,7443.0,7192.0,7427.0,159660,2012,4,16,1,15446
7142.0,7410.0,7360.0,7360.0,141590,2012,4,17,2,15447
7209.0,7360.0,7259.0,7276.0,121680,2012,4,18,3,15448
7192.0,7343.0,7209.0,7192.0,83940,2012,4,19,4,15449
6942.0,7243.0,7243.0,7192.0,43470,2012,4,20,5,15450
7192.0,7443.0,7443.0,7192.0,26380,2012,4,23,1,15453
7159.0,7209.0,7209.0,7209.0,14260,2012,4,24,2,15454
7192.0,7226.0,7209.0,7226.0,14490,2012,4,25,3,15455
7159.0,7443.0,7226.0,7443.0,55340,2012,4,26,4,15456
7192.0,7443.0,7443.0,7343.0,3270,2012,4,27,5,15457
7209.0,7326.0,7259.0,7310.0,38400,2012,5,2,3,15462
7025.0,7192.0,7192.0,7025.0,59780,2012,5,3,4,15463
6942.0,7276.0,7276.0,6942.0,112860,2012,5,4,5,15464
6891.0,7075.0,6891.0,6942.0,53570,2012,5,7,1,15467
6942.0,7109.0,6942.0,7109.0,24530,2012,5,8,2,15468
7075.0,7192.0,7109.0,7109.0,51360,2012,5,9,3,15469
7042.0,7176.0,7042.0,7109.0,45720,2012,5,10,4,15470
6992.0,7176.0,7176.0,7075.0,94390,2012,5,11,5,15471
6958.0,7042.0,6958.0,6992.0,46790,2012,5,14,1,15474
6925.0,7008.0,6975.0,6992.0,179260,2012,5,15,2,15475
6958.0,7008.0,7008.0,6975.0,33220,2012,5,16,3,15476
6975.0,7008.0,6975.0,6975.0,63510,2012,5,17,4,15477
6942.0,7059.0,7059.0,6942.0,24120,2012,5,18,5,15478
6858.0,7008.0,6942.0,6958.0,101140,2012,5,21,1,15481
6925.0,6992.0,6958.0,6992.0,21920,2012,5,22,2,15482
6925.0,7008.0,6942.0,7008.0,16080,2012,5,23,3,15483
6925.0,7008.0,6992.0,6942.0,16140,2012,5,24,4,15484
6942.0,7092.0,6942.0,6958.0,40530,2012,5,25,5,15485
6942.0,7025.0,6958.0,6975.0,18610,2012,5,28,1,15488
6992.0,7026.0,7026.0,7026.0,127870,2012,5,29,2,15489
7009.0,7026.0,7026.0,7009.0,4220,2012,5,30,3,15490
6975.0,7026.0,7009.0,7009.0,31350,2012,5,31,4,15491
7009.0,7009.0,7009.0,7009.0,0,2012,6,1,5,15492
6670.0,7110.0,7110.0,6670.0,5270,2012,6,4,1,15495
6670.0,6687.0,6670.0,6670.0,3330,2012,6,5,2,15496
6687.0,6687.0,6687.0,6687.0,110,2012,6,6,3,15497
6687.0,6772.0,6687.0,6772.0,14930,2012,6,7,4,15498
6941.0,7110.0,6941.0,7110.0,1600,2012,6,8,5,15499
6941.0,7026.0,6941.0,7009.0,18240,2012,6,11,1,15502
6789.0,7026.0,6789.0,6789.0,7400,2012,6,12,2,15503
6823.0,7077.0,6941.0,6823.0,4220,2012,6,13,3,15504
6772.0,7009.0,6772.0,6941.0,19440,2012,6,14,4,15505
6924.0,7280.0,6924.0,7280.0,191010,2012,6,15,5,15506
7077.0,7077.0,7077.0,7077.0,790,2012,6,18,1,15509
6941.0,6992.0,6992.0,6941.0,4820,2012,6,19,2,15510
6890.0,6992.0,6992.0,6890.0,370,2012,6,20,3,15511
6823.0,6873.0,6873.0,6840.0,13250,2012,6,21,4,15512
6755.0,7110.0,6755.0,7110.0,10880,2012,6,22,5,15513
6941.0,7195.0,6941.0,7077.0,39410,2012,6,25,1,15516
6907.0,7026.0,7026.0,7026.0,17910,2012,6,26,2,15517
6806.0,7263.0,6806.0,7094.0,21490,2012,6,27,3,15518
6823.0,7280.0,6857.0,7263.0,65420,2012,6,28,4,15519
7110.0,7618.0,7280.0,7618.0,68390,2012,6,29,5,15520
7280.0,7855.0,7855.0,7280.0,21610,2012,7,2,1,15523
6941.0,7110.0,7026.0,7026.0,24040,2012,7,3,2,15524
7026.0,7280.0,7026.0,7280.0,13010,2012,7,4,3,15525
7263.0,7280.0,7263.0,7280.0,3430,2012,7,5,4,15526
7280.0,7432.0,7432.0,7297.0,16100,2012,7,6,5,15527
7043.0,7110.0,7077.0,7043.0,1340,2012,7,9,1,15530
7110.0,7127.0,7127.0,7110.0,28710,2012,7,10,2,15531
7110.0,7144.0,7110.0,7144.0,210,2012,7,11,3,15532
7110.0,7195.0,7110.0,7195.0,9630,2012,7,12,4,15533
7212.0,7398.0,7398.0,7229.0,2760,2012,7,13,5,15534
7246.0,7415.0,7415.0,7246.0,260,2012,7,16,1,15537
7246.0,7297.0,7297.0,7246.0,10230,2012,7,17,2,15538
7144.0,7280.0,7246.0,7144.0,7960,2012,7,18,3,15539
7110.0,7195.0,7110.0,7195.0,2950,2012,7,19,4,15540
7026.0,7348.0,7348.0,7026.0,42400,2012,7,20,5,15541
7026.0,7026.0,7026.0,7026.0,2000,2012,7,23,1,15544
7026.0,7144.0,7144.0,7026.0,3050,2012,7,24,2,15545
7026.0,7094.0,7094.0,7077.0,8460,2012,7,25,3,15546
7026.0,7094.0,7094.0,7026.0,8430,2012,7,26,4,15547
6992.0,7094.0,7094.0,6992.0,4200,2012,7,27,5,15548
7026.0,7094.0,7094.0,7026.0,1510,2012,7,30,1,15551
6992.0,7026.0,6992.0,6992.0,1120,2012,7,31,2,15552
6941.0,6992.0,6992.0,6941.0,6750,2012,8,1,3,15553
6941.0,7094.0,7094.0,7094.0,15130,2012,8,2,4,15554
6941.0,7094.0,7094.0,7077.0,16300,2012,8,3,5,15555
6941.0,7110.0,7094.0,6941.0,9180,2012,8,6,1,15558
6958.0,6958.0,6958.0,6958.0,1500,2012,8,7,2,15559
6941.0,7297.0,6958.0,7094.0,171700,2012,8,8,3,15560
7110.0,7348.0,7348.0,7144.0,31540,2012,8,9,4,15561
6992.0,7178.0,7178.0,7077.0,12680,2012,8,10,5,15562
6992.0,7195.0,6992.0,7077.0,4310,2012,8,13,1,15565
7009.0,7077.0,7077.0,7009.0,49350,2012,8,14,2,15566
6772.0,7026.0,7026.0,6772.0,47830,2012,8,15,3,15567
6789.0,7077.0,6924.0,6873.0,20240,2012,8,16,4,15568
6890.0,7094.0,7077.0,6890.0,13870,2012,8,17,5,15569
6873.0,7009.0,6890.0,6873.0,7160,2012,8,20,1,15572
6535.0,6873.0,6873.0,6603.0,69140,2012,8,21,2,15573
6338.0,6839.0,6338.0,6338.0,20570,2012,8,22,3,15574
6025.0,6151.0,6151.0,6025.0,117550,2012,8,23,4,15575
5838.0,6317.0,6025.0,6317.0,31630,2012,8,24,5,15576
6005.0,6463.0,6151.0,6005.0,22390,2012,8,27,1,15579
6005.0,6297.0,6005.0,6297.0,5680,2012,8,28,2,15580
6422.0,6588.0,6422.0,6547.0,17480,2012,8,29,3,15581
6547.0,6714.0,6714.0,6568.0,8880,2012,8,30,4,15582
6255.0,6630.0,6401.0,6255.0,12930,2012,8,31,5,15583
6255.0,6380.0,6255.0,6255.0,23900,2012,9,4,2,15587
5963.0,6442.0,6442.0,6171.0,10090,2012,9,5,3,15588
5942.0,6192.0,6046.0,5942.0,30480,2012,9,6,4,15589
5942.0,6130.0,5942.0,6046.0,46270,2012,9,7,5,15590
6046.0,6130.0,6046.0,6046.0,87700,2012,9,10,1,15593
5984.0,6109.0,5984.0,6067.0,2410,2012,9,11,2,15594
5942.0,6046.0,5942.0,6046.0,16000,2012,9,12,3,15595
6046.0,6213.0,6213.0,6151.0,3590,2012,9,13,4,15596
6151.0,6192.0,6151.0,6171.0,12820,2012,9,14,5,15597
6046.0,6151.0,6046.0,6067.0,3240,2012,9,17,1,15600
6046.0,6151.0,6067.0,6088.0,5150,2012,9,18,2,15601
6046.0,6088.0,6046.0,6046.0,11890,2012,9,19,3,15602
5838.0,6046.0,6046.0,6025.0,4690,2012,9,20,4,15603
5734.0,6109.0,6109.0,5734.0,389130,2012,9,21,5,15604
5880.0,5984.0,5984.0,5880.0,1580,2012,9,24,1,15607
5734.0,5942.0,5880.0,5942.0,2780,2012,9,25,2,15608
5838.0,5942.0,5838.0,5838.0,8530,2012,9,26,3,15609
5838.0,5942.0,5838.0,5942.0,9420,2012,9,27,4,15610
5963.0,6005.0,6005.0,5963.0,410,2012,9,28,5,15611
5734.0,5942.0,5734.0,5942.0,7820,2012,10,1,1,15614
5838.0,5942.0,5921.0,5921.0,1840,2012,10,2,2,15615
5734.0,5942.0,5734.0,5942.0,1430,2012,10,3,3,15616
5921.0,5921.0,5921.0,5921.0,1550,2012,10,4,4,15617
5921.0,6005.0,5921.0,5921.0,12070,2012,10,5,5,15618
5984.0,6171.0,6046.0,6171.0,67140,2012,10,8,1,15621
6046.0,6213.0,6171.0,6171.0,197080,2012,10,9,2,15622
6151.0,6463.0,6151.0,6463.0,208130,2012,10,10,3,15623
6463.0,6651.0,6463.0,6505.0,90310,2012,10,11,4,15624
6463.0,6568.0,6463.0,6568.0,125260,2012,10,12,5,15625
6422.0,6755.0,6755.0,6547.0,60990,2012,10,15,1,15628
6484.0,6714.0,6484.0,6630.0,64560,2012,10,16,2,15629
6526.0,6609.0,6609.0,6609.0,55510,2012,10,17,3,15630
6526.0,6609.0,6526.0,6609.0,22200,2012,10,18,4,15631
6463.0,6630.0,6609.0,6463.0,23350,2012,10,19,5,15632
6463.0,6651.0,6463.0,6651.0,33330,2012,10,22,1,15635
6651.0,6964.0,6651.0,6714.0,22480,2012,10,23,2,15636
6547.0,6714.0,6547.0,6714.0,6120,2012,10,24,3,15637
6547.0,6755.0,6547.0,6755.0,22020,2012,10,25,4,15638
6672.0,6818.0,6818.0,6672.0,3940,2012,10,26,5,15639
6568.0,6880.0,6672.0,6568.0,4490,2012,10,29,1,15642
6547.0,6568.0,6547.0,6568.0,3670,2012,10,30,2,15643
6338.0,6568.0,6505.0,6568.0,72150,2012,10,31,3,15644
6422.0,6672.0,6651.0,6672.0,6280,2012,11,1,4,15645
6359.0,6526.0,6422.0,6380.0,9890,2012,11,2,5,15646
6568.0,6568.0,6568.0,6568.0,12000,2012,11,5,1,15649
6463.0,6568.0,6463.0,6484.0,29920,2012,11,6,2,15650
6484.0,6568.0,6568.0,6526.0,13080,2012,11,7,3,15651
6359.0,6568.0,6568.0,6568.0,126500,2012,11,8,4,15652
6651.0,6651.0,6651.0,6651.0,20,2012,11,9,5,15653
6380.0,6693.0,6672.0,6568.0,18650,2012,11,12,1,15656
6380.0,6568.0,6568.0,6568.0,34570,2012,11,13,2,15657
6380.0,6568.0,6568.0,6380.0,850,2012,11,14,3,15658
6380.0,6630.0,6380.0,6568.0,11930,2012,11,15,4,15659
6484.0,6568.0,6568.0,6547.0,18470,2012,11,16,5,15660
6422.0,6568.0,6568.0,6547.0,8220,2012,11,19,1,15663
6463.0,6547.0,6463.0,6547.0,9840,2012,11,20,2,15664
6422.0,6547.0,6526.0,6547.0,15230,2012,11,21,3,15665
6463.0,6547.0,6463.0,6547.0,3670,2012,11,22,4,15666
6380.0,6568.0,6526.0,6526.0,67790,2012,11,23,5,15667
6463.0,6547.0,6547.0,6526.0,4960,2012,11,26,1,15670
6422.0,6526.0,6422.0,6526.0,9220,2012,11,27,2,15671
6463.0,6526.0,6463.0,6484.0,5940,2012,11,28,3,15672
6463.0,6630.0,6630.0,6588.0,2510,2012,11,29,4,15673
6484.0,6672.0,6547.0,6651.0,19890,2012,11,30,5,15674
6484.0,6505.0,6484.0,6505.0,500,2012,12,3,1,15677
6442.0,6505.0,6484.0,6505.0,60,2012,12,4,2,15678
6463.0,6505.0,6505.0,6463.0,4330,2012,12,5,3,15679
6463.0,6651.0,6463.0,6568.0,37520,2012,12,6,4,15680
6463.0,6568.0,6568.0,6505.0,5970,2012,12,7,5,15681
6505.0,6630.0,6505.0,6588.0,37070,2012,12,10,1,15684
6526.0,6588.0,6526.0,6568.0,5500,2012,12,11,2,15685
6547.0,6776.0,6547.0,6776.0,49010,2012,12,12,3,15686
6734.0,6859.0,6734.0,6776.0,156140,2012,12,13,4,15687
6776.0,7110.0,6776.0,6985.0,85970,2012,12,14,5,15688
6985.0,7256.0,6985.0,7151.0,44800,2012,12,17,1,15691
7131.0,7214.0,7151.0,7214.0,265610,2012,12,18,2,15692
6943.0,7193.0,7005.0,7193.0,14420,2012,12,19,3,15693
7047.0,7172.0,7172.0,7131.0,177070,2012,12,20,4,15694
7026.0,7131.0,7131.0,7089.0,75220,2012,12,21,5,15695
7110.0,7276.0,7151.0,7276.0,93850,2012,12,24,1,15698
7151.0,7318.0,7297.0,7318.0,80020,2012,12,25,2,15699
7089.0,7297.0,7297.0,7256.0,19090,2012,12,26,3,15700
7026.0,7297.0,7297.0,7193.0,29180,2012,12,27,4,15701
7151.0,7214.0,7151.0,7214.0,26420,2012,12,28,5,15702
6985.0,7193.0,7089.0,6985.0,17000,2013,1,2,3,15707
6943.0,7256.0,7256.0,7151.0,7180,2013,1,3,4,15708
6964.0,7089.0,6964.0,6985.0,35570,2013,1,4,5,15709
6985.0,7089.0,7089.0,6985.0,17310,2013,1,7,1,15712
6651.0,7005.0,6985.0,6776.0,32770,2013,1,8,2,15713
6818.0,6964.0,6964.0,6943.0,43670,2013,1,9,3,15714
6880.0,6985.0,6985.0,6880.0,122890,2013,1,10,4,15715
6880.0,6964.0,6880.0,6964.0,383500,2013,1,11,5,15716
6943.0,7005.0,6985.0,6943.0,170550,2013,1,14,1,15719
6880.0,7005.0,6880.0,7005.0,156030,2013,1,15,2,15720
6922.0,7256.0,7256.0,6943.0,187050,2013,1,16,3,15721
6880.0,6964.0,6964.0,6922.0,116680,2013,1,17,4,15722
6880.0,6922.0,6922.0,6880.0,132630,2013,1,18,5,15723
6776.0,6880.0,6880.0,6818.0,95680,2013,1,21,1,15726
6401.0,6776.0,6776.0,6401.0,135330,2013,1,22,2,15727
6380.0,6630.0,6401.0,6401.0,95490,2013,1,23,3,15728
6401.0,6547.0,6401.0,6547.0,98010,2013,1,24,4,15729
6547.0,6651.0,6547.0,6568.0,36470,2013,1,25,5,15730
6484.0,6776.0,6734.0,6568.0,81310,2013,1,28,1,15733
6401.0,6547.0,6463.0,6526.0,58040,2013,1,29,2,15734
6463.0,6568.0,6484.0,6526.0,70470,2013,1,30,3,15735
6526.0,6609.0,6526.0,6526.0,20360,2013,1,31,4,15736
6505.0,6609.0,6526.0,6547.0,38040,2013,2,1,5,15737
6547.0,6609.0,6609.0,6547.0,11890,2013,2,4,1,15740
6401.0,6568.0,6484.0,6401.0,12620,2013,2,5,2,15741
6401.0,6526.0,6401.0,6526.0,14880,2013,2,6,3,15742
6463.0,6568.0,6526.0,6526.0,44480,2013,2,7,4,15743
6463.0,6547.0,6463.0,6547.0,14150,2013,2,8,5,15744
6547.0,6839.0,6839.0,6776.0,32050,2013,2,18,1,15754
6463.0,6776.0,6776.0,6568.0,4000,2013,2,19,2,15755
6568.0,6609.0,6609.0,6588.0,4630,2013,2,20,3,15756
6463.0,6568.0,6568.0,6463.0,6970,2013,2,21,4,15757
6401.0,6588.0,6588.0,6463.0,42380,2013,2,22,5,15758
6463.0,6526.0,6526.0,6526.0,2470,2013,2,25,1,15761
6359.0,6505.0,6505.0,6359.0,8090,2013,2,26,2,15762
6171.0,6359.0,6276.0,6171.0,6400,2013,2,27,3,15763
6255.0,6442.0,6442.0,6422.0,3560,2013,2,28,4,15764
6359.0,6359.0,6359.0,6359.0,1020,2013,3,1,5,15765
6088.0,6422.0,6422.0,6088.0,32080,2013,3,4,1,15768
6088.0,6255.0,6088.0,6109.0,7680,2013,3,5,2,15769
6151.0,6255.0,6255.0,6234.0,6220,2013,3,6,3,15770
6151.0,6359.0,6234.0,6255.0,33570,2013,3,7,4,15771
6192.0,6255.0,6255.0,6255.0,6000,2013,3,8,5,15772
6171.0,6255.0,6255.0,6255.0,6030,2013,3,11,1,15775
6234.0,6317.0,6255.0,6234.0,4190,2013,3,12,2,15776
6151.0,6255.0,6151.0,6192.0,16290,2013,3,13,3,15777
6109.0,6192.0,6109.0,6130.0,7930,2013,3,14,4,15778
6088.0,6130.0,6130.0,6088.0,1900,2013,3,15,5,15779
6088.0,6109.0,6088.0,6088.0,3290,2013,3,18,1,15782
6005.0,6067.0,6046.0,6005.0,9210,2013,3,19,2,15783
6005.0,6025.0,6005.0,6025.0,30330,2013,3,20,3,15784
5942.0,6046.0,5942.0,6025.0,17240,2013,3,21,4,15785
5942.0,6025.0,5942.0,5984.0,8010,2013,3,22,5,15786
5942.0,6005.0,5963.0,6005.0,6620,2013,3,25,1,15789
5984.0,6005.0,6005.0,6005.0,10620,2013,3,26,2,15790
5984.0,6025.0,6005.0,6005.0,11150,2013,3,27,3,15791
5942.0,6005.0,5984.0,5942.0,12500,2013,3,28,4,15792
5900.0,5984.0,5900.0,5921.0,11610,2013,3,29,5,15793
5859.0,5942.0,5921.0,5942.0,8310,2013,4,1,1,15796
5921.0,5984.0,5963.0,5942.0,10260,2013,4,2,2,15797
5942.0,5963.0,5963.0,5942.0,1160,2013,4,3,3,15798
5754.0,5942.0,5942.0,5921.0,12050,2013,4,4,4,15799
5900.0,5942.0,5942.0,5921.0,23460,2013,4,5,5,15800
5859.0,5921.0,5921.0,5900.0,12520,2013,4,8,1,15803
5880.0,6297.0,5900.0,6297.0,132970,2013,4,9,2,15804
6463.0,6734.0,6463.0,6568.0,102640,2013,4,10,3,15805
6255.0,6463.0,6401.0,6422.0,16840,2013,4,11,4,15806
6025.0,6255.0,6255.0,6255.0,23280,2013,4,12,5,15807
5817.0,6109.0,6109.0,5817.0,41050,2013,4,15,1,15810
5629.0,5817.0,5817.0,5692.0,24760,2013,4,16,2,15811
5692.0,5963.0,5692.0,5838.0,11560,2013,4,17,3,15812
5796.0,5838.0,5838.0,5817.0,7380,2013,4,18,4,15813
5817.0,6025.0,6025.0,5817.0,5620,2013,4,22,1,15817
5588.0,5817.0,5817.0,5588.0,59750,2013,4,23,2,15818
5525.0,5629.0,5629.0,5567.0,11880,2013,4,24,3,15819
5525.0,5629.0,5629.0,5567.0,7430,2013,4,25,4,15820
5463.0,5546.0,5463.0,5546.0,17720,2013,4,26,5,15821
5504.0,5629.0,5546.0,5504.0,4600,2013,5,2,4,15827
5504.0,5567.0,5525.0,5567.0,5880,2013,5,3,5,15828
5567.0,5734.0,5588.0,5671.0,22650,2013,5,6,1,15831
5588.0,5692.0,5692.0,5608.0,14820,2013,5,7,2,15832
5588.0,5629.0,5608.0,5588.0,30880,2013,5,8,3,15833
5546.0,5629.0,5629.0,5588.0,38520,2013,5,9,4,15834
5504.0,5588.0,5567.0,5567.0,43210,2013,5,10,5,15835
5567.0,5734.0,5567.0,5567.0,69660,2013,5,13,1,15838
5611.0,5764.0,5764.0,5611.0,46240,2013,5,14,2,15839
5523.0,5676.0,5676.0,5589.0,4560,2013,5,15,3,15840
5589.0,5655.0,5611.0,5633.0,27150,2013,5,16,4,15841
5545.0,5633.0,5567.0,5545.0,11670,2013,5,17,5,15842
5479.0,5545.0,5545.0,5545.0,33880,2013,5,20,1,15845
5545.0,5655.0,5545.0,5567.0,34910,2013,5,21,2,15846
5611.0,5742.0,5611.0,5742.0,59280,2013,5,22,3,15847
5742.0,5983.0,5764.0,5830.0,65410,2013,5,23,4,15848
5611.0,5918.0,5611.0,5852.0,9520,2013,5,24,5,15849
5852.0,5983.0,5852.0,5939.0,59640,2013,5,27,1,15852
5786.0,5939.0,5939.0,5852.0,19450,2013,5,28,2,15853
5808.0,5896.0,5896.0,5874.0,34290,2013,5,29,3,15854
5830.0,5896.0,5896.0,5830.0,19950,2013,5,30,4,15855
5852.0,5939.0,5918.0,5852.0,55470,2013,5,31,5,15856
5852.0,5983.0,5852.0,5939.0,26530,2013,6,3,1,15859
5939.0,6181.0,5939.0,6071.0,161740,2013,6,4,2,15860
5961.0,6115.0,6115.0,6093.0,47450,2013,6,5,3,15861
5983.0,6137.0,6027.0,6137.0,31920,2013,6,6,4,15862
6027.0,6159.0,6159.0,6137.0,40310,2013,6,7,5,15863
6115.0,6334.0,6334.0,6115.0,30400,2013,6,10,1,15866
6027.0,6115.0,6027.0,6093.0,12550,2013,6,11,2,15867
6027.0,6115.0,6115.0,6071.0,14030,2013,6,12,3,15868
5939.0,6027.0,6027.0,5961.0,51980,2013,6,13,4,15869
5961.0,6115.0,6115.0,5961.0,5730,2013,6,14,5,15870
5961.0,6137.0,5961.0,6027.0,32850,2013,6,17,1,15873
5918.0,6005.0,5918.0,6005.0,8800,2013,6,18,2,15874
5939.0,6005.0,6005.0,5961.0,27600,2013,6,19,3,15875
5874.0,5961.0,5961.0,5918.0,26870,2013,6,20,4,15876
5874.0,5896.0,5896.0,5874.0,1440,2013,6,21,5,15877
5808.0,5918.0,5918.0,5808.0,13030,2013,6,24,1,15880
5589.0,5808.0,5808.0,5589.0,21390,2013,6,25,2,15881
5567.0,5698.0,5567.0,5698.0,14220,2013,6,26,3,15882
5698.0,5918.0,5698.0,5918.0,23560,2013,6,27,4,15883
5874.0,5918.0,5874.0,5918.0,530,2013,6,28,5,15884
5808.0,5808.0,5808.0,5808.0,21300,2013,7,1,1,15887
5808.0,5896.0,5808.0,5874.0,2430,2013,7,2,2,15888
5808.0,5852.0,5808.0,5852.0,9880,2013,7,3,3,15889
5764.0,5852.0,5764.0,5852.0,7600,2013,7,4,4,15890
5874.0,5874.0,5874.0,5874.0,3660,2013,7,5,5,15891
5808.0,5896.0,5896.0,5874.0,100,2013,7,8,1,15894
5786.0,5808.0,5786.0,5808.0,7240,2013,7,9,2,15895
5764.0,5808.0,5764.0,5808.0,1780,2013,7,10,3,15896
5786.0,5874.0,5874.0,5786.0,3070,2013,7,11,4,15897
5742.0,5830.0,5830.0,5830.0,4720,2013,7,12,5,15898
5742.0,5896.0,5896.0,5808.0,3320,2013,7,15,1,15901
5698.0,5808.0,5698.0,5698.0,24080,2013,7,16,2,15902
5676.0,5786.0,5698.0,5786.0,23000,2013,7,17,3,15903
5676.0,5786.0,5698.0,5786.0,21460,2013,7,18,4,15904
5698.0,5830.0,5830.0,5698.0,20290,2013,7,19,5,15905
5655.0,5961.0,5961.0,5698.0,29940,2013,7,22,1,15908
5742.0,5896.0,5896.0,5808.0,68070,2013,7,23,2,15909
5698.0,5808.0,5808.0,5698.0,20250,2013,7,24,3,15910
5720.0,5852.0,5852.0,5764.0,8380,2013,7,25,4,15911
5720.0,5764.0,5764.0,5764.0,17550,2013,7,26,5,15912
5589.0,5742.0,5742.0,5742.0,4010,2013,7,29,1,15915
5589.0,5742.0,5589.0,5742.0,26910,2013,7,30,2,15916
5742.0,5786.0,5786.0,5786.0,13500,2013,7,31,3,15917
5742.0,5808.0,5742.0,5808.0,6540,2013,8,1,4,15918
5808.0,5830.0,5808.0,5808.0,16290,2013,8,2,5,15919
5742.0,5808.0,5742.0,5808.0,12920,2013,8,5,1,15922
5742.0,5808.0,5808.0,5742.0,4080,2013,8,6,2,15923
5720.0,5808.0,5764.0,5742.0,9450,2013,8,7,3,15924
5698.0,5764.0,5764.0,5764.0,10600,2013,8,8,4,15925
5808.0,5852.0,5808.0,5830.0,10880,2013,8,9,5,15926
5808.0,5918.0,5808.0,5896.0,2800,2013,8,12,1,15929
5808.0,5896.0,5874.0,5874.0,11650,2013,8,13,2,15930
5896.0,5939.0,5918.0,5918.0,16210,2013,8,14,3,15931
5874.0,5918.0,5918.0,5874.0,15670,2013,8,15,4,15932
5874.0,5918.0,5874.0,5918.0,2090,2013,8,16,5,15933
5852.0,6027.0,5852.0,6005.0,17960,2013,8,19,1,15936
5918.0,5983.0,5961.0,5918.0,11450,2013,8,20,2,15937
5830.0,5918.0,5918.0,5918.0,2720,2013,8,21,3,15938
5808.0,5874.0,5852.0,5808.0,12910,2013,8,22,4,15939
5786.0,5874.0,5808.0,5786.0,19980,2013,8,23,5,15940
5764.0,5896.0,5764.0,5874.0,13170,2013,8,26,1,15943
5808.0,5852.0,5852.0,5808.0,1100,2013,8,27,2,15944
5698.0,6027.0,5698.0,5830.0,1210,2013,8,28,3,15945
5808.0,5852.0,5830.0,5808.0,5200,2013,8,29,4,15946
5808.0,5808.0,5808.0,5808.0,1510,2013,8,30,5,15947
5786.0,5830.0,5786.0,5830.0,12430,2013,9,3,2,15951
5786.0,5830.0,5830.0,5808.0,2540,2013,9,4,3,15952
5830.0,6027.0,6027.0,5918.0,3620,2013,9,5,4,15953
5808.0,5874.0,5830.0,5874.0,3810,2013,9,6,5,15954
5808.0,5874.0,5874.0,5808.0,1270,2013,9,9,1,15957
5786.0,5918.0,5918.0,5874.0,5070,2013,9,10,2,15958
5874.0,5961.0,5874.0,5939.0,13810,2013,9,11,3,15959
5918.0,5983.0,5939.0,5961.0,13280,2013,9,12,4,15960
5939.0,5983.0,5983.0,5961.0,24310,2013,9,13,5,15961
5874.0,5961.0,5961.0,5939.0,3350,2013,9,16,1,15964
5808.0,5939.0,5939.0,5918.0,13890,2013,9,17,2,15965
5874.0,5918.0,5918.0,5874.0,10230,2013,9,18,3,15966
5808.0,5874.0,5808.0,5874.0,80,2013,9,19,4,15967
5808.0,5918.0,5808.0,5918.0,20,2013,9,20,5,15968
5808.0,5896.0,5808.0,5896.0,5010,2013,9,23,1,15971
5852.0,5874.0,5852.0,5874.0,8880,2013,9,24,2,15972
5852.0,5896.0,5874.0,5874.0,4550,2013,9,25,3,15973
5874.0,6005.0,6005.0,5939.0,1510,2013,9,26,4,15974
5896.0,5918.0,5896.0,5918.0,120,2013,9,27,5,15975
5852.0,5918.0,5918.0,5852.0,19890,2013,9,30,1,15978
5830.0,5918.0,5830.0,5852.0,25720,2013,10,1,2,15979
5896.0,5961.0,5896.0,5961.0,48020,2013,10,2,3,15980
5896.0,5918.0,5918.0,5918.0,13760,2013,10,3,4,15981
5939.0,5939.0,5939.0,5939.0,14730,2013,10,4,5,15982
5983.0,5983.0,5983.0,5983.0,5000,2013,10,7,1,15985
5939.0,5961.0,5961.0,5939.0,30230,2013,10,8,2,15986
5918.0,5939.0,5939.0,5939.0,3950,2013,10,9,3,15987
5939.0,5983.0,5983.0,5939.0,4050,2013,10,10,4,15988
5874.0,5896.0,5896.0,5896.0,9690,2013,10,11,5,15989
5874.0,5874.0,5874.0,5874.0,2400,2013,10,14,1,15992
5852.0,5874.0,5852.0,5874.0,18990,2013,10,15,2,15993
5852.0,5918.0,5896.0,5852.0,610,2013,10,16,3,15994
5852.0,5918.0,5852.0,5918.0,36730,2013,10,17,4,15995
5896.0,5939.0,5939.0,5918.0,11730,2013,10,18,5,15996
5852.0,5852.0,5852.0,5852.0,100,2013,10,21,1,15999
5786.0,5939.0,5786.0,5918.0,26760,2013,10,22,2,16000
5939.0,6005.0,5983.0,5983.0,16900,2013,10,23,3,16001
5961.0,5983.0,5983.0,5961.0,5390,2013,10,24,4,16002
5918.0,5918.0,5918.0,5918.0,6050,2013,10,25,5,16003
5874.0,6027.0,6027.0,5896.0,11600,2013,10,28,1,16006
5852.0,5896.0,5874.0,5896.0,3250,2013,10,29,2,16007
5896.0,5918.0,5896.0,5896.0,9690,2013,10,30,3,16008
5874.0,5918.0,5918.0,5918.0,10300,2013,10,31,4,16009
5918.0,5939.0,5918.0,5918.0,12500,2013,11,1,5,16010
5918.0,5939.0,5918.0,5939.0,8960,2013,11,4,1,16013
5874.0,5961.0,5896.0,5939.0,31190,2013,11,5,2,16014
5874.0,5961.0,5961.0,5961.0,25020,2013,11,6,3,16015
5918.0,5961.0,5918.0,5918.0,2100,2013,11,7,4,16016
5939.0,6005.0,5939.0,5939.0,21520,2013,11,8,5,16017
5961.0,6137.0,5961.0,6071.0,26970,2013,11,11,1,16020
6049.0,6137.0,6071.0,6049.0,5470,2013,11,12,2,16021
6005.0,6115.0,6115.0,6005.0,800,2013,11,13,3,16022
5983.0,6005.0,6005.0,6005.0,2210,2013,11,14,4,16023
5918.0,6027.0,5983.0,6027.0,1470,2013,11,15,5,16024
6005.0,6027.0,6027.0,6027.0,2310,2013,11,18,1,16027
6005.0,6049.0,6027.0,6049.0,1410,2013,11,19,2,16028
5983.0,6027.0,6027.0,5983.0,850,2013,11,20,3,16029
5961.0,6027.0,5983.0,5983.0,3560,2013,11,21,4,16030
5918.0,6137.0,5983.0,6027.0,90,2013,11,22,5,16031
5896.0,6027.0,6027.0,5939.0,5270,2013,11,25,1,16034
5939.0,6027.0,5939.0,6027.0,1930,2013,11,26,2,16035
5961.0,6027.0,5961.0,6027.0,5600,2013,11,27,3,16036
6027.0,6027.0,6027.0,6027.0,8500,2013,11,28,4,16037
5961.0,6027.0,6027.0,5983.0,9000,2013,11,29,5,16038
5961.0,6027.0,5961.0,6027.0,8000,2013,12,2,1,16041
6005.0,6027.0,6027.0,6005.0,53190,2013,12,3,2,16042
5983.0,6093.0,6027.0,6093.0,89830,2013,12,4,3,16043
6137.0,6509.0,6137.0,6509.0,73220,2013,12,5,4,16044
6312.0,6575.0,6509.0,6312.0,3770,2013,12,6,5,16045
6137.0,6312.0,6246.0,6312.0,17000,2013,12,9,1,16048
6246.0,6334.0,6334.0,6246.0,3070,2013,12,10,2,16049
6202.0,6312.0,6246.0,6312.0,20230,2013,12,11,3,16050
6312.0,6312.0,6312.0,6312.0,1020,2013,12,12,4,16051
6224.0,6356.0,6356.0,6246.0,8560,2013,12,13,5,16052
6137.0,6268.0,6137.0,6202.0,40710,2013,12,16,1,16055
6071.0,6202.0,6071.0,6202.0,16190,2013,12,17,2,16056
6137.0,6246.0,6137.0,6246.0,32700,2013,12,18,3,16057
6159.0,6268.0,6159.0,6268.0,40740,2013,12,19,4,16058
6137.0,6312.0,6137.0,6268.0,32620,2013,12,20,5,16059
6707.0,6707.0,6707.0,6707.0,320320,2013,12,23,1,16062
6794.0,7145.0,7145.0,7013.0,298620,2013,12,24,2,16063
6575.0,6991.0,6597.0,6948.0,404030,2013,12,25,3,16064
6707.0,7013.0,7013.0,6707.0,64740,2013,12,26,4,16065
6356.0,6772.0,6378.0,6707.0,10110,2013,12,27,5,16066
6465.0,6926.0,6794.0,6575.0,8500,2013,12,30,1,16069
6400.0,6707.0,6400.0,6707.0,11640,2013,12,31,2,16070
6487.0,6663.0,6597.0,6663.0,5980,2014,1,2,4,16072
6553.0,6663.0,6619.0,6663.0,4280,2014,1,3,5,16073
6572.0,6867.0,6595.0,6572.0,16720,2014,1,6,1,16076
6572.0,6799.0,6799.0,6572.0,7010,2014,1,7,2,16077
6572.0,6731.0,6572.0,6617.0,10540,2014,1,8,3,16078
6572.0,6708.0,6708.0,6685.0,1980,2014,1,9,4,16079
6572.0,6799.0,6753.0,6776.0,7660,2014,1,10,5,16080
6572.0,6753.0,6595.0,6708.0,4710,2014,1,13,1,16083
6595.0,6731.0,6708.0,6595.0,20040,2014,1,14,2,16084
6617.0,7025.0,6617.0,6708.0,15110,2014,1,15,3,16085
6413.0,6776.0,6640.0,6776.0,11690,2014,1,16,4,16086
6776.0,7025.0,6776.0,6957.0,17110,2014,1,17,5,16087
6799.0,7116.0,7116.0,6957.0,3620,2014,1,20,1,16090
6799.0,6799.0,6799.0,6799.0,5550,2014,1,21,2,16091
6663.0,6799.0,6799.0,6663.0,5180,2014,1,22,3,16092
6572.0,6799.0,6617.0,6799.0,12800,2014,1,23,4,16093
6640.0,6776.0,6753.0,6776.0,11080,2014,1,24,5,16094
6776.0,7025.0,6776.0,7025.0,17360,2014,1,27,1,16097
6708.0,7003.0,6889.0,6844.0,15830,2014,2,6,4,16107
6799.0,7003.0,7003.0,6957.0,10320,2014,2,7,5,16108
6776.0,7003.0,7003.0,6980.0,7680,2014,2,10,1,16111
6912.0,6980.0,6980.0,6980.0,6990,2014,2,11,2,16112
6912.0,6980.0,6980.0,6912.0,830,2014,2,12,3,16113
6799.0,7388.0,6867.0,7252.0,40590,2014,2,13,4,16114
7116.0,7479.0,7479.0,7229.0,4180,2014,2,14,5,16115
6753.0,7184.0,7184.0,6799.0,18010,2014,2,17,1,16118
6799.0,6980.0,6799.0,6912.0,6610,2014,2,18,2,16119
6821.0,7025.0,7025.0,6889.0,8570,2014,2,19,3,16120
6799.0,6980.0,6957.0,6912.0,4940,2014,2,20,4,16121
6799.0,6912.0,6912.0,6889.0,2350,2014,2,21,5,16122
6685.0,6889.0,6889.0,6708.0,7490,2014,2,24,1,16125
6527.0,6889.0,6685.0,6527.0,30030,2014,2,25,2,16126
6572.0,6685.0,6572.0,6685.0,14220,2014,2,26,3,16127
6572.0,6685.0,6685.0,6663.0,7870,2014,2,27,4,16128
6345.0,6640.0,6640.0,6368.0,45580,2014,2,28,5,16129
6368.0,6572.0,6368.0,6481.0,21670,2014,3,3,1,16132
6504.0,6640.0,6572.0,6640.0,10160,2014,3,4,2,16133
6481.0,6640.0,6640.0,6640.0,11300,2014,3,5,3,16134
6572.0,6640.0,6572.0,6617.0,2410,2014,3,6,4,16135
6595.0,6685.0,6685.0,6663.0,3540,2014,3,7,5,16136
6640.0,6708.0,6640.0,6685.0,8340,2014,3,10,1,16139
6640.0,6685.0,6663.0,6685.0,6400,2014,3,11,2,16140
6685.0,6708.0,6685.0,6708.0,430,2014,3,12,3,16141
6663.0,6753.0,6753.0,6663.0,8890,2014,3,13,4,16142
6663.0,6799.0,6685.0,6799.0,13980,2014,3,14,5,16143
6708.0,6889.0,6889.0,6799.0,11610,2014,3,17,1,16146
6617.0,6844.0,6640.0,6844.0,18470,2014,3,18,2,16147
6708.0,6867.0,6799.0,6844.0,13020,2014,3,19,3,16148
6799.0,6844.0,6799.0,6799.0,41110,2014,3,20,4,16149
6821.0,6844.0,6821.0,6821.0,5810,2014,3,21,5,16150
6799.0,6844.0,6821.0,6844.0,10700,2014,3,24,1,16153
6708.0,6844.0,6844.0,6799.0,21060,2014,3,25,2,16154
6731.0,6889.0,6889.0,6799.0,8740,2014,3,26,3,16155
6799.0,6912.0,6821.0,6799.0,8180,2014,3,27,4,16156
6799.0,6844.0,6799.0,6844.0,8010,2014,3,28,5,16157
6867.0,7025.0,6867.0,6980.0,17420,2014,3,31,1,16160
6799.0,6980.0,6980.0,6912.0,11280,2014,4,1,2,16161
6799.0,6980.0,6980.0,6935.0,3490,2014,4,2,3,16162
6957.0,7411.0,7025.0,7297.0,8140,2014,4,3,4,16163
7025.0,7365.0,7048.0,7252.0,4230,2014,4,4,5,16164
6753.0,7252.0,6753.0,7252.0,15440,2014,4,7,1,16167
6980.0,7252.0,7025.0,7252.0,3810,2014,4,8,2,16168
7025.0,7592.0,7252.0,7025.0,8700,2014,4,10,4,16170
6957.0,7479.0,7025.0,6957.0,10640,2014,4,11,5,16171
6799.0,7139.0,6821.0,6935.0,7720,2014,4,14,1,16174
6867.0,7025.0,7025.0,7025.0,19310,2014,4,15,2,16175
6572.0,7048.0,7025.0,6957.0,43660,2014,4,16,3,16176
6708.0,7025.0,6708.0,7025.0,5410,2014,4,17,4,16177
6549.0,7184.0,7184.0,7025.0,5430,2014,4,18,5,16178
6572.0,7003.0,6572.0,6640.0,5680,2014,4,21,1,16181
6781.0,7086.0,7039.0,7086.0,6410,2014,4,22,2,16182
7039.0,7109.0,7039.0,7109.0,3520,2014,4,23,3,16183
7039.0,7203.0,7109.0,7203.0,2010,2014,4,24,4,16184
6921.0,7226.0,6921.0,7226.0,1810,2014,4,25,5,16185
6828.0,6828.0,6828.0,6828.0,350,2014,4,28,1,16188
6898.0,7273.0,6898.0,7273.0,1040,2014,4,29,2,16189
6804.0,7226.0,6968.0,7226.0,1170,2014,5,5,1,16195
6804.0,7156.0,6828.0,7156.0,8940,2014,5,6,2,16196
6874.0,7039.0,7039.0,7039.0,1550,2014,5,7,3,16197
6546.0,6921.0,6569.0,6921.0,25480,2014,5,8,4,16198
6546.0,6992.0,6992.0,6968.0,1610,2014,5,9,5,16199
6499.0,6921.0,6499.0,6921.0,51480,2014,5,12,1,16202
6687.0,7062.0,6921.0,7062.0,6610,2014,5,13,2,16203
6804.0,7039.0,7039.0,6828.0,93290,2014,5,14,3,16204
6828.0,7039.0,6851.0,6921.0,5280,2014,5,15,4,16205
6804.0,6921.0,6874.0,6921.0,2960,2014,5,16,5,16206
6804.0,6921.0,6921.0,6921.0,350,2014,5,19,1,16209
6804.0,7133.0,6804.0,7133.0,7680,2014,5,20,2,16210
6804.0,7156.0,6804.0,7156.0,1110,2014,5,21,3,16211
7086.0,7156.0,7156.0,7156.0,1710,2014,5,22,4,16212
6804.0,6804.0,6804.0,6804.0,580,2014,5,23,5,16213
7203.0,7250.0,7250.0,7226.0,5620,2014,5,26,1,16216
6921.0,7226.0,7039.0,7226.0,3970,2014,5,27,2,16217
7062.0,7203.0,7156.0,7203.0,30590,2014,5,28,3,16218
7039.0,7203.0,7203.0,7156.0,1560,2014,5,29,4,16219
6851.0,7273.0,6851.0,7273.0,2500,2014,5,30,5,16220
6945.0,7250.0,6945.0,7250.0,1770,2014,6,2,1,16223
6945.0,7133.0,7133.0,7133.0,3820,2014,6,3,2,16224
7133.0,7133.0,7133.0,7133.0,210,2014,6,4,3,16225
7133.0,7180.0,7156.0,7133.0,1110,2014,6,5,4,16226
6828.0,7109.0,7039.0,7109.0,4110,2014,6,6,5,16227
7156.0,7156.0,7156.0,7156.0,700,2014,6,9,1,16230
7039.0,7062.0,7062.0,7039.0,290,2014,6,10,2,16231
7039.0,7039.0,7039.0,7039.0,0,2014,6,11,3,16232
7133.0,7133.0,7133.0,7133.0,10,2014,6,12,4,16233
6968.0,7133.0,7039.0,7133.0,1260,2014,6,13,5,16234
6828.0,7109.0,6828.0,7109.0,3630,2014,6,16,1,16237
7086.0,7180.0,7086.0,7180.0,8000,2014,6,17,2,16238
6757.0,7250.0,6757.0,7250.0,13520,2014,6,18,3,16239
6921.0,7039.0,7039.0,7039.0,750,2014,6,19,4,16240
6851.0,7039.0,7039.0,6898.0,1830,2014,6,20,5,16241
6851.0,7086.0,6851.0,7086.0,2610,2014,6,23,1,16244
6921.0,7086.0,7062.0,6921.0,20500,2014,6,24,2,16245
6921.0,7062.0,7062.0,6992.0,4900,2014,6,25,3,16246
6945.0,6992.0,6945.0,6992.0,3230,2014,6,26,4,16247
6851.0,6992.0,6851.0,6992.0,20,2014,6,27,5,16248
6921.0,7320.0,7320.0,7039.0,6150,2014,6,30,1,16251
6921.0,7015.0,6945.0,7015.0,16800,2014,7,1,2,16252
6921.0,7039.0,6921.0,6945.0,6630,2014,7,2,3,16253
6921.0,7039.0,7039.0,6945.0,14160,2014,7,3,4,16254
6968.0,7250.0,7039.0,7109.0,14560,2014,7,4,5,16255
6945.0,7109.0,6945.0,7062.0,1280,2014,7,7,1,16258
6921.0,7039.0,6921.0,7039.0,14030,2014,7,8,2,16259
6945.0,7109.0,6945.0,7086.0,3280,2014,7,9,3,16260
7086.0,7086.0,7086.0,7086.0,0,2014,7,10,4,16261
6945.0,7086.0,7086.0,7086.0,540,2014,7,11,5,16262
6921.0,7039.0,6992.0,7039.0,1060,2014,7,14,1,16265
7039.0,7485.0,7039.0,7086.0,7580,2014,7,15,2,16266
6945.0,7086.0,6945.0,7039.0,2530,2014,7,16,3,16267
6945.0,7039.0,6945.0,7039.0,540,2014,7,17,4,16268
6921.0,7133.0,6921.0,6921.0,59820,2014,7,18,5,16269
6921.0,7391.0,6921.0,7273.0,34380,2014,7,21,1,16272
7250.0,7273.0,7250.0,7273.0,1110,2014,7,22,2,16273
6921.0,7226.0,7156.0,7226.0,4360,2014,7,23,3,16274
6992.0,7203.0,6992.0,7203.0,1670,2014,7,24,4,16275
7133.0,7203.0,7203.0,7133.0,190,2014,7,25,5,16276
7039.0,7226.0,7226.0,7109.0,220,2014,7,28,1,16279
7039.0,7180.0,7062.0,7039.0,4600,2014,7,29,2,16280
6945.0,7367.0,7367.0,7039.0,14160,2014,7,30,3,16281
7156.0,7226.0,7226.0,7156.0,20,2014,7,31,4,16282
7039.0,7226.0,7039.0,7226.0,2320,2014,8,1,5,16283
7039.0,7226.0,7039.0,7203.0,70,2014,8,4,1,16286
7039.0,7203.0,7062.0,7133.0,7070,2014,8,5,2,16287
6921.0,7133.0,7133.0,7086.0,1630,2014,8,6,3,16288
6945.0,7226.0,7226.0,7109.0,2520,2014,8,7,4,16289
7039.0,7250.0,7250.0,7156.0,6220,2014,8,8,5,16290
7086.0,7226.0,7156.0,7156.0,1440,2014,8,11,1,16293
7156.0,7250.0,7250.0,7156.0,100,2014,8,12,2,16294
7156.0,7273.0,7156.0,7273.0,16220,2014,8,13,3,16295
7180.0,7391.0,7273.0,7203.0,11710,2014,8,14,4,16296
7086.0,7273.0,7273.0,7203.0,5030,2014,8,15,5,16297
7203.0,7625.0,7625.0,7438.0,26050,2014,8,18,1,16300
7438.0,7508.0,7508.0,7461.0,13310,2014,8,19,2,16301
7461.0,7508.0,7508.0,7461.0,10540,2014,8,20,3,16302
7391.0,7508.0,7508.0,7391.0,12300,2014,8,21,4,16303
7273.0,7625.0,7273.0,7391.0,2490,2014,8,22,5,16304
7391.0,7836.0,7836.0,7485.0,16060,2014,8,25,1,16307
7391.0,7461.0,7461.0,7391.0,5570,2014,8,26,2,16308
7320.0,7391.0,7391.0,7391.0,3170,2014,8,27,3,16309
7461.0,7602.0,7602.0,7461.0,40,2014,8,28,4,16310
7461.0,7508.0,7508.0,7461.0,5060,2014,8,29,5,16311
7461.0,7531.0,7461.0,7461.0,23290,2014,9,3,3,16316
7297.0,7930.0,7297.0,7930.0,49240,2014,9,4,4,16317
7508.0,7930.0,7930.0,7860.0,11390,2014,9,5,5,16318
7414.0,7743.0,7743.0,7743.0,26990,2014,9,8,1,16321
7273.0,7696.0,7696.0,7438.0,15730,2014,9,9,2,16322
7273.0,7391.0,7273.0,7391.0,5600,2014,9,10,3,16323
7273.0,7273.0,7273.0,7273.0,3030,2014,9,11,4,16324
7156.0,7391.0,7273.0,7391.0,3650,2014,9,12,5,16325
7203.0,7391.0,7203.0,7203.0,120,2014,9,15,1,16328
7156.0,7273.0,7203.0,7273.0,1210,2014,9,16,2,16329
7203.0,7344.0,7273.0,7273.0,3980,2014,9,17,3,16330
7391.0,7578.0,7485.0,7578.0,38730,2014,9,18,4,16331
7508.0,7578.0,7578.0,7531.0,2700,2014,9,19,5,16332
7508.0,7743.0,7531.0,7578.0,44070,2014,9,22,1,16335
7602.0,7813.0,7696.0,7766.0,35210,2014,9,23,2,16336
7790.0,8306.0,7790.0,8306.0,99080,2014,9,24,3,16337
8869.0,8869.0,8869.0,8869.0,64540,2014,9,25,4,16338
8728.0,9479.0,9479.0,8869.0,30660,2014,9,26,5,16339
8400.0,8775.0,8400.0,8681.0,6490,2014,9,29,1,16342
8400.0,8564.0,8400.0,8400.0,37600,2014,9,30,2,16343
8400.0,8916.0,8400.0,8564.0,19740,2014,10,1,3,16344
8446.0,9127.0,9127.0,8517.0,28510,2014,10,2,4,16345
8446.0,8916.0,8916.0,8564.0,21480,2014,10,3,5,16346
8446.0,8611.0,8446.0,8517.0,11080,2014,10,6,1,16349
8611.0,8775.0,8611.0,8728.0,8000,2014,10,7,2,16350
8728.0,8916.0,8845.0,8916.0,16520,2014,10,8,3,16351
8634.0,9150.0,8634.0,8798.0,3750,2014,10,9,4,16352
8728.0,8869.0,8798.0,8869.0,21690,2014,10,10,5,16353
8845.0,9150.0,9127.0,8986.0,10620,2014,10,13,1,16356
8845.0,9150.0,8986.0,9033.0,9750,2014,10,14,2,16357
8869.0,9033.0,8869.0,9010.0,13220,2014,10,15,3,16358
8767.0,9009.0,8961.0,9009.0,1990,2014,10,16,4,16359
8718.0,8961.0,8840.0,8961.0,12790,2014,10,17,5,16360
9179.0,9203.0,9179.0,9203.0,100,2014,10,20,1,16363
9130.0,9154.0,9130.0,9130.0,1050,2014,10,21,2,16364
9130.0,9130.0,9130.0,9130.0,500,2014,10,22,3,16365
9082.0,9130.0,9130.0,9130.0,2230,2014,10,23,4,16366
9009.0,9130.0,9009.0,9033.0,9020,2014,10,24,5,16367
8961.0,9154.0,9033.0,8961.0,12260,2014,10,27,1,16370
8961.0,8961.0,8961.0,8961.0,4250,2014,10,28,2,16371
8936.0,9082.0,8936.0,9082.0,3030,2014,10,29,3,16372
8622.0,9058.0,8840.0,9058.0,2690,2014,10,30,4,16373
8961.0,9130.0,8961.0,9130.0,17030,2014,10,31,5,16374
9106.0,9445.0,9130.0,9445.0,82760,2014,11,3,1,16377
9348.0,9445.0,9445.0,9445.0,2110,2014,11,4,2,16378
8985.0,9687.0,8985.0,9687.0,10010,2014,11,5,3,16379
9445.0,10365.0,9663.0,9687.0,60780,2014,11,6,4,16380
9590.0,10172.0,9687.0,10172.0,11430,2014,11,7,5,16381
9663.0,10341.0,9929.0,10147.0,3680,2014,11,10,1,16384
9929.0,10390.0,10147.0,10172.0,9900,2014,11,11,2,16385
9929.0,10172.0,10050.0,10123.0,25600,2014,11,12,3,16386
9929.0,10172.0,10147.0,9954.0,12600,2014,11,13,4,16387
9929.0,10050.0,9929.0,10050.0,170,2014,11,14,5,16388
9687.0,10050.0,9760.0,10026.0,4160,2014,11,17,1,16391
9639.0,10026.0,10026.0,9639.0,13070,2014,11,18,2,16392
9518.0,9881.0,9639.0,9687.0,24310,2014,11,19,3,16393
9518.0,10002.0,9518.0,10002.0,3300,2014,11,20,4,16394
9590.0,9808.0,9808.0,9784.0,3400,2014,11,21,5,16395
9784.0,9784.0,9784.0,9784.0,1500,2014,11,24,1,16398
9784.0,10050.0,9784.0,10050.0,210,2014,11,25,2,16399
9590.0,10026.0,9954.0,10026.0,4520,2014,11,26,3,16400
9929.0,9929.0,9929.0,9929.0,2810,2014,11,27,4,16401
9905.0,9905.0,9905.0,9905.0,10,2014,11,28,5,16402
9905.0,9905.0,9905.0,9905.0,2500,2014,12,1,1,16405
9493.0,9881.0,9590.0,9493.0,6070,2014,12,2,2,16406
9493.0,9687.0,9493.0,9687.0,6050,2014,12,3,3,16407
9566.0,9687.0,9590.0,9687.0,4220,2014,12,4,4,16408
9469.0,9687.0,9566.0,9687.0,1410,2014,12,5,5,16409
9445.0,9663.0,9469.0,9663.0,2370,2014,12,8,1,16412
9348.0,9687.0,9445.0,9687.0,9250,2014,12,9,2,16413
9663.0,9663.0,9663.0,9663.0,350,2014,12,10,3,16414
9663.0,9663.0,9663.0,9663.0,0,2014,12,11,4,16415
9663.0,9663.0,9663.0,9663.0,240,2014,12,12,5,16416
9445.0,9687.0,9445.0,9687.0,10190,2014,12,15,1,16419
9009.0,9687.0,9663.0,9445.0,2650,2014,12,16,2,16420
9203.0,9324.0,9324.0,9324.0,4930,2014,12,17,3,16421
9324.0,9905.0,9324.0,9905.0,3000,2014,12,18,4,16422
9905.0,9905.0,9905.0,9905.0,0,2014,12,19,5,16423
9397.0,10535.0,10535.0,9687.0,2300,2014,12,22,1,16426
9276.0,9736.0,9445.0,9687.0,2010,2014,12,23,2,16427
9324.0,9639.0,9372.0,9639.0,2860,2014,12,24,3,16428
9639.0,9639.0,9639.0,9639.0,1000,2014,12,25,4,16429
9639.0,9639.0,9639.0,9639.0,0,2014,12,26,5,16430
9639.0,9639.0,9639.0,9639.0,0,2014,12,29,1,16433
9009.0,9590.0,9009.0,9590.0,4810,2014,12,30,2,16434
9154.0,9687.0,9687.0,9663.0,13260,2014,12,31,3,16435
9639.0,9663.0,9663.0,9639.0,3400,2015,1,5,1,16440
9203.0,9615.0,9615.0,9445.0,12500,2015,1,6,2,16441
9445.0,9687.0,9542.0,9445.0,7800,2015,1,7,3,16442
9154.0,9421.0,9251.0,9421.0,7820,2015,1,8,4,16443
9203.0,9421.0,9324.0,9203.0,15120,2015,1,9,5,16444
9251.0,9251.0,9251.0,9251.0,50,2015,1,12,1,16447
9203.0,9445.0,9203.0,9324.0,2650,2015,1,13,2,16448
9154.0,9445.0,9203.0,9445.0,600,2015,1,14,3,16449
9203.0,9445.0,9372.0,9203.0,14050,2015,1,15,4,16450
9154.0,9203.0,9203.0,9203.0,1280,2015,1,16,5,16451
9154.0,9203.0,9154.0,9203.0,1100,2015,1,19,1,16454
9179.0,9203.0,9179.0,9203.0,2240,2015,1,20,2,16455
9082.0,9130.0,9106.0,9082.0,4880,2015,1,21,3,16456
9082.0,9300.0,9082.0,9203.0,2060,2015,1,22,4,16457
9058.0,9276.0,9058.0,9058.0,11520,2015,1,23,5,16458
8961.0,9203.0,9033.0,9203.0,1730,2015,1,26,1,16461
8961.0,9082.0,9082.0,9082.0,12510,2015,1,27,2,16462
9082.0,9082.0,9082.0,9082.0,1000,2015,1,28,3,16463
8912.0,9106.0,8912.0,9106.0,1110,2015,1,29,4,16464
9106.0,9106.0,9106.0,9106.0,0,2015,1,30,5,16465
8961.0,9082.0,8961.0,9082.0,200,2015,2,2,1,16468
8961.0,9058.0,8961.0,8961.0,250,2015,2,3,2,16469
8791.0,9179.0,8961.0,8961.0,50620,2015,2,4,3,16470
8670.0,8912.0,8840.0,8912.0,5830,2015,2,5,4,16471
8912.0,9179.0,8912.0,9082.0,1320,2015,2,6,5,16472
9058.0,9154.0,9154.0,9058.0,40,2015,2,9,1,16475
8961.0,8961.0,8961.0,8961.0,210,2015,2,10,2,16476
8840.0,8961.0,8961.0,8961.0,4230,2015,2,11,3,16477
8840.0,9082.0,8961.0,9082.0,1600,2015,2,12,4,16478
8743.0,8961.0,8743.0,8961.0,2500,2015,2,13,5,16479
8815.0,9058.0,9058.0,9033.0,510,2015,2,24,2,16490
8936.0,8936.0,8936.0,8936.0,400,2015,2,25,3,16491
8936.0,9082.0,8961.0,9009.0,2740,2015,2,26,4,16492
8912.0,9082.0,9082.0,9009.0,3300,2015,2,27,5,16493
8840.0,9130.0,9130.0,8840.0,2300,2015,3,2,1,16496
8743.0,8936.0,8912.0,8912.0,6740,2015,3,3,2,16497
8888.0,9082.0,8961.0,8912.0,20970,2015,3,4,3,16498
8888.0,9058.0,8961.0,9058.0,25310,2015,3,5,4,16499
8912.0,9058.0,9058.0,8985.0,18560,2015,3,6,5,16500
8912.0,8985.0,8912.0,8985.0,1190,2015,3,9,1,16503
8912.0,9009.0,8985.0,9009.0,23040,2015,3,10,2,16504
8961.0,9009.0,8961.0,9009.0,40530,2015,3,11,3,16505
8912.0,9058.0,9009.0,9058.0,21810,2015,3,12,4,16506
9058.0,9227.0,9058.0,9227.0,9070,2015,3,13,5,16507
8985.0,9300.0,9227.0,9227.0,18890,2015,3,16,1,16510
9203.0,9300.0,9227.0,9300.0,27810,2015,3,17,2,16511
9300.0,9421.0,9300.0,9421.0,16020,2015,3,18,3,16512
9445.0,10075.0,9445.0,10075.0,163240,2015,3,19,4,16513
10172.0,10753.0,10753.0,10511.0,56190,2015,3,20,5,16514
10172.0,10656.0,10511.0,10511.0,14200,2015,3,23,1,16517
10123.0,10341.0,10293.0,10196.0,42100,2015,3,24,2,16518
10050.0,10390.0,10050.0,10172.0,16090,2015,3,25,3,16519
10172.0,10268.0,10220.0,10268.0,4710,2015,3,26,4,16520
10414.0,10414.0,10414.0,10414.0,4540,2015,3,27,5,16521
10414.0,10486.0,10486.0,10414.0,1310,2015,3,30,1,16524
10608.0,10608.0,10608.0,10608.0,50,2015,3,31,2,16525
10535.0,10656.0,10535.0,10656.0,12630,2015,4,1,3,16526
10559.0,10777.0,10656.0,10777.0,12450,2015,4,2,4,16527
10680.0,10898.0,10850.0,10898.0,5610,2015,4,3,5,16528
10777.0,11140.0,11140.0,10898.0,490,2015,4,6,1,16531
10777.0,10898.0,10898.0,10898.0,40,2015,4,7,2,16532
10874.0,11140.0,10898.0,11140.0,15140,2015,4,8,3,16533
11019.0,11165.0,11140.0,11165.0,14260,2015,4,9,4,16534
11261.0,11843.0,11261.0,11310.0,38260,2015,4,10,5,16535
11310.0,11576.0,11382.0,11504.0,6360,2015,4,13,1,16538
11504.0,11625.0,11504.0,11625.0,17000,2015,4,14,2,16539
11625.0,11746.0,11625.0,11625.0,22510,2015,4,15,3,16540
11843.0,12109.0,11843.0,11988.0,224690,2015,4,16,4,16541
11625.0,11988.0,11964.0,11988.0,11100,2015,4,17,5,16542
11746.0,11867.0,11794.0,11867.0,1220,2015,4,20,1,16545
11746.0,11964.0,11867.0,11964.0,4710,2015,4,21,2,16546
11794.0,11964.0,11794.0,11964.0,4940,2015,4,22,3,16547
11625.0,11867.0,11867.0,11746.0,460,2015,4,23,4,16548
11867.0,12472.0,11867.0,12351.0,6880,2015,4,24,5,16549
11746.0,12351.0,12351.0,11746.0,2490,2015,4,27,1,16552
11625.0,12230.0,12230.0,11746.0,900,2015,5,4,1,16559
11746.0,11746.0,11746.0,11746.0,1030,2015,5,5,2,16560
11988.0,12351.0,11988.0,12230.0,28410,2015,5,6,3,16561
12230.0,12351.0,12351.0,12351.0,180,2015,5,7,4,16562
12109.0,12351.0,12351.0,12351.0,1530,2015,5,8,5,16563
12230.0,12351.0,12351.0,12230.0,1320,2015,5,11,1,16566
12230.0,12593.0,12351.0,12593.0,35220,2015,5,12,2,16567
12109.0,12593.0,12593.0,12593.0,1590,2015,5,13,3,16568
12109.0,12593.0,12109.0,12593.0,2860,2015,5,14,4,16569
12109.0,12472.0,12109.0,12472.0,5050,2015,5,15,5,16570
12109.0,12230.0,12109.0,12230.0,6010,2015,5,18,1,16573
12109.0,12230.0,12230.0,12230.0,4470,2015,5,19,2,16574
12109.0,12351.0,12230.0,12351.0,2440,2015,5,20,3,16575
12351.0,12472.0,12351.0,12472.0,2870,2015,5,21,4,16576
12472.0,12472.0,12472.0,12472.0,3020,2015,5,22,5,16577
12472.0,12593.0,12472.0,12472.0,8840,2015,5,25,1,16580
12472.0,12593.0,12472.0,12593.0,6430,2015,5,26,2,16581
12472.0,12714.0,12472.0,12472.0,4480,2015,5,27,3,16582
12109.0,12593.0,12472.0,12593.0,2490,2015,5,28,4,16583
12351.0,12593.0,12351.0,12351.0,6650,2015,5,29,5,16584
12230.0,12593.0,12593.0,12351.0,1040,2015,6,1,1,16587
12351.0,12351.0,12351.0,12351.0,8700,2015,6,2,2,16588
12109.0,12351.0,12230.0,12351.0,2550,2015,6,3,3,16589
12230.0,13199.0,12230.0,12230.0,18040,2015,6,4,4,16590
12472.0,12714.0,12472.0,12472.0,65130,2015,6,5,5,16591
12472.0,12593.0,12593.0,12472.0,390,2015,6,8,1,16594
12472.0,12593.0,12472.0,12472.0,5610,2015,6,9,2,16595
12350.0,12350.0,12350.0,12350.0,30,2015,6,10,3,16596
12350.0,13205.0,12825.0,13173.0,21510,2015,6,11,4,16597
13141.0,13141.0,13141.0,13141.0,90,2015,6,12,5,16598
12983.0,13616.0,13616.0,12983.0,4840,2015,6,15,1,16601
12666.0,12983.0,12983.0,12666.0,8160,2015,6,16,2,16602
12635.0,12793.0,12698.0,12761.0,6570,2015,6,17,3,16603
12666.0,12761.0,12761.0,12698.0,2410,2015,6,18,4,16604
12666.0,12698.0,12698.0,12666.0,1510,2015,6,19,5,16605
12603.0,12666.0,12666.0,12603.0,620,2015,6,22,1,16608
12350.0,12603.0,12350.0,12603.0,410,2015,6,23,2,16609
12603.0,12603.0,12603.0,12603.0,30,2015,6,24,3,16610
12603.0,12603.0,12603.0,12603.0,0,2015,6,25,4,16611
12571.0,12635.0,12603.0,12635.0,4580,2015,6,26,5,16612
12445.0,12508.0,12476.0,12508.0,3740,2015,6,29,1,16615
12445.0,12540.0,12540.0,12508.0,2150,2015,6,30,2,16616
12350.0,12508.0,12508.0,12508.0,7000,2015,7,1,3,16617
12350.0,12476.0,12350.0,12413.0,250,2015,7,2,4,16618
12223.0,12413.0,12223.0,12413.0,520,2015,7,3,5,16619
12350.0,12413.0,12413.0,12413.0,4550,2015,7,6,1,16622
12191.0,12350.0,12350.0,12318.0,27460,2015,7,7,2,16623
12318.0,12318.0,12318.0,12318.0,2640,2015,7,8,3,16624
12255.0,12350.0,12318.0,12350.0,2890,2015,7,9,4,16625
12350.0,12476.0,12445.0,12381.0,11410,2015,7,10,5,16626
12476.0,12666.0,12635.0,12666.0,9660,2015,7,13,1,16629
12666.0,12666.0,12666.0,12666.0,10620,2015,7,14,2,16630
12603.0,12666.0,12666.0,12603.0,12940,2015,7,15,3,16631
12540.0,12603.0,12540.0,12603.0,9660,2015,7,16,4,16632
12508.0,12508.0,12508.0,12508.0,2010,2015,7,17,5,16633
12191.0,12666.0,12191.0,12191.0,11710,2015,7,20,1,16636
12191.0,12666.0,12191.0,12635.0,24400,2015,7,21,2,16637
12191.0,12635.0,12635.0,12191.0,3010,2015,7,22,3,16638
12191.0,12666.0,12191.0,12255.0,12750,2015,7,23,4,16639
12286.0,12445.0,12350.0,12350.0,6870,2015,7,24,5,16640
12033.0,12666.0,12508.0,12666.0,24690,2015,7,27,1,16643
12666.0,12666.0,12666.0,12666.0,0,2015,7,28,2,16644
12223.0,12508.0,12508.0,12223.0,4660,2015,7,29,3,16645
12160.0,12255.0,12255.0,12160.0,10430,2015,7,30,4,16646
11558.0,12286.0,12160.0,11621.0,11330,2015,7,31,5,16647
10925.0,11716.0,10925.0,11178.0,5950,2015,8,3,1,16650
11083.0,11653.0,11083.0,11146.0,2600,2015,8,4,2,16651
11083.0,11146.0,11146.0,11083.0,17310,2015,8,5,3,16652
11083.0,11178.0,11083.0,11083.0,3940,2015,8,6,4,16653
11020.0,11368.0,11083.0,11020.0,9360,2015,8,7,5,16654
10766.0,11210.0,11020.0,11020.0,10100,2015,8,10,1,16657
11020.0,11210.0,11210.0,11051.0,13870,2015,8,11,2,16658
10766.0,11083.0,10925.0,10925.0,21410,2015,8,12,3,16659
10608.0,10925.0,10925.0,10608.0,5640,2015,8,13,4,16660
10291.0,10925.0,10608.0,10291.0,16500,2015,8,14,5,16661
9595.0,9785.0,9595.0,9595.0,256460,2015,8,17,1,16664
9500.0,10228.0,9500.0,10228.0,2250,2015,8,18,2,16665
9848.0,10260.0,10196.0,10260.0,39280,2015,8,19,3,16666
9975.0,10260.0,10260.0,9975.0,10390,2015,8,20,4,16667
9816.0,10196.0,10133.0,10101.0,49160,2015,8,21,5,16668
9816.0,10766.0,9848.0,9975.0,23980,2015,8,24,1,16671
9500.0,10133.0,9816.0,10133.0,2510,2015,8,25,2,16672
10133.0,10291.0,10133.0,10291.0,3070,2015,8,26,3,16673
10101.0,10291.0,10133.0,10291.0,12730,2015,8,27,4,16674
10165.0,10608.0,10196.0,10608.0,3980,2015,8,28,5,16675
10291.0,10608.0,10608.0,10291.0,250,2015,8,31,1,16678
10133.0,10323.0,10291.0,10133.0,18210,2015,9,1,2,16679
10006.0,10006.0,10006.0,10006.0,30,2015,9,3,4,16681
10038.0,10703.0,10038.0,10703.0,2680,2015,9,4,5,16682
10703.0,10703.0,10703.0,10703.0,0,2015,9,7,1,16685
10133.0,10798.0,10133.0,10291.0,5090,2015,9,8,2,16686
10291.0,10640.0,10291.0,10640.0,1030,2015,9,9,3,16687
10640.0,10640.0,10640.0,10640.0,1000,2015,9,10,4,16688
10355.0,10640.0,10450.0,10608.0,2610,2015,9,11,5,16689
10355.0,10450.0,10450.0,10355.0,5220,2015,9,14,1,16692
10355.0,10450.0,10355.0,10386.0,14060,2015,9,15,2,16693
10450.0,10450.0,10450.0,10450.0,130,2015,9,16,3,16694
10355.0,10418.0,10418.0,10355.0,2820,2015,9,17,4,16695
10386.0,10450.0,10386.0,10386.0,8470,2015,9,18,5,16696
10323.0,10418.0,10386.0,10386.0,17810,2015,9,21,1,16699
10133.0,10450.0,10450.0,10133.0,7010,2015,9,22,2,16700
10196.0,10545.0,10545.0,10196.0,110,2015,9,23,3,16701
9848.0,10450.0,9848.0,10260.0,4610,2015,9,24,4,16702
10260.0,10386.0,10355.0,10386.0,15610,2015,9,25,5,16703
10038.0,10386.0,10038.0,10386.0,3580,2015,9,28,1,16706
10006.0,10386.0,10006.0,10386.0,6630,2015,9,29,2,16707
10386.0,10703.0,10386.0,10450.0,23440,2015,9,30,3,16708
10450.0,10481.0,10481.0,10450.0,11010,2015,10,1,4,16709
10386.0,10545.0,10418.0,10386.0,10950,2015,10,2,5,16710
10386.0,10450.0,10450.0,10450.0,730,2015,10,5,1,16713
10355.0,10576.0,10450.0,10418.0,27380,2015,10,6,2,16714
10355.0,10418.0,10418.0,10355.0,5600,2015,10,7,3,16715
10386.0,10418.0,10386.0,10418.0,13430,2015,10,8,4,16716
10323.0,10418.0,10386.0,10355.0,12230,2015,10,9,5,16717
10133.0,10355.0,10291.0,10133.0,1440,2015,10,12,1,16720
10133.0,10291.0,10133.0,10165.0,55750,2015,10,13,2,16721
10133.0,10260.0,10260.0,10165.0,63770,2015,10,14,3,16722
10070.0,10196.0,10101.0,10070.0,9050,2015,10,15,4,16723
10038.0,10070.0,10070.0,10070.0,14690,2015,10,16,5,16724
9943.0,10070.0,10070.0,9943.0,21670,2015,10,19,1,16727
9753.0,9975.0,9975.0,9816.0,45450,2015,10,20,2,16728
9816.0,9848.0,9816.0,9848.0,7460,2015,10,21,3,16729
9848.0,10228.0,9848.0,10228.0,31470,2015,10,22,4,16730
10006.0,10323.0,10260.0,10165.0,26860,2015,10,23,5,16731
10038.0,10165.0,10165.0,10133.0,5080,2015,10,26,1,16734
9943.0,10133.0,9975.0,10133.0,23100,2015,10,27,2,16735
10133.0,10196.0,10133.0,10196.0,31800,2015,10,28,3,16736
9848.0,10260.0,9848.0,10133.0,24110,2015,10,29,4,16737
9975.0,10133.0,10101.0,10133.0,5690,2015,10,30,5,16738
9943.0,10196.0,10196.0,9943.0,10000,2015,11,2,1,16741
9943.0,10038.0,10006.0,10038.0,60730,2015,11,3,2,16742
9975.0,10196.0,9975.0,10070.0,57660,2015,11,4,3,16743
10070.0,10133.0,10133.0,10133.0,2110,2015,11,5,4,16744
10133.0,10418.0,10418.0,10133.0,10330,2015,11,6,5,16745
10133.0,10291.0,10291.0,10165.0,9080,2015,11,9,1,16748
10038.0,10165.0,10165.0,10165.0,9040,2015,11,10,2,16749
10101.0,10165.0,10165.0,10133.0,15270,2015,11,11,3,16750
10070.0,10830.0,10196.0,10830.0,60000,2015,11,12,4,16751
10766.0,11020.0,10830.0,10988.0,34680,2015,11,13,5,16752
10956.0,11083.0,10988.0,10988.0,15340,2015,11,16,1,16755
10988.0,11241.0,10988.0,11178.0,65370,2015,11,17,2,16756
10418.0,11210.0,10418.0,11178.0,24400,2015,11,18,3,16757
10861.0,11400.0,11083.0,11146.0,16570,2015,11,19,4,16758
10925.0,11400.0,10925.0,11400.0,31730,2015,11,20,5,16759
11083.0,11526.0,11083.0,11400.0,28370,2015,11,23,1,16762
11368.0,11558.0,11400.0,11526.0,12420,2015,11,24,2,16763
11558.0,11685.0,11685.0,11558.0,2670,2015,11,25,3,16764
11558.0,12350.0,11558.0,12350.0,87130,2015,11,26,4,16765
11875.0,12191.0,12033.0,12160.0,7960,2015,11,27,5,16766
11906.0,12318.0,12065.0,12318.0,10270,2015,11,30,1,16769
12191.0,12413.0,12191.0,12286.0,38470,2015,12,1,2,16770
12191.0,12508.0,12255.0,12286.0,21470,2015,12,2,3,16771
12191.0,13141.0,12191.0,12508.0,15230,2015,12,3,4,16772
12191.0,12983.0,12350.0,12983.0,20880,2015,12,4,5,16773
12255.0,12635.0,12603.0,12603.0,5850,2015,12,7,1,16776
12223.0,12825.0,12350.0,12793.0,38110,2015,12,8,2,16777
12508.0,12825.0,12508.0,12666.0,40490,2015,12,9,3,16778
12381.0,12666.0,12666.0,12635.0,970,2015,12,10,4,16779
12571.0,12983.0,12635.0,12825.0,48960,2015,12,11,5,16780
12508.0,13110.0,12825.0,12761.0,32210,2015,12,14,1,16783
12666.0,13236.0,12666.0,13236.0,22790,2015,12,15,2,16784
13046.0,13775.0,13173.0,13616.0,50440,2015,12,16,3,16785
13616.0,14091.0,13616.0,13933.0,10140,2015,12,17,4,16786
13458.0,13933.0,13933.0,13711.0,37410,2015,12,18,5,16787
13458.0,14091.0,14091.0,13711.0,10550,2015,12,21,1,16790
13426.0,13775.0,13426.0,13711.0,7200,2015,12,22,2,16791
12793.0,13775.0,13711.0,12951.0,24720,2015,12,23,3,16792
12825.0,13553.0,13553.0,12983.0,11200,2015,12,24,4,16793
12856.0,13616.0,12983.0,13553.0,15500,2015,12,25,5,16794
13141.0,13775.0,13141.0,13743.0,22610,2015,12,28,1,16797
13553.0,13933.0,13616.0,13711.0,6020,2015,12,29,2,16798
13647.0,13935.0,13871.0,13871.0,8770,2015,12,30,3,16799
12942.0,13903.0,12942.0,13743.0,36110,2015,12,31,4,16800
13647.0,13775.0,13743.0,13775.0,4460,2016,1,4,1,16804
13518.0,13775.0,13743.0,13550.0,2120,2016,1,5,2,16805
13615.0,13743.0,13615.0,13743.0,14230,2016,1,6,3,16806
13422.0,13743.0,13711.0,13711.0,13920,2016,1,7,4,16807
13486.0,13743.0,13711.0,13743.0,29760,2016,1,8,5,16808
12846.0,13743.0,12846.0,13518.0,22350,2016,1,11,1,16811
13358.0,13615.0,13615.0,13454.0,23180,2016,1,12,2,16812
13262.0,13583.0,13262.0,13454.0,4490,2016,1,13,3,16813
12974.0,13454.0,13326.0,12974.0,2050,2016,1,14,4,16814
12333.0,13550.0,13550.0,13358.0,20230,2016,1,15,5,16815
12429.0,13358.0,13358.0,13294.0,13910,2016,1,18,1,16818
12782.0,13294.0,13134.0,13134.0,41230,2016,1,19,2,16819
12846.0,13038.0,13038.0,13038.0,92780,2016,1,20,3,16820
12846.0,13615.0,13006.0,13294.0,46790,2016,1,21,4,16821
12974.0,13454.0,12974.0,13294.0,20900,2016,1,22,5,16822
13326.0,13711.0,13454.0,13711.0,19940,2016,1,25,1,16825
13679.0,13935.0,13775.0,13871.0,28740,2016,1,26,2,16826
13935.0,14255.0,13935.0,14095.0,31180,2016,1,27,3,16827
13935.0,14576.0,13935.0,14255.0,26400,2016,1,28,4,16828
13935.0,14415.0,13935.0,14383.0,10240,2016,1,29,5,16829
14095.0,14512.0,14415.0,14255.0,63520,2016,2,1,1,16832
14095.0,14512.0,14255.0,14415.0,7170,2016,2,2,2,16833
14255.0,14576.0,14415.0,14255.0,18500,2016,2,3,3,16834
14223.0,14415.0,14223.0,14287.0,19660,2016,2,4,4,16835
14287.0,14415.0,14319.0,14319.0,17960,2016,2,5,5,16836
14415.0,15024.0,15024.0,14415.0,10730,2016,2,15,1,16846
14351.0,15024.0,15024.0,14608.0,9810,2016,2,16,2,16847
14415.0,14736.0,14736.0,14704.0,10000,2016,2,17,3,16848
14255.0,14704.0,14704.0,14479.0,49250,2016,2,18,4,16849
14415.0,14576.0,14479.0,14415.0,127280,2016,2,19,5,16850
14255.0,14704.0,14255.0,14415.0,6180,2016,2,22,1,16853
14255.0,14544.0,14415.0,14512.0,19580,2016,2,23,2,16854
14287.0,14512.0,14512.0,14319.0,5080,2016,2,24,3,16855
14255.0,14512.0,14383.0,14415.0,18790,2016,2,25,4,16856
14383.0,14736.0,14415.0,14447.0,20440,2016,2,26,5,16857
14447.0,15056.0,15056.0,14479.0,10100,2016,2,29,1,16860
14415.0,14608.0,14479.0,14512.0,10990,2016,3,1,2,16861
14415.0,14864.0,14544.0,14704.0,29860,2016,3,2,3,16862
14608.0,15056.0,14608.0,14928.0,27880,2016,3,3,4,16863
14992.0,15537.0,14992.0,15376.0,58880,2016,3,4,5,16864
15376.0,16337.0,15376.0,16177.0,19000,2016,3,7,1,16867
15953.0,16337.0,16017.0,16177.0,15360,2016,3,8,2,16868
15505.0,16017.0,16017.0,15505.0,18370,2016,3,9,3,16869
15248.0,15889.0,15248.0,15665.0,10330,2016,3,10,4,16870
15537.0,15793.0,15697.0,15537.0,24060,2016,3,11,5,16871
15088.0,15697.0,15537.0,15473.0,10410,2016,3,14,1,16874
15312.0,15537.0,15473.0,15376.0,8450,2016,3,15,2,16875
15376.0,16017.0,15376.0,15889.0,20660,2016,3,16,3,16876
15825.0,16017.0,16017.0,15921.0,13880,2016,3,17,4,16877
15537.0,15953.0,15953.0,15697.0,23220,2016,3,18,5,16878
15408.0,15985.0,15697.0,15697.0,25300,2016,3,21,1,16881
15537.0,15857.0,15633.0,15761.0,76730,2016,3,22,2,16882
15633.0,15985.0,15985.0,15889.0,42330,2016,3,23,3,16883
15729.0,15889.0,15889.0,15889.0,28910,2016,3,24,4,16884
15729.0,15889.0,15889.0,15857.0,16040,2016,3,25,5,16885
15697.0,15889.0,15889.0,15825.0,19400,2016,3,28,1,16888
15537.0,15825.0,15825.0,15537.0,26970,2016,3,29,2,16889
15376.0,15697.0,15697.0,15376.0,32740,2016,3,30,3,16890
15216.0,15441.0,15216.0,15376.0,15300,2016,3,31,4,16891
15056.0,15505.0,15505.0,15376.0,3280,2016,4,1,5,16892
15088.0,15697.0,15537.0,15376.0,47620,2016,4,4,1,16895
15184.0,15376.0,15376.0,15376.0,11950,2016,4,5,2,16896
15120.0,15408.0,15120.0,15408.0,10090,2016,4,6,3,16897
15376.0,15441.0,15408.0,15376.0,17860,2016,4,7,4,16898
15216.0,15857.0,15376.0,15857.0,97080,2016,4,8,5,16899
16177.0,16818.0,16177.0,16818.0,160230,2016,4,11,1,16902
16658.0,17298.0,17298.0,16658.0,30080,2016,4,12,2,16903
16177.0,16658.0,16658.0,16498.0,24380,2016,4,13,3,16904
16177.0,16498.0,16177.0,16337.0,25800,2016,4,14,4,16905
16337.0,16818.0,16337.0,16658.0,68620,2016,4,15,5,16906
16498.0,17138.0,16658.0,16498.0,60440,2016,4,19,2,16910
16498.0,16498.0,16498.0,16498.0,47340,2016,4,20,3,16911
16498.0,17138.0,16498.0,16818.0,84740,2016,4,21,4,16912
16818.0,17939.0,16818.0,17939.0,214730,2016,4,22,5,16913
16818.0,17939.0,17939.0,17619.0,66260,2016,4,25,1,16916
17619.0,18580.0,17779.0,18260.0,116180,2016,4,26,2,16917
18420.0,18740.0,18420.0,18420.0,51360,2016,4,27,3,16918
18099.0,18580.0,18420.0,18260.0,66980,2016,4,28,4,16919
18260.0,18580.0,18260.0,18420.0,26410,2016,4,29,5,16920
18260.0,18580.0,18420.0,18420.0,60810,2016,5,4,3,16925
18260.0,18900.0,18900.0,18580.0,51350,2016,5,5,4,16926
18260.0,18580.0,18580.0,18260.0,16770,2016,5,6,5,16927
18099.0,18580.0,18099.0,18580.0,19960,2016,5,9,1,16930
18580.0,19221.0,18740.0,19221.0,132670,2016,5,10,2,16931
19060.0,19541.0,19221.0,19060.0,91000,2016,5,11,3,16932
19060.0,19221.0,19060.0,19060.0,37270,2016,5,12,4,16933
18740.0,19221.0,18900.0,19221.0,46050,2016,5,13,5,16934
19060.0,19221.0,19221.0,19221.0,29060,2016,5,16,1,16937
18900.0,19541.0,18900.0,19221.0,43670,2016,5,17,2,16938
19060.0,19541.0,19221.0,19381.0,52520,2016,5,18,3,16939
19221.0,19541.0,19541.0,19541.0,14350,2016,5,19,4,16940
19381.0,19701.0,19541.0,19541.0,26180,2016,5,20,5,16941
19221.0,19541.0,19541.0,19541.0,6000,2016,5,23,1,16944
19381.0,19541.0,19381.0,19381.0,40570,2016,5,24,2,16945
19060.0,19381.0,19221.0,19221.0,20100,2016,5,25,3,16946
19060.0,19381.0,19221.0,19381.0,38830,2016,5,26,4,16947
19060.0,19381.0,19381.0,19221.0,22510,2016,5,27,5,16948
19221.0,20502.0,19221.0,20502.0,283640,2016,5,30,1,16951
20502.0,21143.0,20502.0,20822.0,60510,2016,5,31,2,16952
20823.0,21148.0,20985.0,20985.0,17590,2016,6,1,3,16953
20660.0,20985.0,20823.0,20823.0,31460,2016,6,2,4,16954
20660.0,22124.0,20660.0,21636.0,101770,2016,6,3,5,16955
21636.0,22449.0,21636.0,22124.0,125670,2016,6,6,1,16958
21636.0,22124.0,22124.0,21961.0,118950,2016,6,7,2,16959
21799.0,22287.0,21961.0,21799.0,145480,2016,6,8,3,16960
21473.0,21961.0,21961.0,21473.0,47510,2016,6,9,4,16961
21311.0,22124.0,21311.0,21473.0,63230,2016,6,10,5,16962
21148.0,21799.0,21473.0,21311.0,131780,2016,6,13,1,16965
20985.0,21311.0,20985.0,21148.0,85970,2016,6,14,2,16966
20985.0,21799.0,21148.0,21799.0,84320,2016,6,15,3,16967
21311.0,21961.0,21799.0,21311.0,75090,2016,6,16,4,16968
21148.0,21473.0,21148.0,21473.0,32720,2016,6,17,5,16969
21311.0,22775.0,21473.0,22612.0,254970,2016,6,20,1,16972
22937.0,24076.0,22937.0,23100.0,142890,2016,6,21,2,16973
23100.0,23751.0,23100.0,23588.0,42810,2016,6,22,3,16974
23100.0,24564.0,23588.0,24076.0,190990,2016,6,23,4,16975
22449.0,23913.0,23913.0,23751.0,386510,2016,6,24,5,16976
22775.0,24401.0,23425.0,24401.0,108200,2016,6,27,1,16979
24076.0,25866.0,24401.0,25052.0,211010,2016,6,28,2,16980
25052.0,26028.0,25052.0,25703.0,221710,2016,6,29,3,16981
24890.0,25866.0,25866.0,25052.0,150770,2016,6,30,4,16982
24076.0,25540.0,24076.0,24401.0,283090,2016,7,1,5,16983
24239.0,25052.0,24401.0,24890.0,249830,2016,7,4,1,16986
24890.0,25378.0,25052.0,24890.0,121870,2016,7,5,2,16987
24564.0,25378.0,24890.0,25215.0,227000,2016,7,6,3,16988
25540.0,26842.0,25540.0,26679.0,552850,2016,7,7,4,16989
26191.0,27655.0,26516.0,26354.0,257490,2016,7,8,5,16990
25215.0,26679.0,26354.0,25540.0,184000,2016,7,11,1,16993
24727.0,25703.0,25540.0,25215.0,227080,2016,7,12,2,16994
25052.0,25866.0,25215.0,25052.0,212770,2016,7,13,3,16995
23425.0,25215.0,25215.0,23588.0,299500,2016,7,14,4,16996
22449.0,23588.0,22612.0,22775.0,261290,2016,7,15,5,16997
22287.0,23263.0,22449.0,23263.0,120510,2016,7,18,1,17000
23100.0,23751.0,23263.0,23100.0,122280,2016,7,19,2,17001
22775.0,23588.0,22775.0,23263.0,80700,2016,7,20,3,17002
22287.0,23100.0,22775.0,22775.0,56780,2016,7,21,4,17003
22124.0,22937.0,22937.0,22287.0,97290,2016,7,22,5,17004
21636.0,22449.0,22287.0,21799.0,115340,2016,7,25,1,17007
20335.0,21799.0,21473.0,20497.0,260900,2016,7,26,2,17008
20335.0,21636.0,20497.0,21473.0,141750,2016,7,27,3,17009
21148.0,21961.0,21799.0,21148.0,59720,2016,7,28,4,17010
20823.0,21311.0,21148.0,20823.0,71040,2016,7,29,5,17011
20172.0,20823.0,20823.0,20497.0,102860,2016,8,1,1,17014
20172.0,20985.0,20335.0,20823.0,81640,2016,8,2,2,17015
20335.0,20823.0,20823.0,20660.0,30010,2016,8,3,3,17016
20497.0,20823.0,20823.0,20497.0,43900,2016,8,4,4,17017
20172.0,20497.0,20335.0,20335.0,35850,2016,8,5,5,17018
20335.0,21311.0,20497.0,21311.0,125980,2016,8,8,1,17021
20985.0,21311.0,21311.0,21311.0,55630,2016,8,9,2,17022
21311.0,22775.0,21311.0,22775.0,136310,2016,8,10,3,17023
22287.0,22937.0,22775.0,22775.0,185170,2016,8,11,4,17024
22124.0,22775.0,22775.0,22449.0,104570,2016,8,12,5,17025
22124.0,23263.0,22124.0,22775.0,119180,2016,8,15,1,17028
22612.0,23751.0,22937.0,23588.0,216580,2016,8,16,2,17029
23425.0,24401.0,23588.0,24239.0,222150,2016,8,17,3,17030
23751.0,24239.0,24239.0,23913.0,109170,2016,8,18,4,17031
23100.0,23913.0,23913.0,23425.0,160690,2016,8,19,5,17032
22775.0,23425.0,23425.0,22775.0,161140,2016,8,22,1,17035
22612.0,23100.0,22775.0,23100.0,179120,2016,8,23,2,17036
22124.0,23100.0,22775.0,22124.0,245910,2016,8,24,3,17037
21636.0,22449.0,22124.0,21799.0,151160,2016,8,25,4,17038
21799.0,22612.0,21799.0,22287.0,87070,2016,8,26,5,17039
21636.0,22449.0,22449.0,21636.0,115960,2016,8,29,1,17042
21636.0,22124.0,21636.0,21799.0,47820,2016,8,30,2,17043
21799.0,22937.0,21961.0,22937.0,174390,2016,8,31,3,17044
22449.0,22937.0,22937.0,22612.0,56360,2016,9,1,4,17045
22612.0,22937.0,22775.0,22937.0,74250,2016,9,5,1,17049
22937.0,23913.0,22937.0,23751.0,249910,2016,9,6,2,17050
23263.0,23913.0,23913.0,23588.0,173410,2016,9,7,3,17051
23588.0,24076.0,23588.0,23913.0,110410,2016,9,8,4,17052
23425.0,23913.0,23913.0,23588.0,140070,2016,9,9,5,17053
22124.0,23588.0,23425.0,22872.0,85330,2016,9,12,1,17056
22384.0,23100.0,22840.0,22775.0,104390,2016,9,13,2,17057
22319.0,22775.0,22612.0,22319.0,107830,2016,9,14,3,17058
22352.0,23100.0,22579.0,22872.0,117660,2016,9,15,4,17059
22449.0,22872.0,22775.0,22807.0,81000,2016,9,16,5,17060
22775.0,23556.0,22775.0,23230.0,130140,2016,9,19,1,17063
23393.0,23816.0,23490.0,23425.0,145900,2016,9,20,2,17064
23425.0,23816.0,23425.0,23588.0,110210,2016,9,21,3,17065
23913.0,24694.0,23913.0,24401.0,302560,2016,9,22,4,17066
24206.0,24597.0,24239.0,24401.0,190770,2016,9,23,5,17067
24401.0,25215.0,24890.0,24922.0,248300,2016,9,26,1,17070
24922.0,25150.0,24922.0,25020.0,110040,2016,9,27,2,17071
24597.0,25052.0,25052.0,24727.0,239740,2016,9,28,3,17072
24564.0,24922.0,24727.0,24759.0,228980,2016,9,29,4,17073
24401.0,24792.0,24727.0,24401.0,135530,2016,9,30,5,17074
24141.0,24401.0,24401.0,24239.0,146340,2016,10,3,1,17077
24239.0,24857.0,24239.0,24401.0,121000,2016,10,4,2,17078
24467.0,24824.0,24467.0,24727.0,274770,2016,10,5,3,17079
24727.0,25312.0,24727.0,24890.0,280130,2016,10,6,4,17080
24336.0,25020.0,24987.0,24401.0,105230,2016,10,7,5,17081
23783.0,24564.0,24564.0,23816.0,156860,2016,10,10,1,17084
22807.0,23913.0,23816.0,23718.0,203880,2016,10,11,2,17085
23263.0,23848.0,23848.0,23751.0,61880,2016,10,12,3,17086
23588.0,23751.0,23751.0,23653.0,52330,2016,10,13,4,17087
23588.0,24239.0,23653.0,24011.0,79270,2016,10,14,5,17088
24076.0,24369.0,24076.0,24206.0,73620,2016,10,17,1,17091
24206.0,24662.0,24239.0,24401.0,127400,2016,10,18,2,17092
24239.0,24662.0,24662.0,24239.0,70170,2016,10,19,3,17093
23425.0,24304.0,24239.0,23751.0,66230,2016,10,20,4,17094
23263.0,23913.0,23913.0,23425.0,131610,2016,10,21,5,17095
22775.0,23425.0,23425.0,22775.0,102880,2016,10,24,1,17098
21961.0,22775.0,22775.0,22157.0,145680,2016,10,25,2,17099
22091.0,22612.0,22157.0,22449.0,103910,2016,10,26,3,17100
22287.0,22775.0,22775.0,22449.0,59470,2016,10,27,4,17101
22319.0,22612.0,22612.0,22384.0,37330,2016,10,28,5,17102
21799.0,22482.0,22449.0,22124.0,108550,2016,10,31,1,17105
22059.0,22287.0,22287.0,22189.0,94750,2016,11,1,2,17106
22124.0,22449.0,22319.0,22124.0,79260,2016,11,2,3,17107
22059.0,22514.0,22254.0,22482.0,125520,2016,11,3,4,17108
22189.0,22612.0,22612.0,22449.0,18820,2016,11,4,5,17109
22287.0,22482.0,22449.0,22287.0,80830,2016,11,7,1,17112
22124.0,22449.0,22417.0,22254.0,83050,2016,11,8,2,17113
22059.0,23751.0,22124.0,23751.0,496070,2016,11,9,3,17114
23100.0,23490.0,23263.0,23425.0,156620,2016,11,10,4,17115
22937.0,23165.0,23165.0,22937.0,41950,2016,11,11,5,17116
22287.0,22775.0,22775.0,22319.0,134860,2016,11,14,1,17119
22189.0,22775.0,22222.0,22319.0,66910,2016,11,15,2,17120
22254.0,22677.0,22254.0,22449.0,49900,2016,11,16,3,17121
22384.0,22612.0,22547.0,22547.0,80870,2016,11,17,4,17122
22287.0,22547.0,22449.0,22449.0,126860,2016,11,18,5,17123
22384.0,22612.0,22449.0,22514.0,89940,2016,11,21,1,17126
22449.0,22742.0,22742.0,22645.0,138720,2016,11,22,2,17127
22711.0,22975.0,22942.0,22810.0,78520,2016,11,23,3,17128
22744.0,23273.0,22744.0,23206.0,117530,2016,11,24,4,17129
22942.0,23273.0,23273.0,23107.0,39090,2016,11,25,5,17130
22447.0,23107.0,23107.0,22975.0,80540,2016,11,28,1,17133
21787.0,22810.0,22777.0,22084.0,326690,2016,11,29,2,17134
21523.0,22744.0,21523.0,22744.0,164440,2016,11,30,3,17135
22777.0,23107.0,22777.0,22777.0,219010,2016,12,1,4,17136
22612.0,23273.0,22777.0,22810.0,118650,2016,12,2,5,17137
22612.0,22876.0,22777.0,22810.0,33020,2016,12,5,1,17140
22711.0,22876.0,22810.0,22744.0,74350,2016,12,6,2,17141
22579.0,22810.0,22744.0,22744.0,65020,2016,12,7,3,17142
22480.0,22777.0,22777.0,22513.0,56270,2016,12,8,4,17143
22546.0,22876.0,22678.0,22744.0,104030,2016,12,9,5,17144
21556.0,22447.0,21622.0,21622.0,245150,2016,12,12,1,17147
21523.0,21919.0,21622.0,21787.0,58380,2016,12,13,2,17148
21787.0,22447.0,21787.0,22414.0,93270,2016,12,14,3,17149
22183.0,22612.0,22414.0,22546.0,52140,2016,12,15,4,17150
22447.0,22612.0,22612.0,22546.0,33980,2016,12,16,5,17151
22282.0,22579.0,22447.0,22447.0,53490,2016,12,19,1,17154
22315.0,22546.0,22513.0,22447.0,79830,2016,12,20,2,17155
22414.0,22546.0,22546.0,22480.0,44110,2016,12,21,3,17156
22117.0,22381.0,22381.0,22315.0,74070,2016,12,22,4,17157
22150.0,22315.0,22282.0,22282.0,19760,2016,12,23,5,17158
22084.0,22282.0,22282.0,22117.0,16000,2016,12,26,1,17161
21886.0,22183.0,22183.0,22117.0,40140,2016,12,27,2,17162
21919.0,22117.0,22117.0,21985.0,28420,2016,12,28,3,17163
21787.0,22018.0,21886.0,21952.0,28740,2016,12,29,4,17164
21886.0,22018.0,21952.0,21952.0,45140,2016,12,30,5,17165
21886.0,22084.0,21952.0,22018.0,44950,2017,1,3,2,17169
21886.0,22117.0,21952.0,22084.0,30070,2017,1,4,3,17170
22117.0,22282.0,22282.0,22117.0,27000,2017,1,5,4,17171
22117.0,22744.0,22117.0,22744.0,167450,2017,1,6,5,17172
22744.0,23074.0,22777.0,23074.0,90680,2017,1,9,1,17175
22876.0,23074.0,23041.0,23041.0,48550,2017,1,10,2,17176
22909.0,23074.0,22975.0,22909.0,64810,2017,1,11,3,17177
22909.0,23074.0,22942.0,22909.0,63440,2017,1,12,4,17178
22810.0,22909.0,22909.0,22810.0,35430,2017,1,13,5,17179
22447.0,22942.0,22942.0,22711.0,57800,2017,1,16,1,17182
22612.0,22777.0,22744.0,22645.0,47100,2017,1,17,2,17183
22678.0,22777.0,22711.0,22744.0,40940,2017,1,18,3,17184
22678.0,22876.0,22678.0,22744.0,80660,2017,1,19,4,17185
22612.0,22909.0,22744.0,22744.0,10420,2017,1,20,5,17186
22612.0,22744.0,22744.0,22744.0,15390,2017,1,23,1,17189
22183.0,22744.0,22711.0,22645.0,38470,2017,1,24,2,17190
22612.0,22876.0,22612.0,22777.0,35390,2017,1,25,3,17191
22777.0,23339.0,22777.0,23273.0,47710,2017,2,2,4,17199
23107.0,23306.0,23140.0,23140.0,43460,2017,2,3,5,17200
23140.0,23570.0,23206.0,23504.0,188310,2017,2,6,1,17203
23537.0,24164.0,23735.0,23966.0,177980,2017,2,7,2,17204
24065.0,24527.0,24098.0,24098.0,138730,2017,2,8,3,17205
23900.0,24395.0,24098.0,23900.0,111830,2017,2,9,4,17206
23900.0,24725.0,23933.0,24461.0,188290,2017,2,10,5,17207
24428.0,24956.0,24626.0,24923.0,168530,2017,2,13,1,17210
24593.0,25088.0,25088.0,24791.0,107530,2017,2,14,2,17211
24593.0,24923.0,24758.0,24725.0,59030,2017,2,15,3,17212
24494.0,25187.0,24791.0,24494.0,161120,2017,2,16,4,17213
24164.0,24758.0,24494.0,24758.0,145080,2017,2,17,5,17214
24824.0,25880.0,24824.0,25880.0,254450,2017,2,20,1,17217
25649.0,26376.0,25979.0,25649.0,100290,2017,2,21,2,17218
25220.0,25880.0,25748.0,25385.0,123850,2017,2,22,3,17219
24758.0,25418.0,25418.0,25022.0,125470,2017,2,23,4,17220
24758.0,25253.0,24923.0,25154.0,80800,2017,2,24,5,17221
24956.0,25649.0,25253.0,25583.0,118130,2017,2,27,1,17224
24758.0,26243.0,25583.0,24758.0,142760,2017,2,28,2,17225
24593.0,25253.0,24758.0,24923.0,96930,2017,3,1,3,17226
24923.0,25253.0,24923.0,25121.0,36160,2017,3,2,4,17227
24923.0,25517.0,24923.0,25352.0,98530,2017,3,3,5,17228
25187.0,25748.0,25352.0,25187.0,65930,2017,3,6,1,17231
25088.0,25517.0,25187.0,25253.0,66940,2017,3,7,2,17232
25187.0,25682.0,25253.0,25682.0,100020,2017,3,8,3,17233
25583.0,26210.0,25748.0,26045.0,291250,2017,3,9,4,17234
25748.0,26276.0,26078.0,25946.0,151140,2017,3,10,5,17235
25352.0,25946.0,25946.0,25583.0,46100,2017,3,13,1,17238
25451.0,25748.0,25649.0,25682.0,95460,2017,3,14,2,17239
25220.0,25748.0,25748.0,25319.0,194590,2017,3,15,3,17240
25022.0,25385.0,25319.0,25022.0,140210,2017,3,16,4,17241
24923.0,25319.0,25022.0,25154.0,89680,2017,3,17,5,17242
25088.0,25385.0,25385.0,25385.0,66420,2017,3,20,1,17245
25121.0,25385.0,25385.0,25385.0,23010,2017,3,21,2,17246
24626.0,25352.0,25352.0,24626.0,81070,2017,3,22,3,17247
24560.0,24824.0,24626.0,24593.0,112910,2017,3,23,4,17248
24560.0,24692.0,24593.0,24626.0,46910,2017,3,24,5,17249
24329.0,24626.0,24626.0,24329.0,103690,2017,3,27,1,17252
24164.0,24428.0,24296.0,24329.0,61470,2017,3,28,2,17253
24296.0,25055.0,24329.0,24956.0,55510,2017,3,29,3,17254
24626.0,25253.0,25088.0,24758.0,23220,2017,3,30,4,17255
24758.0,25055.0,25055.0,25022.0,30220,2017,3,31,5,17256
24428.0,25022.0,24956.0,24461.0,89640,2017,4,3,1,17259
24395.0,24593.0,24461.0,24461.0,63730,2017,4,4,2,17260
24428.0,24659.0,24659.0,24428.0,18620,2017,4,5,3,17261
24395.0,24593.0,24428.0,24560.0,39660,2017,4,7,5,17263
24593.0,25154.0,24692.0,25088.0,79280,2017,4,10,1,17266
24956.0,25385.0,25187.0,25385.0,73580,2017,4,11,2,17267
25154.0,25748.0,25418.0,25385.0,89170,2017,4,12,3,17268
25385.0,25715.0,25385.0,25583.0,112230,2017,4,13,4,17269
24923.0,25847.0,25847.0,25220.0,78000,2017,4,14,5,17270
24593.0,25253.0,25253.0,24692.0,42350,2017,4,17,1,17273
24593.0,24923.0,24692.0,24890.0,46470,2017,4,18,2,17274
25352.0,26607.0,25583.0,26607.0,561970,2017,4,19,3,17275
27069.0,27894.0,27894.0,27267.0,353550,2017,4,20,4,17276
26838.0,27729.0,27267.0,27729.0,248780,2017,4,21,5,17277
27399.0,28950.0,27564.0,28818.0,442480,2017,4,24,1,17280
28389.0,29016.0,28719.0,28389.0,114320,2017,4,25,2,17281
28389.0,28884.0,28389.0,28554.0,156480,2017,4,26,3,17282
28554.0,29545.0,28620.0,29379.0,315120,2017,4,27,4,17283
28884.0,29313.0,29181.0,29016.0,207310,2017,4,28,5,17284
28719.0,30205.0,29016.0,30040.0,260800,2017,5,3,3,17289
29710.0,30700.0,29743.0,30667.0,450980,2017,5,4,4,17290
30370.0,31525.0,30667.0,31294.0,245810,2017,5,5,5,17291
29974.0,32152.0,31822.0,31360.0,344970,2017,5,8,1,17294
30997.0,31690.0,30997.0,31426.0,224430,2017,5,9,2,17295
30370.0,31525.0,31426.0,30370.0,198930,2017,5,10,3,17296
29710.0,30271.0,30073.0,29743.0,245670,2017,5,11,4,17297
29644.0,30667.0,29710.0,30304.0,136910,2017,5,12,5,17298
30106.0,31327.0,30106.0,30832.0,116210,2017,5,15,1,17301
29875.0,30964.0,30733.0,29875.0,290630,2017,5,16,2,17302
30306.0,30806.0,30473.0,30673.0,342600,2017,5,17,3,17303
30606.0,31972.0,30673.0,30806.0,198010,2017,5,18,4,17304
30873.0,31472.0,30873.0,31172.0,55000,2017,5,19,5,17305
31172.0,31805.0,31439.0,31305.0,106520,2017,5,22,1,17308
31072.0,31439.0,31305.0,31305.0,151810,2017,5,23,2,17309
31472.0,32971.0,31639.0,32604.0,338260,2017,5,24,3,17310
31805.0,32638.0,32604.0,31938.0,216030,2017,5,25,4,17311
31938.0,32471.0,31938.0,32305.0,86860,2017,5,26,5,17312
31705.0,32405.0,32305.0,32138.0,163740,2017,5,29,1,17315
30639.0,32138.0,32138.0,31639.0,253070,2017,5,30,2,17316
31472.0,32271.0,31639.0,31738.0,250790,2017,5,31,3,17317
31672.0,32071.0,32071.0,32038.0,139460,2017,6,1,4,17318
31639.0,32071.0,32071.0,31972.0,56270,2017,6,2,5,17319
31539.0,32038.0,31905.0,31738.0,111650,2017,6,5,1,17322
31705.0,33304.0,31872.0,32504.0,541400,2017,6,6,2,17323
32138.0,33137.0,32638.0,32271.0,363030,2017,6,7,3,17324
32005.0,33137.0,32271.0,32704.0,671600,2017,6,8,4,17325
32471.0,32904.0,32571.0,32604.0,477390,2017,6,9,5,17326
32038.0,32604.0,32604.0,32138.0,320640,2017,6,12,1,17329
31472.0,32138.0,31672.0,31905.0,335670,2017,6,13,2,17330
31738.0,32105.0,31905.0,31738.0,336920,2017,6,14,3,17331
31239.0,32171.0,31738.0,32138.0,537390,2017,6,15,4,17332
31938.0,32405.0,32238.0,32138.0,288080,2017,6,16,5,17333
31872.0,32238.0,32138.0,31972.0,195590,2017,6,19,1,17336
31738.0,32138.0,31972.0,32138.0,133140,2017,6,20,2,17337
32005.0,32271.0,32038.0,32205.0,211270,2017,6,21,3,17338
32638.0,33304.0,32638.0,32738.0,570070,2017,6,22,4,17339
32638.0,34902.0,32804.0,33970.0,970190,2017,6,23,5,17340
34236.0,35602.0,34270.0,34636.0,342730,2017,6,26,1,17343
33970.0,34636.0,34636.0,33970.0,242790,2017,6,27,2,17344
33803.0,34303.0,33970.0,33936.0,308680,2017,6,28,3,17345
33903.0,34303.0,33936.0,33970.0,295150,2017,6,29,4,17346
33903.0,34236.0,33970.0,33903.0,367240,2017,6,30,5,17347
33903.0,34769.0,34036.0,34469.0,187870,2017,7,3,1,17350
34070.0,34603.0,34469.0,34303.0,103730,2017,7,4,2,17351
33803.0,34802.0,34736.0,33936.0,453550,2017,7,5,3,17352
32638.0,34070.0,34070.0,32971.0,657330,2017,7,6,4,17353
32671.0,33637.0,32671.0,32971.0,495050,2017,7,7,5,17354
31705.0,32971.0,32971.0,31872.0,573510,2017,7,10,1,17357
31505.0,32138.0,31872.0,31838.0,570600,2017,7,11,2,17358
31738.0,32704.0,31838.0,32638.0,372190,2017,7,12,3,17359
32138.0,32704.0,32704.0,32405.0,111760,2017,7,13,4,17360
32205.0,32638.0,32405.0,32405.0,189370,2017,7,14,5,17361
31905.0,32471.0,32305.0,31972.0,232820,2017,7,17,1,17364
31805.0,32305.0,31805.0,31938.0,197410,2017,7,18,2,17365
31972.0,32571.0,32071.0,32238.0,135920,2017,7,19,3,17366
32171.0,32638.0,32305.0,32405.0,293750,2017,7,20,4,17367
32005.0,32571.0,32571.0,32271.0,175940,2017,7,21,5,17368
31972.0,32371.0,31972.0,32371.0,116100,2017,7,24,1,17371
32305.0,32571.0,32305.0,32438.0,193000,2017,7,25,2,17372
32638.0,33803.0,32638.0,33803.0,623840,2017,7,26,3,17373
33570.0,34469.0,33803.0,33637.0,281740,2017,7,27,4,17374
33637.0,34469.0,33637.0,34336.0,221370,2017,7,28,5,17375
34170.0,34802.0,34636.0,34603.0,243880,2017,7,31,1,17378
34802.0,35402.0,34836.0,34969.0,644940,2017,8,1,2,17379
34469.0,35036.0,34969.0,34636.0,204310,2017,8,2,3,17380
34403.0,35435.0,34403.0,35036.0,422670,2017,8,3,4,17381
35069.0,35935.0,35069.0,35801.0,362180,2017,8,4,5,17382
35801.0,36368.0,35968.0,35801.0,268030,2017,8,7,1,17385
35036.0,35935.0,35801.0,35036.0,278550,2017,8,8,2,17386
33970.0,35002.0,34869.0,34303.0,512320,2017,8,9,3,17387
34170.0,34869.0,34170.0,34669.0,207590,2017,8,10,4,17388
34503.0,35269.0,34869.0,34969.0,172270,2017,8,11,5,17389
34969.0,35302.0,34969.0,35135.0,96390,2017,8,14,1,17392
35168.0,35835.0,35202.0,35468.0,209890,2017,8,15,2,17393
35334.0,35771.0,35771.0,35402.0,117000,2017,8,16,3,17394
34965.0,35469.0,35469.0,35032.0,114060,2017,8,17,4,17395
34628.0,35469.0,34796.0,35233.0,165470,2017,8,18,5,17396
34965.0,35368.0,35200.0,35133.0,97190,2017,8,21,1,17399
34696.0,35301.0,34998.0,34864.0,123130,2017,8,22,2,17400
34460.0,34965.0,34965.0,34864.0,147250,2017,8,23,3,17401
34628.0,35267.0,34864.0,35166.0,83750,2017,8,24,4,17402
34830.0,35301.0,35301.0,34965.0,131210,2017,8,25,5,17403
34897.0,35839.0,34965.0,35301.0,221110,2017,8,28,1,17406
35502.0,35973.0,35771.0,35536.0,213400,2017,8,29,2,17407
35469.0,36477.0,35469.0,36141.0,238620,2017,8,30,3,17408
35973.0,36444.0,36309.0,36141.0,170810,2017,8,31,4,17409
36141.0,36410.0,36276.0,36309.0,178380,2017,9,1,5,17410
36175.0,36477.0,36309.0,36175.0,143660,2017,9,5,2,17414
35906.0,36309.0,36242.0,35973.0,171220,2017,9,6,3,17415
35973.0,36276.0,35973.0,36141.0,98480,2017,9,7,4,17416
36175.0,36948.0,36309.0,36847.0,243200,2017,9,8,5,17417
36477.0,37486.0,36847.0,36713.0,248500,2017,9,11,1,17420
36578.0,36948.0,36713.0,36847.0,171240,2017,9,12,2,17421
36847.0,37957.0,36847.0,37520.0,333350,2017,9,13,3,17422
37419.0,37889.0,37822.0,37486.0,166430,2017,9,14,4,17423
37183.0,37654.0,37486.0,37654.0,93030,2017,9,15,5,17424
37654.0,38158.0,37957.0,37889.0,156690,2017,9,18,1,17427
37889.0,38663.0,37889.0,38327.0,219100,2017,9,19,2,17428
38327.0,38831.0,38327.0,38427.0,147810,2017,9,20,3,17429
38495.0,38965.0,38730.0,38528.0,219060,2017,9,21,4,17430
38293.0,38831.0,38629.0,38461.0,262280,2017,9,22,5,17431
38394.0,38864.0,38427.0,38663.0,111570,2017,9,25,1,17434
38528.0,38898.0,38663.0,38595.0,150590,2017,9,26,2,17435
37654.0,38595.0,38461.0,37688.0,445370,2017,9,27,3,17436
37486.0,37990.0,37688.0,37889.0,240310,2017,9,28,4,17437
37721.0,38259.0,37889.0,38259.0,76040,2017,9,29,5,17438
37990.0,38461.0,38259.0,38024.0,89470,2017,10,2,1,17441
37822.0,38595.0,37990.0,38293.0,235430,2017,10,3,2,17442
38259.0,38461.0,38394.0,38293.0,75800,2017,10,4,3,17443
37520.0,38427.0,38360.0,37520.0,462940,2017,10,5,4,17444
37049.0,37688.0,37452.0,37150.0,409370,2017,10,6,5,17445
37150.0,37486.0,37318.0,37284.0,225550,2017,10,9,1,17448
37083.0,38158.0,37083.0,38158.0,175830,2017,10,10,2,17449
37654.0,38427.0,38125.0,37654.0,330130,2017,10,11,3,17450
36309.0,37318.0,37318.0,36612.0,894060,2017,10,12,4,17451
35502.0,36679.0,36612.0,36679.0,799500,2017,10,13,5,17452
36545.0,37284.0,36814.0,36948.0,270580,2017,10,16,1,17455
36746.0,37284.0,36746.0,37150.0,200920,2017,10,17,2,17456
36847.0,37419.0,36982.0,37419.0,331670,2017,10,18,3,17457
36814.0,37486.0,37419.0,37150.0,93460,2017,10,19,4,17458
36646.0,37452.0,37150.0,36646.0,184910,2017,10,20,5,17459
35738.0,36646.0,36309.0,35940.0,227440,2017,10,23,1,17462
35872.0,36309.0,35940.0,36007.0,123800,2017,10,24,2,17463
36007.0,36410.0,36007.0,36040.0,139000,2017,10,25,3,17464
35906.0,36175.0,36040.0,35940.0,136070,2017,10,26,4,17465
35940.0,36511.0,35940.0,36141.0,148280,2017,10,27,5,17466
36175.0,36646.0,36309.0,36343.0,190440,2017,10,30,1,17469
36040.0,36343.0,36309.0,36175.0,87730,2017,10,31,2,17470
36074.0,36477.0,36074.0,36276.0,129000,2017,11,1,3,17471
34292.0,36309.0,36276.0,34830.0,690570,2017,11,2,4,17472
34796.0,35301.0,34830.0,35301.0,126030,2017,11,3,5,17473
35301.0,36309.0,35301.0,36309.0,185770,2017,11,6,1,17476
36040.0,36309.0,36276.0,36208.0,147300,2017,11,7,2,17477
36208.0,36646.0,36208.0,36646.0,192550,2017,11,8,3,17478
36814.0,37486.0,36982.0,37116.0,298600,2017,11,9,4,17479
36847.0,37385.0,36847.0,37284.0,153350,2017,11,10,5,17480
37183.0,39873.0,37318.0,39873.0,716480,2017,11,13,1,17483
39335.0,41016.0,40344.0,40344.0,580890,2017,11,14,2,17484
39940.0,40915.0,40344.0,40142.0,306290,2017,11,15,3,17485
39671.0,40814.0,40142.0,40176.0,587280,2017,11,16,4,17486
39033.0,40646.0,40512.0,39066.0,1090260,2017,11,17,5,17487
39033.0,39839.0,39335.0,39671.0,311370,2017,11,20,1,17490
39503.0,40142.0,40007.0,39537.0,263010,2017,11,21,2,17491
39537.0,40680.0,39839.0,40680.0,718750,2017,11,22,3,17492
40714.0,41688.0,41016.0,41319.0,533760,2017,11,23,4,17493
40680.0,41857.0,41016.0,41487.0,289140,2017,11,24,5,17494
40882.0,41857.0,41688.0,41016.0,436100,2017,11,27,1,17497
40579.0,41319.0,41016.0,40814.0,407880,2017,11,28,2,17498
40714.0,41184.0,40882.0,41016.0,180710,2017,11,29,3,17499
41083.0,42159.0,41621.0,41890.0,306190,2017,11,30,4,17500
41890.0,42697.0,41890.0,42697.0,291940,2017,12,1,5,17501
42428.0,43033.0,42697.0,42697.0,256930,2017,12,4,1,17504
42025.0,42865.0,42697.0,42025.0,468260,2017,12,5,2,17505
41588.0,42361.0,41890.0,42025.0,480400,2017,12,6,3,17506
41218.0,42428.0,42361.0,41218.0,274350,2017,12,7,4,17507
41218.0,41688.0,41218.0,41520.0,246170,2017,12,8,5,17508
41184.0,42260.0,41520.0,41352.0,163830,2017,12,11,1,17511
39335.0,42025.0,41688.0,41520.0,349730,2017,12,12,2,17512
40848.0,41924.0,41520.0,41016.0,322040,2017,12,13,3,17513
40882.0,42361.0,40882.0,42361.0,233910,2017,12,14,4,17514
42126.0,44042.0,42395.0,44042.0,517860,2017,12,15,5,17515
43605.0,44882.0,44378.0,44042.0,542880,2017,12,18,1,17518
43839.0,44312.0,44312.0,44278.0,317400,2017,12,19,2,17519
44143.0,44650.0,44447.0,44481.0,244000,2017,12,20,3,17520
44515.0,45564.0,44650.0,44989.0,273660,2017,12,21,4,17521
44278.0,44989.0,44650.0,44278.0,326190,2017,12,22,5,17522
44143.0,44650.0,44481.0,44312.0,197100,2017,12,25,1,17525
44312.0,44989.0,44380.0,44549.0,159460,2017,12,26,2,17526
44549.0,44989.0,44650.0,44752.0,234490,2017,12,27,3,17527
44752.0,45699.0,44955.0,45699.0,276470,2017,12,28,4,17528
45801.0,46342.0,45970.0,46342.0,306890,2017,12,29,5,17529
45158.0,46984.0,46984.0,45192.0,798850,2018,1,2,2,17533
44650.0,45665.0,45192.0,44989.0,715160,2018,1,3,3,17534
44786.0,45665.0,44989.0,45327.0,364810,2018,1,4,4,17535
44853.0,45530.0,45327.0,45327.0,308200,2018,1,5,5,17536
44887.0,45834.0,45327.0,45530.0,225860,2018,1,8,1,17539
45192.0,45834.0,45767.0,45225.0,216780,2018,1,9,2,17540
45327.0,46680.0,45327.0,46376.0,453520,2018,1,10,3,17541
45868.0,46342.0,46342.0,46105.0,148850,2018,1,11,4,17542
45665.0,46308.0,46003.0,46173.0,281300,2018,1,12,5,17543
45902.0,47661.0,46173.0,47187.0,246360,2018,1,15,1,17546
47187.0,47864.0,47695.0,47661.0,479470,2018,1,16,2,17547
46680.0,47830.0,47526.0,46680.0,190050,2018,1,17,3,17548
45327.0,46680.0,46037.0,46680.0,332260,2018,1,18,4,17549
48033.0,49691.0,49691.0,48371.0,888650,2018,1,19,5,17550
48371.0,49386.0,48676.0,49048.0,388760,2018,1,22,1,17553
49048.0,49048.0,49048.0,49048.0,0,2018,1,23,2,17554
49048.0,49048.0,49048.0,49048.0,0,2018,1,24,3,17555
49048.0,49555.0,49048.0,49115.0,432090,2018,1,25,4,17556
47357.0,49555.0,49318.0,48540.0,267620,2018,1,26,5,17557
47695.0,48710.0,48540.0,47762.0,201200,2018,1,29,1,17560
47052.0,49555.0,47357.0,49386.0,537170,2018,1,30,2,17561
49893.0,50908.0,50401.0,50401.0,232940,2018,1,31,3,17562
49724.0,51416.0,50096.0,50401.0,200350,2018,2,1,4,17563
50401.0,51416.0,50401.0,50908.0,296350,2018,2,2,5,17564
48710.0,51044.0,50029.0,49386.0,384760,2018,2,5,1,17567
45936.0,49048.0,45970.0,47661.0,1127520,2018,2,6,2,17568
48642.0,50063.0,49048.0,49927.0,378580,2018,2,7,3,17569
49149.0,50908.0,49386.0,49420.0,178900,2018,2,8,4,17570
47018.0,49893.0,47357.0,49893.0,473810,2018,2,9,5,17571
50807.0,52430.0,51077.0,52430.0,311480,2018,2,12,1,17574
53107.0,54122.0,54054.0,53953.0,165670,2018,2,13,2,17575
53986.0,56490.0,54122.0,55813.0,281220,2018,2,21,3,17583
55001.0,56016.0,55813.0,55475.0,225550,2018,2,22,4,17584
55644.0,57843.0,55813.0,57741.0,219270,2018,2,23,5,17585
56016.0,58350.0,58181.0,56016.0,708950,2018,2,26,1,17588
55509.0,56828.0,56151.0,56422.0,295910,2018,2,27,2,17589
55779.0,56760.0,55813.0,56388.0,162700,2018,2,28,3,17590
55475.0,56523.0,55813.0,55475.0,205110,2018,3,1,4,17591
54900.0,55644.0,55103.0,55238.0,372740,2018,3,2,5,17592
55103.0,57504.0,55103.0,55915.0,277370,2018,3,5,1,17595
55306.0,58181.0,56151.0,58181.0,410770,2018,3,6,2,17596
56659.0,59196.0,58418.0,57673.0,306440,2018,3,7,3,17597
57673.0,58857.0,58147.0,58824.0,230200,2018,3,8,4,17598
58688.0,60177.0,59196.0,58824.0,244160,2018,3,9,5,17599
58181.0,59196.0,59196.0,58418.0,161450,2018,3,12,1,17602
57471.0,58350.0,58316.0,57944.0,182720,2018,3,13,2,17603
58215.0,59027.0,58485.0,58316.0,176450,2018,3,14,3,17604
57843.0,58688.0,57843.0,58181.0,121950,2018,3,15,4,17605
58282.0,60887.0,58350.0,60887.0,547550,2018,3,16,5,17606
60887.0,62240.0,61563.0,61699.0,322320,2018,3,19,1,17609
60718.0,62544.0,60921.0,61563.0,216580,2018,3,20,2,17610
61225.0,63255.0,61563.0,61902.0,197960,2018,3,21,3,17611
61563.0,62578.0,62240.0,62240.0,171280,2018,3,22,4,17612
60887.0,61902.0,61225.0,61225.0,306960,2018,3,23,5,17613
60887.0,62680.0,60887.0,62680.0,204070,2018,3,26,1,17616
63255.0,64912.0,63255.0,63762.0,265690,2018,3,27,2,17617
63931.0,66637.0,63931.0,66637.0,342340,2018,3,28,3,17618
65995.0,67618.0,66637.0,66976.0,220660,2018,3,29,4,17619
66637.0,70020.0,66976.0,69682.0,418340,2018,3,30,5,17620
67990.0,70392.0,70358.0,69141.0,310240,2018,4,2,1,17623
68126.0,69005.0,68532.0,68498.0,234720,2018,4,3,2,17624
66536.0,68667.0,68667.0,68126.0,596770,2018,4,4,3,17625
67720.0,69005.0,67990.0,67821.0,110450,2018,4,5,4,17626
65623.0,67821.0,67314.0,65623.0,655890,2018,4,6,5,17627
62409.0,65284.0,64946.0,62578.0,758510,2018,4,9,1,17630
61056.0,65284.0,62274.0,65284.0,392000,2018,4,10,2,17631
63255.0,66637.0,65284.0,63255.0,264870,2018,4,11,3,17632
62240.0,63931.0,63086.0,63018.0,166730,2018,4,12,4,17633
62849.0,64371.0,63931.0,62917.0,209370,2018,4,13,5,17634
62443.0,63931.0,62917.0,62477.0,176360,2018,4,16,1,17637
61056.0,63153.0,62274.0,61394.0,245100,2018,4,17,2,17638
58519.0,62240.0,61563.0,59196.0,584820,2018,4,18,3,17639
55137.0,59128.0,58181.0,55813.0,778630,2018,4,19,4,17640
55813.0,58316.0,55813.0,58316.0,259900,2018,4,20,5,17641
58181.0,60210.0,59196.0,58857.0,348310,2018,4,23,1,17644
56828.0,58857.0,57843.0,58857.0,217450,2018,4,24,2,17645
56490.0,58147.0,57843.0,56490.0,335900,2018,4,26,4,17647
55475.0,59196.0,55982.0,57843.0,274310,2018,4,27,5,17648
57166.0,59365.0,58519.0,57843.0,264010,2018,5,2,3,17653
56422.0,58181.0,57504.0,57504.0,217860,2018,5,3,4,17654
57504.0,58485.0,57504.0,57843.0,227490,2018,5,4,5,17655
58519.0,61868.0,58857.0,61868.0,480240,2018,5,7,1,17658
61936.0,63593.0,61936.0,61936.0,370500,2018,5,8,2,17659
61056.0,62274.0,61936.0,61733.0,191480,2018,5,9,3,17660
59872.0,62240.0,61733.0,59872.0,371420,2018,5,10,4,17661
58959.0,61902.0,59703.0,61902.0,492930,2018,5,11,5,17662
61801.0,63257.0,62647.0,62986.0,228360,2018,5,14,1,17665
62342.0,63189.0,62816.0,62647.0,230960,2018,5,15,2,17666
61225.0,62647.0,62004.0,61631.0,323540,2018,5,16,3,17667
60785.0,61970.0,61970.0,61293.0,131160,2018,5,17,4,17668
59532.0,61631.0,61462.0,61293.0,319040,2018,5,18,5,17669
60954.0,62309.0,62105.0,60954.0,146940,2018,5,21,1,17672
58922.0,60954.0,60954.0,59904.0,391620,2018,5,22,2,17673
58956.0,60615.0,59904.0,60615.0,170120,2018,5,23,3,17674
59599.0,60954.0,60615.0,60615.0,102670,2018,5,24,4,17675
58922.0,60277.0,60277.0,58922.0,137470,2018,5,25,5,17676
54825.0,58584.0,58245.0,54825.0,697030,2018,5,28,1,17679
51811.0,57229.0,54825.0,55875.0,634890,2018,5,29,2,17680
54520.0,56044.0,55875.0,54859.0,138810,2018,5,30,3,17681
54012.0,56552.0,54859.0,56552.0,302580,2018,5,31,4,17682
55875.0,58584.0,55875.0,57805.0,260990,2018,6,1,5,17683
57602.0,58584.0,57906.0,58584.0,218140,2018,6,4,1,17686
58584.0,60615.0,58922.0,60615.0,279280,2018,6,5,2,17687
59938.0,62613.0,60954.0,62613.0,408910,2018,6,6,3,17688
61123.0,62986.0,62647.0,61970.0,333220,2018,6,7,4,17689
61293.0,62647.0,61631.0,62207.0,210880,2018,6,8,5,17690
60954.0,62613.0,61733.0,61631.0,312980,2018,6,11,1,17693
58922.0,61056.0,61022.0,60277.0,512380,2018,6,12,2,17694
57737.0,59938.0,58279.0,59092.0,898670,2018,6,13,3,17695
60443.0,62475.0,60951.0,60443.0,667820,2018,6,14,4,17696
59834.0,61967.0,60443.0,60443.0,253200,2018,6,15,5,17697
57395.0,60494.0,60443.0,57395.0,460340,2018,6,18,1,17700
53383.0,55872.0,55364.0,53840.0,842680,2018,6,19,2,17701
53332.0,55364.0,55364.0,54348.0,415250,2018,6,20,3,17702
51707.0,54348.0,54348.0,52316.0,309700,2018,6,21,4,17703
49675.0,53332.0,51300.0,53332.0,650220,2018,6,22,5,17704
52570.0,54551.0,53789.0,52570.0,322980,2018,6,25,1,17707
50183.0,51910.0,51605.0,51910.0,458090,2018,6,26,2,17708
49269.0,52265.0,51351.0,49269.0,512250,2018,6,27,3,17709
45866.0,49726.0,49269.0,45866.0,931230,2018,6,28,4,17710
43529.0,46221.0,45205.0,44189.0,581690,2018,6,29,5,17711
41142.0,43428.0,42920.0,41142.0,738950,2018,7,2,1,17714
38602.0,41650.0,40634.0,38602.0,775020,2018,7,3,2,17715
38094.0,41294.0,38602.0,41294.0,493240,2018,7,4,3,17716
39618.0,43072.0,42564.0,41294.0,523390,2018,7,5,4,17717
40177.0,43935.0,40888.0,43935.0,469910,2018,7,6,5,17718
41904.0,44189.0,43682.0,41904.0,398130,2018,7,9,1,17721
41650.0,43682.0,41904.0,43428.0,319020,2018,7,10,2,17722
40837.0,42615.0,41904.0,41904.0,426990,2018,7,11,3,17723
41142.0,42666.0,41294.0,41751.0,114410,2018,7,12,4,17724
42158.0,43631.0,42158.0,43174.0,217450,2018,7,13,5,17725
43682.0,45967.0,43682.0,45866.0,574830,2018,7,16,1,17728
45256.0,47999.0,45866.0,47694.0,670960,2018,7,17,2,17729
46983.0,49269.0,47593.0,48761.0,812290,2018,7,18,3,17730
47745.0,49167.0,49167.0,47745.0,637620,2018,7,19,4,17731
46729.0,48304.0,46729.0,48304.0,837410,2018,7,20,5,17732
48253.0,49929.0,48710.0,48761.0,500260,2018,7,23,1,17735
46780.0,48761.0,48761.0,47288.0,360690,2018,7,24,2,17736
46729.0,48456.0,47339.0,46729.0,373040,2018,7,25,3,17737
45459.0,47186.0,46729.0,45713.0,548680,2018,7,26,4,17738
45967.0,47491.0,46221.0,47491.0,368690,2018,7,27,5,17739
47796.0,49218.0,48507.0,49218.0,438710,2018,7,30,1,17742
48405.0,49218.0,49218.0,49015.0,412600,2018,7,31,2,17743
47542.0,48862.0,48761.0,47745.0,442990,2018,8,1,3,17744
47491.0,48507.0,47491.0,48507.0,285850,2018,8,2,4,17745
48354.0,49269.0,49269.0,48507.0,243290,2018,8,3,5,17746
47389.0,48507.0,48507.0,47491.0,199980,2018,8,6,1,17749
46729.0,47491.0,47237.0,46780.0,203370,2018,8,7,2,17750
47244.0,47963.0,47758.0,47501.0,144480,2018,8,8,3,17751
47706.0,49401.0,47758.0,49298.0,621900,2018,8,9,4,17752
49041.0,50120.0,49195.0,49298.0,440650,2018,8,10,5,17753
48631.0,50068.0,49298.0,50068.0,495460,2018,8,13,1,17756
50120.0,52379.0,50582.0,52379.0,1080220,2018,8,14,2,17757
50582.0,52995.0,52379.0,50839.0,598050,2018,8,15,3,17758
49812.0,51866.0,50068.0,51866.0,486970,2018,8,16,4,17759
50839.0,52585.0,52122.0,50839.0,372440,2018,8,17,5,17760
50685.0,51968.0,50839.0,51301.0,396840,2018,8,20,1,17763
51147.0,53920.0,51814.0,53920.0,768210,2018,8,21,2,17764
52790.0,54023.0,53920.0,53355.0,485360,2018,8,22,3,17765
52482.0,53355.0,52893.0,53304.0,455700,2018,8,23,4,17766
52739.0,53766.0,52893.0,53355.0,360740,2018,8,24,5,17767
52739.0,54023.0,53817.0,52893.0,500450,2018,8,27,1,17770
52790.0,53406.0,53355.0,52893.0,381080,2018,8,28,2,17771
52841.0,53714.0,52893.0,53458.0,526510,2018,8,29,3,17772
52944.0,54690.0,53458.0,54433.0,555710,2018,8,30,4,17773
52944.0,54433.0,54382.0,52944.0,725630,2018,8,31,5,17774
51352.0,53098.0,52636.0,51352.0,879050,2018,9,4,2,17778
49812.0,51249.0,51249.0,50068.0,708970,2018,9,5,3,17779
49298.0,50736.0,50068.0,49298.0,550090,2018,9,6,4,17780
49298.0,50531.0,49298.0,50428.0,344570,2018,9,7,5,17781
50171.0,50839.0,50428.0,50428.0,225430,2018,9,10,1,17784
49812.0,51301.0,50325.0,51198.0,369850,2018,9,11,2,17785
51352.0,52431.0,51352.0,51609.0,495280,2018,9,12,3,17786
51609.0,52687.0,51609.0,52122.0,428650,2018,9,13,4,17787
51866.0,52533.0,52122.0,52328.0,318500,2018,9,14,5,17788
51044.0,52328.0,51866.0,51301.0,665280,2018,9,17,1,17791
50531.0,51147.0,50531.0,50839.0,642400,2018,9,18,2,17792
50685.0,51866.0,51866.0,51044.0,367070,2018,9,19,3,17793
50736.0,51455.0,51352.0,51044.0,411870,2018,9,20,4,17794
51044.0,52174.0,51044.0,52174.0,684370,2018,9,21,5,17795
52379.0,53047.0,52841.0,52585.0,448020,2018,9,24,1,17798
51917.0,53509.0,52379.0,53150.0,663540,2018,9,25,2,17799
52636.0,53355.0,52944.0,52636.0,400590,2018,9,26,3,17800
52328.0,53047.0,52636.0,52790.0,277900,2018,9,27,4,17801
52790.0,54536.0,52790.0,54177.0,1264710,2018,9,28,5,17802
53406.0,55204.0,54177.0,53971.0,603020,2018,10,1,1,17805
53714.0,54485.0,53920.0,53714.0,477400,2018,10,2,2,17806
53766.0,55409.0,54125.0,55358.0,837480,2018,10,3,3,17807
55409.0,56333.0,55460.0,55460.0,554870,2018,10,4,4,17808
54690.0,55974.0,55460.0,54793.0,560060,2018,10,5,5,17809
54228.0,55358.0,54433.0,54793.0,356800,2018,10,8,1,17812
54947.0,56231.0,55152.0,55768.0,529550,2018,10,9,2,17813
55820.0,56333.0,55974.0,56333.0,468510,2018,10,10,3,17814
52482.0,54690.0,54177.0,52482.0,1921600,2018,10,11,4,17815
51198.0,54331.0,51198.0,54331.0,877550,2018,10,12,5,17816
52379.0,54331.0,54331.0,52636.0,729640,2018,10,15,1,17819
52431.0,53355.0,52636.0,53201.0,397230,2018,10,16,2,17820
53406.0,54331.0,54331.0,53406.0,406450,2018,10,17,3,17821
52893.0,54074.0,53201.0,53406.0,284180,2018,10,18,4,17822
52122.0,53663.0,52379.0,53509.0,490740,2018,10,19,5,17823
52122.0,54228.0,53868.0,52122.0,468070,2018,10,22,1,17826
50222.0,52071.0,51712.0,50839.0,720520,2018,10,23,2,17827
49298.0,51609.0,51198.0,49298.0,495030,2018,10,24,3,17828
46474.0,49298.0,46731.0,48733.0,732890,2018,10,25,4,17829
47552.0,49760.0,49760.0,47552.0,483170,2018,10,26,5,17830
46268.0,47655.0,47244.0,46268.0,347860,2018,10,29,1,17833
46268.0,47501.0,46268.0,47039.0,465990,2018,10,30,2,17834
48014.0,49812.0,48785.0,49812.0,395130,2018,10,31,3,17835
48785.0,50120.0,49606.0,48785.0,405070,2018,11,1,4,17836
49041.0,50736.0,49298.0,50582.0,490040,2018,11,2,5,17837
49349.0,50582.0,50068.0,50582.0,279570,2018,11,5,1,17840
49709.0,51249.0,51249.0,49812.0,249410,2018,11,6,2,17841
49041.0,50068.0,50068.0,49401.0,306160,2018,11,7,3,17842
49555.0,50325.0,50325.0,49658.0,174860,2018,11,8,4,17843
48271.0,49658.0,49298.0,48271.0,388720,2018,11,9,5,17844
47655.0,48785.0,47860.0,48785.0,151340,2018,11,12,1,17847
47809.0,48476.0,48014.0,48014.0,218020,2018,11,13,2,17848
47347.0,48322.0,48014.0,48014.0,216870,2018,11,14,3,17849
47193.0,48271.0,47809.0,47244.0,210550,2018,11,15,4,17850
47449.0,48374.0,47758.0,47758.0,215030,2018,11,16,5,17851
48014.0,48733.0,48168.0,48733.0,298320,2018,11,19,1,17854
48476.0,49401.0,48733.0,49093.0,296690,2018,11,20,2,17855
48322.0,49247.0,48733.0,49041.0,360260,2018,11,21,3,17856
49144.0,49658.0,49195.0,49504.0,316850,2018,11,22,4,17857
48836.0,49658.0,49555.0,48836.0,186930,2018,11,23,5,17858
48579.0,49298.0,48733.0,49298.0,161780,2018,11,26,1,17861
48425.0,49914.0,49555.0,48528.0,400960,2018,11,27,2,17862
48271.0,49041.0,48271.0,49041.0,243550,2018,11,28,3,17863
46731.0,49195.0,49041.0,46885.0,645610,2018,11,29,4,17864
46885.0,47912.0,46885.0,47295.0,279650,2018,11,30,5,17865
48066.0,48785.0,48476.0,48733.0,230370,2018,12,3,1,17868
48528.0,48939.0,48785.0,48785.0,276230,2018,12,4,2,17869
48117.0,49144.0,48528.0,48990.0,287080,2018,12,5,3,17870
48528.0,49452.0,48990.0,49298.0,256150,2018,12,6,4,17871
49041.0,50582.0,49041.0,50325.0,533170,2018,12,7,5,17872
49709.0,50325.0,49812.0,49709.0,206070,2018,12,10,1,17875
49555.0,49966.0,49709.0,49812.0,211990,2018,12,11,2,17876
49760.0,50377.0,49812.0,50325.0,216070,2018,12,12,3,17877
50531.0,51095.0,50582.0,50787.0,305910,2018,12,13,4,17878
50274.0,51249.0,50890.0,50377.0,316090,2018,12,14,5,17879
49504.0,51095.0,50120.0,51095.0,426310,2018,12,17,1,17882
48528.0,50068.0,49298.0,49195.0,562170,2018,12,18,2,17883
48374.0,49195.0,49041.0,48374.0,216260,2018,12,19,3,17884
48220.0,49041.0,48374.0,48322.0,244990,2018,12,20,4,17885
48014.0,48887.0,48014.0,48785.0,219630,2018,12,21,5,17886
48785.0,49349.0,48785.0,48887.0,114300,2018,12,24,1,17889
47758.0,48476.0,47963.0,48117.0,307360,2018,12,25,2,17890
47963.0,48528.0,48117.0,48014.0,173060,2018,12,26,3,17891
48528.0,49041.0,49041.0,48682.0,146070,2018,12,27,4,17892
48266.0,49042.0,49042.0,48266.0,206530,2018,12,28,5,17893
47644.0,48576.0,48266.0,47644.0,142060,2019,1,2,3,17898
45987.0,48007.0,47644.0,46091.0,398110,2019,1,3,4,17899
44744.0,46608.0,45314.0,46608.0,242880,2019,1,4,5,17900
46919.0,47644.0,47385.0,47334.0,214970,2019,1,7,1,17903
46608.0,47334.0,47126.0,47126.0,132390,2019,1,8,2,17904
46867.0,47489.0,47489.0,47385.0,166090,2019,1,9,3,17905
47178.0,48007.0,47489.0,47800.0,153450,2019,1,10,4,17906
47592.0,47955.0,47903.0,47903.0,237830,2019,1,11,5,17907
47385.0,47903.0,47851.0,47592.0,151770,2019,1,14,1,17910
47178.0,47644.0,47178.0,47592.0,94060,2019,1,15,2,17911
47334.0,47851.0,47851.0,47489.0,92390,2019,1,16,3,17912
46608.0,47437.0,47230.0,46608.0,278850,2019,1,17,4,17913
46194.0,46867.0,46867.0,46194.0,126480,2019,1,18,5,17914
46298.0,47592.0,46298.0,47489.0,162760,2019,1,21,1,17917
46919.0,47541.0,47489.0,46919.0,160140,2019,1,22,2,17918
46764.0,47126.0,46764.0,46867.0,76830,2019,1,23,3,17919
46867.0,47230.0,46867.0,46971.0,70270,2019,1,24,4,17920
46971.0,47851.0,46971.0,47644.0,205020,2019,1,25,5,17921
47903.0,48887.0,48162.0,48784.0,337020,2019,1,28,1,17924
48421.0,48991.0,48991.0,48680.0,92370,2019,1,29,2,17925
48473.0,48784.0,48680.0,48576.0,133150,2019,1,30,3,17926
48680.0,49457.0,48680.0,49198.0,326950,2019,1,31,4,17927
48680.0,49457.0,49457.0,48991.0,223210,2019,2,1,5,17928
49509.0,50493.0,49664.0,50493.0,344550,2019,2,11,1,17938
49716.0,50493.0,50493.0,50130.0,306350,2019,2,12,2,17939
49768.0,51010.0,50130.0,50544.0,379710,2019,2,13,3,17940
50285.0,50959.0,50596.0,50337.0,398610,2019,2,14,4,17941
50078.0,50389.0,50389.0,50078.0,280730,2019,2,15,5,17942
49716.0,50389.0,50389.0,50389.0,268310,2019,2,18,1,17945
50389.0,51735.0,50389.0,50700.0,698600,2019,2,19,2,17946
50700.0,51321.0,50855.0,51218.0,338710,2019,2,20,3,17947
50855.0,51528.0,51425.0,51269.0,290870,2019,2,21,4,17948
50803.0,51632.0,50803.0,51321.0,333910,2019,2,22,5,17949
51528.0,52564.0,51528.0,51787.0,397930,2019,2,25,1,17952
50596.0,52046.0,52046.0,50855.0,339880,2019,2,26,2,17953
50648.0,51476.0,50907.0,51062.0,260850,2019,2,27,3,17954
49923.0,51010.0,51010.0,49923.0,474790,2019,2,28,4,17955
49923.0,51010.0,49923.0,51010.0,235110,2019,3,1,5,17956
51166.0,52409.0,51166.0,52253.0,629820,2019,3,4,1,17959
51528.0,52409.0,52202.0,51839.0,322490,2019,3,5,2,17960
51476.0,52253.0,51476.0,51735.0,198530,2019,3,6,3,17961
51528.0,52046.0,51735.0,51684.0,224060,2019,3,7,4,17962
51062.0,51528.0,51269.0,51166.0,293560,2019,3,8,5,17963
51062.0,51528.0,51269.0,51528.0,177090,2019,3,11,1,17966
51580.0,52409.0,52046.0,51735.0,314170,2019,3,12,2,17967
51735.0,52823.0,51735.0,52823.0,576240,2019,3,13,3,17968
52927.0,53859.0,53082.0,53859.0,380630,2019,3,14,4,17969
53393.0,54325.0,53962.0,53859.0,318000,2019,3,15,5,17970
53393.0,53962.0,53859.0,53859.0,206710,2019,3,18,1,17973
52823.0,54377.0,54377.0,52978.0,274850,2019,3,19,2,17974
52305.0,53341.0,52978.0,52564.0,250190,2019,3,20,3,17975
52046.0,53134.0,52564.0,52046.0,281010,2019,3,21,4,17976
51373.0,53082.0,52046.0,52927.0,470560,2019,3,22,5,17977
51269.0,52305.0,51787.0,51632.0,263520,2019,3,25,1,17980
51321.0,52253.0,51632.0,51632.0,152410,2019,3,26,2,17981
51528.0,52046.0,51684.0,51735.0,128380,2019,3,27,3,17982
51321.0,51735.0,51321.0,51580.0,94860,2019,3,28,4,17983
51218.0,51891.0,51580.0,51528.0,172610,2019,3,29,5,17984
51373.0,52046.0,51528.0,51943.0,198660,2019,4,1,1,17987
51373.0,52253.0,52253.0,51632.0,114830,2019,4,2,2,17988
51218.0,51787.0,51787.0,51269.0,161530,2019,4,3,3,17989
51010.0,52305.0,51425.0,52305.0,508480,2019,4,4,4,17990
52046.0,52771.0,52771.0,52046.0,253480,2019,4,5,5,17991
51891.0,52512.0,52305.0,52460.0,228910,2019,4,8,1,17994
52616.0,53703.0,52771.0,52616.0,630570,2019,4,9,2,17995
51684.0,52512.0,52305.0,51735.0,255050,2019,4,10,3,17996
51735.0,52253.0,52253.0,51891.0,51790,2019,4,11,4,17997
51476.0,51787.0,51476.0,51580.0,110800,2019,4,12,5,17998
51010.0,51476.0,51373.0,51114.0,261580,2019,4,16,2,18002
51114.0,51891.0,51166.0,51373.0,244000,2019,4,17,3,18003
50389.0,51373.0,51373.0,50389.0,195450,2019,4,18,4,18004
50389.0,51010.0,50389.0,50596.0,142320,2019,4,19,5,18005
50285.0,51010.0,50751.0,51010.0,380410,2019,4,22,1,18008
51010.0,51787.0,51010.0,51684.0,317750,2019,4,23,2,18009
51580.0,51891.0,51891.0,51787.0,124360,2019,4,24,3,18010
51321.0,51787.0,51684.0,51425.0,70420,2019,4,25,4,18011
51269.0,51891.0,51425.0,51839.0,194500,2019,4,26,5,18012
51891.0,53341.0,51943.0,53341.0,610080,2019,5,2,4,18018
53134.0,53962.0,53341.0,53185.0,369240,2019,5,3,5,18019
51787.0,52823.0,52460.0,52771.0,432670,2019,5,6,1,18022
52253.0,52875.0,52823.0,52616.0,169030,2019,5,7,2,18023
51891.0,52616.0,51891.0,52305.0,200610,2019,5,8,3,18024
51528.0,52460.0,52098.0,51684.0,355930,2019,5,9,4,18025
51580.0,52305.0,52046.0,52046.0,183020,2019,5,10,5,18026
51943.0,52202.0,52046.0,52202.0,159350,2019,5,13,1,18029
52046.0,52564.0,52253.0,52253.0,249390,2019,5,14,2,18030
52253.0,53237.0,52305.0,53082.0,1053400,2019,5,15,3,18031
53289.0,53652.0,53393.0,53289.0,361760,2019,5,16,4,18032
52978.0,53341.0,53341.0,53082.0,245590,2019,5,17,5,18033
52978.0,55930.0,53289.0,55930.0,1263740,2019,5,20,1,18036
54999.0,56089.0,56037.0,55206.0,450470,2019,5,21,2,18037
55206.0,56556.0,55206.0,55725.0,635850,2019,5,22,3,18038
55155.0,56815.0,55777.0,56815.0,670520,2019,5,23,4,18039
55777.0,57230.0,56348.0,55777.0,586190,2019,5,24,5,18040
54999.0,55985.0,55258.0,54999.0,512340,2019,5,27,1,18043
55258.0,56504.0,55258.0,56192.0,429790,2019,5,28,2,18044
54999.0,56348.0,56348.0,55362.0,391420,2019,5,29,3,18045
55103.0,55777.0,55362.0,55103.0,329610,2019,5,30,4,18046
53494.0,55103.0,54999.0,53494.0,787930,2019,5,31,5,18047
52145.0,53442.0,53235.0,52301.0,602080,2019,6,3,1,18050
52301.0,53079.0,52301.0,52353.0,486050,2019,6,4,2,18051
53269.0,54238.0,53615.0,53269.0,500760,2019,6,5,3,18052
52716.0,53754.0,53754.0,53269.0,302820,2019,6,6,4,18053
53339.0,54515.0,53546.0,54515.0,347690,2019,6,7,5,18054
54376.0,55068.0,54930.0,54515.0,350190,2019,6,10,1,18057
54169.0,54861.0,54515.0,54584.0,432400,2019,6,11,2,18058
53062.0,54307.0,53961.0,53062.0,847940,2019,6,12,3,18059
51678.0,52785.0,52716.0,51678.0,529700,2019,6,13,4,18060
51263.0,52301.0,51678.0,51332.0,303500,2019,6,14,5,18061
49949.0,51540.0,51332.0,49949.0,476780,2019,6,17,1,18064
49119.0,50502.0,49949.0,49464.0,461990,2019,6,18,2,18065
49534.0,50156.0,49810.0,49672.0,258360,2019,6,19,3,18066
49810.0,51263.0,49810.0,50986.0,594660,2019,6,20,4,18067
51125.0,51886.0,51332.0,51332.0,334200,2019,6,21,5,18068
50917.0,51540.0,51194.0,50917.0,259110,2019,6,24,1,18071
50225.0,51056.0,50986.0,50295.0,357000,2019,6,25,2,18072
50156.0,50641.0,50156.0,50364.0,243340,2019,6,26,3,18073
49810.0,50641.0,50433.0,49810.0,264660,2019,6,27,4,18074
49672.0,50502.0,49810.0,50502.0,385570,2019,6,28,5,18075
50571.0,51471.0,50641.0,51402.0,412650,2019,7,1,1,18078
51194.0,51817.0,51402.0,51747.0,416150,2019,7,2,2,18079
50986.0,51747.0,51747.0,50986.0,275670,2019,7,3,3,18080
51125.0,51747.0,51194.0,51540.0,340040,2019,7,4,4,18081
51332.0,51886.0,51817.0,51540.0,222050,2019,7,5,5,18082
50710.0,51540.0,51540.0,50986.0,226330,2019,7,8,1,18085
50848.0,51194.0,50848.0,50917.0,176430,2019,7,9,2,18086
50502.0,51194.0,50917.0,50502.0,497130,2019,7,10,3,18087
50502.0,50917.0,50641.0,50502.0,316780,2019,7,11,4,18088
50433.0,51194.0,50502.0,50917.0,370600,2019,7,12,5,18089
50917.0,51609.0,50917.0,51471.0,453880,2019,7,15,1,18092
51678.0,52370.0,51678.0,51678.0,478210,2019,7,16,2,18093
51332.0,51817.0,51609.0,51332.0,301370,2019,7,17,3,18094
50641.0,51194.0,51194.0,50710.0,518320,2019,7,18,4,18095
50502.0,51747.0,50779.0,51194.0,443090,2019,7,19,5,18096
50710.0,53269.0,50848.0,53269.0,1246490,2019,7,22,1,18099
53200.0,54389.0,53270.0,54179.0,653120,2019,7,23,2,18100
53480.0,54249.0,53969.0,53620.0,571240,2019,7,24,3,18101
53200.0,54948.0,53620.0,54668.0,831900,2019,7,25,4,18102
54179.0,54808.0,54528.0,54668.0,460430,2019,7,26,5,18103
53550.0,54668.0,54668.0,54389.0,403760,2019,7,29,1,18106
53340.0,54389.0,54319.0,53340.0,505650,2019,7,30,2,18107
53270.0,53829.0,53340.0,53689.0,297000,2019,7,31,3,18108
53130.0,55088.0,53480.0,54668.0,707670,2019,8,1,4,18109
53969.0,56206.0,54179.0,56206.0,1206300,2019,8,2,5,18110
55926.0,56975.0,56276.0,56416.0,790440,2019,8,5,1,18113
55577.0,59002.0,55577.0,58583.0,1433680,2019,8,6,2,18114
58373.0,60540.0,58583.0,60540.0,1045730,2019,8,7,3,18115
59282.0,61309.0,61100.0,59282.0,1177160,2019,8,8,4,18116
58583.0,60051.0,59212.0,58863.0,855050,2019,8,9,5,18117
59002.0,60331.0,59002.0,59911.0,818920,2019,8,12,1,18120
60051.0,61449.0,60261.0,60820.0,992910,2019,8,13,2,18121
59282.0,60750.0,60471.0,59911.0,758650,2019,8,14,3,18122
59352.0,61100.0,59492.0,60540.0,883210,2019,8,15,4,18123
60121.0,62428.0,61030.0,60121.0,1428350,2019,8,16,5,18124
58723.0,60750.0,60191.0,59352.0,974960,2019,8,19,1,18127
58653.0,60051.0,59422.0,59981.0,856390,2019,8,20,2,18128
59771.0,60960.0,60401.0,59841.0,881880,2019,8,21,3,18129
58373.0,59841.0,59841.0,58373.0,1206420,2019,8,22,4,18130
57604.0,58443.0,58233.0,57884.0,974700,2019,8,23,5,18131
58373.0,59911.0,59282.0,58583.0,961910,2019,8,26,1,18134
57884.0,59282.0,58583.0,58164.0,601280,2019,8,27,2,18135
56905.0,58303.0,58303.0,56905.0,813610,2019,8,28,3,18136
56276.0,57604.0,56626.0,57255.0,554070,2019,8,29,4,18137
56975.0,57744.0,57325.0,57464.0,345760,2019,8,30,5,18138
57395.0,58233.0,57464.0,57604.0,358910,2019,9,3,2,18142
56975.0,57814.0,57604.0,57674.0,435720,2019,9,4,3,18143
56835.0,58024.0,57674.0,56905.0,333990,2019,9,5,4,18144
56276.0,57045.0,57045.0,56626.0,551650,2019,9,6,5,18145
55647.0,56626.0,56626.0,56206.0,702600,2019,9,9,1,18148
54598.0,56066.0,56066.0,54598.0,753240,2019,9,10,2,18149
54528.0,55857.0,54738.0,55857.0,404310,2019,9,11,3,18150
55577.0,56346.0,56276.0,56206.0,416530,2019,9,12,4,18151
55926.0,57884.0,56276.0,57325.0,917470,2019,9,13,5,18152
57395.0,58024.0,57814.0,57534.0,420960,2019,9,16,1,18155
57045.0,57674.0,57674.0,57325.0,401940,2019,9,17,2,18156
57255.0,58373.0,57464.0,57604.0,614270,2019,9,18,3,18157
57115.0,57954.0,57395.0,57814.0,402590,2019,9,19,4,18158
57814.0,59072.0,57814.0,58583.0,921660,2019,9,20,5,18159
58024.0,59282.0,58863.0,58373.0,451800,2019,9,23,1,18162
57954.0,58373.0,58373.0,58024.0,304860,2019,9,24,2,18163
57045.0,57814.0,57464.0,57395.0,790300,2019,9,25,3,18164
55926.0,57464.0,57325.0,56416.0,1067510,2019,9,26,4,18165
56416.0,57115.0,56416.0,56695.0,306340,2019,9,27,5,18166
55926.0,56905.0,56695.0,56206.0,437850,2019,9,30,1,18169
55577.0,56206.0,56206.0,55577.0,604640,2019,10,1,2,18170
55577.0,56835.0,55577.0,56346.0,459560,2019,10,2,3,18171
55787.0,56905.0,56346.0,56556.0,351600,2019,10,3,4,18172
56136.0,56695.0,56486.0,56136.0,303690,2019,10,4,5,18173
55227.0,56136.0,56136.0,55227.0,401070,2019,10,7,1,18176
55227.0,55787.0,55227.0,55717.0,200400,2019,10,8,2,18177
55297.0,55857.0,55857.0,55297.0,256400,2019,10,9,3,18178
55297.0,55647.0,55297.0,55297.0,214760,2019,10,10,4,18179
55297.0,56206.0,55297.0,55926.0,202830,2019,10,11,5,18180
55577.0,56556.0,56066.0,55926.0,203660,2019,10,14,1,18183
55717.0,56206.0,55926.0,55926.0,143660,2019,10,15,2,18184
55647.0,57255.0,55926.0,57255.0,631520,2019,10,16,3,18185
57395.0,58094.0,57534.0,57814.0,697760,2019,10,17,4,18186
57395.0,58373.0,58373.0,57604.0,458730,2019,10,18,5,18187
56626.0,57604.0,57604.0,57325.0,442250,2019,10,21,1,18190
56835.0,58164.0,57325.0,58024.0,756840,2019,10,22,2,18191
57814.0,58513.0,58373.0,57884.0,229770,2019,10,23,3,18192
57884.0,58583.0,58164.0,58513.0,654270,2019,10,24,4,18193
58024.0,58933.0,58583.0,58164.0,598730,2019,10,25,5,18194
58094.0,58863.0,58094.0,58373.0,445380,2019,10,28,1,18197
57744.0,58583.0,58373.0,57744.0,415020,2019,10,29,2,18198
57464.0,58164.0,57674.0,58024.0,339360,2019,10,30,3,18199
57674.0,58933.0,58024.0,58233.0,430070,2019,10,31,4,18200
58024.0,58653.0,58233.0,58233.0,516040,2019,11,1,5,18201
58303.0,59911.0,58513.0,59841.0,1385820,2019,11,4,1,18204
59352.0,60121.0,60121.0,59562.0,519090,2019,11,5,2,18205
59212.0,59771.0,59352.0,59422.0,303670,2019,11,6,3,18206
59212.0,59771.0,59422.0,59562.0,446870,2019,11,7,4,18207
59352.0,60331.0,59632.0,59911.0,658550,2019,11,8,5,18208
59142.0,60051.0,60051.0,59212.0,432540,2019,11,11,1,18211
58863.0,59632.0,59002.0,59632.0,453130,2019,11,12,2,18212
59492.0,60121.0,59702.0,60121.0,481130,2019,11,13,3,18213
59002.0,60750.0,60261.0,59422.0,745710,2019,11,14,4,18214
59282.0,59911.0,59282.0,59632.0,406810,2019,11,15,5,18215
59002.0,59841.0,59422.0,59002.0,423760,2019,11,18,1,18218
58094.0,59212.0,59212.0,59072.0,642680,2019,11,19,2,18219
58303.0,59212.0,59212.0,58303.0,308170,2019,11,20,3,18220
57674.0,58723.0,58024.0,57674.0,697900,2019,11,21,4,18221
56626.0,58373.0,58164.0,57045.0,603630,2019,11,22,5,18222
56905.0,57954.0,57045.0,57954.0,312850,2019,11,25,1,18225
57954.0,58373.0,58233.0,58233.0,235110,2019,11,26,2,18226
57534.0,58373.0,58233.0,57534.0,202300,2019,11,27,3,18227
56626.0,57744.0,57534.0,56695.0,464090,2019,11,28,4,18228
55926.0,56975.0,56695.0,56765.0,263740,2019,11,29,5,18229
55926.0,57185.0,57185.0,55926.0,339850,2019,12,2,1,18232
54878.0,56626.0,55227.0,56626.0,434760,2019,12,3,2,18233
56346.0,57604.0,56346.0,57604.0,283730,2019,12,4,3,18234
57255.0,57674.0,57464.0,57325.0,191370,2019,12,5,4,18235
57045.0,57534.0,57325.0,57464.0,168870,2019,12,6,5,18236
57185.0,57814.0,57464.0,57464.0,229770,2019,12,9,1,18239
57255.0,58094.0,57464.0,57884.0,349410,2019,12,10,2,18240
57744.0,59002.0,58024.0,58793.0,466970,2019,12,11,3,18241
58583.0,59072.0,58793.0,58723.0,220780,2019,12,12,4,18242
57954.0,58863.0,58723.0,58373.0,281100,2019,12,13,5,18243
57674.0,58513.0,58233.0,58443.0,304590,2019,12,16,1,18246
57325.0,58583.0,58583.0,57464.0,302700,2019,12,17,2,18247
56486.0,57814.0,57325.0,56556.0,337680,2019,12,18,3,18248
56556.0,57185.0,56626.0,56975.0,257790,2019,12,19,4,18249
57045.0,57884.0,57255.0,57884.0,201140,2019,12,20,5,18250
57814.0,59352.0,57814.0,59212.0,1001500,2019,12,23,1,18253
58793.0,59422.0,59422.0,59072.0,347580,2019,12,24,2,18254
58933.0,59981.0,59212.0,59771.0,722330,2019,12,25,3,18255
59422.0,60610.0,59771.0,59841.0,1160250,2019,12,26,4,18256
59422.0,60471.0,59841.0,60471.0,473750,2019,12,27,5,18257
60471.0,61449.0,60820.0,60471.0,741960,2019,12,30,1,18260
59841.0,60750.0,60331.0,60121.0,374050,2019,12,31,2,18261
60121.0,61240.0,60471.0,61100.0,651790,2020,1,2,4,18263
60191.0,61659.0,61449.0,60680.0,659870,2020,1,3,5,18264
59981.0,61379.0,60610.0,59981.0,692370,2020,1,6,1,18267
59422.0,60820.0,60121.0,60750.0,576310,2020,1,7,2,18268
58793.0,60890.0,60820.0,59492.0,948880,2020,1,8,3,18269
59841.0,60890.0,60191.0,60261.0,563340,2020,1,9,4,18270
60471.0,62008.0,60471.0,61869.0,1665860,2020,1,10,5,18271
61589.0,62498.0,61799.0,62218.0,711990,2020,1,13,1,18274
61799.0,62218.0,62148.0,62148.0,435560,2020,1,14,2,18275
61869.0,63337.0,61939.0,62917.0,1175740,2020,1,15,3,18276
62638.0,63337.0,63057.0,62847.0,629290,2020,1,16,4,18277
62708.0,63546.0,62917.0,63407.0,738240,2020,1,17,5,18278
63616.0,64595.0,63616.0,64315.0,818960,2020,1,20,1,18281
63616.0,64665.0,64595.0,63616.0,622420,2020,1,21,2,18282
63197.0,64246.0,63616.0,63826.0,702790,2020,1,22,3,18283
59562.0,63477.0,63337.0,61309.0,1298290,2020,1,30,4,18291
58723.0,61729.0,60820.0,58933.0,2087700,2020,1,31,5,18292
55647.0,58723.0,55926.0,57884.0,1433110,2020,2,3,1,18295
57674.0,59002.0,58024.0,58723.0,812530,2020,2,4,2,18296
57744.0,59352.0,58933.0,57814.0,648860,2020,2,5,3,18297
57744.0,58723.0,57814.0,58653.0,586840,2020,2,6,4,18298
57534.0,58723.0,58723.0,57744.0,753340,2020,2,7,5,18299
56626.0,57604.0,57325.0,56975.0,555450,2020,2,10,1,18302
56975.0,57464.0,57325.0,56975.0,405250,2020,2,11,2,18303
57115.0,58653.0,57464.0,57674.0,622610,2020,2,12,3,18304
57255.0,58024.0,57674.0,57674.0,384700,2020,2,13,4,18305
57464.0,57884.0,57674.0,57814.0,297190,2020,2,14,5,18306
57464.0,58024.0,57674.0,57604.0,343220,2020,2,17,1,18309
57604.0,58933.0,57744.0,58513.0,659890,2020,2,18,2,18310
58513.0,59771.0,58513.0,59771.0,692450,2020,2,19,3,18311
59212.0,60401.0,60401.0,59632.0,439930,2020,2,20,4,18312
58373.0,59771.0,59562.0,58583.0,682030,2020,2,21,5,18313
56765.0,57814.0,57395.0,56765.0,1114770,2020,2,24,1,18316
56626.0,58024.0,56626.0,58024.0,775410,2020,2,25,2,18317
57185.0,58583.0,57325.0,58024.0,602240,2020,2,26,3,18318
57884.0,58443.0,58024.0,58373.0,355500,2020,2,27,4,18319
57045.0,57674.0,57325.0,57115.0,455890,2020,2,28,5,18320
56905.0,57604.0,57115.0,57045.0,450120,2020,3,2,1,18323
57045.0,57744.0,57744.0,57325.0,390160,2020,3,3,2,18324
57045.0,57464.0,57185.0,57464.0,263230,2020,3,4,3,18325
57115.0,57814.0,57744.0,57115.0,318450,2020,3,5,4,18326
56066.0,57115.0,56975.0,56416.0,582160,2020,3,6,5,18327
52501.0,54528.0,52571.0,52501.0,1114330,2020,3,9,1,18330
49635.0,52641.0,49635.0,51522.0,653470,2020,3,10,2,18331
47957.0,52082.0,52082.0,47957.0,1210390,2020,3,11,3,18332
44601.0,44741.0,44601.0,44601.0,516330,2020,3,12,4,18333
41525.0,43832.0,41525.0,43063.0,1549920,2020,3,13,5,18334
40057.0,42294.0,42294.0,40057.0,903300,2020,3,16,1,18337
37261.0,39848.0,37261.0,39848.0,1240480,2020,3,17,2,18338
39848.0,40896.0,39848.0,40127.0,777380,2020,3,18,3,18339
37750.0,39498.0,39428.0,38030.0,467220,2020,3,19,4,18340
37331.0,38519.0,37750.0,38449.0,808070,2020,3,20,5,18341
35793.0,37051.0,37051.0,35793.0,931290,2020,3,23,1,18344
35164.0,36702.0,36003.0,35933.0,824750,2020,3,24,2,18345
37051.0,38380.0,37680.0,38380.0,1192820,2020,3,25,3,18346
37611.0,39428.0,38449.0,37611.0,1095970,2020,3,26,4,18347
35723.0,38100.0,37820.0,36282.0,936120,2020,3,27,5,18348
33766.0,34954.0,33766.0,33766.0,1030090,2020,3,30,1,18351
31459.0,34814.0,33905.0,32787.0,595870,2020,3,31,2,18352
32215.0,35072.0,32215.0,34715.0,545620,2020,4,1,3,18353
35143.0,37143.0,35358.0,37072.0,873070,2020,4,3,5,18355
37929.0,39643.0,39001.0,39643.0,1275440,2020,4,6,1,18358
39286.0,40929.0,40001.0,40715.0,1214990,2020,4,7,2,18359
38786.0,40358.0,38786.0,40143.0,833930,2020,4,8,3,18360
40143.0,42786.0,40143.0,41429.0,1080630,2020,4,9,4,18361
40072.0,42001.0,41429.0,41143.0,847960,2020,4,10,5,18362
40501.0,42429.0,41143.0,41143.0,820650,2020,4,13,1,18365
40358.0,41715.0,41715.0,41072.0,740380,2020,4,14,2,18366
41286.0,42429.0,41286.0,42286.0,797850,2020,4,15,3,18367
41072.0,42501.0,42001.0,42143.0,621760,2020,4,16,4,18368
42429.0,43215.0,42715.0,42643.0,1193570,2020,4,17,5,18369
42501.0,43715.0,43572.0,43001.0,1223870,2020,4,20,1,18372
40643.0,43001.0,42501.0,41358.0,1314890,2020,4,21,2,18373
40143.0,42072.0,40143.0,42001.0,873320,2020,4,22,3,18374
42143.0,43286.0,43215.0,42429.0,634070,2020,4,23,4,18375
42215.0,42643.0,42572.0,42501.0,434140,2020,4,24,5,18376
41429.0,43001.0,42858.0,41429.0,932470,2020,4,27,1,18379
40715.0,41715.0,41429.0,40858.0,716420,2020,4,28,2,18380
40501.0,41001.0,40858.0,40643.0,890670,2020,4,29,3,18381
40143.0,41429.0,40572.0,40358.0,274490,2020,5,4,1,18386
39786.0,40786.0,40572.0,40001.0,786060,2020,5,5,2,18387
40001.0,40572.0,40001.0,40358.0,932630,2020,5,6,3,18388
40572.0,41143.0,40715.0,41072.0,823310,2020,5,7,4,18389
41358.0,42501.0,41429.0,41572.0,1518960,2020,5,8,5,18390
41643.0,42786.0,42001.0,42643.0,1231840,2020,5,11,1,18393
41929.0,45572.0,42643.0,45572.0,2362950,2020,5,12,2,18394
44286.0,46786.0,45715.0,46358.0,1460490,2020,5,13,3,18395
45215.0,46358.0,45572.0,45429.0,1021220,2020,5,14,4,18396
43929.0,45643.0,45572.0,44286.0,1381060,2020,5,15,5,18397
43929.0,45715.0,44143.0,45358.0,785810,2020,5,18,1,18400
45358.0,46644.0,45929.0,45929.0,1052410,2020,5,19,2,18401
45286.0,46001.0,45429.0,45715.0,691470,2020,5,20,3,18402
45001.0,45715.0,45429.0,45715.0,1380800,2020,5,21,4,18403
44858.0,45501.0,45429.0,45143.0,801200,2020,5,22,5,18404
45358.0,45929.0,45358.0,45715.0,709350,2020,5,25,1,18407
45643.0,46286.0,46001.0,45858.0,1048050,2020,5,26,2,18408
45001.0,46429.0,46072.0,45001.0,1268400,2020,5,27,3,18409
44429.0,45072.0,44643.0,44786.0,796350,2020,5,28,4,18410
44358.0,45715.0,44643.0,45072.0,764030,2020,5,29,5,18411
45215.0,45929.0,45286.0,45643.0,704970,2020,6,1,1,18414
45143.0,45715.0,45715.0,45143.0,570230,2020,6,2,2,18415
45072.0,45572.0,45215.0,45286.0,454850,2020,6,3,3,18416
45286.0,45715.0,45572.0,45501.0,790280,2020,6,4,4,18417
45286.0,45501.0,45429.0,45501.0,540200,2020,6,5,5,18418
45786.0,47286.0,45786.0,47215.0,2208530,2020,6,8,1,18421
46286.0,47644.0,47572.0,46786.0,741240,2020,6,9,2,18422
45715.0,46858.0,46786.0,46429.0,808850,2020,6,10,3,18423
43215.0,46429.0,46143.0,43215.0,2000670,2020,6,11,4,18424
40715.0,42858.0,40715.0,42501.0,1285680,2020,6,12,5,18425
40715.0,42715.0,42572.0,40858.0,832010,2020,6,15,1,18428
41072.0,42001.0,42001.0,42001.0,561700,2020,6,16,2,18429
41501.0,42143.0,42001.0,41643.0,297630,2020,6,17,3,18430
41001.0,41572.0,41429.0,41572.0,300710,2020,6,18,4,18431
41501.0,42286.0,41501.0,42215.0,403300,2020,6,19,5,18432
42001.0,42572.0,42215.0,42215.0,450920,2020,6,22,1,18435
42215.0,43215.0,42501.0,42715.0,693580,2020,6,23,2,18436
42572.0,43572.0,43572.0,43143.0,378710,2020,6,24,3,18437
42143.0,42858.0,42143.0,42572.0,322620,2020,6,25,4,18438
42143.0,43143.0,43143.0,42572.0,275900,2020,6,26,5,18439
40715.0,42143.0,42143.0,41072.0,611900,2020,6,29,1,18442
40286.0,41643.0,41143.0,41001.0,372480,2020,6,30,2,18443
41001.0,42286.0,41001.0,41858.0,249490,2020,7,1,3,18444
41429.0,42143.0,41786.0,41929.0,209080,2020,7,2,4,18445
41858.0,42072.0,41929.0,41858.0,249650,2020,7,3,5,18446
42001.0,42715.0,42215.0,42501.0,408770,2020,7,6,1,18449
42429.0,42858.0,42858.0,42429.0,375160,2020,7,7,2,18450
42143.0,42501.0,42429.0,42286.0,278600,2020,7,8,3,18451
42358.0,43358.0,42572.0,43286.0,786280,2020,7,9,4,18452
42572.0,43215.0,42929.0,42786.0,305070,2020,7,10,5,18453
42358.0,43143.0,42858.0,42358.0,288510,2020,7,13,1,18456
41858.0,42429.0,42215.0,42358.0,325390,2020,7,14,2,18457
42643.0,43143.0,42786.0,43001.0,490010,2020,7,15,3,18458
42643.0,43215.0,43215.0,43215.0,339840,2020,7,16,4,18459
42858.0,43143.0,43072.0,43143.0,308760,2020,7,17,5,18460
42429.0,43143.0,43072.0,42429.0,353660,2020,7,20,1,18463
42143.0,42715.0,42715.0,42429.0,212580,2020,7,21,2,18464
41786.0,42429.0,42429.0,41858.0,456500,2020,7,22,3,18465
41858.0,42501.0,41858.0,42143.0,327350,2020,7,23,4,18466
39215.0,42143.0,42143.0,40001.0,921350,2020,7,24,5,18467
37215.0,38572.0,37501.0,37215.0,970710,2020,7,27,1,18470
37143.0,38643.0,37215.0,38572.0,779540,2020,7,28,2,18471
35929.0,37501.0,37501.0,36786.0,1011340,2020,7,29,3,18472
36643.0,37215.0,36786.0,36786.0,338980,2020,7,30,4,18473
35572.0,36929.0,35715.0,36858.0,440450,2020,7,31,5,18474
36858.0,37858.0,37501.0,37715.0,579260,2020,8,3,1,18477
37858.0,38572.0,38215.0,38215.0,381250,2020,8,4,2,18478
37929.0,39286.0,38215.0,39215.0,418820,2020,8,5,3,18479
39143.0,40286.0,39572.0,39715.0,605910,2020,8,6,4,18480
39358.0,40286.0,39715.0,39429.0,399080,2020,8,7,5,18481
39429.0,40001.0,39858.0,39501.0,348770,2020,8,10,1,18484
39001.0,39643.0,39643.0,39358.0,390200,2020,8,11,2,18485
38786.0,39286.0,39072.0,39001.0,431140,2020,8,12,3,18486
39143.0,40001.0,40001.0,40001.0,566750,2020,8,13,4,18487
39858.0,40929.0,40001.0,40358.0,581400,2020,8,14,5,18488
39572.0,40358.0,40286.0,39929.0,303530,2020,8,17,1,18491
39286.0,40072.0,39929.0,39501.0,418780,2020,8,18,2,18492
39358.0,40001.0,39358.0,39715.0,663300,2020,8,19,3,18493
39286.0,40143.0,39786.0,39715.0,668690,2020,8,20,4,18494
39858.0,40358.0,40001.0,40215.0,842610,2020,8,21,5,18495
41001.0,42001.0,41429.0,41858.0,1374000,2020,8,24,1,18498
42001.0,42643.0,42143.0,42643.0,1147730,2020,8,25,2,18499
41858.0,42715.0,42572.0,42143.0,601340,2020,8,26,3,18500
41715.0,42143.0,41786.0,42001.0,605350,2020,8,27,4,18501
42215.0,44143.0,42501.0,43429.0,1224030,2020,8,28,5,18502
42858.0,44001.0,43429.0,42858.0,638480,2020,8,31,1,18505
42715.0,43643.0,43143.0,43572.0,611550,2020,9,1,2,18506
43072.0,43929.0,43786.0,43858.0,694700,2020,9,3,4,18508
42858.0,43429.0,42929.0,43286.0,727010,2020,9,4,5,18509
42072.0,43572.0,43358.0,42072.0,890940,2020,9,7,1,18512
41643.0,42715.0,42143.0,42715.0,510730,2020,9,8,2,18513
42001.0,42572.0,42143.0,42501.0,348460,2020,9,9,3,18514
42501.0,42858.0,42572.0,42715.0,294680,2020,9,10,4,18515
42143.0,42572.0,42572.0,42501.0,349420,2020,9,11,5,18516
42572.0,42858.0,42858.0,42858.0,504820,2020,9,14,1,18519
42643.0,43072.0,42858.0,42786.0,313000,2020,9,15,2,18520
43001.0,43572.0,43429.0,43358.0,634810,2020,9,16,3,18521
42715.0,43572.0,43501.0,42715.0,393600,2020,9,17,4,18522
42715.0,43143.0,42715.0,43143.0,268900,2020,9,18,5,18523
43143.0,44001.0,43143.0,43572.0,907790,2020,9,21,1,18526
43143.0,43643.0,43572.0,43501.0,594930,2020,9,22,2,18527
43358.0,45286.0,43429.0,45286.0,2082610,2020,9,23,3,18528
44429.0,45215.0,44858.0,44501.0,594470,2020,9,24,4,18529
44072.0,44858.0,44643.0,44286.0,560390,2020,9,25,5,18530
44001.0,44358.0,44286.0,44286.0,635190,2020,9,28,1,18533
43429.0,44715.0,44643.0,43429.0,996730,2020,9,29,2,18534
43286.0,43786.0,43572.0,43501.0,458470,2020,9,30,3,18535
43643.0,44072.0,43643.0,44072.0,488320,2020,10,1,4,18536
41001.0,44286.0,44143.0,43572.0,1002960,2020,10,2,5,18537
43429.0,43929.0,43572.0,43715.0,479610,2020,10,5,1,18540
43501.0,44143.0,44143.0,43643.0,464940,2020,10,6,2,18541
43358.0,43858.0,43501.0,43643.0,645490,2020,10,7,3,18542
43643.0,45072.0,43715.0,44858.0,1514000,2020,10,8,4,18543
44429.0,45786.0,45001.0,45143.0,822790,2020,10,9,5,18544
44143.0,45572.0,45286.0,44286.0,552410,2020,10,12,1,18547
44286.0,44715.0,44286.0,44643.0,547290,2020,10,13,2,18548
44358.0,45358.0,44572.0,44929.0,663960,2020,10,14,3,18549
45143.0,46501.0,45143.0,46429.0,1908730,2020,10,15,4,18550
45715.0,49144.0,46429.0,48644.0,1804530,2020,10,16,5,18551
48001.0,49501.0,49144.0,48215.0,849020,2020,10,19,1,18554
47358.0,48144.0,48072.0,47858.0,997580,2020,10,20,2,18555
47644.0,48858.0,47858.0,47858.0,871370,2020,10,21,3,18556
47429.0,48715.0,48001.0,48715.0,836480,2020,10,22,4,18557
48358.0,49144.0,48929.0,48572.0,1027180,2020,10,23,5,18558
48644.0,50715.0,49072.0,49286.0,1797850,2020,10,26,1,18561
49072.0,50001.0,49644.0,49572.0,1082800,2020,10,27,2,18562
47144.0,49858.0,49358.0,47144.0,1433230,2020,10,28,3,18563
46715.0,48715.0,47144.0,47715.0,1616230,2020,10,29,4,18564
47572.0,49644.0,48215.0,49644.0,1141590,2020,10,30,5,18565
49644.0,51644.0,49929.0,51072.0,1565570,2020,11,2,1,18568
50429.0,52001.0,51358.0,50715.0,1068050,2020,11,3,2,18569
50429.0,51572.0,50858.0,51215.0,941660,2020,11,4,3,18570
51358.0,52429.0,52144.0,51858.0,1297760,2020,11,5,4,18571
52215.0,53572.0,52501.0,52358.0,1668190,2020,11,6,5,18572
52144.0,53501.0,53215.0,52858.0,1506110,2020,11,9,1,18575
52144.0,52858.0,52715.0,52144.0,1116100,2020,11,10,2,18576
51144.0,52215.0,52144.0,51358.0,1709780,2020,11,11,3,18577
51072.0,52572.0,51358.0,52572.0,889610,2020,11,12,4,18578
52501.0,53215.0,52501.0,52715.0,631180,2020,11,13,5,18579
51501.0,52929.0,52786.0,51501.0,1409570,2020,11,16,1,18582
51715.0,52858.0,52144.0,52858.0,887650,2020,11,17,2,18583
52215.0,52858.0,52644.0,52501.0,780440,2020,11,18,3,18584
52501.0,53215.0,53215.0,52858.0,1323020,2020,11,19,4,18585
52429.0,52929.0,52858.0,52572.0,646460,2020,11,20,5,18586
52429.0,54858.0,52858.0,54786.0,1959950,2020,11,23,1,18589
52858.0,55072.0,55001.0,54215.0,1122210,2020,11,24,2,18590
54215.0,55358.0,55358.0,54429.0,1091650,2020,11,25,3,18591
53572.0,54644.0,54215.0,54429.0,816530,2020,11,26,4,18592
54286.0,56358.0,54429.0,56286.0,1255000,2020,11,27,5,18593
55644.0,57001.0,57001.0,55644.0,1194810,2020,11,30,1,18596
54715.0,55715.0,55001.0,55715.0,890610,2020,12,1,2,18597
54715.0,55715.0,55715.0,55001.0,1002760,2020,12,2,3,18598
54286.0,55358.0,55001.0,55358.0,942980,2020,12,3,4,18599
55286.0,56072.0,55358.0,56072.0,904440,2020,12,4,5,18600
55572.0,56786.0,55858.0,56072.0,594550,2020,12,7,1,18603
56142.0,56646.0,56358.0,56502.0,727940,2020,12,8,2,18604
56142.0,56790.0,56502.0,56430.0,566430,2020,12,9,3,18605
52543.0,56718.0,56502.0,52543.0,964410,2020,12,10,4,18606
54702.0,56142.0,54702.0,55710.0,1089180,2020,12,11,5,18607
55782.0,56142.0,55782.0,55854.0,533210,2020,12,14,1,18610
54846.0,56861.0,56070.0,55494.0,867800,2020,12,15,2,18611
55422.0,55854.0,55566.0,55854.0,636190,2020,12,16,3,18612
53982.0,55782.0,55062.0,54558.0,1289500,2020,12,17,4,18613
54558.0,55782.0,54558.0,55638.0,582740,2020,12,18,5,18614
55062.0,55710.0,55638.0,55638.0,676290,2020,12,21,1,18617
55422.0,56646.0,55926.0,56358.0,957080,2020,12,22,2,18618
56142.0,56790.0,56430.0,56142.0,505640,2020,12,23,3,18619
54702.0,56142.0,56142.0,55350.0,497430,2020,12,24,4,18620
54846.0,55926.0,55062.0,55926.0,571620,2020,12,25,5,18621
55638.0,56502.0,56502.0,55998.0,735450,2020,12,28,1,18624
55710.0,56718.0,56142.0,56502.0,1003660,2020,12,29,2,18625
56861.0,58517.0,56861.0,57869.0,1345200,2020,12,30,3,18626
57869.0,58445.0,58085.0,58301.0,681980,2020,12,31,4,18627
58013.0,59093.0,58661.0,58805.0,743400,2021,1,4,1,18631
58013.0,58877.0,58301.0,58517.0,534700,2021,1,5,2,18632
58301.0,59165.0,59021.0,58445.0,721900,2021,1,6,3,18633
58157.0,58733.0,58445.0,58733.0,582700,2021,1,7,4,18634
58157.0,59741.0,59021.0,59309.0,554000,2021,1,8,5,18635
59165.0,59741.0,59741.0,59525.0,579000,2021,1,11,1,18638
59165.0,59741.0,59669.0,59669.0,561700,2021,1,12,2,18639
59525.0,60316.0,60100.0,59525.0,448100,2021,1,13,3,18640
58877.0,60100.0,60100.0,59093.0,476100,2021,1,14,4,18641
59093.0,59741.0,59093.0,59381.0,530900,2021,1,15,5,18642
59741.0,60820.0,60460.0,60388.0,641400,2021,1,18,1,18645
56214.0,60172.0,59956.0,56861.0,857500,2021,1,19,2,18646
56142.0,58085.0,56861.0,57941.0,978200,2021,1,20,3,18647
57941.0,59669.0,58301.0,59309.0,419300,2021,1,21,4,18648
59525.0,61180.0,59741.0,60460.0,716000,2021,1,22,5,18649
60460.0,62620.0,60892.0,62620.0,1264300,2021,1,25,1,18652
60532.0,62620.0,62620.0,61180.0,595600,2021,1,26,2,18653
56933.0,62260.0,61108.0,60100.0,663300,2021,1,27,3,18654
55926.0,58301.0,56142.0,55926.0,1106100,2021,1,28,4,18655
53982.0,59813.0,53982.0,59813.0,901800,2021,1,29,5,18656
56142.0,59669.0,59021.0,56718.0,600700,2021,2,1,1,18659
55998.0,58949.0,56142.0,58661.0,599800,2021,2,2,2,18660
58589.0,60100.0,60100.0,59669.0,639700,2021,2,3,3,18661
58301.0,59669.0,59597.0,59669.0,649600,2021,2,4,4,18662
58949.0,60460.0,59669.0,60388.0,620600,2021,2,5,5,18663
57581.0,60460.0,60244.0,58229.0,644100,2021,2,8,1,18666
57581.0,60316.0,58301.0,60172.0,522600,2021,2,9,2,18667
60172.0,62620.0,60460.0,62260.0,837600,2021,2,17,3,18675
61612.0,62980.0,62620.0,62980.0,869200,2021,2,18,4,18676
61900.0,62980.0,62620.0,62548.0,459900,2021,2,19,5,18677
61036.0,62260.0,61900.0,61252.0,665700,2021,2,22,1,18680
59813.0,61180.0,61180.0,60100.0,1045500,2021,2,23,2,18681
59165.0,60748.0,60100.0,59597.0,562400,2021,2,24,3,18682
59597.0,60460.0,59741.0,60460.0,427100,2021,2,25,4,18683
60100.0,61252.0,60820.0,61108.0,579400,2021,2,26,5,18684
60532.0,61900.0,61900.0,60964.0,482000,2021,3,1,1,18687
60316.0,61180.0,61180.0,60460.0,317600,2021,3,2,2,18688
60748.0,61324.0,61180.0,60892.0,526100,2021,3,3,3,18689
59741.0,61900.0,61180.0,60316.0,371100,2021,3,4,4,18690
59381.0,60460.0,59669.0,60316.0,290000,2021,3,5,5,18691
59741.0,60460.0,60316.0,60172.0,352200,2021,3,8,1,18694
59525.0,60172.0,59813.0,60100.0,287000,2021,3,9,2,18695
59741.0,60604.0,60388.0,60172.0,291600,2021,3,10,3,18696
60172.0,60820.0,60820.0,60460.0,232300,2021,3,11,4,18697
60172.0,60820.0,60604.0,60172.0,196400,2021,3,12,5,18698
60828.0,61410.0,61410.0,61119.0,513900,2021,3,15,1,18701
60465.0,61119.0,60974.0,60683.0,259300,2021,3,16,2,18702
60538.0,60974.0,60974.0,60756.0,221900,2021,3,17,3,18703
60756.0,61700.0,60828.0,61700.0,335000,2021,3,18,4,18704
61046.0,61628.0,61046.0,61482.0,347500,2021,3,19,5,18705
60974.0,61555.0,61482.0,61192.0,357800,2021,3,22,1,18708
60683.0,61773.0,61192.0,61192.0,223900,2021,3,23,2,18709
60828.0,62863.0,61264.0,61119.0,654300,2021,3,24,3,18710
60901.0,62209.0,62136.0,61773.0,447600,2021,3,25,4,18711
58139.0,61918.0,60974.0,61700.0,363400,2021,3,26,5,18712
61264.0,62136.0,61846.0,61773.0,457100,2021,3,29,1,18715
57485.0,63227.0,62500.0,61410.0,432800,2021,3,30,2,18716
60901.0,61410.0,61410.0,61410.0,224300,2021,3,31,3,18717
61046.0,62427.0,61410.0,62136.0,532400,2021,4,1,4,18718
62500.0,65189.0,62500.0,64462.0,1072800,2021,4,2,5,18719
64317.0,65043.0,64317.0,64535.0,511800,2021,4,5,1,18722
64244.0,65043.0,64535.0,64680.0,488400,2021,4,6,2,18723
63808.0,64680.0,64026.0,64317.0,385300,2021,4,7,3,18724
63227.0,64317.0,64171.0,64317.0,390800,2021,4,8,4,18725
63953.0,65770.0,64026.0,65625.0,671200,2021,4,9,5,18726
65770.0,67224.0,65770.0,66715.0,669100,2021,4,12,1,18729
65407.0,67006.0,66642.0,65916.0,539000,2021,4,13,2,18730
64680.0,66497.0,65552.0,66497.0,490700,2021,4,14,3,18731
66497.0,68895.0,67224.0,66860.0,735800,2021,4,15,4,18732
63881.0,67878.0,66497.0,66061.0,709200,2021,4,16,5,18733
66570.0,68677.0,66860.0,68314.0,1391000,2021,4,19,1,18736
67587.0,69041.0,68386.0,68604.0,688900,2021,4,20,2,18737
67805.0,68532.0,68314.0,68241.0,709100,2021,4,22,4,18739
66497.0,70349.0,68241.0,69767.0,1338900,2021,4,23,5,18740
67950.0,69767.0,69767.0,69041.0,547300,2021,4,26,1,18743
66860.0,69767.0,66860.0,69767.0,514700,2021,4,27,2,18744
67878.0,69767.0,68023.0,69549.0,584300,2021,4,28,3,18745
69041.0,71221.0,69695.0,71221.0,1222000,2021,4,29,4,18746
69186.0,70857.0,69840.0,69186.0,279900,2021,5,4,2,18751
69913.0,71221.0,70494.0,70494.0,560400,2021,5,5,3,18752
69767.0,71221.0,71221.0,69767.0,502100,2021,5,6,4,18753
68314.0,70131.0,69767.0,69404.0,631500,2021,5,7,5,18754
68023.0,69404.0,69404.0,68023.0,391400,2021,5,10,1,18757
68314.0,69695.0,69041.0,68314.0,371800,2021,5,11,2,18758
68314.0,69695.0,68895.0,69622.0,209600,2021,5,12,3,18759
68532.0,70349.0,69695.0,68532.0,335200,2021,5,13,4,18760
68023.0,69404.0,68386.0,68459.0,306500,2021,5,14,5,18761
68314.0,69622.0,69622.0,68314.0,203900,2021,5,17,1,18764
67950.0,68968.0,68968.0,67950.0,261800,2021,5,18,2,18765
67369.0,68314.0,67732.0,67950.0,250700,2021,5,19,3,18766
68314.0,72311.0,68314.0,72166.0,1024700,2021,5,20,4,18767
71657.0,76235.0,71948.0,73982.0,701400,2021,5,21,5,18768
73764.0,75581.0,74854.0,74055.0,416200,2021,5,24,1,18771
72820.0,75581.0,73474.0,74055.0,604800,2021,5,25,2,18772
73256.0,75363.0,75363.0,73982.0,664600,2021,5,26,3,18773
73401.0,74854.0,74854.0,73837.0,349700,2021,5,27,4,18774
73256.0,74854.0,73256.0,73401.0,439500,2021,5,28,5,18775
72674.0,74491.0,74418.0,73328.0,431700,2021,5,31,1,18778
72674.0,73401.0,73110.0,73038.0,353200,2021,6,1,2,18779
72602.0,75145.0,72674.0,73038.0,660200,2021,6,2,3,18780
73110.0,74782.0,74782.0,73546.0,376800,2021,6,3,4,18781
72965.0,73546.0,72965.0,73110.0,333700,2021,6,4,5,18782
71948.0,74055.0,73401.0,72384.0,446700,2021,6,7,1,18785
69767.0,73038.0,73038.0,69767.0,550300,2021,6,8,2,18786
68895.0,70131.0,69622.0,69622.0,432400,2021,6,9,3,18787
69041.0,71075.0,71075.0,69622.0,287100,2021,6,10,4,18788
69113.0,71584.0,69767.0,70421.0,325900,2021,6,11,5,18789
70494.0,71293.0,71221.0,70494.0,350500,2021,6,14,1,18792
69767.0,70785.0,70131.0,69767.0,382100,2021,6,15,2,18793
69041.0,70203.0,69767.0,69113.0,481800,2021,6,16,3,18794
68750.0,69913.0,69041.0,69404.0,367500,2021,6,17,4,18795
69767.0,71802.0,71802.0,71221.0,320300,2021,6,18,5,18796
70349.0,71948.0,71948.0,71293.0,392900,2021,6,21,1,18799
71366.0,72311.0,71948.0,71584.0,280200,2021,6,22,2,18800
71511.0,72166.0,72166.0,71802.0,217000,2021,6,23,3,18801
71293.0,72166.0,71802.0,71293.0,177500,2021,6,24,4,18802
70494.0,71439.0,71221.0,70785.0,219200,2021,6,25,5,18803
70639.0,71366.0,70639.0,71293.0,248600,2021,6,28,1,18806
71293.0,71948.0,71293.0,71657.0,300500,2021,6,29,2,18807
71729.0,73401.0,71948.0,72747.0,638800,2021,6,30,3,18808
72311.0,73546.0,73183.0,72820.0,342600,2021,7,1,4,18809
71948.0,72820.0,72820.0,72311.0,434500,2021,7,2,5,18810
71802.0,73764.0,73764.0,72166.0,842600,2021,7,5,1,18813
72166.0,74854.0,72166.0,72384.0,1330500,2021,7,6,2,18814
72384.0,77398.0,72674.0,77398.0,1799000,2021,7,7,3,18815
76163.0,78488.0,78488.0,76744.0,867100,2021,7,8,4,18816
75363.0,79288.0,75654.0,76671.0,1061200,2021,7,9,5,18817
71366.0,78125.0,76308.0,74200.0,1715000,2021,7,12,1,18820
71657.0,75218.0,75218.0,72093.0,512300,2021,7,13,2,18821
69767.0,74491.0,74491.0,69767.0,792000,2021,7,14,3,18822
68314.0,70203.0,69767.0,69113.0,1042500,2021,7,15,4,18823
69186.0,70131.0,69767.0,69767.0,488900,2021,7,16,5,18824
66570.0,70131.0,69041.0,66570.0,911700,2021,7,19,1,18827
63881.0,67369.0,67224.0,66860.0,784300,2021,7,20,2,18828
65407.0,66860.0,66134.0,66279.0,532600,2021,7,21,3,18829
65916.0,68895.0,66134.0,67660.0,416200,2021,7,22,4,18830
66134.0,68314.0,68241.0,66134.0,584600,2021,7,23,5,18831
65334.0,66860.0,66061.0,65916.0,536800,2021,7,26,1,18834
65407.0,67442.0,66788.0,65480.0,930600,2021,7,27,2,18835
65334.0,66134.0,65480.0,65480.0,395900,2021,7,28,3,18836
65552.0,67587.0,67514.0,67587.0,732800,2021,7,29,4,18837
67224.0,69622.0,67296.0,69622.0,997800,2021,7,30,5,18838
68096.0,69695.0,69549.0,69477.0,537200,2021,8,2,1,18841
68968.0,70131.0,70131.0,70131.0,516900,2021,8,3,2,18842
69549.0,71075.0,71075.0,70131.0,424700,2021,8,4,3,18843
69041.0,70131.0,69840.0,69622.0,348000,2021,8,5,4,18844
69113.0,70203.0,69331.0,69913.0,391600,2021,8,6,5,18845
69695.0,70857.0,70857.0,70131.0,421500,2021,8,9,1,18848
69404.0,70349.0,69985.0,69622.0,439800,2021,8,10,2,18849
69259.0,69985.0,69622.0,69331.0,350800,2021,8,11,3,18850
68532.0,69695.0,69695.0,68677.0,444400,2021,8,12,4,18851
67587.0,69041.0,69041.0,68677.0,524800,2021,8,13,5,18852
68314.0,69041.0,68677.0,68677.0,448900,2021,8,16,1,18855
68604.0,69695.0,68895.0,69404.0,316000,2021,8,17,2,18856
68750.0,69695.0,69695.0,68823.0,513700,2021,8,18,3,18857
68314.0,69767.0,69041.0,68314.0,838300,2021,8,19,4,18858
66061.0,69041.0,68314.0,66497.0,416800,2021,8,20,5,18859
64317.0,66134.0,64753.0,64317.0,841400,2021,8,23,1,18862
64099.0,65189.0,64535.0,64171.0,478500,2021,8,24,2,18863
64026.0,65043.0,64317.0,64680.0,306200,2021,8,25,3,18864
62645.0,65407.0,64680.0,62645.0,591200,2021,8,26,4,18865
61773.0,64026.0,62718.0,62355.0,1105000,2021,8,27,5,18866
62282.0,63227.0,62500.0,62791.0,781900,2021,8,30,1,18869
62427.0,62863.0,62791.0,62500.0,530000,2021,8,31,2,18870
61700.0,62427.0,62136.0,61991.0,1049200,2021,9,1,3,18871
62136.0,63081.0,62718.0,62863.0,723200,2021,9,6,1,18876
62500.0,63372.0,63299.0,62645.0,1039200,2021,9,7,2,18877
62355.0,62718.0,62645.0,62645.0,665700,2021,9,8,3,18878
62136.0,65770.0,62136.0,65770.0,1258600,2021,9,9,4,18879
65407.0,68314.0,65843.0,68314.0,1067200,2021,9,10,5,18880
66279.0,68314.0,67587.0,66860.0,481000,2021,9,13,1,18883
64680.0,66860.0,66788.0,64680.0,840700,2021,9,14,2,18884
64317.0,66788.0,64317.0,66788.0,540600,2021,9,15,3,18885
66134.0,67587.0,66424.0,67587.0,642200,2021,9,16,4,18886
66279.0,67587.0,67587.0,67224.0,346700,2021,9,17,5,18887
65916.0,66860.0,66860.0,66134.0,440100,2021,9,20,1,18890
64825.0,66134.0,65189.0,65480.0,494900,2021,9,21,2,18891
65043.0,67660.0,65843.0,67660.0,688300,2021,9,22,3,18892
66860.0,67660.0,67660.0,67006.0,371100,2021,9,23,4,18893
66424.0,67006.0,67006.0,66860.0,295800,2021,9,24,5,18894
65988.0,67950.0,66570.0,66134.0,461100,2021,9,27,1,18897
65843.0,67587.0,66134.0,67587.0,771500,2021,9,28,2,18898
67006.0,67805.0,67006.0,67805.0,365700,2021,9,29,3,18899
67587.0,71729.0,67660.0,71729.0,1788800,2021,9,30,4,18900
70494.0,72311.0,70494.0,71948.0,610700,2021,10,1,5,18901
70494.0,72674.0,71948.0,71802.0,434000,2021,10,4,1,18904
69985.0,71221.0,70712.0,70494.0,548000,2021,10,5,2,18905
69477.0,71511.0,70494.0,71293.0,381000,2021,10,6,3,18906
70494.0,71948.0,71293.0,70494.0,414300,2021,10,7,4,18907
70131.0,72311.0,70785.0,72311.0,647900,2021,10,8,5,18908
71729.0,74128.0,72674.0,74128.0,731100,2021,10,11,1,18911
72674.0,74128.0,73837.0,72674.0,399200,2021,10,12,2,18912
72311.0,74200.0,73328.0,73401.0,469200,2021,10,13,3,18913
72747.0,74128.0,72747.0,73401.0,583400,2021,10,14,4,18914
72965.0,73692.0,73328.0,73038.0,514800,2021,10,15,5,18915
71221.0,73401.0,72747.0,71948.0,797900,2021,10,18,1,18918
71221.0,72238.0,71948.0,71221.0,540900,2021,10,19,2,18919
70639.0,72602.0,71584.0,71948.0,809900,2021,10,20,3,18920
71148.0,73401.0,73401.0,71221.0,650000,2021,10,21,4,18921
70930.0,71948.0,71875.0,71948.0,285500,2021,10,22,5,18922
71366.0,73038.0,71584.0,72020.0,407700,2021,10,25,1,18925
71221.0,72602.0,71657.0,71439.0,536500,2021,10,26,2,18926
71439.0,74128.0,71439.0,74055.0,850400,2021,10,27,3,18927
73401.0,74854.0,74128.0,73837.0,628200,2021,10,28,4,18928
73328.0,76235.0,73546.0,75581.0,1676200,2021,10,29,5,18929
73401.0,76017.0,75581.0,73474.0,679600,2021,11,1,1,18932
73256.0,76308.0,74055.0,76308.0,509200,2021,11,2,2,18933
73982.0,76163.0,75509.0,75945.0,938700,2021,11,3,3,18934
74128.0,76308.0,76163.0,75581.0,672700,2021,11,4,4,18935
73982.0,78488.0,75581.0,78488.0,926500,2021,11,5,5,18936
77616.0,79142.0,78197.0,78488.0,422300,2021,11,8,1,18939
76671.0,78706.0,78488.0,77035.0,719600,2021,11,9,2,18940
72674.0,77471.0,76744.0,74854.0,690000,2021,11,10,3,18941
74491.0,80087.0,76889.0,75945.0,1052700,2021,11,11,4,18942
75218.0,79942.0,75945.0,79869.0,826300,2021,11,12,5,18943
79215.0,81395.0,80668.0,80523.0,896000,2021,11,15,1,18946
77035.0,80305.0,80305.0,78488.0,815600,2021,11,16,2,18947
77035.0,78634.0,78488.0,77325.0,461400,2021,11,17,3,18948
77035.0,79215.0,77107.0,77180.0,376300,2021,11,18,4,18949
73401.0,77761.0,77325.0,74346.0,894500,2021,11,19,5,18950
74346.0,76235.0,74346.0,75581.0,418500,2021,11,22,1,18953
74491.0,76817.0,74491.0,76817.0,491000,2021,11,23,2,18954
75581.0,77035.0,76308.0,76817.0,298300,2021,11,24,3,18955
75654.0,77761.0,76308.0,75654.0,510400,2021,11,25,4,18956
73764.0,76308.0,75581.0,73764.0,811800,2021,11,26,5,18957
70857.0,73764.0,71948.0,71293.0,1512900,2021,11,29,1,18960
70349.0,72892.0,72674.0,71148.0,1059400,2021,11,30,2,18961
70712.0,72311.0,71221.0,70712.0,362100,2021,12,1,3,18962
70494.0,71875.0,70494.0,70785.0,431600,2021,12,2,4,18963
68314.0,71293.0,71293.0,68314.0,718000,2021,12,3,5,18964
66279.0,69549.0,68386.0,66279.0,607400,2021,12,6,1,18967
66642.0,68168.0,66860.0,68168.0,787600,2021,12,7,2,18968
68895.0,71584.0,69186.0,70203.0,392000,2021,12,8,3,18969
69910.0,73128.0,70203.0,72031.0,545500,2021,12,9,4,18970
70276.0,71738.0,70934.0,71153.0,393100,2021,12,10,5,18971
70934.0,72177.0,71299.0,72031.0,387000,2021,12,13,1,18974
69983.0,71958.0,71299.0,70349.0,303600,2021,12,14,2,18975
70056.0,70861.0,70349.0,70203.0,230900,2021,12,15,3,18976
68301.0,70861.0,70203.0,68521.0,431600,2021,12,16,4,18977
69106.0,69983.0,69398.0,69837.0,267800,2021,12,17,5,18978
68886.0,70056.0,68959.0,68886.0,503700,2021,12,20,1,18981
68301.0,69325.0,68374.0,69325.0,272000,2021,12,21,2,18982
68740.0,70056.0,69691.0,69106.0,198000,2021,12,22,3,18983
67204.0,69837.0,69106.0,68521.0,354000,2021,12,23,4,18984
68521.0,69325.0,69032.0,69252.0,250400,2021,12,24,5,18985
67643.0,70203.0,69544.0,70203.0,227200,2021,12,27,1,18988
69106.0,70714.0,70714.0,69910.0,309500,2021,12,28,2,18989
68155.0,70203.0,70203.0,68155.0,300800,2021,12,29,3,18990
67643.0,68740.0,68740.0,67643.0,607500,2021,12,30,4,18991
67716.0,71299.0,68447.0,70349.0,607800,2021,12,31,5,18992
69764.0,70568.0,70349.0,70568.0,358700,2022,1,4,2,18996
69544.0,70641.0,70203.0,69544.0,570300,2022,1,5,3,18997
69106.0,70129.0,69618.0,69179.0,289000,2022,1,6,4,18998
68447.0,69179.0,69179.0,68667.0,298900,2022,1,7,5,18999
68009.0,68594.0,68594.0,68155.0,533400,2022,1,10,1,19002
67570.0,69106.0,68155.0,68813.0,386400,2022,1,11,2,19003
67716.0,68813.0,68813.0,67789.0,466400,2022,1,12,3,19004
68082.0,70203.0,70203.0,68813.0,331900,2022,1,13,4,19005
67058.0,68959.0,67058.0,68667.0,288800,2022,1,14,5,19006
67716.0,68740.0,68082.0,68374.0,508200,2022,1,17,1,19009
67351.0,68374.0,67424.0,68228.0,348000,2022,1,18,2,19010
67277.0,68447.0,68155.0,68447.0,335700,2022,1,19,3,19011
68009.0,69106.0,68009.0,69032.0,378900,2022,1,20,4,19012
69032.0,69837.0,69106.0,69837.0,715300,2022,1,21,5,19013
68813.0,71884.0,69837.0,70861.0,870600,2022,1,24,1,19016
69910.0,71299.0,70788.0,70934.0,647300,2022,1,25,2,19017
70788.0,73859.0,71373.0,73859.0,1869600,2022,1,26,3,19018
73055.0,74225.0,73128.0,73859.0,921300,2022,1,27,4,19019
73128.0,76053.0,73128.0,76053.0,1007200,2022,1,28,5,19020
75760.0,78978.0,75760.0,78466.0,1212900,2022,2,7,1,19030
76053.0,78320.0,77588.0,76784.0,781500,2022,2,8,2,19031
75321.0,76711.0,76711.0,75541.0,1122700,2022,2,9,3,19032
74298.0,75833.0,75687.0,75541.0,825900,2022,2,10,4,19033
74590.0,77881.0,75321.0,76638.0,534900,2022,2,11,5,19034
76126.0,76857.0,76784.0,76492.0,533200,2022,2,14,1,19037
75833.0,77442.0,75980.0,77150.0,619800,2022,2,15,2,19038
76418.0,77954.0,76784.0,77735.0,758900,2022,2,16,3,19039
77735.0,78905.0,77881.0,78905.0,924600,2022,2,17,4,19040
78247.0,79636.0,78247.0,78247.0,570600,2022,2,18,5,19041
76711.0,78247.0,78247.0,77881.0,693400,2022,2,21,1,19044
76857.0,82634.0,77808.0,80440.0,2820800,2022,2,22,2,19045
79709.0,83000.0,80440.0,80148.0,1149100,2022,2,23,3,19046
79709.0,82488.0,80367.0,79709.0,1782700,2022,2,24,4,19047
77808.0,80440.0,79709.0,78832.0,1606000,2022,2,25,5,19048
75321.0,79490.0,78247.0,75321.0,2289000,2022,2,28,1,19051
74663.0,77515.0,74663.0,76784.0,1145900,2022,3,1,2,19052
73713.0,76784.0,76784.0,75614.0,1214800,2022,3,2,3,19053
74590.0,76784.0,76053.0,76053.0,833500,2022,3,3,4,19054
75102.0,78173.0,75102.0,77662.0,1595700,2022,3,4,5,19055
78834.0,82364.0,78834.0,79423.0,3113000,2022,3,7,1,19058
77584.0,80893.0,80158.0,77952.0,1354300,2022,3,8,2,19059
78393.0,82364.0,78687.0,81261.0,2295500,2022,3,9,3,19060
78834.0,80526.0,80526.0,79643.0,1106500,2022,3,10,4,19061
76187.0,79423.0,78687.0,76849.0,1323700,2022,3,11,5,19062
72436.0,76334.0,76334.0,72436.0,1989500,2022,3,14,1,19065
72510.0,75746.0,73172.0,75672.0,818900,2022,3,15,2,19066
73907.0,76187.0,75304.0,75599.0,594800,2022,3,16,3,19067
75010.0,75966.0,75599.0,75451.0,690300,2022,3,17,4,19068
75304.0,77584.0,75304.0,76113.0,678700,2022,3,18,5,19069
76113.0,77878.0,76187.0,77658.0,710800,2022,3,21,1,19072
78246.0,80673.0,78393.0,78687.0,931800,2022,3,22,2,19073
76555.0,80452.0,79423.0,77290.0,506500,2022,3,23,3,19074
77437.0,80084.0,78687.0,78687.0,582700,2022,3,24,4,19075
78393.0,80526.0,78687.0,79570.0,651600,2022,3,25,5,19076
79570.0,81408.0,80893.0,79570.0,1023700,2022,3,28,1,19079
80158.0,82291.0,80893.0,81261.0,1365500,2022,3,29,2,19080
79423.0,83026.0,82291.0,79643.0,953500,2022,3,30,3,19081
79276.0,81629.0,79790.0,81261.0,632700,2022,3,31,4,19082
80820.0,86924.0,80893.0,86188.0,3758700,2022,4,1,5,19083
85673.0,88247.0,86262.0,85747.0,1081300,2022,4,4,1,19086
85673.0,88100.0,85673.0,86629.0,540800,2022,4,5,2,19087
84938.0,88689.0,85673.0,86850.0,1823500,2022,4,6,3,19088
84423.0,88542.0,86850.0,84644.0,1490000,2022,4,7,4,19089
83761.0,86041.0,84644.0,84203.0,793300,2022,4,8,5,19090
82364.0,85306.0,84570.0,82658.0,1232200,2022,4,12,2,19094
82438.0,85673.0,82658.0,85306.0,1008100,2022,4,13,3,19095
85673.0,89350.0,86335.0,86041.0,1254000,2022,4,14,4,19096
84717.0,88542.0,85968.0,86115.0,825000,2022,4,15,5,19097
86924.0,91189.0,88321.0,90821.0,2466600,2022,4,18,1,19100
87438.0,91042.0,90895.0,87438.0,1112300,2022,4,19,2,19101
86409.0,89056.0,87365.0,87438.0,1009400,2022,4,20,3,19102
87512.0,89571.0,88909.0,87512.0,1422500,2022,4,21,4,19103
82217.0,88909.0,88909.0,84570.0,2859300,2022,4,22,5,19104
78687.0,84570.0,84570.0,78687.0,1826300,2022,4,25,1,19107
74275.0,79570.0,76113.0,78981.0,1000600,2022,4,26,2,19108
75599.0,81629.0,78687.0,78687.0,813400,2022,4,27,3,19109
78099.0,80526.0,78687.0,78099.0,466900,2022,4,28,4,19110
78320.0,80526.0,78320.0,79423.0,460000,2022,4,29,5,19111
78320.0,80893.0,79423.0,79643.0,474200,2022,5,4,3,19116
78320.0,81629.0,81261.0,80893.0,509900,2022,5,5,4,19117
77952.0,80746.0,79423.0,78320.0,663200,2022,5,6,5,19118
72878.0,78320.0,77584.0,72878.0,1122600,2022,5,9,1,19121
68759.0,76040.0,70010.0,75746.0,633700,2022,5,10,2,19122
74275.0,78687.0,75746.0,78687.0,700200,2022,5,11,3,19123
74348.0,78834.0,77143.0,74348.0,777800,2022,5,12,4,19124
71113.0,77216.0,76260.0,71701.0,853600,2022,5,13,5,19125
71627.0,74643.0,74275.0,72069.0,317700,2022,5,16,1,19128
71186.0,76628.0,72069.0,75819.0,434400,2022,5,17,2,19129
73834.0,76996.0,75746.0,75084.0,578800,2022,5,18,3,19130
73981.0,77216.0,74201.0,75084.0,407700,2022,5,19,4,19131
75819.0,77952.0,77216.0,77952.0,483600,2022,5,20,5,19132
75378.0,78761.0,78761.0,76849.0,412900,2022,5,23,1,19135
76481.0,79349.0,77143.0,79349.0,599200,2022,5,24,2,19136
77216.0,84865.0,79423.0,84865.0,1708800,2022,5,25,3,19137
83982.0,85306.0,84865.0,84056.0,482400,2022,5,26,4,19138
83982.0,89939.0,84570.0,89939.0,2557300,2022,5,27,5,19139
87733.0,90159.0,90086.0,88615.0,1216100,2022,5,30,1,19142
83835.0,87880.0,87806.0,84497.0,1533900,2022,5,31,2,19143
83982.0,86703.0,84938.0,86262.0,1156800,2022,6,1,3,19144
87512.0,91851.0,89718.0,90601.0,2708900,2022,6,2,4,19145
89130.0,91483.0,90821.0,90601.0,1354700,2022,6,3,5,19146
90454.0,94278.0,91189.0,91924.0,1650600,2022,6,6,1,19149
89277.0,95601.0,94572.0,94131.0,1657300,2022,6,7,2,19150
93248.0,96410.0,96337.0,94131.0,1566800,2022,6,8,3,19151
92145.0,96263.0,95601.0,94498.0,759700,2022,6,9,4,19152
88762.0,94057.0,94057.0,88762.0,1100700,2022,6,10,5,19153
82585.0,86041.0,85673.0,82585.0,2311000,2022,6,13,1,19156
81997.0,85306.0,82364.0,85306.0,978400,2022,6,14,2,19157
81776.0,86777.0,84570.0,86777.0,1330200,2022,6,15,3,19158
86482.0,89865.0,88247.0,89571.0,909800,2022,6,16,4,19159
84644.0,89718.0,84644.0,89718.0,1331000,2022,6,17,5,19160
86409.0,89498.0,89498.0,86777.0,581600,2022,6,20,1,19163
86041.0,90380.0,87438.0,88100.0,1050100,2022,6,21,2,19164
83835.0,88615.0,86850.0,85306.0,685900,2022,6,22,3,19165
84791.0,89078.0,85012.0,89078.0,545300,2022,6,23,4,19166
88191.0,91666.0,89152.0,90187.0,703900,2022,6,24,5,19167
90409.0,95731.0,90409.0,95731.0,2022300,2022,6,27,1,19170
94623.0,95953.0,94992.0,95731.0,558500,2022,6,28,2,19171
92405.0,95953.0,93957.0,95731.0,929400,2022,6,29,3,19172
93809.0,96101.0,96027.0,94992.0,700800,2022,6,30,4,19173
90557.0,94992.0,94623.0,94770.0,950400,2022,7,1,5,19174
90926.0,95953.0,95953.0,91518.0,804400,2022,7,4,1,19177
85160.0,91518.0,91518.0,87674.0,1575700,2022,7,5,2,19178
82795.0,85752.0,83756.0,82795.0,1023000,2022,7,6,3,19179
81316.0,85752.0,82795.0,85752.0,615800,2022,7,7,4,19180
84939.0,86565.0,86565.0,85752.0,459200,2022,7,8,5,19181
82795.0,86639.0,86639.0,85382.0,527500,2022,7,11,1,19184
82943.0,86417.0,83534.0,86343.0,369700,2022,7,12,2,19185
84273.0,86343.0,86343.0,85012.0,489400,2022,7,13,3,19186
83386.0,85382.0,84643.0,85382.0,363000,2022,7,14,4,19187
82795.0,85900.0,85900.0,83904.0,682900,2022,7,15,5,19188
83534.0,85012.0,85012.0,83904.0,478500,2022,7,18,1,19191
81686.0,83904.0,83904.0,81686.0,511500,2022,7,19,2,19192
82203.0,84495.0,83386.0,83978.0,896900,2022,7,20,3,19193
82795.0,84791.0,84051.0,84273.0,646600,2022,7,21,4,19194
84273.0,85604.0,84273.0,84643.0,342000,2022,7,22,5,19195
83386.0,84569.0,84569.0,83682.0,205600,2022,7,25,1,19198
82795.0,83608.0,83534.0,82795.0,317300,2022,7,26,2,19199
81982.0,82943.0,82425.0,82943.0,285000,2022,7,27,3,19200
82055.0,84717.0,83460.0,83534.0,709000,2022,7,28,4,19201
83238.0,84273.0,84125.0,84273.0,1159100,2022,7,29,5,19202
83904.0,86861.0,84273.0,86491.0,511200,2022,8,1,1,19205
84569.0,86343.0,85752.0,86121.0,424500,2022,8,2,2,19206
84643.0,85752.0,85086.0,85752.0,659800,2022,8,3,3,19207
84717.0,85973.0,85826.0,85752.0,469700,2022,8,4,4,19208
84939.0,85752.0,85752.0,84939.0,449400,2022,8,5,5,19209
84939.0,87156.0,85012.0,86269.0,1235900,2022,8,8,1,19212
85604.0,86861.0,86861.0,86269.0,512500,2022,8,9,2,19213
85382.0,86269.0,86269.0,86121.0,437500,2022,8,10,3,19214
84347.0,86491.0,86121.0,84347.0,726200,2022,8,11,4,19215
83164.0,84865.0,84347.0,83830.0,494800,2022,8,12,5,19216
83312.0,85382.0,83978.0,84791.0,683000,2022,8,15,1,19219
84643.0,85234.0,85234.0,85012.0,274600,2022,8,16,2,19220
84569.0,85308.0,85012.0,84939.0,310500,2022,8,17,3,19221
83534.0,84865.0,84865.0,84569.0,426600,2022,8,18,4,19222
83386.0,84569.0,83904.0,84273.0,546900,2022,8,19,5,19223
83608.0,85308.0,83608.0,84865.0,409400,2022,8,22,1,19226
83904.0,84717.0,84273.0,84643.0,259600,2022,8,23,2,19227
84421.0,87230.0,84643.0,86639.0,1244000,2022,8,24,3,19228
85826.0,87008.0,86639.0,86195.0,421600,2022,8,25,4,19229
86047.0,88339.0,86491.0,87082.0,875700,2022,8,26,5,19230
83534.0,86121.0,85382.0,86121.0,1035900,2022,8,29,1,19233
84273.0,86491.0,86491.0,84569.0,723200,2022,8,30,2,19234
83830.0,84865.0,84569.0,84865.0,630300,2022,8,31,3,19235
84125.0,84865.0,84865.0,84495.0,376000,2022,9,5,1,19240
84199.0,84865.0,84569.0,84273.0,317900,2022,9,6,2,19241
82055.0,84347.0,84273.0,82055.0,1004600,2022,9,7,3,19242
81686.0,83164.0,82425.0,83164.0,547700,2022,9,8,4,19243
82425.0,83460.0,83460.0,82647.0,207000,2022,9,9,5,19244
82721.0,84199.0,82795.0,82943.0,365823,2022,9,12,1,19247
82943.0,84125.0,82943.0,83534.0,386500,2022,9,13,2,19248
82425.0,83238.0,82721.0,82573.0,460100,2022,9,14,3,19249
82573.0,83312.0,82795.0,82721.0,295000,2022,9,15,4,19250
82721.0,85678.0,82795.0,83682.0,2077800,2022,9,16,5,19251
82795.0,84051.0,83682.0,82795.0,509600,2022,9,19,1,19254
82795.0,83534.0,82795.0,83534.0,337300,2022,9,20,2,19255
83534.0,84495.0,84125.0,84199.0,331600,2022,9,21,3,19256
83830.0,84495.0,83830.0,84273.0,258400,2022,9,22,4,19257
83904.0,84643.0,84643.0,84199.0,391300,2022,9,23,5,19258
81834.0,83534.0,83534.0,82129.0,501200,2022,9,26,1,19261
82055.0,83238.0,83238.0,82129.0,384300,2022,9,27,2,19262
81686.0,82721.0,82055.0,82055.0,376239,2022,9,28,3,19263
81760.0,82943.0,82795.0,82055.0,273555,2022,9,29,4,19264
76955.0,82055.0,82055.0,79099.0,1143524,2022,9,30,5,19265
73628.0,79025.0,79025.0,73628.0,745763,2022,10,3,1,19268
72815.0,75328.0,75328.0,72815.0,391424,2022,10,4,2,19269
72815.0,77620.0,72889.0,75698.0,325420,2022,10,5,3,19270
75402.0,76881.0,75402.0,75994.0,386048,2022,10,6,4,19271
72445.0,77620.0,74663.0,76142.0,458087,2022,10,7,5,19272
71854.0,78285.0,71854.0,77620.0,351361,2022,10,10,1,19275
75033.0,78581.0,78581.0,77324.0,219613,2022,10,11,2,19276
75994.0,78285.0,75994.0,77620.0,340377,2022,10,12,3,19277
76733.0,77990.0,77990.0,77250.0,228670,2022,10,13,4,19278
77324.0,78285.0,77768.0,77694.0,217613,2022,10,14,5,19279
76511.0,77768.0,77620.0,77620.0,94825,2022,10,17,1,19282
78064.0,79690.0,79690.0,78359.0,323007,2022,10,18,2,19283
78359.0,79468.0,78951.0,79468.0,221743,2022,10,19,3,19284
78433.0,80281.0,80133.0,79542.0,270124,2022,10,20,4,19285
75402.0,80133.0,80133.0,77398.0,417860,2022,10,21,5,19286
73998.0,77620.0,73998.0,75033.0,379094,2022,10,24,1,19289
73185.0,77620.0,77620.0,75107.0,470313,2022,10,25,2,19290
75033.0,76881.0,75476.0,76437.0,259075,2022,10,26,3,19291
75624.0,77398.0,77398.0,76585.0,174278,2022,10,27,4,19292
76360.0,77477.0,77179.0,77254.0,134197,2022,10,28,5,19293
74870.0,77924.0,77924.0,76956.0,280788,2022,10,31,1,19296
75689.0,76956.0,76732.0,75689.0,157393,2022,11,1,2,19297
75317.0,76732.0,76434.0,75317.0,305441,2022,11,2,3,19298
73157.0,77477.0,73157.0,75987.0,316647,2022,11,3,4,19299
70698.0,76658.0,76658.0,70698.0,937202,2022,11,4,5,19300
70773.0,73008.0,70847.0,71145.0,282176,2022,11,7,1,19303
70698.0,72859.0,71369.0,72188.0,199962,2022,11,8,2,19304
70847.0,72710.0,72114.0,72486.0,128163,2022,11,9,3,19305
69283.0,73008.0,72188.0,72263.0,416674,2022,11,10,4,19306
71741.0,72859.0,72859.0,72412.0,180087,2022,11,11,5,19307
70847.0,74498.0,71145.0,71965.0,230135,2022,11,14,1,19310
67122.0,73753.0,71443.0,70102.0,508145,2022,11,15,2,19311
67048.0,72263.0,67122.0,72263.0,509541,2022,11,16,3,19312
72188.0,74498.0,72263.0,74498.0,364351,2022,11,17,4,19313
73008.0,75913.0,74498.0,74572.0,290295,2022,11,18,5,19314
74572.0,76732.0,74572.0,76062.0,163944,2022,11,21,1,19317
76136.0,78744.0,77328.0,76732.0,286345,2022,11,22,2,19318
75987.0,78744.0,75987.0,78744.0,166849,2022,11,23,3,19319
76956.0,79340.0,78967.0,78967.0,166917,2022,11,24,4,19320
78818.0,81351.0,79340.0,79116.0,235799,2022,11,25,5,19321
79340.0,81947.0,79340.0,81202.0,234447,2022,11,28,1,19324
80904.0,84182.0,81202.0,84033.0,358362,2022,11,29,2,19325
82841.0,84853.0,84033.0,84555.0,194074,2022,11,30,3,19326
82022.0,85151.0,83065.0,83437.0,265724,2022,12,1,4,19327
82394.0,86045.0,83810.0,85672.0,412439,2022,12,2,5,19328
84927.0,85672.0,85672.0,85598.0,135298,2022,12,5,1,19331
82692.0,85896.0,85523.0,82767.0,286547,2022,12,6,2,19332
78967.0,84033.0,84033.0,80979.0,307509,2022,12,7,3,19333
80979.0,82692.0,80979.0,82692.0,235195,2022,12,8,4,19334
82096.0,83661.0,83661.0,83363.0,83487,2022,12,9,5,19335
81426.0,83288.0,82022.0,83288.0,159827,2022,12,12,1,19338
80457.0,83810.0,83139.0,83810.0,156629,2022,12,13,2,19339
82543.0,84182.0,83810.0,84182.0,119350,2022,12,14,3,19340
82692.0,84182.0,83214.0,84182.0,129199,2022,12,15,4,19341
82767.0,84182.0,82767.0,84108.0,260838,2022,12,16,5,19342
82692.0,83661.0,82692.0,83437.0,129988,2022,12,19,1,19345
81575.0,83437.0,82469.0,82320.0,127036,2022,12,20,2,19346
80830.0,82320.0,81947.0,81649.0,182462,2022,12,21,3,19347
79712.0,82022.0,81947.0,81202.0,241030,2022,12,22,4,19348
78967.0,81202.0,81202.0,80904.0,148196,2022,12,23,5,19349
79861.0,81798.0,81649.0,80457.0,149711,2022,12,26,1,19352
80085.0,81128.0,80457.0,80457.0,134017,2022,12,27,2,19353
80606.0,86045.0,80755.0,81947.0,250088,2022,12,28,3,19354
83437.0,85424.0,84927.0,85424.0,222041,2022,12,29,4,19355
85424.0,89298.0,85920.0,89298.0,397800,2022,12,30,5,19356
88304.0,90390.0,90390.0,88900.0,221557,2023,1,3,2,19360
88006.0,89099.0,88900.0,88404.0,209463,2023,1,4,3,19361
88205.0,89794.0,89794.0,88900.0,189460,2023,1,5,4,19362
88200.0,89000.0,88900.0,88200.0,138531,2023,1,6,5,19363
87000.0,88600.0,87500.0,88200.0,151953,2023,1,9,1,19366
87300.0,88300.0,88300.0,88000.0,155656,2023,1,10,2,19367
86800.0,88000.0,88000.0,86800.0,264064,2023,1,11,3,19368
85600.0,86800.0,86800.0,86000.0,166780,2023,1,12,4,19369
86100.0,87200.0,86100.0,86300.0,197471,2023,1,13,5,19370
86400.0,89000.0,86400.0,87500.0,431158,2023,1,16,1,19373
87500.0,89000.0,87600.0,88000.0,289042,2023,1,17,2,19374
87400.0,89400.0,89400.0,88500.0,337030,2023,1,18,3,19375
87600.0,88900.0,87600.0,88900.0,591549,2023,1,19,4,19376
89600.0,95100.0,89600.0,94000.0,1431722,2023,1,27,5,19384
92100.0,95000.0,95000.0,92200.0,352071,2023,1,30,1,19387
89900.0,93100.0,91000.0,90200.0,603498,2023,1,31,2,19388
86000.0,91500.0,90100.0,86700.0,465909,2023,2,1,3,19389
85100.0,87700.0,87700.0,85500.0,608078,2023,2,2,4,19390
82100.0,85900.0,85800.0,82100.0,2089731,2023,2,3,5,19391
82600.0,85100.0,82600.0,83800.0,346600,2023,2,6,1,19394
82500.0,84700.0,84700.0,83100.0,309731,2023,2,7,2,19395
82100.0,83900.0,83100.0,82900.0,292580,2023,2,8,3,19396
82600.0,83500.0,82700.0,82900.0,404511,2023,2,9,4,19397
82700.0,83800.0,82900.0,83300.0,469433,2023,2,10,5,19398
82500.0,84200.0,83300.0,83500.0,411057,2023,2,13,1,19401
81300.0,83200.0,83200.0,82100.0,266255,2023,2,14,2,19402
81400.0,82200.0,82000.0,82000.0,241622,2023,2,15,3,19403
81800.0,82600.0,82000.0,82600.0,184767,2023,2,16,4,19404
81900.0,83100.0,82600.0,83000.0,243694,2023,2,17,5,19405
82700.0,84500.0,83000.0,84500.0,365379,2023,2,20,1,19408
84100.0,85800.0,84900.0,84500.0,420020,2023,2,21,2,19409
83000.0,84000.0,84000.0,83000.0,321792,2023,2,22,3,19410
81000.0,83000.0,82600.0,82100.0,352058,2023,2,23,4,19411
79600.0,82100.0,82000.0,81000.0,533169,2023,2,24,5,19412
76100.0,80000.0,80000.0,76100.0,591846,2023,2,27,1,19415
76200.0,77500.0,76200.0,76900.0,263255,2023,2,28,2,19416
