low,high,open,close,volume,year,month,day,weekday,days
10128.0,11647.0,10128.0,10996.0,561200,2010,10,8,5,14890
10490.0,11539.0,10490.0,11177.0,253700,2010,10,11,1,14893
10417.0,10996.0,10924.0,10490.0,362200,2010,10,12,2,14894
9802.0,10490.0,9911.0,10056.0,130200,2010,10,13,3,14895
9766.0,10454.0,10454.0,10020.0,147800,2010,10,14,4,14896
9513.0,10237.0,10237.0,9766.0,105100,2010,10,15,5,14897
9115.0,9766.0,9585.0,9260.0,217300,2010,10,18,1,14900
8645.0,9549.0,9405.0,8754.0,297700,2010,10,19,2,14901
8247.0,9079.0,8247.0,8826.0,65700,2010,10,20,3,14902
8645.0,9296.0,8645.0,9079.0,48500,2010,10,21,4,14903
8500.0,8898.0,8898.0,8790.0,33300,2010,10,22,5,14904
8898.0,9115.0,8934.0,9007.0,72100,2010,10,25,1,14907
9260.0,9622.0,9405.0,9513.0,86300,2010,10,26,2,14908
9043.0,9694.0,9224.0,9441.0,71900,2010,10,27,3,14909
8790.0,9368.0,9332.0,9079.0,35000,2010,10,28,4,14910
8717.0,9043.0,8862.0,8862.0,49500,2010,10,29,5,14911
8428.0,9224.0,9224.0,8754.0,49600,2010,11,1,1,14914
8319.0,8826.0,8754.0,8645.0,67500,2010,11,2,2,14915
8066.0,8645.0,8645.0,8319.0,74300,2010,11,3,3,14916
8066.0,8464.0,8428.0,8392.0,151700,2010,11,4,4,14917
8319.0,8681.0,8681.0,8500.0,162100,2010,11,5,5,14918
8139.0,8681.0,8536.0,8464.0,87600,2010,11,8,1,14921
7885.0,8464.0,8428.0,8102.0,112500,2010,11,9,2,14922
7596.0,8175.0,8175.0,7849.0,73000,2010,11,10,3,14923
7307.0,7922.0,7849.0,7596.0,94600,2010,11,11,4,14924
7090.0,7488.0,7343.0,7198.0,100600,2010,11,12,5,14925
6728.0,7488.0,7198.0,7198.0,52200,2010,11,15,1,14928
6728.0,7126.0,7090.0,6800.0,49900,2010,11,16,2,14929
6330.0,6909.0,6692.0,6764.0,82100,2010,11,17,3,14930
6547.0,7017.0,6728.0,6728.0,85500,2010,11,18,4,14931
6294.0,6873.0,6800.0,6728.0,43900,2010,11,19,5,14932
6258.0,6583.0,6583.0,6330.0,27100,2010,11,22,1,14935
6004.0,6439.0,6439.0,6221.0,151400,2010,11,23,2,14936
5896.0,6475.0,6149.0,6149.0,160100,2010,11,24,3,14937
6330.0,6547.0,6366.0,6475.0,142700,2010,11,25,4,14938
6909.0,6909.0,6909.0,6909.0,97900,2010,11,26,5,14939
7379.0,7379.0,7379.0,7379.0,95900,2010,11,29,1,14942
7885.0,7885.0,7885.0,7885.0,11000,2010,11,30,2,14943
8175.0,8428.0,8428.0,8428.0,610100,2010,12,1,3,14944
8609.0,9007.0,8898.0,9007.0,911700,2010,12,2,4,14945
9043.0,9622.0,9043.0,9585.0,421800,2010,12,3,5,14946
9405.0,10200.0,10128.0,9875.0,143400,2010,12,6,1,14949
9188.0,9332.0,9188.0,9188.0,607000,2010,12,7,2,14950
8573.0,8971.0,8573.0,8609.0,278900,2010,12,8,3,14951
8030.0,8681.0,8030.0,8066.0,942100,2010,12,9,4,14952
8609.0,8609.0,8609.0,8609.0,547500,2010,12,10,5,14953
8645.0,9188.0,9188.0,9115.0,469900,2010,12,13,1,14956
8500.0,8717.0,8717.0,8536.0,202300,2010,12,14,2,14957
7958.0,8500.0,8139.0,8102.0,447900,2010,12,15,3,14958
7560.0,7632.0,7596.0,7560.0,563300,2010,12,16,4,14959
7090.0,8066.0,7090.0,7885.0,234900,2010,12,17,5,14960
7451.0,8356.0,8247.0,7668.0,189500,2010,12,20,1,14963
7162.0,7596.0,7234.0,7198.0,273500,2010,12,21,2,14964
6909.0,7488.0,7451.0,7162.0,109900,2010,12,22,3,14965
6728.0,7234.0,7126.0,6909.0,126500,2010,12,23,4,14966
6475.0,7162.0,6511.0,6909.0,127300,2010,12,24,5,14967
6728.0,7017.0,6945.0,6909.0,88000,2010,12,27,1,14970
7198.0,7379.0,7198.0,7307.0,56000,2010,12,28,2,14971
7596.0,7813.0,7813.0,7777.0,457800,2010,12,29,3,14972
7270.0,7777.0,7488.0,7451.0,141600,2010,12,30,4,14973
7234.0,7632.0,7270.0,7524.0,102800,2010,12,31,5,14974
7524.0,7813.0,7596.0,7705.0,102400,2011,1,4,2,14978
7415.0,7885.0,7849.0,7632.0,148000,2011,1,5,3,14979
7632.0,8139.0,7632.0,7958.0,395600,2011,1,6,4,14980
7849.0,8392.0,8066.0,8066.0,378300,2011,1,7,5,14981
7524.0,7958.0,7958.0,7596.0,305100,2011,1,10,1,14984
7090.0,7668.0,7596.0,7234.0,173600,2011,1,11,2,14985
7162.0,7596.0,7524.0,7307.0,235700,2011,1,12,3,14986
7307.0,7596.0,7524.0,7451.0,121000,2011,1,13,4,14987
7234.0,7632.0,7451.0,7488.0,152900,2011,1,14,5,14988
7343.0,7777.0,7524.0,7524.0,123200,2011,1,17,1,14991
7162.0,7560.0,7560.0,7234.0,135900,2011,1,18,2,14992
7053.0,7415.0,7343.0,7198.0,76000,2011,1,19,3,14993
6909.0,7343.0,6981.0,7090.0,71400,2011,1,20,4,14994
6981.0,7307.0,7307.0,7126.0,124900,2011,1,21,5,14995
6728.0,7053.0,7053.0,6836.0,70300,2011,1,24,1,14998
6728.0,6945.0,6873.0,6836.0,83900,2011,1,25,2,14999
6836.0,7017.0,6873.0,6909.0,22900,2011,1,26,3,15000
7090.0,7379.0,7198.0,7234.0,64000,2011,1,27,4,15001
7017.0,7234.0,7162.0,7162.0,66100,2011,1,28,5,15002
7234.0,7560.0,7560.0,7379.0,19900,2011,2,8,2,15013
7053.0,7488.0,7379.0,7234.0,63600,2011,2,9,3,15014
6981.0,7126.0,7053.0,7017.0,43900,2011,2,10,4,15015
6945.0,7162.0,7053.0,7053.0,48500,2011,2,11,5,15016
6873.0,7090.0,7053.0,6981.0,51600,2011,2,14,1,15019
6728.0,7162.0,7162.0,6873.0,22500,2011,2,15,2,15020
6692.0,7017.0,6873.0,6764.0,104400,2011,2,16,3,15021
6439.0,6656.0,6547.0,6547.0,129300,2011,2,17,4,15022
6475.0,6692.0,6656.0,6583.0,97900,2011,2,18,5,15023
6149.0,6258.0,6258.0,6149.0,38700,2011,2,21,1,15026
5751.0,5968.0,5896.0,5751.0,139900,2011,2,22,2,15027
5462.0,5787.0,5787.0,5715.0,151500,2011,2,23,3,15028
5317.0,5498.0,5498.0,5353.0,138500,2011,2,24,4,15029
5281.0,5679.0,5498.0,5462.0,115300,2011,2,25,5,15030
5390.0,5751.0,5751.0,5498.0,69500,2011,2,28,1,15033
5317.0,5426.0,5317.0,5353.0,25100,2011,3,1,2,15034
4992.0,5136.0,5136.0,4992.0,145900,2011,3,2,3,15035
4702.0,5245.0,4702.0,5064.0,110800,2011,3,3,4,15036
4883.0,5136.0,5136.0,4992.0,72400,2011,3,4,5,15037
4847.0,5100.0,5028.0,4992.0,30500,2011,3,7,1,15040
4738.0,5028.0,5028.0,4883.0,13900,2011,3,8,2,15041
4558.0,4992.0,4883.0,4666.0,62300,2011,3,9,3,15042
4738.0,4992.0,4738.0,4992.0,169800,2011,3,10,4,15043
5245.0,5317.0,5245.0,5317.0,107200,2011,3,11,5,15044
4955.0,5390.0,5390.0,5064.0,34200,2011,3,14,1,15047
4775.0,5064.0,4775.0,4955.0,23900,2011,3,15,2,15048
4702.0,4992.0,4955.0,4919.0,65400,2011,3,16,3,15049
4738.0,4992.0,4919.0,4883.0,49600,2011,3,17,4,15050
4883.0,5209.0,4883.0,5136.0,206000,2011,3,18,5,15051
5390.0,5462.0,5462.0,5462.0,125400,2011,3,21,1,15054
5281.0,5787.0,5787.0,5534.0,137800,2011,3,22,2,15055
5173.0,5498.0,5498.0,5317.0,46800,2011,3,23,3,15056
5064.0,5498.0,5462.0,5245.0,63100,2011,3,24,4,15057
4992.0,5209.0,5209.0,5064.0,68100,2011,3,25,5,15058
4919.0,5136.0,5136.0,5028.0,42300,2011,3,28,1,15061
4775.0,5136.0,5100.0,4955.0,88100,2011,3,29,2,15062
4702.0,4955.0,4702.0,4883.0,49700,2011,3,30,3,15063
4919.0,5209.0,5100.0,5136.0,143000,2011,3,31,4,15064
4955.0,5173.0,5136.0,5064.0,91000,2011,4,1,5,15065
4883.0,5100.0,5064.0,4919.0,39600,2011,4,4,1,15068
4919.0,5028.0,4992.0,4992.0,77700,2011,4,5,2,15069
4955.0,5173.0,5028.0,5064.0,104100,2011,4,6,3,15070
4883.0,5100.0,5100.0,4955.0,19900,2011,4,7,4,15071
4811.0,4955.0,4955.0,4847.0,43800,2011,4,8,5,15072
4738.0,4919.0,4919.0,4883.0,72100,2011,4,13,3,15077
4666.0,4883.0,4883.0,4811.0,20100,2011,4,14,4,15078
4630.0,4883.0,4883.0,4775.0,23300,2011,4,15,5,15079
4449.0,4811.0,4811.0,4521.0,50900,2011,4,18,1,15082
4232.0,4702.0,4702.0,4268.0,63600,2011,4,19,2,15083
3979.0,4341.0,4341.0,3979.0,70200,2011,4,20,3,15084
3726.0,3798.0,3798.0,3726.0,173100,2011,4,21,4,15085
3472.0,3907.0,3762.0,3509.0,119000,2011,4,22,5,15086
3689.0,3726.0,3726.0,3726.0,80300,2011,4,25,1,15089
3472.0,3798.0,3798.0,3509.0,71300,2011,4,26,2,15090
3436.0,3581.0,3545.0,3509.0,21200,2011,4,27,3,15091
3545.0,3726.0,3581.0,3689.0,148400,2011,4,28,4,15092
3545.0,3907.0,3689.0,3762.0,84100,2011,4,29,5,15093
3762.0,3943.0,3943.0,3907.0,37300,2011,5,4,3,15098
3653.0,3907.0,3907.0,3689.0,44000,2011,5,5,4,15099
3545.0,3834.0,3762.0,3726.0,25600,2011,5,6,5,15100
3726.0,3870.0,3798.0,3762.0,18300,2011,5,9,1,15103
3653.0,3943.0,3943.0,3762.0,21600,2011,5,10,2,15104
3545.0,3726.0,3581.0,3617.0,6200,2011,5,11,3,15105
3617.0,3689.0,3689.0,3617.0,103600,2011,5,12,4,15106
3617.0,3617.0,3617.0,3617.0,9800,2011,5,13,5,15107
3364.0,3545.0,3545.0,3436.0,20900,2011,5,16,1,15110
3328.0,3400.0,3400.0,3364.0,90600,2011,5,17,2,15111
3147.0,3255.0,3255.0,3147.0,94800,2011,5,18,3,15112
2966.0,3328.0,3328.0,3147.0,14200,2011,5,19,4,15113
2930.0,3111.0,3075.0,2966.0,20800,2011,5,20,5,15114
2785.0,2894.0,2894.0,2785.0,48800,2011,5,23,1,15117
2604.0,2641.0,2604.0,2604.0,40300,2011,5,24,2,15118
2423.0,2423.0,2423.0,2423.0,35900,2011,5,25,3,15119
2279.0,2532.0,2279.0,2315.0,186900,2011,5,26,4,15120
2279.0,2460.0,2460.0,2423.0,59500,2011,5,27,5,15121
2279.0,2387.0,2387.0,2315.0,74300,2011,5,30,1,15124
2170.0,2423.0,2423.0,2243.0,4900,2011,5,31,2,15125
2098.0,2387.0,2170.0,2351.0,87600,2011,6,1,3,15126
2423.0,2496.0,2460.0,2496.0,23600,2011,6,2,4,15127
2423.0,2641.0,2641.0,2568.0,215000,2011,6,3,5,15128
2423.0,2532.0,2532.0,2460.0,50900,2011,6,6,1,15131
2496.0,2604.0,2496.0,2604.0,104300,2011,6,7,2,15132
2641.0,2785.0,2785.0,2785.0,235000,2011,6,8,3,15133
2677.0,2966.0,2966.0,2930.0,123200,2011,6,9,4,15134
3111.0,3111.0,3111.0,3111.0,4900,2011,6,10,5,15135
3292.0,3328.0,3328.0,3328.0,156700,2011,6,13,1,15138
3147.0,3545.0,3545.0,3400.0,290800,2011,6,14,2,15139
3183.0,3328.0,3219.0,3183.0,56900,2011,6,15,3,15140
2966.0,3147.0,2966.0,3002.0,363800,2011,6,16,4,15141
2821.0,3111.0,3111.0,2858.0,86500,2011,6,17,5,15142
2677.0,2821.0,2713.0,2677.0,231100,2011,6,20,1,15145
2677.0,2858.0,2677.0,2785.0,79000,2011,6,21,2,15146
2677.0,2930.0,2894.0,2749.0,60300,2011,6,22,3,15147
2568.0,2749.0,2749.0,2604.0,88700,2011,6,23,4,15148
2604.0,2713.0,2604.0,2641.0,83000,2011,6,24,5,15149
2532.0,2713.0,2641.0,2641.0,55400,2011,6,27,1,15152
2568.0,2677.0,2641.0,2604.0,70200,2011,6,28,2,15153
2604.0,2749.0,2749.0,2677.0,47200,2011,6,29,3,15154
2568.0,2713.0,2713.0,2641.0,32900,2011,6,30,4,15155
2641.0,2713.0,2641.0,2677.0,7100,2011,7,1,5,15156
2496.0,2568.0,2532.0,2496.0,109800,2011,7,4,1,15159
2532.0,2641.0,2532.0,2641.0,74800,2011,7,5,2,15160
2467.0,2626.0,2626.0,2507.0,49900,2011,7,6,3,15161
2388.0,2507.0,2467.0,2427.0,47600,2011,7,7,4,15162
2308.0,2427.0,2308.0,2348.0,77200,2011,7,8,5,15163
2268.0,2427.0,2388.0,2388.0,32500,2011,7,11,1,15166
2228.0,2427.0,2388.0,2268.0,113900,2011,7,12,2,15167
2268.0,2348.0,2348.0,2268.0,86700,2011,7,13,3,15168
2149.0,2268.0,2149.0,2268.0,22700,2011,7,14,4,15169
2228.0,2348.0,2348.0,2308.0,40600,2011,7,15,5,15170
2149.0,2268.0,2228.0,2189.0,67500,2011,7,18,1,15173
2109.0,2228.0,2189.0,2189.0,14300,2011,7,19,2,15174
2189.0,2308.0,2228.0,2268.0,46100,2011,7,20,3,15175
2189.0,2308.0,2308.0,2228.0,5600,2011,7,21,4,15176
2189.0,2228.0,2189.0,2189.0,25800,2011,7,22,5,15177
2109.0,2228.0,2228.0,2149.0,16500,2011,7,25,1,15180
2069.0,2149.0,2109.0,2109.0,29900,2011,7,26,2,15181
1990.0,2109.0,2029.0,2029.0,42400,2011,7,27,3,15182
2029.0,2109.0,2069.0,2069.0,25600,2011,7,28,4,15183
2029.0,2149.0,2149.0,2069.0,21000,2011,7,29,5,15184
1990.0,2109.0,2109.0,2029.0,54100,2011,8,1,1,15187
1910.0,1950.0,1950.0,1910.0,78700,2011,8,2,2,15188
1791.0,1910.0,1791.0,1870.0,46500,2011,8,3,3,15189
1870.0,1990.0,1950.0,1950.0,44400,2011,8,4,4,15190
1950.0,2029.0,1950.0,1990.0,38700,2011,8,5,5,15191
1910.0,1990.0,1990.0,1910.0,25200,2011,8,8,1,15194
1791.0,1870.0,1870.0,1791.0,91900,2011,8,9,2,15195
1791.0,1870.0,1791.0,1830.0,29100,2011,8,10,3,15196
1711.0,1830.0,1830.0,1751.0,18200,2011,8,11,4,15197
1791.0,1830.0,1830.0,1791.0,6600,2011,8,12,5,15198
1711.0,1791.0,1751.0,1791.0,13100,2011,8,15,1,15201
1791.0,1830.0,1830.0,1830.0,19100,2011,8,16,2,15202
1830.0,1950.0,1830.0,1910.0,103000,2011,8,17,3,15203
1950.0,2029.0,1990.0,1990.0,89100,2011,8,18,4,15204
1870.0,1950.0,1950.0,1910.0,58900,2011,8,19,5,15205
1990.0,2029.0,1990.0,2029.0,58100,2011,8,22,1,15208
1950.0,2069.0,2029.0,1990.0,108800,2011,8,23,2,15209
1910.0,2109.0,2109.0,1950.0,41300,2011,8,24,3,15210
1950.0,2029.0,1990.0,1990.0,48500,2011,8,25,4,15211
1990.0,2109.0,1990.0,2069.0,130100,2011,8,26,5,15212
2189.0,2189.0,2189.0,2189.0,2100,2011,8,29,1,15215
2308.0,2308.0,2308.0,2308.0,5400,2011,8,30,2,15216
2427.0,2467.0,2467.0,2467.0,271500,2011,8,31,3,15217
2388.0,2626.0,2467.0,2587.0,382100,2011,9,1,4,15218
2467.0,2746.0,2587.0,2626.0,168300,2011,9,5,1,15222
2467.0,2507.0,2467.0,2467.0,109000,2011,9,6,2,15223
2467.0,2626.0,2507.0,2587.0,229800,2011,9,7,3,15224
2547.0,2746.0,2706.0,2626.0,195800,2011,9,8,4,15225
2507.0,2785.0,2507.0,2746.0,296800,2011,9,9,5,15226
2865.0,2905.0,2865.0,2905.0,169100,2011,9,12,1,15229
2984.0,3104.0,3104.0,3104.0,343700,2011,9,13,2,15230
2905.0,3223.0,3104.0,3024.0,266300,2011,9,14,3,15231
2825.0,2905.0,2865.0,2825.0,257200,2011,9,15,4,15232
2666.0,2785.0,2706.0,2666.0,56900,2011,9,16,5,15233
2507.0,2666.0,2507.0,2587.0,112400,2011,9,19,1,15236
2507.0,2626.0,2587.0,2547.0,99200,2011,9,20,2,15237
2507.0,2706.0,2587.0,2626.0,168200,2011,9,21,3,15238
2666.0,2785.0,2706.0,2746.0,195200,2011,9,22,4,15239
2626.0,2785.0,2626.0,2746.0,43800,2011,9,23,5,15240
2666.0,2785.0,2666.0,2706.0,76300,2011,9,26,1,15243
2626.0,2746.0,2746.0,2706.0,118700,2011,9,27,2,15244
2706.0,2865.0,2706.0,2825.0,222900,2011,9,28,3,15245
2666.0,2945.0,2945.0,2785.0,163200,2011,9,29,4,15246
2626.0,2825.0,2825.0,2666.0,77900,2011,9,30,5,15247
2507.0,2547.0,2547.0,2507.0,72800,2011,10,3,1,15250
2348.0,2467.0,2348.0,2348.0,114300,2011,10,4,2,15251
2308.0,2467.0,2427.0,2388.0,60100,2011,10,5,3,15252
2388.0,2547.0,2388.0,2547.0,80500,2011,10,6,4,15253
2427.0,2507.0,2507.0,2467.0,20000,2011,10,7,5,15254
2308.0,2388.0,2348.0,2308.0,43200,2011,10,10,1,15257
2308.0,2427.0,2348.0,2348.0,26700,2011,10,11,2,15258
2189.0,2268.0,2268.0,2189.0,154100,2011,10,12,3,15259
2109.0,2189.0,2149.0,2189.0,17500,2011,10,13,4,15260
2109.0,2189.0,2149.0,2149.0,14500,2011,10,14,5,15261
2029.0,2109.0,2109.0,2069.0,52600,2011,10,17,1,15264
1950.0,1990.0,1990.0,1950.0,116400,2011,10,18,2,15265
1830.0,2069.0,1830.0,1990.0,94600,2011,10,19,3,15266
1950.0,1990.0,1950.0,1990.0,44600,2011,10,20,4,15267
1990.0,2109.0,1990.0,2109.0,207300,2011,10,21,5,15268
2109.0,2228.0,2189.0,2149.0,101000,2011,10,24,1,15271
2029.0,2109.0,2109.0,2069.0,47900,2011,10,25,2,15272
1950.0,2069.0,1950.0,2029.0,50700,2011,10,26,3,15273
2069.0,2109.0,2109.0,2109.0,4100,2011,10,27,4,15274
2069.0,2228.0,2149.0,2189.0,127200,2011,10,28,5,15275
2228.0,2308.0,2308.0,2308.0,251400,2011,10,31,1,15278
2149.0,2308.0,2268.0,2189.0,71200,2011,11,1,2,15279
2069.0,2189.0,2149.0,2069.0,47700,2011,11,2,3,15280
1950.0,2149.0,2149.0,1990.0,184600,2011,11,3,4,15281
1950.0,2069.0,2069.0,1990.0,86700,2011,11,4,5,15282
1950.0,2069.0,2069.0,2029.0,16700,2011,11,7,1,15285
1950.0,2069.0,1990.0,1990.0,28500,2011,11,8,2,15286
1990.0,2029.0,1990.0,1990.0,21100,2011,11,9,3,15287
1870.0,1910.0,1910.0,1870.0,145400,2011,11,10,4,15288
1830.0,1950.0,1910.0,1910.0,20200,2011,11,11,5,15289
1791.0,1870.0,1870.0,1791.0,54100,2011,11,14,1,15292
1751.0,1830.0,1791.0,1791.0,54900,2011,11,15,2,15293
1830.0,1910.0,1830.0,1870.0,41200,2011,11,16,3,15294
1791.0,1870.0,1870.0,1791.0,33200,2011,11,17,4,15295
1711.0,1791.0,1791.0,1751.0,11900,2011,11,18,5,15296
1751.0,1830.0,1830.0,1791.0,17300,2011,11,21,1,15299
1711.0,1870.0,1870.0,1751.0,36000,2011,11,22,2,15300
1791.0,1870.0,1830.0,1830.0,35200,2011,11,23,3,15301
1751.0,1830.0,1830.0,1830.0,27300,2011,11,24,4,15302
1751.0,1751.0,1751.0,1751.0,35300,2011,11,25,5,15303
1830.0,1870.0,1830.0,1870.0,60300,2011,11,28,1,15306
1791.0,1870.0,1870.0,1830.0,36500,2011,11,29,2,15307
1711.0,1830.0,1830.0,1791.0,15400,2011,11,30,3,15308
1711.0,1791.0,1711.0,1711.0,52600,2011,12,1,4,15309
1671.0,1830.0,1711.0,1751.0,20200,2011,12,2,5,15310
1870.0,1870.0,1870.0,1870.0,37800,2011,12,5,1,15313
1910.0,1990.0,1990.0,1950.0,68000,2011,12,6,2,15314
1830.0,1870.0,1870.0,1830.0,23800,2011,12,7,3,15315
1711.0,1830.0,1830.0,1751.0,77100,2011,12,8,4,15316
1671.0,1791.0,1791.0,1751.0,69400,2011,12,9,5,15317
1671.0,1791.0,1791.0,1791.0,46800,2011,12,12,1,15320
1671.0,1751.0,1751.0,1711.0,10000,2011,12,13,2,15321
1592.0,1631.0,1631.0,1592.0,27200,2011,12,14,3,15322
1512.0,1631.0,1592.0,1552.0,55400,2011,12,15,4,15323
1552.0,1592.0,1592.0,1592.0,31100,2011,12,16,5,15324
1552.0,1631.0,1631.0,1631.0,30100,2011,12,19,1,15327
1552.0,1552.0,1552.0,1552.0,13700,2011,12,20,2,15328
1472.0,1512.0,1472.0,1472.0,30100,2011,12,21,3,15329
1393.0,1393.0,1393.0,1393.0,35800,2011,12,22,4,15330
1313.0,1393.0,1313.0,1313.0,31200,2011,12,23,5,15331
1234.0,1353.0,1353.0,1234.0,29200,2011,12,26,1,15334
1154.0,1154.0,1154.0,1154.0,59200,2011,12,27,2,15335
1074.0,1194.0,1114.0,1154.0,59800,2011,12,28,3,15336
1114.0,1194.0,1194.0,1194.0,28600,2011,12,29,4,15337
1194.0,1273.0,1194.0,1234.0,37000,2011,12,30,5,15338
1194.0,1273.0,1273.0,1194.0,5800,2012,1,3,2,15342
1154.0,1194.0,1154.0,1154.0,11000,2012,1,4,3,15343
1074.0,1194.0,1194.0,1114.0,51700,2012,1,5,4,15344
1074.0,1154.0,1154.0,1074.0,65100,2012,1,6,5,15345
1035.0,1074.0,1074.0,1035.0,62300,2012,1,9,1,15348
1035.0,1074.0,1035.0,1074.0,73800,2012,1,10,2,15349
1074.0,1114.0,1114.0,1114.0,33700,2012,1,11,3,15350
1074.0,1074.0,1074.0,1074.0,64400,2012,1,12,4,15351
1074.0,1114.0,1074.0,1074.0,41300,2012,1,13,5,15352
1074.0,1114.0,1074.0,1074.0,68700,2012,1,16,1,15355
1074.0,1114.0,1074.0,1114.0,155800,2012,1,17,2,15356
1114.0,1154.0,1154.0,1154.0,59100,2012,1,18,3,15357
1234.0,1234.0,1234.0,1234.0,30800,2012,1,19,4,15358
1234.0,1313.0,1313.0,1313.0,79600,2012,1,20,5,15359
1234.0,1273.0,1273.0,1273.0,12700,2012,1,30,1,15369
1273.0,1353.0,1273.0,1353.0,181000,2012,1,31,2,15370
1273.0,1353.0,1353.0,1273.0,65800,2012,2,1,3,15371
1313.0,1353.0,1353.0,1353.0,88500,2012,2,2,4,15372
1273.0,1433.0,1433.0,1353.0,136900,2012,2,3,5,15373
1273.0,1313.0,1313.0,1273.0,59400,2012,2,6,1,15376
1273.0,1353.0,1273.0,1313.0,56900,2012,2,7,2,15377
1273.0,1393.0,1353.0,1353.0,76200,2012,2,8,3,15378
1273.0,1393.0,1393.0,1313.0,74700,2012,2,9,4,15379
1234.0,1393.0,1353.0,1313.0,62000,2012,2,10,5,15380
1273.0,1353.0,1313.0,1313.0,32600,2012,2,13,1,15383
1234.0,1353.0,1313.0,1273.0,57600,2012,2,14,2,15384
1194.0,1313.0,1273.0,1234.0,169600,2012,2,15,3,15385
1194.0,1234.0,1234.0,1234.0,63500,2012,2,16,4,15386
1234.0,1273.0,1234.0,1234.0,41200,2012,2,17,5,15387
1234.0,1313.0,1234.0,1313.0,44900,2012,2,20,1,15390
1234.0,1393.0,1393.0,1273.0,109600,2012,2,21,2,15391
1194.0,1273.0,1234.0,1234.0,150500,2012,2,22,3,15392
1273.0,1313.0,1313.0,1313.0,82000,2012,2,23,4,15393
1393.0,1393.0,1393.0,1393.0,57100,2012,2,24,5,15394
1472.0,1472.0,1472.0,1472.0,15800,2012,2,27,1,15397
1472.0,1552.0,1552.0,1552.0,282900,2012,2,28,2,15398
1472.0,1552.0,1512.0,1472.0,170800,2012,2,29,3,15399
1393.0,1472.0,1472.0,1393.0,258400,2012,3,1,4,15400
1433.0,1472.0,1433.0,1472.0,51900,2012,3,2,5,15401
1552.0,1552.0,1552.0,1552.0,8000,2012,3,5,1,15404
1592.0,1631.0,1631.0,1631.0,471700,2012,3,6,2,15405
1552.0,1711.0,1671.0,1671.0,254200,2012,3,7,3,15406
1592.0,1711.0,1592.0,1631.0,198400,2012,3,8,4,15407
1552.0,1671.0,1592.0,1631.0,86700,2012,3,9,5,15408
1552.0,1631.0,1631.0,1552.0,135300,2012,3,12,1,15411
1512.0,1592.0,1512.0,1552.0,118800,2012,3,13,2,15412
1472.0,1631.0,1631.0,1552.0,76300,2012,3,14,3,15413
1512.0,1631.0,1592.0,1592.0,105300,2012,3,15,4,15414
1631.0,1671.0,1671.0,1671.0,212900,2012,3,16,5,15415
1592.0,1671.0,1592.0,1592.0,75100,2012,3,19,1,15418
1592.0,1671.0,1592.0,1671.0,87200,2012,3,20,2,15419
1711.0,1751.0,1751.0,1751.0,142500,2012,3,21,3,15420
1711.0,1830.0,1751.0,1751.0,160200,2012,3,22,4,15421
1751.0,1870.0,1791.0,1830.0,274900,2012,3,23,5,15422
1830.0,1950.0,1910.0,1950.0,152100,2012,3,26,1,15425
1830.0,2029.0,1990.0,1830.0,206000,2012,3,27,2,15426
1711.0,1830.0,1751.0,1830.0,186700,2012,3,28,3,15427
1711.0,1910.0,1830.0,1711.0,126300,2012,3,29,4,15428
1592.0,1671.0,1592.0,1592.0,99000,2012,3,30,5,15429
1552.0,1671.0,1592.0,1671.0,62900,2012,4,3,2,15433
1592.0,1711.0,1711.0,1592.0,63400,2012,4,4,3,15434
1592.0,1671.0,1592.0,1671.0,80200,2012,4,5,4,15435
1671.0,1751.0,1711.0,1711.0,76100,2012,4,6,5,15436
1711.0,1830.0,1751.0,1830.0,129600,2012,4,9,1,15439
1751.0,1870.0,1870.0,1751.0,26000,2012,4,10,2,15440
1711.0,1870.0,1791.0,1830.0,168600,2012,4,11,3,15441
1791.0,1910.0,1870.0,1791.0,94200,2012,4,12,4,15442
1671.0,1791.0,1751.0,1751.0,166400,2012,4,13,5,15443
1631.0,1830.0,1631.0,1751.0,105300,2012,4,16,1,15446
1711.0,1830.0,1830.0,1751.0,40200,2012,4,17,2,15447
1711.0,1870.0,1751.0,1870.0,343700,2012,4,18,3,15448
1910.0,1990.0,1910.0,1990.0,464800,2012,4,19,4,15449
1910.0,2069.0,2029.0,1990.0,152100,2012,4,20,5,15450
1870.0,2029.0,1990.0,1870.0,163300,2012,4,23,1,15453
1751.0,1910.0,1870.0,1830.0,307000,2012,4,24,2,15454
1751.0,1950.0,1791.0,1950.0,213000,2012,4,25,3,15455
1870.0,2029.0,1990.0,1950.0,234800,2012,4,26,4,15456
1950.0,2069.0,1950.0,2029.0,195200,2012,4,27,5,15457
1950.0,2109.0,2029.0,1950.0,290900,2012,5,2,3,15462
1950.0,2029.0,1990.0,1990.0,167400,2012,5,3,4,15463
2069.0,2109.0,2069.0,2109.0,252400,2012,5,4,5,15464
2228.0,2228.0,2228.0,2228.0,72100,2012,5,7,1,15467
2149.0,2348.0,2308.0,2189.0,175700,2012,5,8,2,15468
2149.0,2308.0,2149.0,2228.0,135200,2012,5,9,3,15469
2189.0,2348.0,2308.0,2308.0,163300,2012,5,10,4,15470
2308.0,2467.0,2467.0,2388.0,289400,2012,5,11,5,15471
2228.0,2268.0,2268.0,2228.0,53500,2012,5,14,1,15474
2109.0,2149.0,2149.0,2109.0,202100,2012,5,15,2,15475
1990.0,2228.0,1990.0,2109.0,111000,2012,5,16,3,15476
1990.0,2149.0,2149.0,1990.0,109000,2012,5,17,4,15477
1870.0,1990.0,1870.0,1870.0,53500,2012,5,18,5,15478
1950.0,1990.0,1990.0,1990.0,44800,2012,5,21,1,15481
1870.0,1990.0,1950.0,1910.0,42100,2012,5,22,2,15482
1791.0,1830.0,1830.0,1791.0,56600,2012,5,23,3,15483
1671.0,1751.0,1711.0,1671.0,71700,2012,5,24,4,15484
1671.0,1751.0,1711.0,1751.0,80500,2012,5,25,5,15485
1711.0,1830.0,1830.0,1830.0,34100,2012,5,28,1,15488
1711.0,1791.0,1791.0,1711.0,14300,2012,5,29,2,15489
1592.0,1751.0,1711.0,1671.0,61800,2012,5,30,3,15490
1592.0,1671.0,1631.0,1671.0,28900,2012,5,31,4,15491
1592.0,1711.0,1671.0,1671.0,17100,2012,6,1,5,15492
1592.0,1671.0,1671.0,1592.0,29000,2012,6,4,1,15495
1512.0,1671.0,1592.0,1631.0,46300,2012,6,5,2,15496
1592.0,1671.0,1592.0,1631.0,61000,2012,6,6,3,15497
1671.0,1711.0,1671.0,1711.0,58100,2012,6,7,4,15498
1671.0,1830.0,1830.0,1751.0,68400,2012,6,8,5,15499
1711.0,1791.0,1791.0,1791.0,30400,2012,6,11,1,15502
1671.0,1870.0,1830.0,1711.0,10000,2012,6,12,2,15503
1631.0,1711.0,1631.0,1711.0,5300,2012,6,13,3,15504
1592.0,1711.0,1631.0,1592.0,51100,2012,6,14,4,15505
1552.0,1671.0,1552.0,1631.0,57900,2012,6,15,5,15506
1631.0,1711.0,1711.0,1671.0,89900,2012,6,18,1,15509
1592.0,1671.0,1631.0,1671.0,29100,2012,6,19,2,15510
1631.0,1711.0,1671.0,1631.0,39600,2012,6,20,3,15511
1592.0,1671.0,1631.0,1671.0,21200,2012,6,21,4,15512
1592.0,1711.0,1711.0,1592.0,41100,2012,6,22,5,15513
1512.0,1592.0,1592.0,1512.0,36800,2012,6,25,1,15516
1433.0,1512.0,1512.0,1433.0,24900,2012,6,26,2,15517
1353.0,1472.0,1472.0,1353.0,17500,2012,6,27,3,15518
1273.0,1393.0,1393.0,1353.0,75300,2012,6,28,4,15519
1313.0,1393.0,1353.0,1353.0,14800,2012,6,29,5,15520
1313.0,1433.0,1433.0,1393.0,12600,2012,7,2,1,15523
1313.0,1393.0,1313.0,1313.0,21800,2012,7,3,2,15524
1234.0,1353.0,1353.0,1313.0,39700,2012,7,4,3,15525
1273.0,1353.0,1273.0,1353.0,23600,2012,7,5,4,15526
1353.0,1393.0,1393.0,1393.0,3900,2012,7,6,5,15527
1313.0,1353.0,1353.0,1313.0,1200,2012,7,9,1,15530
1234.0,1313.0,1234.0,1273.0,12400,2012,7,10,2,15531
1194.0,1234.0,1234.0,1194.0,32400,2012,7,11,3,15532
1194.0,1273.0,1234.0,1234.0,14600,2012,7,12,4,15533
1234.0,1313.0,1273.0,1313.0,45000,2012,7,13,5,15534
1313.0,1393.0,1393.0,1313.0,18600,2012,7,16,1,15537
1353.0,1353.0,1353.0,1353.0,9600,2012,7,17,2,15538
1313.0,1433.0,1393.0,1433.0,13600,2012,7,18,3,15539
1393.0,1512.0,1472.0,1472.0,33300,2012,7,19,4,15540
1393.0,1512.0,1433.0,1472.0,63300,2012,7,20,5,15541
1393.0,1472.0,1393.0,1433.0,22700,2012,7,23,1,15544
1353.0,1393.0,1353.0,1393.0,1100,2012,7,24,2,15545
1313.0,1353.0,1353.0,1313.0,9300,2012,7,25,3,15546
1234.0,1313.0,1273.0,1313.0,23500,2012,7,26,4,15547
1234.0,1313.0,1313.0,1273.0,25100,2012,7,27,5,15548
1194.0,1313.0,1313.0,1313.0,19900,2012,7,30,1,15551
1234.0,1353.0,1353.0,1273.0,4800,2012,7,31,2,15552
1194.0,1313.0,1194.0,1313.0,7700,2012,8,1,3,15553
1234.0,1353.0,1234.0,1353.0,9500,2012,8,2,4,15554
1273.0,1353.0,1353.0,1313.0,600,2012,8,3,5,15555
1234.0,1393.0,1234.0,1393.0,34400,2012,8,6,1,15558
1313.0,1353.0,1313.0,1313.0,6000,2012,8,7,2,15559
1234.0,1313.0,1313.0,1313.0,12500,2012,8,8,3,15560
1234.0,1353.0,1273.0,1353.0,16700,2012,8,9,4,15561
1273.0,1353.0,1273.0,1353.0,7600,2012,8,10,5,15562
1353.0,1353.0,1353.0,1353.0,0,2012,8,13,1,15565
1273.0,1313.0,1313.0,1313.0,6200,2012,8,14,2,15566
1234.0,1353.0,1313.0,1273.0,22400,2012,8,15,3,15567
1194.0,1313.0,1234.0,1313.0,13900,2012,8,16,4,15568
1234.0,1353.0,1234.0,1353.0,7200,2012,8,17,5,15569
1273.0,1353.0,1273.0,1353.0,400,2012,8,20,1,15572
1273.0,1273.0,1273.0,1273.0,500,2012,8,21,2,15573
1194.0,1194.0,1194.0,1194.0,16800,2012,8,22,3,15574
1114.0,1114.0,1114.0,1114.0,4600,2012,8,23,4,15575
1074.0,1154.0,1074.0,1154.0,27800,2012,8,24,5,15576
1074.0,1194.0,1194.0,1074.0,2300,2012,8,27,1,15579
1035.0,1074.0,1035.0,1035.0,23200,2012,8,28,2,15580
995.0,1074.0,995.0,1074.0,35500,2012,8,29,3,15581
1035.0,1074.0,1035.0,1074.0,8300,2012,8,30,4,15582
1035.0,1074.0,1035.0,1074.0,2000,2012,8,31,5,15583
1035.0,1074.0,1035.0,1035.0,8900,2012,9,4,2,15587
995.0,1035.0,995.0,995.0,16900,2012,9,5,3,15588
955.0,1035.0,1035.0,955.0,44000,2012,9,6,4,15589
915.0,955.0,915.0,955.0,26600,2012,9,7,5,15590
915.0,915.0,915.0,915.0,43100,2012,9,10,1,15593
875.0,875.0,875.0,875.0,36100,2012,9,11,2,15594
836.0,915.0,836.0,875.0,62700,2012,9,12,3,15595
875.0,915.0,875.0,915.0,20300,2012,9,13,4,15596
915.0,955.0,915.0,955.0,79900,2012,9,14,5,15597
915.0,995.0,915.0,915.0,67400,2012,9,17,1,15600
915.0,955.0,955.0,955.0,44800,2012,9,18,2,15601
915.0,995.0,955.0,955.0,24200,2012,9,19,3,15602
915.0,995.0,955.0,955.0,36500,2012,9,20,4,15603
955.0,995.0,955.0,995.0,19200,2012,9,21,5,15604
955.0,1035.0,955.0,1035.0,11900,2012,9,24,1,15607
1035.0,1035.0,1035.0,1035.0,0,2012,9,25,2,15608
995.0,1035.0,995.0,995.0,104100,2012,9,26,3,15609
995.0,1035.0,1035.0,995.0,42700,2012,9,27,4,15610
995.0,1035.0,995.0,1035.0,12100,2012,9,28,5,15611
995.0,1074.0,1074.0,995.0,37200,2012,10,1,1,15614
995.0,1035.0,1035.0,1035.0,109400,2012,10,2,2,15615
995.0,1074.0,995.0,1074.0,9200,2012,10,3,3,15616
1074.0,1074.0,1074.0,1074.0,500,2012,10,4,4,15617
1035.0,1074.0,1035.0,1074.0,15000,2012,10,5,5,15618
1074.0,1074.0,1074.0,1074.0,0,2012,10,8,1,15621
1074.0,1114.0,1074.0,1114.0,60600,2012,10,9,2,15622
1154.0,1154.0,1154.0,1154.0,6500,2012,10,10,3,15623
1194.0,1234.0,1234.0,1234.0,37800,2012,10,11,4,15624
1194.0,1313.0,1194.0,1313.0,35300,2012,10,12,5,15625
1234.0,1353.0,1313.0,1353.0,63800,2012,10,15,1,15628
1273.0,1433.0,1313.0,1393.0,9800,2012,10,16,2,15629
1313.0,1472.0,1393.0,1472.0,49400,2012,10,17,3,15630
1393.0,1552.0,1472.0,1552.0,45800,2012,10,18,4,15631
1472.0,1472.0,1472.0,1472.0,2000,2012,10,19,5,15632
1393.0,1393.0,1393.0,1393.0,2100,2012,10,22,1,15635
1313.0,1313.0,1313.0,1313.0,3300,2012,10,23,2,15636
1234.0,1393.0,1393.0,1234.0,4900,2012,10,24,3,15637
1154.0,1154.0,1154.0,1154.0,900,2012,10,25,4,15638
1154.0,1234.0,1154.0,1234.0,4200,2012,10,26,5,15639
1154.0,1313.0,1273.0,1313.0,2200,2012,10,29,1,15642
1234.0,1234.0,1234.0,1234.0,200,2012,10,30,2,15643
1234.0,1234.0,1234.0,1234.0,0,2012,10,31,3,15644
1154.0,1154.0,1154.0,1154.0,400,2012,11,1,4,15645
1074.0,1074.0,1074.0,1074.0,700,2012,11,2,5,15646
1035.0,1114.0,1114.0,1035.0,400,2012,11,5,1,15649
995.0,1074.0,995.0,1074.0,9100,2012,11,6,2,15650
1035.0,1114.0,1035.0,1114.0,9100,2012,11,7,3,15651
1074.0,1154.0,1074.0,1114.0,5600,2012,11,8,4,15652
1074.0,1154.0,1114.0,1154.0,5300,2012,11,9,5,15653
1074.0,1234.0,1234.0,1234.0,2000,2012,11,12,1,15656
1154.0,1154.0,1154.0,1154.0,16100,2012,11,13,2,15657
1114.0,1234.0,1234.0,1234.0,11400,2012,11,14,3,15658
1154.0,1154.0,1154.0,1154.0,500,2012,11,15,4,15659
1074.0,1194.0,1074.0,1194.0,1600,2012,11,16,5,15660
1114.0,1194.0,1114.0,1194.0,3100,2012,11,19,1,15663
1114.0,1273.0,1154.0,1234.0,8100,2012,11,20,2,15664
1154.0,1234.0,1154.0,1234.0,4800,2012,11,21,3,15665
1154.0,1234.0,1154.0,1234.0,3700,2012,11,22,4,15666
1273.0,1273.0,1273.0,1273.0,100,2012,11,23,5,15667
1273.0,1273.0,1273.0,1273.0,0,2012,11,26,1,15670
1273.0,1273.0,1273.0,1273.0,0,2012,11,27,2,15671
1273.0,1273.0,1273.0,1273.0,0,2012,11,28,3,15672
1273.0,1273.0,1273.0,1273.0,0,2012,11,29,4,15673
1273.0,1273.0,1273.0,1273.0,0,2012,11,30,5,15674
1313.0,1313.0,1313.0,1313.0,100,2012,12,3,1,15677
1234.0,1353.0,1234.0,1353.0,8200,2012,12,4,2,15678
1273.0,1353.0,1273.0,1353.0,3200,2012,12,5,3,15679
1273.0,1313.0,1313.0,1313.0,30100,2012,12,6,4,15680
1234.0,1353.0,1353.0,1234.0,15600,2012,12,7,5,15681
1234.0,1313.0,1234.0,1313.0,16100,2012,12,10,1,15684
1234.0,1353.0,1353.0,1234.0,13300,2012,12,11,2,15685
1194.0,1313.0,1194.0,1273.0,25700,2012,12,12,3,15686
1234.0,1273.0,1273.0,1234.0,11000,2012,12,13,4,15687
1273.0,1313.0,1273.0,1273.0,2400,2012,12,14,5,15688
1194.0,1313.0,1194.0,1313.0,12100,2012,12,17,1,15691
1234.0,1353.0,1353.0,1353.0,3000,2012,12,18,2,15692
1273.0,1393.0,1273.0,1393.0,8800,2012,12,19,3,15693
1393.0,1393.0,1393.0,1393.0,500,2012,12,20,4,15694
1313.0,1393.0,1313.0,1393.0,1900,2012,12,21,5,15695
1313.0,1393.0,1313.0,1393.0,1100,2012,12,24,1,15698
1313.0,1472.0,1313.0,1433.0,23700,2012,12,25,2,15699
1353.0,1472.0,1472.0,1472.0,2700,2012,12,26,3,15700
1393.0,1512.0,1393.0,1512.0,37100,2012,12,27,4,15701
1433.0,1472.0,1433.0,1472.0,1600,2012,12,28,5,15702
1472.0,1552.0,1472.0,1552.0,15700,2013,1,2,3,15707
1472.0,1631.0,1631.0,1631.0,27700,2013,1,3,4,15708
1631.0,1711.0,1631.0,1711.0,23000,2013,1,4,5,15709
1592.0,1830.0,1711.0,1751.0,16500,2013,1,7,1,15712
1671.0,1671.0,1671.0,1671.0,2400,2013,1,8,2,15713
1592.0,1751.0,1592.0,1711.0,21600,2013,1,9,3,15714
1592.0,1711.0,1592.0,1711.0,5600,2013,1,10,4,15715
1592.0,1830.0,1711.0,1631.0,24600,2013,1,11,5,15716
1592.0,1711.0,1671.0,1671.0,11600,2013,1,14,1,15719
1592.0,1830.0,1592.0,1791.0,14400,2013,1,15,2,15720
1791.0,1950.0,1870.0,1870.0,10100,2013,1,16,3,15721
1711.0,1910.0,1910.0,1870.0,33600,2013,1,17,4,15722
1711.0,1870.0,1711.0,1870.0,19000,2013,1,18,5,15723
1751.0,1910.0,1870.0,1870.0,21200,2013,1,21,1,15726
1711.0,1830.0,1751.0,1830.0,17000,2013,1,22,2,15727
1671.0,1671.0,1671.0,1671.0,500,2013,1,23,3,15728
1711.0,1711.0,1711.0,1711.0,100,2013,1,24,4,15729
1592.0,1751.0,1592.0,1751.0,400,2013,1,25,5,15730
1791.0,1791.0,1791.0,1791.0,600,2013,1,28,1,15733
1631.0,1791.0,1631.0,1751.0,14900,2013,1,29,2,15734
1751.0,1830.0,1751.0,1830.0,5600,2013,1,30,3,15735
1870.0,1870.0,1870.0,1870.0,100,2013,1,31,4,15736
1711.0,1791.0,1711.0,1791.0,26500,2013,2,1,5,15737
1671.0,1711.0,1711.0,1711.0,11800,2013,2,4,1,15740
1552.0,1830.0,1830.0,1711.0,43100,2013,2,5,2,15741
1592.0,1631.0,1592.0,1631.0,5500,2013,2,6,3,15742
1791.0,1791.0,1791.0,1791.0,100,2013,2,7,4,15743
1751.0,1830.0,1830.0,1830.0,900,2013,2,8,5,15744
1830.0,1990.0,1830.0,1990.0,5200,2013,2,18,1,15754
2109.0,2109.0,2109.0,2109.0,100,2013,2,19,2,15755
1910.0,2109.0,2109.0,1910.0,1600,2013,2,20,3,15756
1751.0,1990.0,1990.0,1990.0,1200,2013,2,21,4,15757
1990.0,1990.0,1990.0,1990.0,0,2013,2,22,5,15758
1791.0,2069.0,1791.0,2069.0,3800,2013,2,25,1,15761
1870.0,1950.0,1870.0,1950.0,1000,2013,2,26,2,15762
1950.0,1950.0,1950.0,1950.0,0,2013,2,27,3,15763
1950.0,1950.0,1950.0,1950.0,0,2013,2,28,4,15764
1950.0,1950.0,1950.0,1950.0,0,2013,3,1,5,15765
1950.0,1950.0,1950.0,1950.0,0,2013,3,4,1,15768
1950.0,1950.0,1950.0,1950.0,0,2013,3,5,2,15769
1791.0,1791.0,1791.0,1791.0,1000,2013,3,6,3,15770
1631.0,1791.0,1631.0,1791.0,4600,2013,3,7,4,15771
1631.0,1791.0,1631.0,1751.0,1500,2013,3,8,5,15772
1751.0,1791.0,1751.0,1791.0,4000,2013,3,11,1,15775
1791.0,1791.0,1791.0,1791.0,10600,2013,3,12,2,15776
1631.0,1791.0,1631.0,1791.0,500,2013,3,13,3,15777
1791.0,1791.0,1791.0,1791.0,0,2013,3,14,4,15778
1791.0,1791.0,1791.0,1791.0,0,2013,3,15,5,15779
1631.0,1791.0,1631.0,1791.0,1600,2013,3,18,1,15782
1830.0,1950.0,1830.0,1830.0,1300,2013,3,19,2,15783
1671.0,1830.0,1671.0,1830.0,800,2013,3,20,3,15784
1671.0,1990.0,1671.0,1830.0,1000,2013,3,21,4,15785
1830.0,1830.0,1830.0,1830.0,0,2013,3,22,5,15786
1830.0,1830.0,1830.0,1830.0,0,2013,3,25,1,15789
1830.0,1830.0,1830.0,1830.0,0,2013,3,26,2,15790
1830.0,1830.0,1830.0,1830.0,0,2013,3,27,3,15791
1830.0,1830.0,1830.0,1830.0,0,2013,3,28,4,15792
1830.0,1830.0,1830.0,1830.0,0,2013,3,29,5,15793
1830.0,1830.0,1830.0,1830.0,0,2013,4,1,1,15796
1830.0,1830.0,1830.0,1830.0,0,2013,4,2,2,15797
1830.0,1830.0,1830.0,1830.0,0,2013,4,3,3,15798
1830.0,1830.0,1830.0,1830.0,0,2013,4,4,4,15799
1830.0,1830.0,1830.0,1830.0,0,2013,4,5,5,15800
1830.0,1830.0,1830.0,1830.0,0,2013,4,8,1,15803
1830.0,1830.0,1830.0,1830.0,0,2013,4,9,2,15804
1830.0,1830.0,1830.0,1830.0,0,2013,4,10,3,15805
1671.0,1671.0,1671.0,1671.0,100,2013,4,11,4,15806
1512.0,1711.0,1592.0,1671.0,179400,2013,4,12,5,15807
1592.0,1671.0,1671.0,1671.0,87300,2013,4,15,1,15810
1671.0,1671.0,1671.0,1671.0,4700,2013,4,16,2,15811
1671.0,1671.0,1671.0,1671.0,0,2013,4,17,3,15812
1671.0,1671.0,1671.0,1671.0,0,2013,4,18,4,15813
1671.0,1671.0,1671.0,1671.0,0,2013,4,22,1,15817
1751.0,1751.0,1751.0,1751.0,100,2013,4,23,2,15818
1592.0,1671.0,1592.0,1671.0,20100,2013,4,24,3,15819
1671.0,1671.0,1671.0,1671.0,0,2013,4,25,4,15820
1512.0,1791.0,1751.0,1512.0,15400,2013,4,26,5,15821
1433.0,1631.0,1631.0,1552.0,14400,2013,5,2,4,15827
1472.0,1631.0,1472.0,1631.0,5700,2013,5,3,5,15828
1631.0,1631.0,1631.0,1631.0,0,2013,5,6,1,15831
1631.0,1671.0,1671.0,1631.0,2100,2013,5,7,2,15832
1791.0,1791.0,1791.0,1791.0,100,2013,5,8,3,15833
1791.0,1791.0,1791.0,1791.0,0,2013,5,9,4,15834
1791.0,1791.0,1791.0,1791.0,0,2013,5,10,5,15835
1791.0,1791.0,1791.0,1791.0,0,2013,5,13,1,15838
1791.0,1791.0,1791.0,1791.0,0,2013,5,14,2,15839
1631.0,1631.0,1631.0,1631.0,100,2013,5,15,3,15840
1472.0,1631.0,1472.0,1631.0,500,2013,5,16,4,15841
1631.0,1631.0,1631.0,1631.0,500,2013,5,17,5,15842
1472.0,1472.0,1472.0,1472.0,100,2013,5,20,1,15845
1592.0,1592.0,1592.0,1592.0,2900,2013,5,21,2,15846
1671.0,1671.0,1671.0,1671.0,100,2013,5,22,3,15847
1512.0,1592.0,1512.0,1592.0,600,2013,5,23,4,15848
1592.0,1592.0,1592.0,1592.0,0,2013,5,24,5,15849
1631.0,1631.0,1631.0,1631.0,100,2013,5,27,1,15852
1631.0,1631.0,1631.0,1631.0,500,2013,5,28,2,15853
1472.0,1472.0,1472.0,1472.0,200,2013,5,29,3,15854
1393.0,1592.0,1393.0,1592.0,5400,2013,5,30,4,15855
1472.0,1671.0,1472.0,1592.0,24100,2013,5,31,5,15856
1512.0,1671.0,1671.0,1671.0,20700,2013,6,3,1,15859
1512.0,1671.0,1631.0,1671.0,10600,2013,6,4,2,15860
1512.0,1592.0,1592.0,1592.0,3100,2013,6,5,3,15861
1472.0,1592.0,1472.0,1592.0,1100,2013,6,6,4,15862
1512.0,1711.0,1592.0,1631.0,9800,2013,6,7,5,15863
1631.0,1631.0,1631.0,1631.0,100,2013,6,10,1,15866
1512.0,1592.0,1552.0,1512.0,22200,2013,6,11,2,15867
1552.0,1631.0,1592.0,1631.0,76100,2013,6,12,3,15868
1592.0,1671.0,1631.0,1671.0,14900,2013,6,13,4,15869
1552.0,1711.0,1671.0,1631.0,18200,2013,6,14,5,15870
1512.0,1631.0,1631.0,1631.0,35800,2013,6,17,1,15873
1552.0,1631.0,1552.0,1592.0,67900,2013,6,18,2,15874
1472.0,1592.0,1592.0,1472.0,90400,2013,6,19,3,15875
1433.0,1552.0,1472.0,1552.0,28200,2013,6,20,4,15876
1552.0,1552.0,1552.0,1552.0,12000,2013,6,21,5,15877
1433.0,1552.0,1552.0,1552.0,32100,2013,6,24,1,15880
1433.0,1552.0,1512.0,1433.0,28200,2013,6,25,2,15881
1393.0,1552.0,1552.0,1552.0,400,2013,6,26,3,15882
1552.0,1552.0,1552.0,1552.0,0,2013,6,27,4,15883
1433.0,1552.0,1433.0,1552.0,400,2013,6,28,5,15884
1512.0,1512.0,1512.0,1512.0,12500,2013,7,1,1,15887
1512.0,1512.0,1512.0,1512.0,14600,2013,7,2,2,15888
1512.0,1512.0,1512.0,1512.0,0,2013,7,3,3,15889
1393.0,1512.0,1433.0,1512.0,11900,2013,7,4,4,15890
1512.0,1512.0,1512.0,1512.0,0,2013,7,5,5,15891
1393.0,1393.0,1393.0,1393.0,10100,2013,7,8,1,15894
1393.0,1393.0,1393.0,1393.0,2600,2013,7,9,2,15895
1273.0,1393.0,1273.0,1393.0,7800,2013,7,10,3,15896
1313.0,1393.0,1313.0,1393.0,6600,2013,7,11,4,15897
1472.0,1472.0,1472.0,1472.0,2000,2013,7,12,5,15898
1353.0,1393.0,1353.0,1393.0,10100,2013,7,15,1,15901
1433.0,1433.0,1433.0,1433.0,500,2013,7,16,2,15902
1313.0,1552.0,1353.0,1512.0,106900,2013,7,17,3,15903
1512.0,1592.0,1592.0,1552.0,67700,2013,7,18,4,15904
1552.0,1631.0,1592.0,1552.0,67500,2013,7,19,5,15905
1512.0,1512.0,1512.0,1512.0,94100,2013,7,22,1,15908
1472.0,1512.0,1512.0,1512.0,117800,2013,7,23,2,15909
1433.0,1512.0,1472.0,1433.0,85100,2013,7,24,3,15910
1472.0,1472.0,1472.0,1472.0,99800,2013,7,25,4,15911
1433.0,1472.0,1433.0,1472.0,94500,2013,7,26,5,15912
1472.0,1472.0,1472.0,1472.0,10,2013,7,29,1,15915
1472.0,1472.0,1472.0,1472.0,0,2013,7,30,2,15916
1472.0,1472.0,1472.0,1472.0,0,2013,7,31,3,15917
1336.0,1414.0,1353.0,1353.0,1900,2013,8,1,4,15918
1433.0,1433.0,1433.0,1433.0,100,2013,8,2,5,15919
1313.0,1313.0,1313.0,1313.0,9500,2013,8,5,1,15922
1273.0,1353.0,1273.0,1273.0,14700,2013,8,6,2,15923
1433.0,1433.0,1433.0,1433.0,200,2013,8,7,3,15924
1433.0,1433.0,1433.0,1433.0,0,2013,8,8,4,15925
1433.0,1433.0,1433.0,1433.0,0,2013,8,9,5,15926
1393.0,1477.0,1313.0,1393.0,7100,2013,8,12,1,15929
1313.0,1353.0,1353.0,1313.0,20100,2013,8,13,2,15930
1353.0,1438.0,1273.0,1353.0,7200,2013,8,14,3,15931
1472.0,1472.0,1472.0,1472.0,500,2013,8,15,4,15932
1592.0,1592.0,1592.0,1592.0,100,2013,8,16,5,15933
1433.0,1433.0,1433.0,1433.0,1000,2013,8,19,1,15936
1433.0,1433.0,1433.0,1433.0,0,2013,8,20,2,15937
1313.0,1313.0,1313.0,1313.0,5000,2013,8,21,3,15938
1335.0,1418.0,1313.0,1353.0,11500,2013,8,22,4,15939
1430.0,1560.0,1313.0,1433.0,4700,2013,8,23,5,15940
1433.0,1433.0,1433.0,1433.0,0,2013,8,26,1,15943
1433.0,1433.0,1433.0,1433.0,0,2013,8,27,2,15944
1393.0,1477.0,1313.0,1393.0,500,2013,8,28,3,15945
1433.0,1517.0,1353.0,1433.0,5100,2013,8,29,4,15946
1417.0,1541.0,1353.0,1472.0,4400,2013,8,30,5,15947
1403.0,1610.0,1472.0,1552.0,7000,2013,9,3,2,15951
1512.0,1596.0,1433.0,1512.0,10100,2013,9,4,3,15952
1512.0,1642.0,1393.0,1512.0,7600,2013,9,5,4,15953
1421.0,1500.0,1433.0,1433.0,20500,2013,9,6,5,15954
1398.0,1436.0,1472.0,1433.0,49000,2013,9,9,1,15957
1448.0,1531.0,1433.0,1472.0,11600,2013,9,10,2,15958
1375.0,1451.0,1472.0,1433.0,12100,2013,9,11,3,15959
1472.0,1472.0,1472.0,1472.0,5000,2013,9,12,4,15960
1472.0,1472.0,1472.0,1472.0,0,2013,9,13,5,15961
1399.0,1399.0,1472.0,1472.0,0,2013,9,16,1,15964
1338.0,1453.0,1393.0,1393.0,9200,2013,9,17,2,15965
1472.0,1472.0,1472.0,1472.0,5000,2013,9,18,3,15966
1512.0,1642.0,1393.0,1512.0,3000,2013,9,19,4,15967
1534.0,1617.0,1472.0,1552.0,13600,2013,9,20,5,15968
1492.0,1531.0,1552.0,1512.0,7100,2013,9,23,1,15971
1552.0,1552.0,1552.0,1552.0,100,2013,9,24,2,15972
1552.0,1636.0,1472.0,1552.0,10100,2013,9,25,3,15973
1483.0,1522.0,1552.0,1512.0,10100,2013,9,26,4,15974
1512.0,1512.0,1512.0,1512.0,0,2013,9,27,5,15975
1537.0,1618.0,1512.0,1592.0,45300,2013,9,30,1,15978
1570.0,1610.0,1592.0,1592.0,17100,2013,10,1,2,15979
1552.0,1552.0,1552.0,1552.0,5000,2013,10,2,3,15980
1552.0,1552.0,1552.0,1552.0,200,2013,10,3,4,15981
1552.0,1552.0,1552.0,1552.0,1000,2013,10,4,5,15982
1592.0,1592.0,1592.0,1592.0,100,2013,10,7,1,15985
1459.0,1498.0,1512.0,1472.0,39000,2013,10,8,2,15986
1548.0,1589.0,1512.0,1552.0,27500,2013,10,9,3,15987
1547.0,1587.0,1512.0,1552.0,28200,2013,10,10,4,15988
1551.0,1590.0,1552.0,1552.0,55700,2013,10,11,5,15989
1551.0,1633.0,1552.0,1592.0,52700,2013,10,14,1,15992
1608.0,1648.0,1592.0,1631.0,64700,2013,10,15,2,15993
1602.0,1680.0,1631.0,1671.0,11500,2013,10,16,3,15994
1650.0,1771.0,1671.0,1711.0,23600,2013,10,17,4,15995
1766.0,1848.0,1711.0,1791.0,26700,2013,10,18,5,15996
1798.0,1917.0,1791.0,1870.0,44500,2013,10,21,1,15999
1872.0,1994.0,1910.0,1910.0,18100,2013,10,22,2,16000
1888.0,2046.0,1950.0,1910.0,10000,2013,10,23,3,16001
1800.0,2045.0,1910.0,1990.0,18000,2013,10,24,4,16002
1952.0,2031.0,1990.0,1990.0,45700,2013,10,25,5,16003
2136.0,2259.0,2109.0,2189.0,43800,2013,10,28,1,16006
2224.0,2386.0,2268.0,2308.0,25100,2013,10,29,2,16007
2379.0,2540.0,2348.0,2507.0,55900,2013,10,30,3,16008
2618.0,2868.0,2746.0,2706.0,36980,2013,10,31,4,16009
2692.0,2929.0,2706.0,2905.0,49250,2013,11,1,5,16010
2795.0,3067.0,3144.0,2905.0,76500,2013,11,4,1,16013
2782.0,3060.0,2945.0,2865.0,45820,2013,11,5,2,16014
2700.0,2945.0,2865.0,2785.0,67600,2013,11,6,3,16015
2597.0,2721.0,2626.0,2626.0,39200,2013,11,7,4,16016
2770.0,2892.0,2706.0,2825.0,6000,2013,11,8,5,16017
2555.0,2795.0,2547.0,2587.0,24515,2013,11,11,1,16020
2527.0,2848.0,2587.0,2626.0,33400,2013,11,12,2,16021
2693.0,2816.0,2666.0,2706.0,14000,2013,11,13,3,16022
2566.0,2769.0,2587.0,2587.0,26900,2013,11,14,4,16023
2384.0,2667.0,2587.0,2626.0,82300,2013,11,15,5,16024
2644.0,2762.0,2746.0,2706.0,23000,2013,11,18,1,16027
2647.0,2727.0,2626.0,2666.0,6400,2013,11,19,2,16028
2588.0,2749.0,2666.0,2666.0,14800,2013,11,20,3,16029
2587.0,2706.0,2666.0,2666.0,68100,2013,11,21,4,16030
2666.0,2746.0,2666.0,2666.0,14100,2013,11,22,5,16031
2675.0,2796.0,2746.0,2746.0,11200,2013,11,25,1,16034
2705.0,3028.0,2666.0,2785.0,36900,2013,11,26,2,16035
2702.0,2868.0,2666.0,2746.0,16000,2013,11,27,3,16036
2674.0,2797.0,2587.0,2706.0,9000,2013,11,28,4,16037
2718.0,2798.0,2706.0,2746.0,24300,2013,11,29,5,16038
2697.0,2856.0,2706.0,2785.0,43700,2013,12,2,1,16041
2732.0,2852.0,2746.0,2785.0,120000,2013,12,3,2,16042
2741.0,2780.0,2746.0,2746.0,32000,2013,12,4,3,16043
2657.0,2813.0,2865.0,2706.0,22000,2013,12,5,4,16044
2749.0,2830.0,2785.0,2785.0,37500,2013,12,6,5,16045
2780.0,2820.0,2785.0,2785.0,13000,2013,12,9,1,16048
2716.0,2838.0,2785.0,2785.0,31700,2013,12,10,2,16049
2728.0,2768.0,2746.0,2746.0,20000,2013,12,11,3,16050
2712.0,2792.0,2706.0,2746.0,41000,2013,12,12,4,16051
2746.0,2746.0,2746.0,2746.0,45000,2013,12,13,5,16052
2746.0,2746.0,2746.0,2746.0,2100,2013,12,16,1,16055
2633.0,2798.0,2547.0,2706.0,5100,2013,12,17,2,16056
2746.0,2915.0,2587.0,2746.0,1000,2013,12,18,3,16057
2746.0,2746.0,2746.0,2746.0,2500,2013,12,19,4,16058
2746.0,2746.0,2746.0,2746.0,0,2013,12,20,5,16059
2746.0,2746.0,2746.0,2746.0,0,2013,12,23,1,16062
2680.0,2760.0,2746.0,2706.0,13740,2013,12,24,2,16063
2689.0,2769.0,2666.0,2706.0,26500,2013,12,25,3,16064
2768.0,2849.0,2706.0,2785.0,34800,2013,12,26,4,16065
2684.0,2764.0,2746.0,2746.0,21900,2013,12,27,5,16066
2782.0,2984.0,2945.0,2865.0,14800,2013,12,30,1,16069
2788.0,3107.0,2984.0,2984.0,16000,2013,12,31,2,16070
3103.0,3392.0,2984.0,3223.0,18000,2014,1,2,4,16072
3229.0,3308.0,3343.0,3263.0,12600,2014,1,3,5,16073
3234.0,3470.0,3263.0,3263.0,41600,2014,1,6,1,16076
3068.0,3225.0,3263.0,3183.0,32600,2014,1,7,2,16077
3127.0,3249.0,3183.0,3183.0,29400,2014,1,8,3,16078
2949.0,3277.0,3183.0,3104.0,97900,2014,1,9,4,16079
3113.0,3193.0,3183.0,3144.0,17500,2014,1,10,5,16080
3050.0,3207.0,3263.0,3104.0,9800,2014,1,13,1,16083
2840.0,3160.0,2825.0,3064.0,27100,2014,1,14,2,16084
3047.0,3126.0,3104.0,3064.0,15270,2014,1,15,3,16085
2984.0,3064.0,3064.0,3064.0,21730,2014,1,16,4,16086
3015.0,3055.0,2984.0,3024.0,3500,2014,1,17,5,16087
2984.0,2984.0,2984.0,2984.0,15400,2014,1,20,1,16090
2675.0,2828.0,2905.0,2785.0,16760,2014,1,21,2,16091
2839.0,3001.0,2865.0,2945.0,35600,2014,1,22,3,16092
2859.0,2940.0,2865.0,2905.0,17180,2014,1,23,4,16093
2899.0,2939.0,2905.0,2905.0,9700,2014,1,24,5,16094
3050.0,3301.0,3104.0,3144.0,19000,2014,1,27,1,16097
3301.0,3548.0,3343.0,3343.0,14000,2014,2,6,4,16107
2884.0,3209.0,3502.0,3183.0,55000,2014,2,7,5,16108
3190.0,3350.0,3343.0,3263.0,6000,2014,2,10,1,16111
3034.0,3185.0,3303.0,3183.0,16200,2014,2,11,2,16112
3130.0,3289.0,3223.0,3183.0,131200,2014,2,12,3,16113
3252.0,3332.0,3303.0,3263.0,9700,2014,2,13,4,16114
3266.0,3347.0,3223.0,3303.0,11100,2014,2,14,5,16115
3301.0,3381.0,3303.0,3303.0,4900,2014,2,17,1,16118
3292.0,3457.0,3183.0,3303.0,5400,2014,2,18,2,16119
3277.0,3517.0,3303.0,3303.0,16700,2014,2,19,3,16120
3300.0,3380.0,3343.0,3343.0,20200,2014,2,20,4,16121
3211.0,3506.0,3064.0,3303.0,25300,2014,2,21,5,16122
3335.0,3376.0,3343.0,3343.0,6100,2014,2,24,1,16125
3263.0,3263.0,3263.0,3263.0,1500,2014,2,25,2,16126
3282.0,3665.0,3064.0,3343.0,55700,2014,2,26,3,16127
3267.0,3506.0,3502.0,3303.0,20700,2014,2,27,4,16128
3297.0,3337.0,3263.0,3303.0,13000,2014,2,28,5,16129
3179.0,3219.0,3183.0,3183.0,35200,2014,3,3,1,16132
3183.0,3183.0,3183.0,3183.0,6000,2014,3,4,2,16133
3220.0,3300.0,3183.0,3263.0,12100,2014,3,5,3,16134
3199.0,3238.0,3263.0,3223.0,16600,2014,3,6,4,16135
3258.0,3298.0,3223.0,3263.0,43100,2014,3,7,5,16136
3278.0,3359.0,3223.0,3303.0,65700,2014,3,10,1,16139
3238.0,3317.0,3263.0,3263.0,84000,2014,3,11,2,16140
3382.0,3636.0,3263.0,3422.0,24700,2014,3,12,3,16141
3234.0,3525.0,3382.0,3303.0,14900,2014,3,13,4,16142
3303.0,3303.0,3303.0,3303.0,2000,2014,3,14,5,16143
3272.0,3312.0,3303.0,3303.0,13110,2014,3,17,1,16146
3329.0,3451.0,3303.0,3382.0,99100,2014,3,18,2,16147
3451.0,3788.0,3343.0,3581.0,184030,2014,3,19,3,16148
3495.0,3656.0,3581.0,3581.0,61200,2014,3,20,4,16149
3645.0,3809.0,3581.0,3701.0,96700,2014,3,21,5,16150
3818.0,4150.0,3701.0,3939.0,139600,2014,3,24,1,16153
3884.0,4002.0,3939.0,3939.0,119600,2014,3,25,2,16154
3754.0,3951.0,3900.0,3860.0,102100,2014,3,26,3,16155
3594.0,3877.0,3820.0,3741.0,69600,2014,3,27,4,16156
3776.0,3938.0,3780.0,3860.0,70000,2014,3,28,5,16157
3801.0,3961.0,3939.0,3860.0,39700,2014,3,31,1,16160
3627.0,3783.0,3860.0,3701.0,32100,2014,4,1,2,16161
3525.0,3721.0,3701.0,3621.0,42300,2014,4,2,3,16162
3670.0,3831.0,3621.0,3741.0,61910,2014,4,3,4,16163
3503.0,3782.0,3741.0,3661.0,48200,2014,4,4,5,16164
3607.0,3728.0,3701.0,3701.0,51000,2014,4,7,1,16167
3600.0,3760.0,3701.0,3701.0,51000,2014,4,8,2,16168
3657.0,3697.0,3701.0,3661.0,54000,2014,4,10,4,16170
3625.0,3706.0,3661.0,3661.0,44130,2014,4,11,5,16171
3618.0,3658.0,3661.0,3621.0,12100,2014,4,14,1,16174
3310.0,3589.0,3581.0,3462.0,37020,2014,4,15,2,16175
3050.0,3317.0,3462.0,3183.0,12600,2014,4,16,3,16176
3216.0,3455.0,3382.0,3343.0,23100,2014,4,17,4,16177
3061.0,3214.0,3343.0,3183.0,7800,2014,4,18,5,16178
2818.0,3081.0,3263.0,2984.0,23500,2014,4,21,1,16181
3137.0,3218.0,3104.0,3144.0,22910,2014,4,22,2,16182
3081.0,3198.0,3183.0,3144.0,28300,2014,4,23,3,16183
3163.0,3243.0,3144.0,3183.0,42900,2014,4,24,4,16184
3177.0,3298.0,3183.0,3223.0,46800,2014,4,25,5,16185
3192.0,3272.0,3223.0,3223.0,59500,2014,4,28,1,16188
3183.0,3223.0,3183.0,3183.0,55700,2014,4,29,2,16189
3055.0,3214.0,3223.0,3144.0,31700,2014,5,5,1,16195
2993.0,3153.0,3144.0,3104.0,25900,2014,5,6,2,16196
3079.0,3119.0,3104.0,3104.0,27300,2014,5,7,3,16197
2843.0,3083.0,3064.0,2945.0,16200,2014,5,8,4,16198
2940.0,3021.0,2945.0,2984.0,23190,2014,5,9,5,16199
2880.0,2959.0,2945.0,2905.0,21800,2014,5,12,1,16202
2874.0,2914.0,2905.0,2905.0,12400,2014,5,13,2,16203
2980.0,3187.0,2865.0,3064.0,41410,2014,5,14,3,16204
2913.0,3156.0,3104.0,3104.0,28300,2014,5,15,4,16205
2877.0,3202.0,2825.0,3144.0,23100,2014,5,16,5,16206
3107.0,3228.0,3064.0,3183.0,32900,2014,5,19,1,16209
3179.0,3300.0,3183.0,3223.0,37400,2014,5,20,2,16210
3231.0,3352.0,3183.0,3263.0,31170,2014,5,21,3,16211
3197.0,3277.0,3223.0,3223.0,32710,2014,5,22,4,16212
3181.0,3221.0,3183.0,3183.0,21820,2014,5,23,5,16213
3141.0,3181.0,3144.0,3144.0,27200,2014,5,26,1,16216
3199.0,3280.0,3144.0,3223.0,19200,2014,5,27,2,16217
2952.0,3188.0,3223.0,3144.0,23400,2014,5,28,3,16218
3136.0,3176.0,3144.0,3144.0,21700,2014,5,29,4,16219
3161.0,3201.0,3144.0,3183.0,26500,2014,5,30,5,16220
3158.0,3198.0,3144.0,3183.0,22800,2014,6,2,1,16223
3183.0,3183.0,3183.0,3183.0,21800,2014,6,3,2,16224
3144.0,3144.0,3144.0,3144.0,19200,2014,6,4,3,16225
3154.0,3235.0,3104.0,3183.0,40100,2014,6,5,4,16226
3124.0,3164.0,3144.0,3144.0,26400,2014,6,6,5,16227
3122.0,3162.0,3104.0,3144.0,23600,2014,6,9,1,16230
3068.0,3146.0,3144.0,3104.0,22400,2014,6,10,2,16231
3165.0,3287.0,3144.0,3223.0,33200,2014,6,11,3,16232
3193.0,3233.0,3223.0,3223.0,41500,2014,6,12,4,16233
3195.0,3235.0,3183.0,3223.0,32100,2014,6,13,5,16234
3198.0,3238.0,3223.0,3223.0,31100,2014,6,16,1,16237
3223.0,3263.0,3183.0,3223.0,21200,2014,6,17,2,16238
3163.0,3203.0,3183.0,3183.0,32900,2014,6,18,3,16239
3151.0,3232.0,3104.0,3183.0,18500,2014,6,19,4,16240
3172.0,3212.0,3144.0,3183.0,14100,2014,6,20,5,16241
3060.0,3224.0,3144.0,3144.0,22700,2014,6,23,1,16244
3115.0,3155.0,3144.0,3144.0,23300,2014,6,24,2,16245
3144.0,3144.0,3144.0,3144.0,23700,2014,6,25,3,16246
3104.0,3144.0,3144.0,3104.0,25200,2014,6,26,4,16247
3092.0,3131.0,3144.0,3104.0,16600,2014,6,27,5,16248
2910.0,2988.0,3064.0,2984.0,11000,2014,6,30,1,16251
3131.0,3171.0,3144.0,3144.0,22800,2014,7,1,2,16252
2895.0,3177.0,2865.0,3144.0,21700,2014,7,2,3,16253
3165.0,3287.0,3104.0,3223.0,35700,2014,7,3,4,16254
3204.0,3244.0,3183.0,3223.0,43200,2014,7,4,5,16255
3199.0,3279.0,3183.0,3223.0,65100,2014,7,7,1,16258
3254.0,3335.0,3183.0,3263.0,46600,2014,7,8,2,16259
3245.0,3285.0,3223.0,3263.0,45700,2014,7,9,3,16260
3223.0,3223.0,3223.0,3223.0,23200,2014,7,10,4,16261
3039.0,3199.0,3183.0,3183.0,21110,2014,7,11,5,16262
2931.0,3085.0,3183.0,3024.0,28900,2014,7,14,1,16265
3135.0,3175.0,3144.0,3144.0,32500,2014,7,15,2,16266
3157.0,3197.0,3144.0,3183.0,32500,2014,7,16,3,16267
3097.0,3177.0,3183.0,3144.0,36400,2014,7,17,4,16268
3080.0,3160.0,3104.0,3104.0,22700,2014,7,18,5,16269
3052.0,3131.0,3104.0,3104.0,33600,2014,7,21,1,16272
2984.0,3062.0,3104.0,3024.0,26800,2014,7,22,2,16273
3024.0,3024.0,3024.0,3024.0,30700,2014,7,23,3,16274
3053.0,3134.0,3024.0,3064.0,36500,2014,7,24,4,16275
3060.0,3099.0,3064.0,3064.0,22700,2014,7,25,5,16276
2988.0,3028.0,3024.0,3024.0,5700,2014,7,28,1,16279
3052.0,3093.0,3024.0,3064.0,48700,2014,7,29,2,16280
3063.0,3103.0,3064.0,3064.0,34000,2014,7,30,3,16281
3090.0,3130.0,3064.0,3104.0,32500,2014,7,31,4,16282
3082.0,3122.0,3104.0,3104.0,30600,2014,8,1,5,16283
3075.0,3115.0,3104.0,3104.0,19300,2014,8,4,1,16286
3104.0,3104.0,3104.0,3104.0,33600,2014,8,5,2,16287
3088.0,3128.0,3104.0,3104.0,27500,2014,8,6,3,16288
3087.0,3127.0,3104.0,3104.0,23900,2014,8,7,4,16289
3084.0,3124.0,3104.0,3104.0,30100,2014,8,8,5,16290
3087.0,3127.0,3104.0,3104.0,28100,2014,8,11,1,16293
3022.0,3143.0,3104.0,3064.0,74600,2014,8,12,2,16294
3014.0,3134.0,3024.0,3064.0,121800,2014,8,13,3,16295
3069.0,3150.0,3064.0,3104.0,83800,2014,8,14,4,16296
3110.0,3190.0,3064.0,3144.0,109300,2014,8,15,5,16297
3131.0,3171.0,3104.0,3144.0,78200,2014,8,18,1,16300
3114.0,3316.0,3144.0,3183.0,178100,2014,8,19,2,16301
3332.0,3712.0,3183.0,3502.0,152900,2014,8,20,3,16302
3512.0,3592.0,3502.0,3542.0,129300,2014,8,21,4,16303
3429.0,3508.0,3542.0,3462.0,75800,2014,8,22,5,16304
3470.0,3550.0,3462.0,3502.0,147100,2014,8,25,1,16307
3446.0,3567.0,3502.0,3502.0,102000,2014,8,26,2,16308
3417.0,3497.0,3502.0,3462.0,99400,2014,8,27,3,16309
3402.0,3481.0,3502.0,3422.0,16500,2014,8,28,4,16310
3279.0,3357.0,3422.0,3343.0,47900,2014,8,29,5,16311
3341.0,3660.0,3343.0,3502.0,218100,2014,9,3,3,16316
3684.0,3974.0,3542.0,3820.0,213840,2014,9,4,4,16317
3756.0,3956.0,3820.0,3860.0,189400,2014,9,5,5,16318
3988.0,4358.0,3860.0,4218.0,134100,2014,9,8,1,16321
4143.0,4581.0,4298.0,4377.0,357800,2014,9,9,2,16322
4144.0,4509.0,4377.0,4377.0,155100,2014,9,10,3,16323
4358.0,4684.0,4337.0,4536.0,327000,2014,9,11,4,16324
4398.0,4558.0,4497.0,4497.0,235800,2014,9,12,5,16325
4397.0,4760.0,4497.0,4656.0,344000,2014,9,15,1,16328
4789.0,5330.0,4616.0,5093.0,419345,2014,9,16,2,16329
4785.0,5055.0,5093.0,4934.0,301820,2014,9,17,3,16330
4457.0,4726.0,4894.0,4616.0,292900,2014,9,18,4,16331
4541.0,4662.0,4576.0,4576.0,70900,2014,9,19,5,16332
4514.0,4633.0,4576.0,4576.0,96500,2014,9,22,1,16335
4541.0,4742.0,4576.0,4656.0,118430,2014,9,23,2,16336
4641.0,4681.0,4656.0,4656.0,23100,2014,9,24,3,16337
4646.0,4766.0,4616.0,4696.0,57600,2014,9,25,4,16338
4755.0,5118.0,4735.0,4974.0,215405,2014,9,26,5,16339
4906.0,5026.0,4974.0,4934.0,161100,2014,9,29,1,16342
4954.0,5115.0,4934.0,5014.0,158600,2014,9,30,2,16343
4900.0,4979.0,5014.0,4934.0,162600,2014,10,1,3,16344
4937.0,5017.0,4934.0,4974.0,131900,2014,10,2,4,16345
4919.0,4959.0,4974.0,4934.0,80100,2014,10,3,5,16346
5116.0,5611.0,4934.0,5412.0,507700,2014,10,6,1,16349
5560.0,5888.0,5412.0,5730.0,314300,2014,10,7,2,16350
5805.0,6044.0,5810.0,5889.0,274400,2014,10,8,3,16351
4973.0,5455.0,5850.0,5332.0,186400,2014,10,9,4,16352
5021.0,5297.0,5292.0,5093.0,507380,2014,10,10,5,16353
4932.0,5340.0,5014.0,5213.0,165700,2014,10,13,1,16356
5169.0,5368.0,5213.0,5292.0,353910,2014,10,14,2,16357
5136.0,5419.0,5292.0,5292.0,225200,2014,10,15,3,16358
4587.0,5084.0,5253.0,4775.0,319500,2014,10,16,4,16359
4725.0,4969.0,4775.0,4855.0,381700,2014,10,17,5,16360
4819.0,5100.0,4855.0,4974.0,360300,2014,10,20,1,16363
5004.0,5332.0,4974.0,5173.0,240000,2014,10,21,2,16364
5198.0,5398.0,5173.0,5332.0,414200,2014,10,22,3,16365
5147.0,5384.0,5332.0,5253.0,256710,2014,10,23,4,16366
4885.0,5195.0,5253.0,5093.0,228900,2014,10,24,5,16367
4240.0,4678.0,5054.0,4616.0,137600,2014,10,27,1,16370
4138.0,4476.0,4616.0,4377.0,145900,2014,10,28,2,16371
4453.0,4777.0,4377.0,4696.0,170930,2014,10,29,3,16372
4561.0,4718.0,4775.0,4656.0,85200,2014,10,30,4,16373
4645.0,4847.0,4616.0,4735.0,151000,2014,10,31,5,16374
4670.0,4749.0,4735.0,4696.0,92450,2014,11,3,1,16377
4652.0,4732.0,4656.0,4696.0,146200,2014,11,4,2,16378
4951.0,5506.0,4656.0,5133.0,566420,2014,11,5,3,16379
5187.0,5387.0,5372.0,5292.0,405100,2014,11,6,4,16380
5290.0,5613.0,5213.0,5452.0,853920,2014,11,7,5,16381
5343.0,5624.0,5372.0,5491.0,733200,2014,11,10,1,16384
5158.0,5394.0,5412.0,5253.0,587800,2014,11,11,2,16385
5265.0,5506.0,5213.0,5412.0,760500,2014,11,12,3,16386
5334.0,5495.0,5332.0,5412.0,407560,2014,11,13,4,16387
5129.0,5286.0,5332.0,5213.0,586600,2014,11,14,5,16388
5008.0,5205.0,5173.0,5093.0,941820,2014,11,17,1,16391
4898.0,5054.0,5054.0,4974.0,522900,2014,11,18,2,16392
4747.0,4945.0,4974.0,4855.0,557000,2014,11,19,3,16393
4885.0,5007.0,4815.0,4934.0,306030,2014,11,20,4,16394
4709.0,4988.0,4894.0,4855.0,852400,2014,11,21,5,16395
4811.0,5050.0,4855.0,4934.0,738000,2014,11,24,1,16398
4914.0,5114.0,4934.0,5014.0,788330,2014,11,25,2,16399
4724.0,4998.0,5014.0,4855.0,617700,2014,11,26,3,16400
4774.0,4936.0,4815.0,4855.0,565900,2014,11,27,4,16401
4790.0,4950.0,4855.0,4855.0,557000,2014,11,28,5,16402
4819.0,5178.0,4855.0,5054.0,961200,2014,12,1,1,16405
5044.0,5322.0,5054.0,5213.0,1048900,2014,12,2,2,16406
5068.0,5308.0,5213.0,5173.0,833810,2014,12,3,3,16407
5073.0,5513.0,5173.0,5292.0,1403160,2014,12,4,4,16408
5208.0,5368.0,5213.0,5253.0,624290,2014,12,5,5,16409
5021.0,5178.0,5253.0,5093.0,572800,2014,12,8,1,16412
4416.0,4873.0,5093.0,4616.0,996000,2014,12,9,2,16413
4547.0,5035.0,4536.0,4696.0,736030,2014,12,10,3,16414
4455.0,4611.0,4696.0,4536.0,390900,2014,12,11,4,16415
4576.0,4737.0,4536.0,4656.0,539300,2014,12,12,5,16416
4638.0,4756.0,4696.0,4696.0,130750,2014,12,15,1,16419
4505.0,4663.0,4696.0,4576.0,201606,2014,12,16,2,16420
3941.0,4358.0,4576.0,4138.0,576600,2014,12,17,3,16421
3319.0,3814.0,4138.0,3741.0,786543,2014,12,18,4,16422
3593.0,3979.0,3780.0,3780.0,487300,2014,12,19,5,16423
3549.0,3825.0,3780.0,3661.0,430500,2014,12,22,1,16426
3565.0,3837.0,3661.0,3701.0,241900,2014,12,23,2,16427
3691.0,3890.0,3701.0,3820.0,486300,2014,12,24,3,16428
3734.0,3812.0,3820.0,3780.0,476030,2014,12,25,4,16429
3426.0,3698.0,3741.0,3581.0,275723,2014,12,26,5,16430
2984.0,3389.0,3581.0,3223.0,463300,2014,12,29,1,16433
3183.0,3650.0,3263.0,3422.0,551930,2014,12,30,2,16434
3510.0,3792.0,3621.0,3741.0,130300,2014,12,31,3,16435
3754.0,4158.0,3820.0,4059.0,488500,2015,1,5,1,16440
3905.0,4357.0,4019.0,4099.0,364360,2015,1,6,2,16441
4017.0,4173.0,4138.0,4099.0,527000,2015,1,7,3,16442
3934.0,4133.0,4138.0,4019.0,315460,2015,1,8,4,16443
3946.0,4065.0,3979.0,4019.0,318900,2015,1,9,5,16444
3883.0,4002.0,3979.0,3939.0,277900,2015,1,12,1,16447
3867.0,4069.0,3900.0,3979.0,653600,2015,1,13,2,16448
3910.0,4150.0,3979.0,4059.0,243500,2015,1,14,3,16449
4044.0,4203.0,4099.0,4138.0,303500,2015,1,15,4,16450
3931.0,4164.0,4138.0,4059.0,393100,2015,1,16,5,16451
3941.0,4020.0,4059.0,3979.0,314316,2015,1,19,1,16454
4027.0,4188.0,3979.0,4099.0,649900,2015,1,20,2,16455
4060.0,4259.0,4099.0,4178.0,816100,2015,1,21,3,16456
4148.0,4347.0,4178.0,4258.0,895700,2015,1,22,4,16457
4255.0,4454.0,4258.0,4377.0,642850,2015,1,23,5,16458
4393.0,4511.0,4417.0,4457.0,973700,2015,1,26,1,16461
4004.0,4309.0,4497.0,4178.0,853160,2015,1,27,2,16462
4049.0,4204.0,4218.0,4138.0,446300,2015,1,28,3,16463
4114.0,4274.0,4138.0,4218.0,498200,2015,1,29,4,16464
4030.0,4187.0,4218.0,4099.0,525800,2015,1,30,5,16465
3918.0,4035.0,4099.0,3979.0,365700,2015,2,2,1,16468
3744.0,3900.0,3939.0,3820.0,450300,2015,2,3,2,16469
3682.0,3801.0,3780.0,3741.0,209700,2015,2,4,3,16470
3785.0,4067.0,3741.0,3979.0,716505,2015,2,5,4,16471
3942.0,4099.0,3979.0,4019.0,741700,2015,2,6,5,16472
3852.0,4008.0,4019.0,3939.0,335900,2015,2,9,1,16475
3837.0,3954.0,3939.0,3900.0,306517,2015,2,10,2,16476
3907.0,4192.0,3900.0,4099.0,530833,2015,2,11,3,16477
4194.0,4438.0,4099.0,4337.0,723800,2015,2,12,4,16478
4380.0,4661.0,4337.0,4576.0,649800,2015,2,13,5,16479
4475.0,4752.0,4775.0,4576.0,374600,2015,2,24,2,16490
4115.0,4708.0,4138.0,4656.0,826820,2015,2,25,3,16491
4767.0,5052.0,4656.0,4894.0,736200,2015,2,26,4,16492
4366.0,4917.0,4417.0,4815.0,492040,2015,2,27,5,16493
4833.0,5074.0,4815.0,4974.0,840830,2015,3,2,1,16496
4971.0,5050.0,4974.0,5014.0,591300,2015,3,3,2,16497
4788.0,4986.0,4974.0,4894.0,768370,2015,3,4,3,16498
4707.0,4864.0,4855.0,4775.0,563000,2015,3,5,4,16499
4774.0,5055.0,4735.0,4934.0,505200,2015,3,6,5,16500
4855.0,4934.0,4934.0,4894.0,428300,2015,3,9,1,16503
4859.0,5017.0,4894.0,4934.0,810306,2015,3,10,2,16504
4883.0,5123.0,4934.0,5014.0,606300,2015,3,11,3,16505
4920.0,5080.0,5054.0,5014.0,235500,2015,3,12,4,16506
4883.0,5002.0,4974.0,4934.0,415200,2015,3,13,5,16507
4669.0,4864.0,4934.0,4775.0,337900,2015,3,16,1,16510
4734.0,4854.0,4775.0,4775.0,335410,2015,3,17,2,16511
4728.0,4847.0,4775.0,4775.0,458600,2015,3,18,3,16512
4615.0,4732.0,4775.0,4696.0,286300,2015,3,19,4,16513
4620.0,4739.0,4656.0,4696.0,260100,2015,3,20,5,16514
4447.0,4642.0,4696.0,4576.0,424500,2015,3,23,1,16517
4129.0,4605.0,4536.0,4258.0,1447400,2015,3,24,2,16518
4182.0,4261.0,4258.0,4218.0,157700,2015,3,25,3,16519
3902.0,4512.0,3820.0,4417.0,382800,2015,3,26,4,16520
4063.0,4334.0,4377.0,4178.0,430300,2015,3,27,5,16521
3919.0,4150.0,4178.0,4059.0,268510,2015,3,30,1,16524
4089.0,4208.0,4099.0,4138.0,116700,2015,3,31,2,16525
3735.0,4093.0,4059.0,3900.0,348600,2015,4,1,3,16526
3997.0,4244.0,3939.0,4099.0,99600,2015,4,2,4,16527
3946.0,4064.0,4059.0,3979.0,83200,2015,4,3,5,16528
3998.0,4196.0,4019.0,4138.0,388700,2015,4,6,1,16531
4182.0,4344.0,4138.0,4258.0,244900,2015,4,7,2,16532
4186.0,4265.0,4258.0,4218.0,158400,2015,4,8,3,16533
4201.0,4361.0,4218.0,4298.0,438420,2015,4,9,4,16534
4311.0,4432.0,4298.0,4377.0,410113,2015,4,10,5,16535
4155.0,4594.0,4298.0,4457.0,800300,2015,4,13,1,16538
4277.0,4434.0,4417.0,4337.0,242100,2015,4,14,2,16539
4404.0,4525.0,4337.0,4457.0,291200,2015,4,15,3,16540
4281.0,4399.0,4417.0,4337.0,362500,2015,4,16,4,16541
4319.0,4439.0,4337.0,4377.0,223900,2015,4,17,5,16542
4279.0,4319.0,4337.0,4298.0,160500,2015,4,20,1,16545
4213.0,4291.0,4298.0,4258.0,185500,2015,4,21,2,16546
4174.0,4293.0,4298.0,4218.0,258510,2015,4,22,3,16547
4169.0,4249.0,4258.0,4178.0,154300,2015,4,23,4,16548
4178.0,4258.0,4218.0,4218.0,86100,2015,4,24,5,16549
4202.0,4364.0,4298.0,4258.0,169400,2015,4,27,1,16552
3716.0,4099.0,4258.0,3860.0,329800,2015,5,4,1,16559
3760.0,3962.0,3860.0,3860.0,226100,2015,5,5,2,16560
3466.0,3732.0,3820.0,3621.0,298500,2015,5,6,3,16561
3564.0,3724.0,3581.0,3661.0,257300,2015,5,7,4,16562
3777.0,4102.0,4019.0,3900.0,397300,2015,5,8,5,16563
3804.0,3922.0,3860.0,3860.0,163200,2015,5,11,1,16566
3837.0,3959.0,3780.0,3860.0,130700,2015,5,12,2,16567
3751.0,3912.0,3741.0,3820.0,276100,2015,5,13,3,16568
3623.0,3740.0,3741.0,3701.0,141800,2015,5,14,4,16569
3576.0,3731.0,3701.0,3661.0,750500,2015,5,15,5,16570
3479.0,3674.0,3741.0,3542.0,355800,2015,5,18,1,16573
3587.0,3667.0,3542.0,3621.0,154000,2015,5,19,2,16574
3698.0,4068.0,3581.0,3900.0,249240,2015,5,20,3,16575
3814.0,3975.0,3939.0,3860.0,335600,2015,5,21,4,16576
3930.0,4176.0,3860.0,4019.0,270900,2015,5,22,5,16577
4025.0,4226.0,4019.0,4138.0,488100,2015,5,25,1,16580
4164.0,4325.0,4138.0,4258.0,521300,2015,5,26,2,16581
4183.0,4262.0,4258.0,4218.0,296500,2015,5,27,3,16582
4130.0,4403.0,4218.0,4298.0,723900,2015,5,28,4,16583
4164.0,4323.0,4298.0,4218.0,277500,2015,5,29,5,16584
4099.0,4178.0,4178.0,4138.0,209300,2015,6,1,1,16587
4026.0,4143.0,4138.0,4099.0,183100,2015,6,2,2,16588
4146.0,4309.0,4138.0,4218.0,236800,2015,6,3,3,16589
4340.0,4667.0,4218.0,4536.0,971700,2015,6,4,4,16590
4610.0,4770.0,4576.0,4696.0,918100,2015,6,5,5,16591
4597.0,4755.0,4696.0,4656.0,587900,2015,6,8,1,16594
4432.0,4629.0,4616.0,4536.0,486900,2015,6,9,2,16595
4594.0,4715.0,4536.0,4656.0,585000,2015,6,10,3,16596
4622.0,4819.0,4656.0,4735.0,1092600,2015,6,11,4,16597
4768.0,4966.0,4775.0,4855.0,1458800,2015,6,12,5,16598
4620.0,4814.0,4934.0,4735.0,419100,2015,6,15,1,16601
4616.0,4775.0,4775.0,4696.0,430100,2015,6,16,2,16602
4526.0,4685.0,4656.0,4616.0,317000,2015,6,17,3,16603
4645.0,4725.0,4656.0,4696.0,220000,2015,6,18,4,16604
4594.0,4754.0,4696.0,4656.0,302500,2015,6,19,5,16605
4427.0,4584.0,4656.0,4497.0,266000,2015,6,22,1,16608
4511.0,4632.0,4457.0,4536.0,110200,2015,6,23,2,16609
4594.0,4715.0,4576.0,4656.0,326200,2015,6,24,3,16610
4540.0,4620.0,4616.0,4576.0,218900,2015,6,25,4,16611
4380.0,4497.0,4576.0,4457.0,260300,2015,6,26,5,16612
4356.0,4435.0,4457.0,4377.0,335900,2015,6,29,1,16615
4299.0,4457.0,4377.0,4377.0,517100,2015,6,30,2,16616
4384.0,4463.0,4377.0,4417.0,723100,2015,7,1,3,16617
4418.0,4499.0,4417.0,4457.0,614500,2015,7,2,4,16618
4426.0,4689.0,4636.0,4592.0,457000,2015,7,3,5,16619
4472.0,4603.0,4592.0,4547.0,200100,2015,7,6,1,16622
4597.0,4732.0,4503.0,4636.0,173300,2015,7,7,2,16623
4509.0,4643.0,4547.0,4547.0,295330,2015,7,8,3,16624
4431.0,4653.0,4547.0,4503.0,467300,2015,7,9,4,16625
4377.0,4464.0,4503.0,4415.0,371510,2015,7,10,5,16626
4470.0,4604.0,4459.0,4503.0,311700,2015,7,13,1,16629
4386.0,4519.0,4459.0,4459.0,217900,2015,7,14,2,16630
4341.0,4428.0,4459.0,4371.0,81700,2015,7,15,3,16631
4178.0,4308.0,4371.0,4238.0,142500,2015,7,16,4,16632
4144.0,4318.0,4238.0,4238.0,460800,2015,7,17,5,16633
4241.0,4330.0,4238.0,4283.0,350900,2015,7,20,1,16636
4368.0,4412.0,4327.0,4371.0,311800,2015,7,21,2,16637
4444.0,4669.0,4371.0,4547.0,445510,2015,7,22,3,16638
4462.0,4551.0,4547.0,4503.0,360500,2015,7,23,4,16639
4508.0,4729.0,4503.0,4636.0,676340,2015,7,24,5,16640
4501.0,4632.0,4636.0,4547.0,474310,2015,7,27,1,16643
4520.0,4652.0,4547.0,4547.0,448600,2015,7,28,2,16644
4443.0,4574.0,4592.0,4503.0,360800,2015,7,29,3,16645
4516.0,4605.0,4503.0,4547.0,341200,2015,7,30,4,16646
4436.0,4480.0,4503.0,4459.0,203000,2015,7,31,5,16647
4209.0,4385.0,4415.0,4283.0,217400,2015,8,3,1,16650
4268.0,4356.0,4283.0,4283.0,100700,2015,8,4,2,16651
4286.0,4374.0,4327.0,4327.0,198600,2015,8,5,3,16652
4233.0,4364.0,4371.0,4283.0,128900,2015,8,6,4,16653
4326.0,4415.0,4283.0,4371.0,92000,2015,8,7,5,16654
4314.0,4358.0,4371.0,4327.0,90900,2015,8,10,1,16657
4182.0,4269.0,4327.0,4238.0,57600,2015,8,11,2,16658
4211.0,4431.0,4283.0,4327.0,753700,2015,8,12,3,16659
4273.0,4406.0,4283.0,4327.0,620900,2015,8,13,4,16660
4306.0,4441.0,4327.0,4371.0,527900,2015,8,14,5,16661
4330.0,4508.0,4415.0,4415.0,701300,2015,8,17,1,16664
4403.0,4582.0,4415.0,4459.0,857510,2015,8,18,2,16665
4269.0,4491.0,4459.0,4371.0,685700,2015,8,19,3,16666
4287.0,4376.0,4371.0,4327.0,513400,2015,8,20,4,16667
4117.0,4433.0,4327.0,4283.0,815600,2015,8,21,5,16668
3918.0,4179.0,4238.0,4062.0,1494800,2015,8,24,1,16671
3729.0,4313.0,3664.0,4150.0,1083100,2015,8,25,2,16672
4243.0,4608.0,4150.0,4459.0,1534900,2015,8,26,3,16673
4353.0,4528.0,4503.0,4415.0,950500,2015,8,27,4,16674
4740.0,5214.0,4415.0,4857.0,2384200,2015,8,28,5,16675
4942.0,5171.0,4857.0,4989.0,1856400,2015,8,31,1,16678
5024.0,5390.0,4989.0,5166.0,3336800,2015,9,1,2,16679
5019.0,5243.0,5166.0,5121.0,2899236,2015,9,3,4,16681
4926.0,5148.0,5077.0,4989.0,2347900,2015,9,4,5,16682
4638.0,4944.0,4945.0,4812.0,2035300,2015,9,7,1,16685
4801.0,5027.0,4724.0,4901.0,1693800,2015,9,8,2,16686
4934.0,5299.0,4857.0,5077.0,3825716,2015,9,9,3,16687
4939.0,5162.0,4989.0,5033.0,2975204,2015,9,10,4,16688
4920.0,5099.0,4989.0,4989.0,3575100,2015,9,11,5,16689
4853.0,5168.0,4945.0,4989.0,3604110,2015,9,14,1,16692
4858.0,5173.0,4989.0,4945.0,2919710,2015,9,15,2,16693
4811.0,5036.0,4945.0,4901.0,3232100,2015,9,16,3,16694
4668.0,4888.0,4901.0,4724.0,3007400,2015,9,17,4,16695
4695.0,4829.0,4724.0,4768.0,1674900,2015,9,18,5,16696
4699.0,4878.0,4768.0,4768.0,2409800,2015,9,21,1,16699
4709.0,4889.0,4636.0,4812.0,2921700,2015,9,22,2,16700
4658.0,4790.0,4768.0,4680.0,767850,2015,9,23,3,16701
4547.0,4635.0,4636.0,4592.0,768110,2015,9,24,4,16702
4455.0,4586.0,4592.0,4503.0,403600,2015,9,25,5,16703
3968.0,4260.0,4503.0,4194.0,1326400,2015,9,28,1,16706
4043.0,4173.0,4194.0,4106.0,801640,2015,9,29,2,16707
4103.0,4279.0,4150.0,4194.0,1361730,2015,9,30,3,16708
4041.0,4128.0,4194.0,4106.0,986800,2015,10,1,4,16709
4033.0,4210.0,4106.0,4150.0,828000,2015,10,2,5,16710
4138.0,4269.0,4194.0,4194.0,1289350,2015,10,5,1,16713
4357.0,4492.0,4283.0,4415.0,1791100,2015,10,6,2,16714
4370.0,4458.0,4415.0,4415.0,1564400,2015,10,7,3,16715
4402.0,4668.0,4415.0,4547.0,1671700,2015,10,8,4,16716
4514.0,4603.0,4547.0,4547.0,1440970,2015,10,9,5,16717
4364.0,4537.0,4503.0,4459.0,1821060,2015,10,12,1,16720
4413.0,4547.0,4503.0,4459.0,1098440,2015,10,13,2,16721
4536.0,4671.0,4503.0,4592.0,1720240,2015,10,14,3,16722
4422.0,4597.0,4592.0,4503.0,1269835,2015,10,15,4,16723
4645.0,5010.0,4547.0,4812.0,4788930,2015,10,16,5,16724
4828.0,5054.0,4857.0,4945.0,3220830,2015,10,19,1,16727
4776.0,4907.0,4945.0,4812.0,2551725,2015,10,20,2,16728
4798.0,4932.0,4812.0,4857.0,2003346,2015,10,21,3,16729
4999.0,5274.0,4857.0,5077.0,2791110,2015,10,22,4,16730
5104.0,5376.0,5077.0,5210.0,3930430,2015,10,23,5,16731
4983.0,5200.0,5121.0,5077.0,4597816,2015,10,26,1,16734
4749.0,4965.0,4901.0,4857.0,1536300,2015,10,27,2,16735
4886.0,5020.0,4857.0,4945.0,2979755,2015,10,28,3,16736
4842.0,4974.0,4945.0,4901.0,1278070,2015,10,29,4,16737
4869.0,5137.0,4945.0,4989.0,3167740,2015,10,30,5,16738
4865.0,5042.0,4989.0,4945.0,1269130,2015,11,2,1,16741
4958.0,5183.0,4945.0,5033.0,2207070,2015,11,3,2,16742
4821.0,4995.0,5033.0,4901.0,1886000,2015,11,4,3,16743
4770.0,4902.0,4901.0,4812.0,1762240,2015,11,5,4,16744
4810.0,4943.0,4901.0,4857.0,1714210,2015,11,6,5,16745
4707.0,4929.0,4812.0,4857.0,1608700,2015,11,9,1,16748
4721.0,4808.0,4857.0,4768.0,1260700,2015,11,10,2,16749
4700.0,4878.0,4680.0,4812.0,2226288,2015,11,11,3,16750
4792.0,4926.0,4857.0,4857.0,2711710,2015,11,12,4,16751
4840.0,5019.0,4857.0,4945.0,2573300,2015,11,13,5,16752
4894.0,5073.0,4945.0,4989.0,2354200,2015,11,16,1,16755
4877.0,5184.0,4989.0,5033.0,4190580,2015,11,17,2,16756
4919.0,5097.0,5033.0,4989.0,2464800,2015,11,18,3,16757
4829.0,5049.0,5033.0,4901.0,1319650,2015,11,19,4,16758
4692.0,4866.0,4945.0,4768.0,2558940,2015,11,20,5,16759
4635.0,4810.0,4724.0,4768.0,2957110,2015,11,23,1,16762
4784.0,4964.0,4857.0,4857.0,3447310,2015,11,24,2,16763
5111.0,5726.0,4857.0,5342.0,4755775,2015,11,25,3,16764
5196.0,5461.0,5298.0,5298.0,2798910,2015,11,26,4,16765
5011.0,5185.0,5254.0,5077.0,2746481,2015,11,27,5,16766
4700.0,5103.0,4724.0,4945.0,3243215,2015,11,30,1,16769
4935.0,5068.0,4901.0,4989.0,1496900,2015,12,1,2,16770
4990.0,5079.0,5033.0,5033.0,1010770,2015,12,2,3,16771
5010.0,5189.0,5033.0,5077.0,3919951,2015,12,3,4,16772
5040.0,5220.0,5077.0,5121.0,3200945,2015,12,4,5,16773
5052.0,5231.0,5121.0,5077.0,2138400,2015,12,7,1,16776
5052.0,5323.0,5033.0,5166.0,1948000,2015,12,8,2,16777
5057.0,5190.0,5166.0,5121.0,4097950,2015,12,9,3,16778
5135.0,5270.0,5121.0,5166.0,2303660,2015,12,10,4,16779
5127.0,5307.0,5166.0,5210.0,2409010,2015,12,11,5,16780
5137.0,5226.0,5210.0,5166.0,2007730,2015,12,14,1,16783
5182.0,5407.0,5077.0,5254.0,3371176,2015,12,15,2,16784
5125.0,5302.0,5166.0,5210.0,4164350,2015,12,16,3,16785
4991.0,5165.0,5166.0,5077.0,4184400,2015,12,17,4,16786
5018.0,5151.0,5077.0,5077.0,2230300,2015,12,18,5,16787
5054.0,5143.0,5033.0,5077.0,3350900,2015,12,21,1,16790
5043.0,5177.0,5033.0,5077.0,2090076,2015,12,22,2,16791
5126.0,5308.0,5033.0,5166.0,2815800,2015,12,23,3,16792
5082.0,5260.0,5121.0,5166.0,2977900,2015,12,24,4,16793
4951.0,5170.0,5166.0,5077.0,4437900,2015,12,25,5,16794
4687.0,4900.0,5033.0,4857.0,2452680,2015,12,28,1,16797
4876.0,5103.0,4857.0,4945.0,3237900,2015,12,29,2,16798
4904.0,5083.0,4945.0,4989.0,2597810,2015,12,30,3,16799
4944.0,5078.0,4989.0,4989.0,2357600,2015,12,31,4,16800
4862.0,5039.0,4945.0,4945.0,3248700,2016,1,4,1,16804
4829.0,5008.0,4901.0,4901.0,4191600,2016,1,5,2,16805
4844.0,5021.0,4901.0,4945.0,2915800,2016,1,6,3,16806
4840.0,5021.0,4901.0,4901.0,3390000,2016,1,7,4,16807
4308.0,4604.0,4812.0,4503.0,905440,2016,1,8,5,16808
3963.0,4343.0,4415.0,4150.0,745170,2016,1,11,1,16811
4108.0,4331.0,4106.0,4194.0,2603710,2016,1,12,2,16812
4058.0,4232.0,4238.0,4150.0,784200,2016,1,13,3,16813
3938.0,4113.0,4150.0,4018.0,886980,2016,1,14,4,16814
3683.0,3897.0,4018.0,3797.0,1354770,2016,1,15,5,16815
3485.0,3747.0,3753.0,3576.0,1414000,2016,1,18,1,16818
3657.0,3883.0,3576.0,3797.0,957400,2016,1,19,2,16819
3598.0,3812.0,3797.0,3709.0,2375210,2016,1,20,3,16820
3582.0,3713.0,3709.0,3664.0,1118200,2016,1,21,4,16821
3710.0,3800.0,3753.0,3753.0,1685390,2016,1,22,5,16822
3902.0,4174.0,3797.0,4062.0,1935210,2016,1,25,1,16825
3834.0,4052.0,4018.0,3885.0,779750,2016,1,26,2,16826
3952.0,4041.0,3974.0,3974.0,1179100,2016,1,27,3,16827
3921.0,4053.0,3929.0,3974.0,1163800,2016,1,28,4,16828
3946.0,4035.0,3974.0,3974.0,1088800,2016,1,29,5,16829
3844.0,3974.0,3974.0,3929.0,949310,2016,2,1,1,16832
3931.0,4110.0,3929.0,4018.0,1563500,2016,2,2,2,16833
4073.0,4300.0,3974.0,4194.0,1220320,2016,2,3,3,16834
4238.0,4282.0,4194.0,4238.0,1112310,2016,2,4,4,16835
4209.0,4343.0,4238.0,4283.0,930400,2016,2,5,5,16836
4171.0,4304.0,4150.0,4238.0,965400,2016,2,15,1,16846
4151.0,4239.0,4283.0,4194.0,844516,2016,2,16,2,16847
3937.0,4154.0,4194.0,4062.0,1203414,2016,2,17,3,16848
3929.0,4060.0,4106.0,4018.0,819400,2016,2,18,4,16849
3941.0,4029.0,4018.0,3974.0,650170,2016,2,19,5,16850
3951.0,4171.0,4018.0,4062.0,1264410,2016,2,22,1,16853
3946.0,4076.0,4106.0,4018.0,430600,2016,2,23,2,16854
3934.0,4021.0,4018.0,3974.0,567300,2016,2,24,3,16855
3908.0,4039.0,3974.0,3974.0,777300,2016,2,25,4,16856
3937.0,4025.0,4018.0,3974.0,704009,2016,2,26,5,16857
3974.0,4062.0,4018.0,4018.0,795100,2016,2,29,1,16860
4060.0,4149.0,4018.0,4106.0,776300,2016,3,1,2,16861
4230.0,4412.0,4106.0,4283.0,1368900,2016,3,2,3,16862
4172.0,4348.0,4283.0,4238.0,1172200,2016,3,3,4,16863
4147.0,4235.0,4238.0,4194.0,888060,2016,3,4,5,16864
4038.0,4211.0,4238.0,4106.0,1565710,2016,3,7,1,16867
4080.0,4169.0,4062.0,4106.0,628300,2016,3,8,2,16868
4065.0,4154.0,4106.0,4106.0,721200,2016,3,9,3,16869
4092.0,4226.0,4106.0,4150.0,719000,2016,3,10,4,16870
4158.0,4292.0,4150.0,4194.0,1092510,2016,3,11,5,16871
4150.0,4238.0,4150.0,4194.0,944300,2016,3,14,1,16874
4109.0,4197.0,4194.0,4150.0,756240,2016,3,15,2,16875
4137.0,4226.0,4150.0,4194.0,1273360,2016,3,16,3,16876
4219.0,4308.0,4194.0,4238.0,999850,2016,3,17,4,16877
4170.0,4259.0,4238.0,4194.0,627910,2016,3,18,5,16878
3835.0,4048.0,4150.0,3974.0,1156900,2016,3,21,1,16881
3875.0,3962.0,4018.0,3929.0,430320,2016,3,22,2,16882
3910.0,3999.0,3885.0,3929.0,499745,2016,3,23,3,16883
3856.0,3944.0,3929.0,3885.0,516400,2016,3,24,4,16884
3713.0,3888.0,3885.0,3797.0,857300,2016,3,25,5,16885
3800.0,3933.0,3797.0,3885.0,898285,2016,3,28,1,16888
3698.0,3870.0,3885.0,3797.0,687303,2016,3,29,2,16889
3769.0,3902.0,3797.0,3841.0,1190400,2016,3,30,3,16890
3741.0,3829.0,3841.0,3797.0,751800,2016,3,31,4,16891
3799.0,3888.0,3753.0,3841.0,1245430,2016,4,1,5,16892
3743.0,3831.0,3797.0,3797.0,954200,2016,4,4,1,16895
3874.0,4010.0,3797.0,3929.0,661400,2016,4,5,2,16896
3904.0,3993.0,3929.0,3929.0,1077423,2016,4,6,3,16897
3943.0,4033.0,3929.0,3974.0,1245700,2016,4,7,4,16898
3928.0,4017.0,3929.0,3974.0,1300120,2016,4,8,5,16899
3863.0,4040.0,4018.0,3929.0,2985600,2016,4,11,1,16902
3870.0,3914.0,3885.0,3885.0,1346610,2016,4,12,2,16903
3808.0,3941.0,3841.0,3885.0,863500,2016,4,13,3,16904
3838.0,3928.0,3841.0,3885.0,1241900,2016,4,14,4,16905
3881.0,4015.0,3885.0,3929.0,1434508,2016,4,15,5,16906
3652.0,3964.0,3841.0,3885.0,1129500,2016,4,19,2,16910
3771.0,3859.0,3885.0,3841.0,1086930,2016,4,20,3,16911
3805.0,3984.0,3841.0,3885.0,1432900,2016,4,21,4,16912
3609.0,4060.0,3797.0,3974.0,1163200,2016,4,22,5,16913
3978.0,4112.0,3974.0,4062.0,1552500,2016,4,25,1,16916
3997.0,4086.0,3974.0,4018.0,1721610,2016,4,26,2,16917
3860.0,3992.0,4018.0,3929.0,930200,2016,4,27,3,16918
3840.0,3927.0,3885.0,3885.0,742200,2016,4,28,4,16919
3807.0,3939.0,3885.0,3841.0,1100120,2016,4,29,5,16920
3792.0,3881.0,3797.0,3841.0,737400,2016,5,4,3,16925
3808.0,3942.0,3841.0,3885.0,1554910,2016,5,5,4,16926
3857.0,3947.0,3841.0,3885.0,1281100,2016,5,6,5,16927
3810.0,3898.0,3841.0,3841.0,1164020,2016,5,9,1,16930
3732.0,3866.0,3841.0,3797.0,1151500,2016,5,10,2,16931
3790.0,3879.0,3753.0,3841.0,931500,2016,5,11,3,16932
3773.0,3862.0,3797.0,3797.0,1178800,2016,5,12,4,16933
3747.0,3836.0,3753.0,3797.0,778700,2016,5,13,5,16934
3699.0,3831.0,3753.0,3753.0,732200,2016,5,16,1,16937
3707.0,3796.0,3753.0,3753.0,995100,2016,5,17,2,16938
3716.0,3805.0,3797.0,3753.0,1098250,2016,5,18,3,16939
3623.0,3847.0,3753.0,3709.0,1882780,2016,5,19,4,16940
3653.0,3787.0,3709.0,3709.0,953300,2016,5,20,5,16941
3695.0,3785.0,3709.0,3709.0,873310,2016,5,23,1,16944
3525.0,3699.0,3664.0,3620.0,2259600,2016,5,24,2,16945
3453.0,3583.0,3664.0,3532.0,660900,2016,5,25,3,16946
3462.0,3593.0,3576.0,3488.0,629300,2016,5,26,4,16947
3365.0,3496.0,3532.0,3400.0,408700,2016,5,27,5,16948
3457.0,3545.0,3444.0,3488.0,726010,2016,5,30,1,16951
3441.0,3575.0,3532.0,3488.0,1010810,2016,5,31,2,16952
3375.0,3462.0,3488.0,3400.0,490620,2016,6,1,3,16953
3374.0,3557.0,3400.0,3444.0,1466110,2016,6,2,4,16954
3470.0,3605.0,3444.0,3532.0,1256000,2016,6,3,5,16955
3512.0,3647.0,3532.0,3576.0,1014600,2016,6,6,1,16958
3456.0,3681.0,3532.0,3576.0,2298700,2016,6,7,2,16959
3394.0,3524.0,3576.0,3444.0,1502900,2016,6,8,3,16960
3391.0,3523.0,3488.0,3444.0,857400,2016,6,9,4,16961
3467.0,3556.0,3488.0,3488.0,439010,2016,6,10,5,16962
3306.0,3436.0,3488.0,3355.0,1158400,2016,6,13,1,16965
3267.0,3400.0,3355.0,3311.0,2638700,2016,6,14,2,16966
3264.0,3353.0,3311.0,3311.0,1860000,2016,6,15,3,16967
3140.0,3312.0,3311.0,3223.0,2412600,2016,6,16,4,16968
3140.0,3227.0,3223.0,3179.0,385500,2016,6,17,5,16969
3241.0,3376.0,3179.0,3311.0,763750,2016,6,20,1,16972
3091.0,3263.0,3311.0,3179.0,759050,2016,6,21,2,16973
3105.0,3192.0,3223.0,3135.0,805900,2016,6,22,3,16974
3168.0,3257.0,3135.0,3223.0,837690,2016,6,23,4,16975
2901.0,3209.0,3223.0,3002.0,1799000,2016,6,24,5,16976
2976.0,3066.0,3002.0,3002.0,904700,2016,6,27,1,16979
2958.0,3002.0,2958.0,2958.0,427800,2016,6,28,2,16980
2987.0,3120.0,2958.0,3046.0,649700,2016,6,29,3,16981
2930.0,3017.0,3046.0,2958.0,664260,2016,6,30,4,16982
2910.0,2998.0,3002.0,2958.0,680400,2016,7,1,5,16983
3002.0,3046.0,3002.0,3002.0,535500,2016,7,4,1,16986
3000.0,3177.0,3002.0,3091.0,1153460,2016,7,5,2,16987
3034.0,3122.0,3091.0,3091.0,782100,2016,7,6,3,16988
3103.0,3280.0,3091.0,3223.0,1675810,2016,7,7,4,16989
3077.0,3207.0,3223.0,3135.0,758100,2016,7,8,5,16990
2970.0,3142.0,3179.0,3046.0,783500,2016,7,11,1,16993
3031.0,3075.0,3046.0,3046.0,656000,2016,7,12,2,16994
3043.0,3132.0,3046.0,3091.0,785500,2016,7,13,3,16995
2973.0,3017.0,3046.0,3002.0,316000,2016,7,14,4,16996
2959.0,3048.0,3002.0,3002.0,233000,2016,7,15,5,16997
3043.0,3219.0,3046.0,3135.0,1081750,2016,7,18,1,17000
3026.0,3158.0,3179.0,3091.0,876210,2016,7,19,2,17001
2996.0,3084.0,3091.0,3046.0,707420,2016,7,20,3,17002
2976.0,3019.0,3046.0,3002.0,276200,2016,7,21,4,17003
2942.0,3076.0,3002.0,3002.0,936200,2016,7,22,5,17004
2934.0,3021.0,3002.0,2958.0,634744,2016,7,25,1,17007
2998.0,3043.0,2958.0,3002.0,161900,2016,7,26,2,17008
2961.0,3050.0,3002.0,3002.0,388000,2016,7,27,3,17009
2916.0,3004.0,3002.0,2958.0,358320,2016,7,28,4,17010
2893.0,2937.0,2958.0,2914.0,562910,2016,7,29,5,17011
2872.0,3089.0,2914.0,3002.0,1109000,2016,8,1,1,17014
2929.0,3018.0,3002.0,2958.0,736200,2016,8,2,2,17015
2864.0,2952.0,2958.0,2914.0,561900,2016,8,3,3,17016
2872.0,2959.0,2914.0,2914.0,753420,2016,8,4,4,17017
2698.0,2827.0,2914.0,2781.0,743100,2016,8,5,5,17018
2432.0,2688.0,2781.0,2561.0,596100,2016,8,8,1,17021
2407.0,2664.0,2517.0,2517.0,969131,2016,8,9,2,17022
2473.0,2698.0,2517.0,2605.0,1060800,2016,8,10,3,17023
2599.0,2733.0,2605.0,2693.0,395200,2016,8,11,4,17024
2604.0,2736.0,2693.0,2649.0,557020,2016,8,12,5,17025
2504.0,2636.0,2605.0,2561.0,588300,2016,8,15,1,17028
2527.0,2616.0,2561.0,2561.0,495400,2016,8,16,2,17029
2501.0,2591.0,2561.0,2561.0,189831,2016,8,17,3,17030
2476.0,2564.0,2517.0,2517.0,378706,2016,8,18,4,17031
2452.0,2539.0,2517.0,2472.0,411700,2016,8,19,5,17032
2500.0,2678.0,2472.0,2605.0,744860,2016,8,22,1,17035
2650.0,2740.0,2605.0,2693.0,519716,2016,8,23,2,17036
2687.0,2908.0,2693.0,2826.0,1475490,2016,8,24,3,17037
2729.0,2817.0,2826.0,2781.0,440410,2016,8,25,4,17038
2839.0,3019.0,2781.0,2958.0,1134506,2016,8,26,5,17039
2742.0,2957.0,2958.0,2870.0,1051834,2016,8,29,1,17042
2830.0,2918.0,2870.0,2870.0,350200,2016,8,30,2,17043
2817.0,2905.0,2870.0,2826.0,448000,2016,8,31,3,17044
2853.0,2987.0,2826.0,2914.0,894500,2016,9,1,4,17045
2863.0,2951.0,2914.0,2914.0,375910,2016,9,5,1,17049
2827.0,2914.0,2914.0,2870.0,337010,2016,9,6,2,17050
2830.0,2918.0,2870.0,2870.0,617640,2016,9,7,3,17051
2826.0,2915.0,2870.0,2870.0,259000,2016,9,8,4,17052
2835.0,2923.0,2870.0,2870.0,269510,2016,9,9,5,17053
2840.0,2929.0,2914.0,2870.0,151300,2016,9,12,1,17056
2822.0,2866.0,2826.0,2826.0,413963,2016,9,13,2,17057
2637.0,2765.0,2870.0,2737.0,624800,2016,9,14,3,17058
2775.0,2820.0,2737.0,2781.0,394536,2016,9,15,4,17059
2766.0,2811.0,2781.0,2781.0,240665,2016,9,16,5,17060
2688.0,2820.0,2781.0,2737.0,344111,2016,9,19,1,17063
2723.0,2768.0,2737.0,2737.0,375745,2016,9,20,2,17064
2786.0,2875.0,2781.0,2826.0,551448,2016,9,21,3,17065
2825.0,2869.0,2826.0,2826.0,609000,2016,9,22,4,17066
2778.0,2867.0,2826.0,2826.0,283500,2016,9,23,5,17067
2781.0,2825.0,2826.0,2781.0,473500,2016,9,26,1,17070
2739.0,2828.0,2737.0,2781.0,203900,2016,9,27,2,17071
2781.0,2825.0,2781.0,2781.0,337540,2016,9,28,3,17072
2692.0,2781.0,2781.0,2737.0,746265,2016,9,29,4,17073
2745.0,2833.0,2781.0,2781.0,458100,2016,9,30,5,17074
2809.0,2898.0,2781.0,2826.0,647300,2016,10,3,1,17077
2797.0,2930.0,2870.0,2870.0,793563,2016,10,4,2,17078
2812.0,2856.0,2870.0,2826.0,585435,2016,10,5,3,17079
2745.0,2788.0,2826.0,2781.0,524400,2016,10,6,4,17080
2839.0,3053.0,3007.0,2848.0,1416700,2016,10,7,5,17081
2680.0,2838.0,2848.0,2743.0,471510,2016,10,10,1,17084
2706.0,2812.0,2743.0,2743.0,638550,2016,10,11,2,17085
2439.0,2698.0,2479.0,2637.0,445120,2016,10,12,3,17086
2449.0,2830.0,2374.0,2743.0,454720,2016,10,13,4,17087
2656.0,2760.0,2743.0,2690.0,243150,2016,10,14,5,17088
2631.0,2736.0,2690.0,2690.0,238805,2016,10,17,1,17091
2586.0,2689.0,2690.0,2637.0,261833,2016,10,18,2,17092
2686.0,2740.0,2690.0,2690.0,384525,2016,10,19,3,17093
2581.0,2686.0,2690.0,2637.0,533010,2016,10,20,4,17094
2586.0,2692.0,2637.0,2637.0,296888,2016,10,21,5,17095
2556.0,2661.0,2637.0,2585.0,154429,2016,10,24,1,17098
2579.0,2632.0,2585.0,2585.0,322100,2016,10,25,2,17099
2532.0,2637.0,2637.0,2585.0,260800,2016,10,26,3,17100
2557.0,2664.0,2585.0,2585.0,161975,2016,10,27,4,17101
2555.0,2661.0,2532.0,2585.0,211800,2016,10,28,5,17102
2428.0,2531.0,2532.0,2479.0,459000,2016,10,31,1,17105
2411.0,2464.0,2479.0,2426.0,433310,2016,11,1,2,17106
2314.0,2419.0,2426.0,2374.0,381400,2016,11,2,3,17107
2234.0,2393.0,2374.0,2268.0,1151250,2016,11,3,4,17108
2221.0,2327.0,2268.0,2268.0,353600,2016,11,4,5,17109
2243.0,2347.0,2268.0,2268.0,448730,2016,11,7,1,17112
2262.0,2367.0,2321.0,2321.0,409900,2016,11,8,2,17113
2122.0,2334.0,2110.0,2215.0,698000,2016,11,9,3,17114
2254.0,2415.0,2215.0,2321.0,612300,2016,11,10,4,17115
2222.0,2325.0,2321.0,2268.0,210757,2016,11,11,5,17116
2320.0,2374.0,2268.0,2321.0,259015,2016,11,14,1,17119
2168.0,2272.0,2321.0,2215.0,269400,2016,11,15,2,17120
1966.0,2328.0,2004.0,2268.0,530539,2016,11,16,3,17121
2318.0,2426.0,2374.0,2321.0,616748,2016,11,17,4,17122
2302.0,2355.0,2321.0,2321.0,535800,2016,11,18,5,17123
2319.0,2373.0,2321.0,2321.0,204100,2016,11,21,1,17126
2246.0,2299.0,2268.0,2268.0,241815,2016,11,22,2,17127
2205.0,2257.0,2268.0,2215.0,424018,2016,11,23,3,17128
2215.0,2268.0,2215.0,2215.0,476430,2016,11,24,4,17129
2009.0,2274.0,2004.0,2215.0,177810,2016,11,25,5,17130
2153.0,2206.0,2215.0,2163.0,584810,2016,11,28,1,17133
2090.0,2195.0,2163.0,2110.0,510270,2016,11,29,2,17134
2059.0,2165.0,2110.0,2110.0,316540,2016,11,30,3,17135
2154.0,2262.0,2110.0,2215.0,550260,2016,12,1,4,17136
2078.0,2182.0,2163.0,2110.0,328800,2016,12,2,5,17137
2012.0,2115.0,2110.0,2057.0,336780,2016,12,5,1,17140
2004.0,2110.0,2057.0,2057.0,423830,2016,12,6,2,17141
1968.0,2020.0,2057.0,2004.0,179540,2016,12,7,3,17142
2005.0,2111.0,2004.0,2057.0,439020,2016,12,8,4,17143
1935.0,2092.0,2057.0,2004.0,593191,2016,12,9,5,17144
1906.0,2009.0,2004.0,1952.0,252130,2016,12,12,1,17147
1748.0,1953.0,2004.0,1793.0,1317073,2016,12,13,2,17148
1774.0,1995.0,1793.0,1846.0,587440,2016,12,14,3,17149
1727.0,1832.0,1846.0,1793.0,144752,2016,12,15,4,17150
1805.0,1911.0,1793.0,1846.0,420000,2016,12,16,5,17151
1792.0,1897.0,1793.0,1846.0,220529,2016,12,19,1,17154
1794.0,1899.0,1846.0,1846.0,165060,2016,12,20,2,17155
1846.0,1899.0,1846.0,1846.0,286150,2016,12,21,3,17156
1796.0,1902.0,1846.0,1846.0,364770,2016,12,22,4,17157
1812.0,1865.0,1846.0,1846.0,127010,2016,12,23,5,17158
1846.0,1899.0,1846.0,1846.0,220400,2016,12,26,1,17161
1899.0,1953.0,1846.0,1899.0,428303,2016,12,27,2,17162
1796.0,1847.0,1899.0,1846.0,73479,2016,12,28,3,17163
1845.0,1897.0,1846.0,1846.0,193161,2016,12,29,4,17164
1851.0,1957.0,1846.0,1899.0,231200,2016,12,30,5,17165
1941.0,2049.0,1899.0,2004.0,209150,2017,1,3,2,17169
1898.0,2000.0,2004.0,1952.0,168710,2017,1,4,3,17170
2056.0,2164.0,2004.0,2110.0,521204,2017,1,5,4,17171
2008.0,2111.0,2110.0,2057.0,240740,2017,1,6,5,17172
1888.0,1990.0,2057.0,1952.0,191880,2017,1,9,1,17175
1899.0,2004.0,1952.0,1952.0,176930,2017,1,10,2,17176
1980.0,2034.0,1952.0,2004.0,183900,2017,1,11,3,17177
1954.0,2059.0,2004.0,2004.0,125021,2017,1,12,4,17178
1951.0,2059.0,2004.0,2004.0,206260,2017,1,13,5,17179
2004.0,2057.0,2004.0,2004.0,332500,2017,1,16,1,17182
1887.0,1992.0,2004.0,1952.0,170090,2017,1,17,2,17183
1879.0,1931.0,1952.0,1899.0,34250,2017,1,18,3,17184
1898.0,1951.0,1899.0,1899.0,95260,2017,1,19,4,17185
1908.0,2014.0,1899.0,1952.0,145970,2017,1,20,5,17186
1848.0,1899.0,1952.0,1899.0,87550,2017,1,23,1,17189
1901.0,2007.0,1952.0,1952.0,171120,2017,1,24,2,17190
1938.0,1990.0,1952.0,1952.0,373505,2017,1,25,3,17191
1948.0,2003.0,1899.0,1952.0,429890,2017,2,2,4,17199
1856.0,1962.0,1952.0,1899.0,303240,2017,2,3,5,17200
1848.0,1901.0,1846.0,1899.0,455590,2017,2,6,1,17203
1929.0,2036.0,1899.0,1952.0,542040,2017,2,7,2,17204
1951.0,2004.0,1952.0,1952.0,195355,2017,2,8,3,17205
1987.0,2148.0,1952.0,2110.0,880940,2017,2,9,4,17206
1939.0,2041.0,2110.0,2004.0,350430,2017,2,10,5,17207
1955.0,2058.0,2004.0,2004.0,355900,2017,2,13,1,17210
2013.0,2119.0,2057.0,2057.0,402060,2017,2,14,2,17211
2056.0,2109.0,2057.0,2057.0,558260,2017,2,15,3,17212
2001.0,2104.0,2057.0,2057.0,640739,2017,2,16,4,17213
2059.0,2165.0,2110.0,2110.0,544480,2017,2,17,5,17214
2109.0,2162.0,2110.0,2110.0,311502,2017,2,20,1,17217
2163.0,2268.0,2163.0,2215.0,587530,2017,2,21,2,17218
2139.0,2244.0,2268.0,2163.0,271020,2017,2,22,3,17219
2118.0,2224.0,2163.0,2163.0,157792,2017,2,23,4,17220
2100.0,2153.0,2110.0,2110.0,362560,2017,2,24,5,17221
2110.0,2218.0,2110.0,2163.0,223260,2017,2,27,1,17224
2099.0,2152.0,2163.0,2110.0,263210,2017,2,28,2,17225
2098.0,2152.0,2110.0,2110.0,262400,2017,3,1,3,17226
2109.0,2162.0,2110.0,2110.0,313870,2017,3,2,4,17227
2038.0,2091.0,2110.0,2057.0,161040,2017,3,3,5,17228
2053.0,2158.0,2057.0,2110.0,271540,2017,3,6,1,17231
2058.0,2163.0,2110.0,2110.0,474400,2017,3,7,2,17232
2134.0,2187.0,2110.0,2163.0,348040,2017,3,8,3,17233
2120.0,2327.0,2163.0,2215.0,1407240,2017,3,9,4,17234
2195.0,2247.0,2215.0,2215.0,398504,2017,3,10,5,17235
2153.0,2205.0,2215.0,2163.0,171301,2017,3,13,1,17238
2094.0,2146.0,2163.0,2110.0,238500,2017,3,14,2,17239
2163.0,2217.0,2110.0,2163.0,230700,2017,3,15,3,17240
2164.0,2272.0,2163.0,2215.0,111510,2017,3,16,4,17241
2061.0,2164.0,2215.0,2110.0,311416,2017,3,17,5,17242
2071.0,2123.0,2163.0,2110.0,198850,2017,3,20,1,17245
2103.0,2211.0,2163.0,2163.0,538060,2017,3,21,2,17246
2057.0,2163.0,2110.0,2110.0,623409,2017,3,22,3,17247
2004.0,2110.0,2110.0,2057.0,894200,2017,3,23,4,17248
2010.0,2062.0,2057.0,2057.0,350850,2017,3,24,5,17249
2057.0,2110.0,2057.0,2057.0,348800,2017,3,27,1,17252
2004.0,2110.0,2057.0,2057.0,404700,2017,3,28,2,17253
2004.0,2110.0,2057.0,2057.0,273300,2017,3,29,3,17254
2056.0,2164.0,2057.0,2110.0,535110,2017,3,30,4,17255
1963.0,2066.0,2057.0,2004.0,220710,2017,3,31,5,17256
1999.0,2105.0,2057.0,2057.0,439443,2017,4,3,1,17259
2004.0,2110.0,2057.0,2057.0,134500,2017,4,4,2,17260
1953.0,2004.0,2057.0,2004.0,383820,2017,4,5,3,17261
1952.0,2004.0,2004.0,2004.0,284720,2017,4,7,5,17263
1926.0,2030.0,2057.0,1952.0,215120,2017,4,10,1,17266
2004.0,2059.0,1952.0,2004.0,377800,2017,4,11,2,17267
1899.0,2004.0,2004.0,1952.0,325103,2017,4,12,3,17268
1899.0,2004.0,1952.0,1952.0,204300,2017,4,13,4,17269
1857.0,1963.0,1952.0,1899.0,273130,2017,4,14,5,17270
1899.0,2004.0,1952.0,1952.0,348600,2017,4,17,1,17273
1920.0,1973.0,1952.0,1952.0,126300,2017,4,18,2,17274
1920.0,1973.0,1952.0,1952.0,119200,2017,4,19,3,17275
1936.0,1989.0,1952.0,1952.0,192194,2017,4,20,4,17276
1878.0,1930.0,1952.0,1899.0,135970,2017,4,21,5,17277
1899.0,1952.0,1952.0,1899.0,439453,2017,4,24,1,17280
1966.0,2075.0,1899.0,2004.0,946934,2017,4,25,2,17281
1946.0,1999.0,2004.0,1952.0,379455,2017,4,26,3,17282
1972.0,2026.0,1952.0,2004.0,313635,2017,4,27,4,17283
1915.0,1967.0,1952.0,1952.0,208280,2017,4,28,5,17284
1950.0,2059.0,1952.0,2004.0,511033,2017,5,3,3,17289
2052.0,2106.0,2004.0,2057.0,609610,2017,5,4,4,17290
2056.0,2164.0,2057.0,2110.0,673420,2017,5,5,5,17291
2052.0,2105.0,2110.0,2057.0,690556,2017,5,8,1,17294
2097.0,2258.0,2057.0,2215.0,1358735,2017,5,9,2,17295
2155.0,2361.0,2215.0,2268.0,1596089,2017,5,10,3,17296
2106.0,2209.0,2268.0,2163.0,759270,2017,5,11,4,17297
2250.0,2411.0,2215.0,2374.0,2089440,2017,5,12,5,17298
2421.0,2579.0,2426.0,2532.0,2111604,2017,5,15,1,17301
2429.0,2635.0,2585.0,2532.0,1406860,2017,5,16,2,17302
2505.0,2612.0,2532.0,2532.0,822820,2017,5,17,3,17303
2280.0,2488.0,2532.0,2374.0,1222068,2017,5,18,4,17304
2405.0,2458.0,2374.0,2426.0,633390,2017,5,19,5,17305
2370.0,2524.0,2426.0,2426.0,1460666,2017,5,22,1,17308
2172.0,2324.0,2426.0,2268.0,832275,2017,5,23,2,17309
2273.0,2379.0,2268.0,2321.0,728960,2017,5,24,3,17310
2279.0,2385.0,2321.0,2321.0,508699,2017,5,25,4,17311
2237.0,2341.0,2321.0,2268.0,428289,2017,5,26,5,17312
2248.0,2405.0,2268.0,2321.0,748920,2017,5,29,1,17315
2222.0,2325.0,2374.0,2268.0,689339,2017,5,30,2,17316
2221.0,2326.0,2268.0,2268.0,266700,2017,5,31,3,17317
2220.0,2325.0,2321.0,2268.0,336100,2017,6,1,4,17318
2217.0,2323.0,2321.0,2268.0,235900,2017,6,2,5,17319
2283.0,2443.0,2268.0,2374.0,868883,2017,6,5,1,17322
2321.0,2426.0,2321.0,2374.0,359300,2017,6,6,2,17323
2427.0,2535.0,2374.0,2479.0,785976,2017,6,7,3,17324
2364.0,2521.0,2479.0,2426.0,1060188,2017,6,8,4,17325
2382.0,2488.0,2426.0,2426.0,528750,2017,6,9,5,17326
2369.0,2422.0,2374.0,2374.0,299660,2017,6,12,1,17329
2370.0,2423.0,2374.0,2374.0,542200,2017,6,13,2,17330
2275.0,2378.0,2426.0,2321.0,401059,2017,6,14,3,17331
2333.0,2386.0,2321.0,2374.0,176225,2017,6,15,4,17332
2374.0,2374.0,2374.0,2374.0,524940,2017,6,16,5,17333
2329.0,2435.0,2374.0,2374.0,445440,2017,6,19,1,17336
2340.0,2447.0,2374.0,2374.0,348646,2017,6,20,2,17337
2316.0,2368.0,2374.0,2321.0,352300,2017,6,21,3,17338
2271.0,2376.0,2321.0,2321.0,220700,2017,6,22,4,17339
2243.0,2400.0,2321.0,2321.0,739684,2017,6,23,5,17340
2377.0,2482.0,2374.0,2426.0,545630,2017,6,26,1,17343
2326.0,2432.0,2426.0,2374.0,427420,2017,6,27,2,17344
2311.0,2363.0,2374.0,2321.0,481410,2017,6,28,3,17345
2319.0,2372.0,2374.0,2321.0,380820,2017,6,29,4,17346
2358.0,2411.0,2321.0,2374.0,242450,2017,6,30,5,17347
2364.0,2472.0,2374.0,2426.0,294700,2017,7,3,1,17350
2320.0,2426.0,2426.0,2374.0,1017300,2017,7,4,2,17351
2335.0,2548.0,2321.0,2479.0,1081620,2017,7,5,3,17352
2567.0,2676.0,2532.0,2585.0,904360,2017,7,6,4,17353
2420.0,2523.0,2585.0,2479.0,686500,2017,7,7,5,17354
2469.0,2630.0,2479.0,2532.0,811455,2017,7,10,1,17357
2398.0,2503.0,2479.0,2426.0,427770,2017,7,11,2,17358
2426.0,2479.0,2426.0,2426.0,317010,2017,7,12,3,17359
2434.0,2539.0,2426.0,2479.0,867914,2017,7,13,4,17360
2408.0,2513.0,2479.0,2479.0,582592,2017,7,14,5,17361
2370.0,2475.0,2479.0,2426.0,557400,2017,7,17,1,17364
2354.0,2406.0,2426.0,2374.0,339600,2017,7,18,2,17365
2443.0,2549.0,2426.0,2479.0,990845,2017,7,19,3,17366
2404.0,2457.0,2479.0,2426.0,437340,2017,7,20,4,17367
2364.0,2416.0,2426.0,2374.0,608590,2017,7,21,5,17368
2372.0,2424.0,2374.0,2374.0,145480,2017,7,24,1,17371
2321.0,2426.0,2374.0,2374.0,123180,2017,7,25,2,17372
2385.0,2491.0,2374.0,2426.0,501730,2017,7,26,3,17373
2371.0,2476.0,2479.0,2426.0,260773,2017,7,27,4,17374
2377.0,2482.0,2426.0,2426.0,310100,2017,7,28,5,17375
2261.0,2419.0,2374.0,2321.0,1324250,2017,7,31,1,17378
2338.0,2449.0,2326.0,2382.0,598100,2017,8,1,2,17379
2268.0,2323.0,2326.0,2271.0,572732,2017,8,2,3,17380
2262.0,2376.0,2271.0,2326.0,520584,2017,8,3,4,17381
2212.0,2323.0,2326.0,2271.0,513052,2017,8,4,5,17382
2289.0,2401.0,2271.0,2326.0,633466,2017,8,7,1,17385
2396.0,2564.0,2382.0,2548.0,2126673,2017,8,8,2,17386
2396.0,2609.0,2659.0,2493.0,1367989,2017,8,9,3,17387
2373.0,2483.0,2493.0,2437.0,661100,2017,8,10,4,17388
2438.0,2612.0,2382.0,2493.0,1045900,2017,8,11,5,17389
2382.0,2493.0,2437.0,2382.0,383000,2017,8,14,1,17392
2365.0,2420.0,2382.0,2382.0,358250,2017,8,15,2,17393
2327.0,2383.0,2382.0,2382.0,327920,2017,8,16,3,17394
2289.0,2343.0,2382.0,2326.0,371684,2017,8,17,4,17395
2280.0,2391.0,2326.0,2326.0,395506,2017,8,18,5,17396
2276.0,2387.0,2326.0,2326.0,507900,2017,8,21,1,17399
2285.0,2341.0,2326.0,2326.0,404520,2017,8,22,2,17400
2218.0,2272.0,2326.0,2271.0,285500,2017,8,23,3,17401
2316.0,2373.0,2271.0,2326.0,180300,2017,8,24,4,17402
2324.0,2380.0,2271.0,2326.0,364200,2017,8,25,5,17403
2230.0,2285.0,2326.0,2271.0,176667,2017,8,28,1,17406
2203.0,2310.0,2326.0,2271.0,490568,2017,8,29,2,17407
2280.0,2391.0,2326.0,2326.0,172320,2017,8,30,3,17408
2316.0,2372.0,2326.0,2326.0,77327,2017,8,31,4,17409
2294.0,2350.0,2326.0,2326.0,165500,2017,9,1,5,17410
2296.0,2408.0,2271.0,2382.0,386963,2017,9,5,2,17414
2326.0,2382.0,2382.0,2382.0,223350,2017,9,6,3,17415
2273.0,2327.0,2326.0,2326.0,410610,2017,9,7,4,17416
2326.0,2382.0,2326.0,2326.0,269650,2017,9,8,5,17417
2326.0,2382.0,2326.0,2326.0,191600,2017,9,11,1,17420
2347.0,2458.0,2326.0,2382.0,252123,2017,9,12,2,17421
2337.0,2393.0,2382.0,2382.0,220700,2017,9,13,3,17422
2325.0,2436.0,2382.0,2382.0,386050,2017,9,14,4,17423
2381.0,2437.0,2326.0,2382.0,221600,2017,9,15,5,17424
2344.0,2456.0,2382.0,2437.0,312700,2017,9,18,1,17427
2357.0,2411.0,2437.0,2382.0,130417,2017,9,19,2,17428
2382.0,2437.0,2382.0,2382.0,239500,2017,9,20,3,17429
2362.0,2527.0,2382.0,2437.0,889929,2017,9,21,4,17430
2477.0,2702.0,2437.0,2603.0,1306690,2017,9,22,5,17431
2499.0,2665.0,2603.0,2548.0,598037,2017,9,25,1,17434
2478.0,2591.0,2493.0,2493.0,627040,2017,9,26,2,17435
2414.0,2526.0,2493.0,2437.0,531387,2017,9,27,3,17436
2362.0,2417.0,2437.0,2382.0,813747,2017,9,28,4,17437
2274.0,2383.0,2382.0,2326.0,501090,2017,9,29,5,17438
2324.0,2434.0,2326.0,2382.0,266045,2017,10,2,1,17441
2274.0,2385.0,2382.0,2326.0,409707,2017,10,3,2,17442
2326.0,2382.0,2326.0,2326.0,216120,2017,10,4,3,17443
2326.0,2381.0,2326.0,2326.0,149994,2017,10,5,4,17444
2364.0,2420.0,2326.0,2382.0,91545,2017,10,6,5,17445
2369.0,2426.0,2382.0,2382.0,33035,2017,10,9,1,17448
2323.0,2378.0,2382.0,2326.0,218070,2017,10,10,2,17449
2326.0,2382.0,2382.0,2326.0,459638,2017,10,11,3,17450
2326.0,2382.0,2382.0,2326.0,184057,2017,10,12,4,17451
2272.0,2327.0,2271.0,2326.0,139850,2017,10,13,5,17452
2217.0,2325.0,2326.0,2271.0,507325,2017,10,16,1,17455
2326.0,2382.0,2326.0,2326.0,360785,2017,10,17,2,17456
2233.0,2288.0,2326.0,2271.0,54200,2017,10,18,3,17457
2322.0,2378.0,2271.0,2326.0,49640,2017,10,19,4,17458
2224.0,2335.0,2326.0,2271.0,375200,2017,10,20,5,17459
2240.0,2296.0,2271.0,2271.0,335317,2017,10,23,1,17462
2217.0,2328.0,2216.0,2271.0,334767,2017,10,24,2,17463
2271.0,2271.0,2271.0,2271.0,181780,2017,10,25,3,17464
2217.0,2273.0,2271.0,2271.0,155798,2017,10,26,4,17465
2271.0,2271.0,2271.0,2271.0,91750,2017,10,27,5,17466
2102.0,2268.0,2271.0,2160.0,666065,2017,10,30,1,17469
2017.0,2126.0,2160.0,2049.0,1161275,2017,10,31,2,17470
2066.0,2177.0,2049.0,2105.0,595075,2017,11,1,3,17471
1979.0,2088.0,2105.0,2049.0,509560,2017,11,2,4,17472
2024.0,2080.0,2049.0,2049.0,453730,2017,11,3,5,17473
2068.0,2124.0,2049.0,2105.0,167705,2017,11,6,1,17476
2132.0,2188.0,2105.0,2160.0,654695,2017,11,7,2,17477
2073.0,2128.0,2160.0,2105.0,447802,2017,11,8,3,17478
2062.0,2116.0,2160.0,2105.0,276002,2017,11,9,4,17479
2105.0,2160.0,2105.0,2105.0,209450,2017,11,10,5,17480
2042.0,2097.0,2105.0,2049.0,133250,2017,11,13,1,17483
2049.0,2104.0,2049.0,2049.0,363261,2017,11,14,2,17484
2097.0,2154.0,2049.0,2105.0,159100,2017,11,15,3,17485
2046.0,2101.0,2105.0,2049.0,238100,2017,11,16,4,17486
2040.0,2095.0,2105.0,2049.0,621662,2017,11,17,5,17487
2049.0,2049.0,2049.0,2049.0,278063,2017,11,20,1,17490
1994.0,2105.0,2049.0,2049.0,328030,2017,11,21,2,17491
2049.0,2049.0,2049.0,2049.0,256050,2017,11,22,3,17492
1994.0,2049.0,2049.0,2049.0,199812,2017,11,23,4,17493
2095.0,2152.0,2049.0,2105.0,69550,2017,11,24,5,17494
2114.0,2225.0,2105.0,2160.0,545040,2017,11,27,1,17497
2153.0,2210.0,2160.0,2160.0,309771,2017,11,28,2,17498
2160.0,2216.0,2105.0,2160.0,71900,2017,11,29,3,17499
2103.0,2159.0,2105.0,2105.0,157256,2017,11,30,4,17500
2105.0,2105.0,2105.0,2105.0,216205,2017,12,1,5,17501
2148.0,2203.0,2160.0,2160.0,377865,2017,12,4,1,17504
2050.0,2158.0,2160.0,2105.0,381400,2017,12,5,2,17505
2101.0,2211.0,2105.0,2160.0,296466,2017,12,6,3,17506
2292.0,2407.0,2216.0,2326.0,567972,2017,12,7,4,17507
2125.0,2289.0,2326.0,2216.0,377410,2017,12,8,5,17508
2158.0,2213.0,2216.0,2160.0,66500,2017,12,11,1,17511
2151.0,2321.0,2160.0,2216.0,567710,2017,12,12,2,17512
2235.0,2346.0,2216.0,2271.0,276864,2017,12,13,3,17513
2271.0,2328.0,2216.0,2271.0,65110,2017,12,14,4,17514
2216.0,2272.0,2216.0,2271.0,387250,2017,12,15,5,17515
2249.0,2362.0,2271.0,2326.0,632200,2017,12,18,1,17518
2234.0,2289.0,2326.0,2271.0,214360,2017,12,19,2,17519
2162.0,2270.0,2326.0,2216.0,403230,2017,12,20,3,17520
2270.0,2327.0,2216.0,2271.0,146994,2017,12,21,4,17521
2215.0,2270.0,2216.0,2216.0,197732,2017,12,22,5,17522
2160.0,2215.0,2216.0,2160.0,222740,2017,12,25,1,17525
2250.0,2365.0,2160.0,2271.0,508600,2017,12,26,2,17526
2270.0,2327.0,2271.0,2271.0,284684,2017,12,27,3,17527
2184.0,2240.0,2216.0,2216.0,342600,2017,12,28,4,17528
2176.0,2232.0,2216.0,2216.0,301495,2017,12,29,5,17529
2209.0,2265.0,2216.0,2216.0,117090,2018,1,2,2,17533
2216.0,2272.0,2160.0,2216.0,114920,2018,1,3,3,17534
2160.0,2160.0,2160.0,2160.0,165165,2018,1,4,4,17535
2160.0,2160.0,2160.0,2160.0,263408,2018,1,5,5,17536
2105.0,2161.0,2160.0,2160.0,84200,2018,1,8,1,17539
2143.0,2199.0,2105.0,2160.0,96720,2018,1,9,2,17540
2112.0,2224.0,2160.0,2160.0,419748,2018,1,10,3,17541
2106.0,2217.0,2105.0,2160.0,260020,2018,1,11,4,17542
2054.0,2162.0,2160.0,2105.0,133768,2018,1,12,5,17543
2126.0,2237.0,2105.0,2160.0,360903,2018,1,15,1,17546
2112.0,2168.0,2160.0,2160.0,161200,2018,1,16,2,17547
2061.0,2169.0,2160.0,2105.0,215504,2018,1,17,3,17548
2159.0,2216.0,2160.0,2160.0,369723,2018,1,18,4,17549
2105.0,2105.0,2105.0,2105.0,806175,2018,1,19,5,17550
1996.0,2049.0,2105.0,2049.0,158800,2018,1,22,1,17553
2048.0,2159.0,2105.0,2105.0,241700,2018,1,23,2,17554
2049.0,2105.0,2105.0,2105.0,128800,2018,1,24,3,17555
2100.0,2156.0,2105.0,2105.0,230900,2018,1,25,4,17556
2049.0,2105.0,2049.0,2049.0,516335,2018,1,26,5,17557
1994.0,2105.0,2049.0,2049.0,281910,2018,1,29,1,17560
2137.0,2252.0,2049.0,2160.0,434315,2018,1,30,2,17561
2134.0,2298.0,2160.0,2271.0,1010352,2018,1,31,3,17562
2121.0,2288.0,2271.0,2216.0,414565,2018,2,1,4,17563
2161.0,2216.0,2216.0,2216.0,137210,2018,2,2,5,17564
2047.0,2213.0,2160.0,2105.0,332100,2018,2,5,1,17567
2011.0,2126.0,2049.0,2049.0,367045,2018,2,6,2,17568
2010.0,2122.0,2049.0,2105.0,172484,2018,2,7,3,17569
2048.0,2104.0,2049.0,2049.0,171430,2018,2,8,4,17570
2049.0,2106.0,1994.0,2049.0,69850,2018,2,9,5,17571
2101.0,2158.0,2049.0,2105.0,195100,2018,2,12,1,17574
2095.0,2151.0,2105.0,2105.0,157361,2018,2,13,2,17575
2105.0,2160.0,2105.0,2160.0,127003,2018,2,21,3,17583
2155.0,2211.0,2105.0,2160.0,364300,2018,2,22,4,17584
2148.0,2205.0,2105.0,2160.0,35591,2018,2,23,5,17585
1991.0,2101.0,2105.0,2049.0,333615,2018,2,26,1,17588
2095.0,2151.0,2105.0,2105.0,166800,2018,2,27,2,17589
2100.0,2157.0,2105.0,2105.0,39072,2018,2,28,3,17590
1994.0,2105.0,2049.0,2049.0,127659,2018,3,1,4,17591
2048.0,2162.0,2049.0,2105.0,94551,2018,3,2,5,17592
1996.0,2107.0,2105.0,2049.0,77241,2018,3,5,1,17595
1994.0,2105.0,2049.0,2049.0,165640,2018,3,6,2,17596
2064.0,2176.0,2049.0,2105.0,136245,2018,3,7,3,17597
2065.0,2120.0,2049.0,2105.0,48629,2018,3,8,4,17598
2041.0,2096.0,2105.0,2049.0,135143,2018,3,9,5,17599
2105.0,2162.0,2049.0,2105.0,48740,2018,3,12,1,17602
2049.0,2049.0,2049.0,2049.0,214066,2018,3,13,2,17603
2103.0,2160.0,2105.0,2105.0,93065,2018,3,14,3,17604
2006.0,2060.0,2105.0,2049.0,211500,2018,3,15,4,17605
2047.0,2102.0,2049.0,2049.0,87024,2018,3,16,5,17606
2104.0,2161.0,2049.0,2105.0,208350,2018,3,19,1,17609
2049.0,2105.0,2049.0,2049.0,187900,2018,3,20,2,17610
2004.0,2113.0,2049.0,2049.0,259024,2018,3,21,3,17611
2100.0,2270.0,2105.0,2216.0,371545,2018,3,22,4,17612
2060.0,2172.0,2160.0,2105.0,688942,2018,3,23,5,17613
2112.0,2224.0,2105.0,2160.0,677555,2018,3,26,1,17616
2106.0,2162.0,2160.0,2160.0,254190,2018,3,27,2,17617
2099.0,2154.0,2105.0,2105.0,206150,2018,3,28,3,17618
2105.0,2105.0,2105.0,2105.0,196000,2018,3,29,4,17619
2181.0,2353.0,2105.0,2216.0,491650,2018,3,30,5,17620
2066.0,2225.0,2271.0,2160.0,182900,2018,4,2,1,17623
2238.0,2353.0,2160.0,2271.0,391900,2018,4,3,2,17624
2313.0,2602.0,2216.0,2493.0,1581145,2018,4,4,3,17625
2573.0,2802.0,2493.0,2714.0,1064557,2018,4,5,4,17626
2514.0,2732.0,2770.0,2603.0,826600,2018,4,6,5,17627
2540.0,2650.0,2603.0,2603.0,575593,2018,4,9,1,17630
2294.0,2607.0,2603.0,2437.0,1451417,2018,4,10,2,17631
2172.0,2389.0,2437.0,2216.0,1462290,2018,4,11,3,17632
2219.0,2333.0,2216.0,2271.0,473450,2018,4,12,4,17633
2156.0,2266.0,2216.0,2216.0,533625,2018,4,13,5,17634
2161.0,2272.0,2160.0,2216.0,304870,2018,4,16,1,17637
2212.0,2269.0,2216.0,2216.0,431100,2018,4,17,2,17638
2205.0,2319.0,2160.0,2216.0,467555,2018,4,18,3,17639
2173.0,2396.0,2160.0,2271.0,478908,2018,4,19,4,17640
2271.0,2385.0,2271.0,2326.0,247707,2018,4,20,5,17641
2263.0,2376.0,2271.0,2271.0,138704,2018,4,23,1,17644
2203.0,2316.0,2216.0,2271.0,358335,2018,4,24,2,17645
2141.0,2306.0,2271.0,2160.0,251800,2018,4,26,4,17647
2209.0,2265.0,2160.0,2216.0,216550,2018,4,27,5,17648
2257.0,2482.0,2216.0,2382.0,1218682,2018,5,2,3,17653
2249.0,2358.0,2382.0,2271.0,157100,2018,5,3,4,17654
2311.0,2423.0,2326.0,2326.0,516100,2018,5,4,5,17655
2209.0,2319.0,2326.0,2271.0,712320,2018,5,7,1,17658
2162.0,2270.0,2271.0,2216.0,123000,2018,5,8,2,17659
2238.0,2350.0,2216.0,2271.0,248354,2018,5,9,3,17660
2205.0,2260.0,2216.0,2216.0,159910,2018,5,10,4,17661
2216.0,2271.0,2216.0,2216.0,191625,2018,5,11,5,17662
2268.0,2323.0,2271.0,2271.0,221020,2018,5,14,1,17665
2244.0,2356.0,2326.0,2271.0,159983,2018,5,15,2,17666
2211.0,2266.0,2216.0,2216.0,129400,2018,5,16,3,17667
2162.0,2217.0,2160.0,2216.0,257235,2018,5,17,4,17668
2148.0,2203.0,2216.0,2160.0,192300,2018,5,18,5,17669
2048.0,2155.0,2216.0,2105.0,273203,2018,5,21,1,17672
2000.0,2108.0,2105.0,2049.0,440710,2018,5,22,2,17673
2160.0,2217.0,2105.0,2160.0,154000,2018,5,23,3,17674
2103.0,2158.0,2160.0,2105.0,45600,2018,5,24,4,17675
2035.0,2145.0,2160.0,2105.0,74600,2018,5,25,5,17676
1909.0,2073.0,2105.0,1994.0,291000,2018,5,28,1,17679
2025.0,2194.0,1994.0,2105.0,85200,2018,5,29,2,17680
2072.0,2184.0,2160.0,2105.0,38100,2018,5,30,3,17681
2095.0,2152.0,2049.0,2105.0,166000,2018,5,31,4,17682
2002.0,2169.0,2105.0,2049.0,510400,2018,6,1,5,17683
2040.0,2095.0,2049.0,2049.0,130158,2018,6,4,1,17686
2104.0,2161.0,2049.0,2105.0,231743,2018,6,5,2,17687
2103.0,2160.0,2049.0,2105.0,199700,2018,6,6,3,17688
2049.0,2104.0,2049.0,2049.0,169170,2018,6,7,4,17689
1988.0,2098.0,2049.0,2049.0,59600,2018,6,8,5,17690
2049.0,2160.0,2049.0,2105.0,200600,2018,6,11,1,17693
2008.0,2119.0,2105.0,2049.0,338223,2018,6,12,2,17694
1997.0,2053.0,2049.0,2049.0,196170,2018,6,13,3,17695
1960.0,2069.0,2049.0,1994.0,524446,2018,6,14,4,17696
2042.0,2099.0,2049.0,2049.0,83235,2018,6,15,5,17697
1994.0,2049.0,1994.0,1994.0,306400,2018,6,18,1,17700
1826.0,1934.0,1994.0,1883.0,956900,2018,6,19,2,17701
1992.0,2049.0,1939.0,1994.0,146450,2018,6,20,3,17702
1930.0,1985.0,1994.0,1939.0,146600,2018,6,21,4,17703
1939.0,1994.0,1939.0,1939.0,41309,2018,6,22,5,17704
1994.0,2051.0,1939.0,1994.0,56300,2018,6,25,1,17707
1892.0,1948.0,1939.0,1939.0,42850,2018,6,26,2,17708
1939.0,1939.0,1939.0,1939.0,68810,2018,6,27,3,17709
1922.0,1978.0,1939.0,1939.0,30400,2018,6,28,4,17710
1883.0,1883.0,1883.0,1883.0,100200,2018,6,29,5,17711
1722.0,1884.0,1883.0,1772.0,255000,2018,7,2,1,17714
1670.0,1778.0,1828.0,1717.0,208900,2018,7,3,2,17715
1669.0,1780.0,1772.0,1717.0,199600,2018,7,4,3,17716
1708.0,1765.0,1717.0,1717.0,164800,2018,7,5,4,17717
1716.0,1773.0,1662.0,1717.0,181800,2018,7,6,5,17718
1668.0,1779.0,1717.0,1717.0,105390,2018,7,9,1,17721
1717.0,1717.0,1717.0,1717.0,21622,2018,7,10,2,17722
1661.0,1716.0,1662.0,1662.0,75900,2018,7,11,3,17723
1623.0,1679.0,1662.0,1662.0,54700,2018,7,12,4,17724
1721.0,1836.0,1662.0,1772.0,120220,2018,7,13,5,17725
1681.0,1793.0,1772.0,1717.0,83763,2018,7,16,1,17728
1628.0,1682.0,1717.0,1662.0,87110,2018,7,17,2,17729
1733.0,1849.0,1717.0,1772.0,155105,2018,7,18,3,17730
1716.0,1771.0,1717.0,1717.0,183410,2018,7,19,4,17731
1717.0,1772.0,1717.0,1772.0,80536,2018,7,20,5,17732
1619.0,1726.0,1772.0,1662.0,218474,2018,7,23,1,17735
1667.0,1778.0,1717.0,1717.0,153830,2018,7,24,2,17736
1766.0,1880.0,1772.0,1828.0,282121,2018,7,25,3,17737
1770.0,1826.0,1828.0,1772.0,105200,2018,7,26,4,17738
1717.0,1772.0,1772.0,1772.0,92450,2018,7,27,5,17739
1850.0,1962.0,1828.0,1939.0,305394,2018,7,30,1,17742
1883.0,2049.0,1994.0,1939.0,526168,2018,7,31,2,17743
1828.0,1989.0,1939.0,1939.0,521424,2018,8,1,3,17744
1884.0,1939.0,1939.0,1939.0,315108,2018,8,2,4,17745
1839.0,1948.0,1939.0,1883.0,264580,2018,8,3,5,17746
1889.0,2004.0,1939.0,1939.0,299766,2018,8,6,1,17749
1868.0,1923.0,1939.0,1883.0,178800,2018,8,7,2,17750
1838.0,1950.0,1883.0,1883.0,522003,2018,8,8,3,17751
1883.0,1883.0,1883.0,1883.0,109200,2018,8,9,4,17752
1883.0,1940.0,1883.0,1883.0,97732,2018,8,10,5,17753
1772.0,1828.0,1828.0,1828.0,231071,2018,8,13,1,17756
1773.0,1828.0,1828.0,1828.0,86363,2018,8,14,2,17757
1772.0,1827.0,1828.0,1772.0,105400,2018,8,15,3,17758
1778.0,1893.0,1772.0,1828.0,239100,2018,8,16,4,17759
1770.0,1826.0,1772.0,1772.0,57115,2018,8,17,5,17760
1824.0,1881.0,1772.0,1828.0,29800,2018,8,20,1,17763
1828.0,1885.0,1828.0,1828.0,294109,2018,8,21,2,17764
1768.0,1823.0,1772.0,1772.0,146201,2018,8,22,3,17765
1808.0,1864.0,1772.0,1828.0,169500,2018,8,23,4,17766
1768.0,1823.0,1828.0,1772.0,94300,2018,8,24,5,17767
1828.0,1885.0,1772.0,1828.0,48800,2018,8,27,1,17770
1772.0,1772.0,1772.0,1772.0,159200,2018,8,28,2,17771
1769.0,1824.0,1772.0,1772.0,30200,2018,8,29,3,17772
1770.0,1827.0,1772.0,1772.0,555626,2018,8,30,4,17773
1674.0,1728.0,1772.0,1717.0,69600,2018,8,31,5,17774
1594.0,1759.0,1772.0,1662.0,882464,2018,9,4,2,17778
1603.0,1775.0,1662.0,1662.0,705850,2018,9,5,3,17779
1606.0,1606.0,1606.0,1606.0,424187,2018,9,6,4,17780
1551.0,1606.0,1606.0,1606.0,283440,2018,9,7,5,17781
1549.0,1660.0,1606.0,1606.0,2763890,2018,9,10,1,17784
1599.0,1654.0,1662.0,1606.0,1190600,2018,9,11,2,17785
1667.0,1723.0,1662.0,1717.0,469543,2018,9,12,3,17786
1591.0,1750.0,1772.0,1662.0,911207,2018,9,13,4,17787
1602.0,1713.0,1662.0,1662.0,500400,2018,9,14,5,17788
1565.0,1619.0,1662.0,1606.0,294062,2018,9,17,1,17791
1630.0,1742.0,1606.0,1662.0,492450,2018,9,18,2,17792
1573.0,1627.0,1662.0,1606.0,197640,2018,9,19,3,17793
1570.0,1627.0,1606.0,1606.0,969521,2018,9,20,4,17794
1597.0,1654.0,1606.0,1606.0,1581330,2018,9,21,5,17795
1601.0,1658.0,1606.0,1606.0,993400,2018,9,24,1,17798
1564.0,1731.0,1606.0,1717.0,4111270,2018,9,25,2,17799
1667.0,1828.0,1883.0,1772.0,1838075,2018,9,26,3,17800
1713.0,1824.0,1772.0,1772.0,418800,2018,9,27,4,17801
1713.0,1768.0,1772.0,1717.0,986213,2018,9,28,5,17802
1701.0,1871.0,1717.0,1772.0,1045872,2018,10,1,1,17805
1798.0,1966.0,1772.0,1883.0,1812780,2018,10,2,2,17806
1785.0,1897.0,1883.0,1828.0,875503,2018,10,3,3,17807
1754.0,1864.0,1828.0,1828.0,855362,2018,10,4,4,17808
1851.0,1963.0,1828.0,1883.0,982365,2018,10,5,5,17809
1867.0,1922.0,1883.0,1883.0,985588,2018,10,8,1,17812
1815.0,1870.0,1883.0,1828.0,736663,2018,10,9,2,17813
1697.0,1807.0,1717.0,1772.0,887610,2018,10,10,3,17814
1550.0,1657.0,1717.0,1606.0,937213,2018,10,11,4,17815
1657.0,1771.0,1606.0,1717.0,606900,2018,10,12,5,17816
1608.0,1662.0,1717.0,1662.0,250100,2018,10,15,1,17819
1725.0,1840.0,1662.0,1772.0,136940,2018,10,16,2,17820
1669.0,1777.0,1717.0,1717.0,386590,2018,10,17,3,17821
1664.0,1772.0,1772.0,1717.0,689220,2018,10,18,4,17822
1717.0,1772.0,1717.0,1717.0,256130,2018,10,19,5,17823
1763.0,1820.0,1772.0,1772.0,862007,2018,10,22,1,17826
1680.0,1792.0,1717.0,1717.0,872797,2018,10,23,2,17827
1613.0,1721.0,1717.0,1662.0,299000,2018,10,24,3,17828
1555.0,1666.0,1606.0,1606.0,380730,2018,10,25,4,17829
1553.0,1660.0,1662.0,1606.0,348310,2018,10,26,5,17830
1554.0,1665.0,1606.0,1606.0,516320,2018,10,29,1,17833
1577.0,1694.0,1600.0,1660.0,282127,2018,10,30,2,17834
1628.0,1686.0,1719.0,1660.0,114320,2018,10,31,3,17835
1537.0,1650.0,1719.0,1600.0,496397,2018,11,1,4,17836
1618.0,1678.0,1660.0,1660.0,97720,2018,11,2,5,17837
1600.0,1660.0,1660.0,1600.0,284499,2018,11,5,1,17840
1523.0,1645.0,1600.0,1600.0,903870,2018,11,6,2,17841
1532.0,1591.0,1600.0,1541.0,452232,2018,11,7,3,17842
1518.0,1577.0,1600.0,1541.0,70371,2018,11,8,4,17843
1482.0,1541.0,1541.0,1541.0,723648,2018,11,9,5,17844
1480.0,1539.0,1482.0,1482.0,359535,2018,11,12,1,17847
1383.0,1498.0,1482.0,1423.0,339657,2018,11,13,2,17848
1424.0,1543.0,1423.0,1482.0,409400,2018,11,14,3,17849
1482.0,1541.0,1482.0,1482.0,332545,2018,11,15,4,17850
1481.0,1540.0,1482.0,1482.0,118185,2018,11,16,5,17851
1539.0,1662.0,1482.0,1600.0,376536,2018,11,19,1,17854
1533.0,1592.0,1541.0,1541.0,155805,2018,11,20,2,17855
1539.0,1601.0,1541.0,1541.0,175900,2018,11,21,3,17856
1486.0,1545.0,1541.0,1541.0,326310,2018,11,22,4,17857
1483.0,1542.0,1541.0,1541.0,133307,2018,11,23,5,17858
1532.0,1593.0,1541.0,1541.0,44200,2018,11,26,1,17861
1541.0,1600.0,1541.0,1541.0,394340,2018,11,27,2,17862
1541.0,1541.0,1541.0,1541.0,306790,2018,11,28,3,17863
1541.0,1600.0,1541.0,1541.0,205700,2018,11,29,4,17864
1541.0,1541.0,1541.0,1541.0,309700,2018,11,30,5,17865
1509.0,1567.0,1600.0,1541.0,70800,2018,12,3,1,17868
1570.0,1631.0,1541.0,1600.0,53400,2018,12,4,2,17869
1481.0,1599.0,1600.0,1541.0,446400,2018,12,5,3,17870
1541.0,1541.0,1541.0,1541.0,166826,2018,12,6,4,17871
1577.0,1699.0,1541.0,1600.0,801840,2018,12,7,5,17872
1658.0,1720.0,1600.0,1660.0,59300,2018,12,10,1,17875
1550.0,1669.0,1600.0,1600.0,249110,2018,12,11,2,17876
1641.0,1702.0,1600.0,1660.0,171090,2018,12,12,3,17877
1657.0,1718.0,1660.0,1660.0,126066,2018,12,13,4,17878
1600.0,1600.0,1600.0,1600.0,122540,2018,12,14,5,17879
1541.0,1600.0,1600.0,1600.0,163700,2018,12,17,1,17882
1541.0,1541.0,1541.0,1541.0,87800,2018,12,18,2,17883
1541.0,1600.0,1541.0,1541.0,315960,2018,12,19,3,17884
1481.0,1540.0,1541.0,1482.0,99367,2018,12,20,4,17885
1482.0,1541.0,1482.0,1482.0,77267,2018,12,21,5,17886
1440.0,1500.0,1482.0,1482.0,140094,2018,12,24,1,17889
1480.0,1542.0,1423.0,1482.0,238610,2018,12,25,2,17890
1423.0,1423.0,1423.0,1423.0,178503,2018,12,26,3,17891
1479.0,1540.0,1482.0,1482.0,138897,2018,12,27,4,17892
1423.0,1482.0,1423.0,1423.0,65944,2018,12,28,5,17893
1355.0,1414.0,1423.0,1363.0,164710,2019,1,2,3,17898
1305.0,1423.0,1363.0,1363.0,97430,2019,1,3,4,17899
1363.0,1425.0,1304.0,1363.0,153022,2019,1,4,5,17900
1248.0,1305.0,1363.0,1304.0,91588,2019,1,7,1,17903
1363.0,1425.0,1304.0,1363.0,38708,2019,1,8,2,17904
1423.0,1484.0,1363.0,1423.0,156140,2019,1,9,3,17905
1362.0,1421.0,1363.0,1363.0,17030,2019,1,10,4,17906
1423.0,1484.0,1363.0,1423.0,32545,2019,1,11,5,17907
1303.0,1422.0,1423.0,1363.0,98958,2019,1,14,1,17910
1304.0,1423.0,1423.0,1363.0,131803,2019,1,15,2,17911
1355.0,1416.0,1363.0,1363.0,83021,2019,1,16,3,17912
1360.0,1422.0,1304.0,1363.0,177114,2019,1,17,4,17913
1363.0,1425.0,1304.0,1363.0,68810,2019,1,18,5,17914
1304.0,1363.0,1304.0,1304.0,155661,2019,1,21,1,17917
1303.0,1363.0,1304.0,1304.0,138770,2019,1,22,2,17918
1363.0,1425.0,1304.0,1363.0,90619,2019,1,23,3,17919
1245.0,1363.0,1304.0,1304.0,82823,2019,1,24,4,17920
1302.0,1364.0,1304.0,1304.0,85454,2019,1,25,5,17921
1205.0,1263.0,1304.0,1245.0,271540,2019,1,28,1,17924
1245.0,1245.0,1245.0,1245.0,94201,2019,1,29,2,17925
1185.0,1304.0,1245.0,1245.0,46800,2019,1,30,3,17926
1245.0,1363.0,1304.0,1304.0,190742,2019,1,31,4,17927
1363.0,1425.0,1304.0,1363.0,30300,2019,2,1,5,17928
1297.0,1356.0,1363.0,1304.0,72740,2019,2,11,1,17938
1304.0,1363.0,1304.0,1304.0,114735,2019,2,12,2,17939
1302.0,1361.0,1363.0,1304.0,49000,2019,2,13,3,17940
1297.0,1356.0,1304.0,1304.0,116380,2019,2,14,4,17941
1363.0,1422.0,1363.0,1363.0,494436,2019,2,15,5,17942
1363.0,1423.0,1363.0,1363.0,179210,2019,2,18,1,17945
1363.0,1423.0,1363.0,1363.0,220210,2019,2,19,2,17946
1305.0,1364.0,1363.0,1363.0,40750,2019,2,20,3,17947
1255.0,1312.0,1363.0,1304.0,133836,2019,2,21,4,17948
1353.0,1415.0,1363.0,1363.0,60500,2019,2,22,5,17949
1319.0,1379.0,1304.0,1363.0,50756,2019,2,25,1,17952
1313.0,1372.0,1363.0,1363.0,61221,2019,2,26,2,17953
1247.0,1361.0,1304.0,1304.0,118987,2019,2,27,3,17954
1304.0,1423.0,1363.0,1363.0,107791,2019,2,28,4,17955
1324.0,1444.0,1363.0,1363.0,429880,2019,3,1,5,17956
1415.0,1477.0,1363.0,1423.0,204890,2019,3,4,1,17959
1429.0,1616.0,1363.0,1541.0,943633,2019,3,5,2,17960
1512.0,1633.0,1482.0,1541.0,351506,2019,3,6,3,17961
1423.0,1541.0,1482.0,1482.0,574220,2019,3,7,4,17962
1434.0,1494.0,1482.0,1482.0,162063,2019,3,8,5,17963
1417.0,1476.0,1482.0,1423.0,813378,2019,3,11,1,17966
1417.0,1535.0,1423.0,1482.0,363168,2019,3,12,2,17967
1423.0,1482.0,1482.0,1482.0,267856,2019,3,13,3,17968
1480.0,1603.0,1482.0,1541.0,212666,2019,3,14,4,17969
1423.0,1541.0,1541.0,1482.0,238350,2019,3,15,5,17970
1423.0,1542.0,1482.0,1482.0,282661,2019,3,18,1,17973
1482.0,1541.0,1482.0,1482.0,133710,2019,3,19,2,17974
1482.0,1482.0,1482.0,1482.0,276432,2019,3,20,3,17975
1366.0,1423.0,1482.0,1423.0,195752,2019,3,21,4,17976
1424.0,1542.0,1482.0,1482.0,306640,2019,3,22,5,17977
1404.0,1462.0,1482.0,1423.0,423870,2019,3,25,1,17980
1474.0,1535.0,1482.0,1482.0,128167,2019,3,26,2,17981
1392.0,1450.0,1482.0,1423.0,117600,2019,3,27,3,17982
1525.0,1586.0,1482.0,1541.0,316594,2019,3,28,4,17983
1531.0,1593.0,1541.0,1541.0,44970,2019,3,29,5,17984
1481.0,1540.0,1482.0,1482.0,118466,2019,4,1,1,17987
1482.0,1541.0,1482.0,1482.0,307673,2019,4,2,2,17988
1478.0,1537.0,1541.0,1482.0,108756,2019,4,3,3,17989
1481.0,1540.0,1482.0,1482.0,234563,2019,4,4,4,17990
1485.0,1603.0,1482.0,1541.0,447938,2019,4,5,5,17991
1549.0,1669.0,1600.0,1660.0,1007643,2019,4,8,1,17994
1670.0,1789.0,1719.0,1778.0,1817568,2019,4,9,2,17995
1652.0,1823.0,1837.0,1719.0,534930,2019,4,10,3,17996
1724.0,1843.0,1719.0,1778.0,377740,2019,4,11,4,17997
1796.0,1982.0,1719.0,1897.0,920093,2019,4,12,5,17998
1845.0,1968.0,1897.0,1897.0,572335,2019,4,16,2,18002
1916.0,2095.0,1897.0,2075.0,1182763,2019,4,17,3,18003
2025.0,2203.0,2075.0,2075.0,1434538,2019,4,18,4,18004
1990.0,2165.0,2075.0,2075.0,772381,2019,4,19,5,18005
2141.0,2325.0,2075.0,2252.0,1281292,2019,4,22,1,18008
2253.0,2372.0,2252.0,2312.0,1022195,2019,4,23,2,18009
2215.0,2395.0,2312.0,2252.0,1276971,2019,4,24,3,18010
2051.0,2226.0,2252.0,2075.0,1661630,2019,4,25,4,18011
2080.0,2325.0,2015.0,2193.0,860302,2019,4,26,5,18012
2046.0,2216.0,2193.0,2134.0,469045,2019,5,2,4,18018
2076.0,2195.0,2134.0,2134.0,488040,2019,5,3,5,18019
1969.0,2143.0,2193.0,2015.0,667711,2019,5,6,1,18022
1994.0,2175.0,2015.0,2075.0,618422,2019,5,7,2,18023
1935.0,1994.0,2015.0,1956.0,854874,2019,5,8,3,18024
1877.0,1995.0,1956.0,1956.0,348877,2019,5,9,4,18025
1951.0,2073.0,1956.0,2015.0,305487,2019,5,10,5,18026
1898.0,2014.0,2075.0,1956.0,416888,2019,5,13,1,18029
2014.0,2136.0,2015.0,2075.0,373934,2019,5,14,2,18030
2073.0,2132.0,2134.0,2075.0,514780,2019,5,15,3,18031
2073.0,2195.0,2134.0,2134.0,259632,2019,5,16,4,18032
2023.0,2142.0,2134.0,2075.0,461596,2019,5,17,5,18033
1984.0,2043.0,2015.0,2015.0,331279,2019,5,20,1,18036
2015.0,2075.0,2015.0,2015.0,213680,2019,5,21,2,18037
2007.0,2066.0,2015.0,2015.0,42510,2019,5,22,3,18038
1977.0,2037.0,2015.0,2015.0,131815,2019,5,23,4,18039
2014.0,2136.0,2015.0,2075.0,176333,2019,5,24,5,18040
2009.0,2068.0,2075.0,2015.0,110438,2019,5,27,1,18043
2037.0,2217.0,2015.0,2193.0,1431030,2019,5,28,2,18044
2134.0,2249.0,2252.0,2193.0,1046647,2019,5,29,3,18045
2201.0,2379.0,2193.0,2312.0,1124051,2019,5,30,4,18046
2125.0,2362.0,2252.0,2252.0,920980,2019,5,31,5,18047
2094.0,2211.0,2134.0,2134.0,791120,2019,6,3,1,18050
2071.0,2189.0,2075.0,2134.0,285698,2019,6,4,2,18051
2012.0,2189.0,2193.0,2075.0,861822,2019,6,5,3,18052
2015.0,2134.0,2075.0,2075.0,187972,2019,6,6,4,18053
1998.0,2115.0,2075.0,2015.0,1550181,2019,6,7,5,18054
2008.0,2251.0,2015.0,2134.0,974654,2019,6,10,1,18057
2012.0,2131.0,2134.0,2075.0,461477,2019,6,11,2,18058
2075.0,2134.0,2075.0,2075.0,178600,2019,6,12,3,18059
2133.0,2194.0,2075.0,2134.0,189322,2019,6,13,4,18060
2066.0,2188.0,2134.0,2134.0,337767,2019,6,14,5,18061
2075.0,2075.0,2075.0,2075.0,114750,2019,6,17,1,18064
2002.0,2061.0,2015.0,2015.0,307201,2019,6,18,2,18065
2015.0,2134.0,2015.0,2075.0,550455,2019,6,19,3,18066
2098.0,2158.0,2075.0,2134.0,272215,2019,6,20,4,18067
2075.0,2134.0,2134.0,2075.0,223929,2019,6,21,5,18068
2014.0,2132.0,2075.0,2075.0,429513,2019,6,24,1,18071
1970.0,2028.0,2075.0,2015.0,194339,2019,6,25,2,18072
2031.0,2091.0,2015.0,2075.0,240325,2019,6,26,3,18073
2066.0,2127.0,2075.0,2075.0,305030,2019,6,27,4,18074
2015.0,2075.0,2015.0,2015.0,242157,2019,6,28,5,18075
1992.0,2113.0,2015.0,2015.0,818980,2019,7,1,1,18078
1957.0,2016.0,2015.0,2015.0,208200,2019,7,2,2,18079
2000.0,2121.0,2015.0,2015.0,101300,2019,7,3,3,18080
2015.0,2015.0,2015.0,2015.0,35895,2019,7,4,4,18081
1978.0,2038.0,2015.0,2015.0,109500,2019,7,5,5,18082
1911.0,1969.0,2015.0,1956.0,260770,2019,7,8,1,18085
2015.0,2076.0,2015.0,2015.0,270821,2019,7,9,2,18086
1956.0,2015.0,1956.0,1956.0,223600,2019,7,10,3,18087
2013.0,2074.0,1956.0,2015.0,325037,2019,7,11,4,18088
1947.0,2006.0,2015.0,1956.0,161970,2019,7,12,5,18089
1937.0,1997.0,1956.0,1956.0,173136,2019,7,15,1,18092
1902.0,2021.0,1956.0,1956.0,286503,2019,7,16,2,18093
1894.0,1954.0,1956.0,1897.0,67250,2019,7,17,3,18094
1956.0,2017.0,1897.0,1956.0,157836,2019,7,18,4,18095
1844.0,2022.0,1897.0,1956.0,224948,2019,7,19,5,18096
1897.0,1956.0,1956.0,1897.0,312512,2019,7,22,1,18099
1918.0,2098.0,1897.0,2015.0,748820,2019,7,23,2,18100
1954.0,2073.0,2075.0,2015.0,152340,2019,7,24,3,18101
1921.0,2037.0,2015.0,1956.0,182814,2019,7,25,4,18102
1985.0,2045.0,1956.0,2015.0,365610,2019,7,26,5,18103
2001.0,2061.0,2015.0,2015.0,552700,2019,7,29,1,18106
1881.0,1998.0,2015.0,1956.0,202682,2019,7,30,2,18107
1880.0,1938.0,1956.0,1897.0,147737,2019,7,31,3,18108
1879.0,2000.0,1897.0,1897.0,302802,2019,8,1,4,18109
1879.0,2000.0,1956.0,1897.0,80300,2019,8,2,5,18110
1837.0,1897.0,1837.0,1837.0,96630,2019,8,5,1,18113
1776.0,1899.0,1778.0,1837.0,260216,2019,8,6,2,18114
1783.0,1902.0,1778.0,1837.0,216968,2019,8,7,3,18115
1782.0,1901.0,1837.0,1837.0,42836,2019,8,8,4,18116
1837.0,1897.0,1837.0,1837.0,32220,2019,8,9,5,18117
1894.0,1955.0,1837.0,1897.0,58350,2019,8,12,1,18120
1793.0,1851.0,1897.0,1837.0,55000,2019,8,13,2,18121
1816.0,1874.0,1837.0,1837.0,64200,2019,8,14,3,18122
1836.0,1958.0,1837.0,1897.0,73600,2019,8,15,4,18123
1836.0,1895.0,1897.0,1837.0,42180,2019,8,16,5,18124
1895.0,1956.0,1897.0,1897.0,24799,2019,8,19,1,18127
1769.0,1887.0,1837.0,1837.0,129913,2019,8,20,2,18128
1834.0,1957.0,1837.0,1897.0,66753,2019,8,21,3,18129
1893.0,1954.0,1897.0,1897.0,163177,2019,8,22,4,18130
1896.0,1957.0,1837.0,1897.0,47600,2019,8,23,5,18131
1837.0,1897.0,1837.0,1837.0,99600,2019,8,26,1,18134
1862.0,1986.0,1837.0,1897.0,261689,2019,8,27,2,18135
1806.0,1926.0,1837.0,1837.0,167670,2019,8,28,3,18136
1897.0,1958.0,1837.0,1897.0,89030,2019,8,29,4,18137
1907.0,2026.0,1897.0,1956.0,721188,2019,8,30,5,18138
1928.0,2109.0,1956.0,2015.0,379800,2019,9,3,2,18142
1896.0,2015.0,2015.0,1956.0,90778,2019,9,4,3,18143
1946.0,2007.0,1956.0,1956.0,255300,2019,9,5,4,18144
1897.0,1956.0,1897.0,1897.0,193588,2019,9,6,5,18145
1841.0,1960.0,1897.0,1897.0,158936,2019,9,9,1,18148
1785.0,1903.0,1837.0,1837.0,397800,2019,9,10,2,18149
1785.0,1903.0,1837.0,1837.0,290900,2019,9,11,3,18150
1779.0,1898.0,1837.0,1837.0,195500,2019,9,12,4,18151
1837.0,1896.0,1837.0,1837.0,240889,2019,9,13,5,18152
1885.0,1946.0,1837.0,1897.0,96200,2019,9,16,1,18155
1911.0,2034.0,1897.0,1956.0,234736,2019,9,17,2,18156
1894.0,1955.0,1897.0,1897.0,269400,2019,9,18,3,18157
1926.0,2050.0,1897.0,1956.0,396020,2019,9,19,4,18158
2001.0,2183.0,1956.0,2134.0,1562394,2019,9,20,5,18159
1996.0,2168.0,2193.0,2075.0,671716,2019,9,23,1,18162
2083.0,2202.0,2075.0,2134.0,395190,2019,9,24,2,18163
2078.0,2251.0,2134.0,2193.0,856077,2019,9,25,3,18164
2279.0,2399.0,2252.0,2371.0,1936620,2019,9,26,4,18165
2263.0,2379.0,2430.0,2312.0,540334,2019,9,27,5,18166
2269.0,2388.0,2312.0,2312.0,486610,2019,9,30,1,18169
2404.0,2589.0,2312.0,2489.0,771572,2019,10,1,2,18170
2454.0,2638.0,2489.0,2549.0,564137,2019,10,2,3,18171
2576.0,2695.0,2549.0,2608.0,1163796,2019,10,3,4,18172
2430.0,2604.0,2608.0,2489.0,704800,2019,10,4,5,18173
2513.0,2632.0,2489.0,2549.0,799001,2019,10,7,1,18176
2506.0,2685.0,2549.0,2608.0,584649,2019,10,8,2,18177
2583.0,2763.0,2667.0,2667.0,811870,2019,10,9,3,18178
2600.0,2782.0,2667.0,2667.0,922940,2019,10,10,4,18179
2603.0,2662.0,2667.0,2608.0,320832,2019,10,11,5,18180
2608.0,2742.0,2675.0,2742.0,594024,2019,10,14,1,18183
2541.0,2742.0,2742.0,2608.0,914012,2019,10,15,2,18184
2541.0,2675.0,2608.0,2608.0,405155,2019,10,16,3,18185
2608.0,2742.0,2675.0,2675.0,404341,2019,10,17,4,18186
2675.0,2808.0,2675.0,2742.0,471240,2019,10,18,5,18187
2675.0,2808.0,2808.0,2675.0,535655,2019,10,21,1,18190
2675.0,2808.0,2675.0,2742.0,412555,2019,10,22,2,18191
2742.0,2942.0,2742.0,2875.0,617913,2019,10,23,3,18192
2942.0,3076.0,2942.0,3076.0,591769,2019,10,24,4,18193
3009.0,3210.0,3076.0,3076.0,968303,2019,10,25,5,18194
3076.0,3210.0,3076.0,3143.0,685705,2019,10,28,1,18197
3143.0,3210.0,3210.0,3143.0,379045,2019,10,29,2,18198
2875.0,3210.0,3143.0,2942.0,2151599,2019,10,30,3,18199
2942.0,3076.0,2942.0,2942.0,511264,2019,10,31,4,18200
2942.0,3076.0,3009.0,3009.0,175740,2019,11,1,5,18201
3009.0,3076.0,3009.0,3076.0,304005,2019,11,4,1,18204
3009.0,3143.0,3009.0,3143.0,371265,2019,11,5,2,18205
3076.0,3210.0,3143.0,3210.0,411364,2019,11,6,3,18206
3143.0,3477.0,3143.0,3343.0,1097004,2019,11,7,4,18207
3343.0,3678.0,3343.0,3678.0,966838,2019,11,8,5,18208
3611.0,4012.0,3678.0,3945.0,952664,2019,11,11,1,18211
3812.0,4079.0,3878.0,3812.0,914726,2019,11,12,2,18212
3678.0,3878.0,3812.0,3745.0,643367,2019,11,13,3,18213
3678.0,3812.0,3745.0,3678.0,972580,2019,11,14,4,18214
3343.0,3678.0,3678.0,3410.0,1830904,2019,11,15,5,18215
3410.0,3745.0,3410.0,3745.0,739110,2019,11,18,1,18218
3678.0,3945.0,3812.0,3812.0,722166,2019,11,19,2,18219
3678.0,3878.0,3812.0,3812.0,333972,2019,11,20,3,18220
3611.0,3812.0,3812.0,3745.0,643299,2019,11,21,4,18221
3745.0,3878.0,3745.0,3812.0,415128,2019,11,22,5,18222
3878.0,4146.0,3878.0,4146.0,1533627,2019,11,25,1,18225
4079.0,4346.0,4146.0,4280.0,1174614,2019,11,26,2,18226
4146.0,4346.0,4346.0,4146.0,458653,2019,11,27,3,18227
4079.0,4280.0,4146.0,4280.0,527175,2019,11,28,4,18228
4213.0,4413.0,4280.0,4346.0,719104,2019,11,29,5,18229
4346.0,4547.0,4413.0,4346.0,853190,2019,12,2,1,18232
4213.0,4413.0,4346.0,4346.0,972205,2019,12,3,2,18233
4213.0,4413.0,4213.0,4346.0,565668,2019,12,4,3,18234
4213.0,4681.0,4213.0,4681.0,1310380,2019,12,5,4,18235
4480.0,4681.0,4681.0,4614.0,884830,2019,12,6,5,18236
4547.0,4815.0,4547.0,4681.0,677196,2019,12,9,1,18239
4614.0,4815.0,4681.0,4748.0,514217,2019,12,10,2,18240
4413.0,4748.0,4748.0,4413.0,888558,2019,12,11,3,18241
4079.0,4547.0,4413.0,4547.0,955195,2019,12,12,4,18242
4413.0,4614.0,4547.0,4480.0,329170,2019,12,13,5,18243
4213.0,4480.0,4480.0,4346.0,746260,2019,12,16,1,18246
4012.0,4346.0,4346.0,4079.0,977622,2019,12,17,2,18247
4012.0,4413.0,4146.0,4346.0,662640,2019,12,18,3,18248
4146.0,4346.0,4346.0,4213.0,549873,2019,12,19,4,18249
4146.0,4480.0,4213.0,4480.0,537766,2019,12,20,5,18250
4346.0,4547.0,4413.0,4480.0,556734,2019,12,23,1,18253
4413.0,4614.0,4547.0,4614.0,855845,2019,12,24,2,18254
4480.0,4748.0,4547.0,4547.0,1513490,2019,12,25,3,18255
4413.0,4547.0,4547.0,4480.0,443519,2019,12,26,4,18256
4346.0,4480.0,4346.0,4346.0,408023,2019,12,27,5,18257
4280.0,4413.0,4346.0,4346.0,323630,2019,12,30,1,18260
4280.0,4346.0,4346.0,4280.0,273050,2019,12,31,2,18261
4280.0,4480.0,4280.0,4413.0,587180,2020,1,2,4,18263
4413.0,4547.0,4480.0,4547.0,410476,2020,1,3,5,18264
4413.0,4547.0,4547.0,4413.0,346828,2020,1,6,1,18267
4280.0,4480.0,4413.0,4413.0,382349,2020,1,7,2,18268
4213.0,4413.0,4413.0,4346.0,395557,2020,1,8,3,18269
4280.0,4480.0,4413.0,4413.0,512992,2020,1,9,4,18270
4213.0,4413.0,4413.0,4280.0,456127,2020,1,10,5,18271
4079.0,4280.0,4280.0,4079.0,775179,2020,1,13,1,18274
4079.0,4213.0,4079.0,4213.0,275190,2020,1,14,2,18275
4213.0,4280.0,4213.0,4280.0,351904,2020,1,15,3,18276
4213.0,4346.0,4280.0,4346.0,283827,2020,1,16,4,18277
4146.0,4346.0,4280.0,4280.0,303010,2020,1,17,5,18278
4146.0,4280.0,4280.0,4213.0,165197,2020,1,20,1,18281
4146.0,4213.0,4213.0,4213.0,193953,2020,1,21,2,18282
4146.0,4280.0,4213.0,4280.0,192213,2020,1,22,3,18283
4146.0,4280.0,4280.0,4280.0,184853,2020,1,30,4,18291
4079.0,4280.0,4280.0,4146.0,237041,2020,1,31,5,18292
3745.0,4146.0,4146.0,3812.0,1204050,2020,2,3,1,18295
3745.0,3945.0,3812.0,3945.0,262410,2020,2,4,2,18296
3745.0,4012.0,4012.0,3812.0,198125,2020,2,5,3,18297
3745.0,3945.0,3812.0,3945.0,559800,2020,2,6,4,18298
3812.0,4012.0,3945.0,4012.0,344319,2020,2,7,5,18299
3812.0,4012.0,4012.0,3812.0,281973,2020,2,10,1,18302
3812.0,4146.0,3812.0,4079.0,782637,2020,2,11,2,18303
4079.0,4280.0,4079.0,4280.0,527850,2020,2,12,3,18304
4146.0,4280.0,4280.0,4213.0,497486,2020,2,13,4,18305
4079.0,4213.0,4213.0,4213.0,425518,2020,2,14,5,18306
4146.0,4547.0,4213.0,4480.0,1284047,2020,2,17,1,18309
4480.0,4681.0,4480.0,4547.0,1269064,2020,2,18,2,18310
4413.0,4614.0,4547.0,4547.0,856970,2020,2,19,3,18311
4413.0,4547.0,4547.0,4547.0,410420,2020,2,20,4,18312
4480.0,4948.0,4480.0,4948.0,2232013,2020,2,21,5,18313
4748.0,5283.0,4948.0,4948.0,2421928,2020,2,24,1,18316
4748.0,5082.0,4881.0,5082.0,939487,2020,2,25,2,18317
4815.0,5350.0,5015.0,4881.0,2998583,2020,2,26,3,18318
4748.0,5082.0,4881.0,4881.0,1181511,2020,2,27,4,18319
4413.0,4815.0,4815.0,4748.0,2206374,2020,2,28,5,18320
4547.0,4748.0,4748.0,4547.0,883425,2020,3,2,1,18323
4547.0,4948.0,4547.0,4948.0,1643855,2020,3,3,2,18324
4815.0,5015.0,4948.0,4948.0,692344,2020,3,4,3,18325
4881.0,5216.0,4948.0,4948.0,1541473,2020,3,5,4,18326
4881.0,5015.0,4948.0,4948.0,731948,2020,3,6,5,18327
4480.0,4748.0,4748.0,4480.0,1549943,2020,3,9,1,18330
4079.0,4547.0,4346.0,4480.0,1134303,2020,3,10,2,18331
4146.0,4614.0,4480.0,4280.0,998505,2020,3,11,3,18332
3878.0,4213.0,4213.0,3878.0,1066480,2020,3,12,4,18333
3544.0,4012.0,3745.0,4012.0,1958220,2020,3,13,5,18334
3611.0,4079.0,3945.0,3611.0,969397,2020,3,16,1,18337
3343.0,3611.0,3611.0,3544.0,1804324,2020,3,17,2,18338
3611.0,3878.0,3878.0,3678.0,893353,2020,3,18,3,18339
3343.0,3678.0,3678.0,3477.0,1059541,2020,3,19,4,18340
3343.0,3544.0,3477.0,3343.0,592570,2020,3,20,5,18341
3009.0,3343.0,3343.0,3009.0,612210,2020,3,23,1,18344
2742.0,2942.0,2875.0,2875.0,1103736,2020,3,24,2,18345
2875.0,3143.0,2875.0,3143.0,896650,2020,3,25,3,18346
3143.0,3410.0,3143.0,3410.0,1124800,2020,3,26,4,18347
3410.0,3745.0,3745.0,3544.0,1459014,2020,3,27,5,18348
3210.0,3544.0,3544.0,3210.0,1061705,2020,3,30,1,18351
2942.0,3343.0,3009.0,3143.0,1178080,2020,3,31,2,18352
2942.0,3343.0,3009.0,3343.0,655400,2020,4,1,3,18353
3210.0,3410.0,3343.0,3343.0,778071,2020,4,3,5,18355
3277.0,3678.0,3410.0,3678.0,1894893,2020,4,6,1,18358
3544.0,3812.0,3678.0,3678.0,816870,2020,4,7,2,18359
3410.0,3611.0,3611.0,3611.0,789654,2020,4,8,3,18360
3544.0,3745.0,3611.0,3678.0,1512903,2020,4,9,4,18361
3477.0,3678.0,3678.0,3678.0,659742,2020,4,10,5,18362
3544.0,3678.0,3611.0,3544.0,843379,2020,4,13,1,18365
3343.0,3544.0,3544.0,3544.0,1523104,2020,4,14,2,18366
3477.0,3678.0,3544.0,3611.0,992092,2020,4,15,3,18367
3477.0,3611.0,3611.0,3611.0,704440,2020,4,16,4,18368
3477.0,3678.0,3611.0,3611.0,1344036,2020,4,17,5,18369
3611.0,3945.0,3611.0,3945.0,2540671,2020,4,20,1,18372
3611.0,4012.0,4012.0,3678.0,1530761,2020,4,21,2,18373
3477.0,3878.0,3611.0,3812.0,1490715,2020,4,22,3,18374
3745.0,4012.0,3812.0,3812.0,1593530,2020,4,23,4,18375
3678.0,3812.0,3812.0,3812.0,1141063,2020,4,24,5,18376
3745.0,3878.0,3745.0,3878.0,628516,2020,4,27,1,18379
3611.0,3878.0,3878.0,3745.0,1337180,2020,4,28,2,18380
3611.0,3812.0,3745.0,3745.0,1027810,2020,4,29,3,18381
3544.0,3745.0,3745.0,3544.0,905614,2020,5,4,1,18386
3410.0,3678.0,3477.0,3611.0,650310,2020,5,5,2,18387
3544.0,3678.0,3611.0,3678.0,753547,2020,5,6,3,18388
3544.0,3745.0,3678.0,3745.0,872727,2020,5,7,4,18389
3745.0,3878.0,3745.0,3812.0,1310110,2020,5,8,5,18390
3745.0,3945.0,3812.0,3878.0,966559,2020,5,11,1,18393
3745.0,4213.0,3878.0,4213.0,2815698,2020,5,12,2,18394
4146.0,4413.0,4213.0,4346.0,1694802,2020,5,13,3,18395
4079.0,4346.0,4346.0,4213.0,1803170,2020,5,14,4,18396
4079.0,4213.0,4213.0,4146.0,905913,2020,5,15,5,18397
4079.0,4346.0,4146.0,4346.0,1642342,2020,5,18,1,18400
4280.0,4547.0,4413.0,4413.0,1408930,2020,5,19,2,18401
4280.0,4413.0,4346.0,4413.0,639323,2020,5,20,3,18402
4346.0,4480.0,4413.0,4413.0,1269911,2020,5,21,4,18403
4280.0,4413.0,4413.0,4413.0,1065453,2020,5,22,5,18404
4280.0,4413.0,4346.0,4413.0,779380,2020,5,25,1,18407
4280.0,4547.0,4413.0,4547.0,1582655,2020,5,26,2,18408
4346.0,4547.0,4480.0,4413.0,1085370,2020,5,27,3,18409
4280.0,4413.0,4413.0,4413.0,845770,2020,5,28,4,18410
4280.0,4480.0,4413.0,4480.0,957279,2020,5,29,5,18411
4413.0,4547.0,4480.0,4480.0,1285967,2020,6,1,1,18414
4413.0,4547.0,4547.0,4413.0,1681935,2020,6,2,2,18415
4346.0,4480.0,4413.0,4480.0,804018,2020,6,3,3,18416
4346.0,4480.0,4480.0,4346.0,1027091,2020,6,4,4,18417
4213.0,4413.0,4346.0,4280.0,1453797,2020,6,5,5,18418
4213.0,4681.0,4280.0,4614.0,2322716,2020,6,8,1,18421
4480.0,4614.0,4614.0,4614.0,829140,2020,6,9,2,18422
4480.0,4948.0,4614.0,4881.0,2316282,2020,6,10,3,18423
4547.0,5015.0,4881.0,4547.0,1909045,2020,6,11,4,18424
4146.0,4547.0,4413.0,4547.0,2095781,2020,6,12,5,18425
4280.0,4614.0,4547.0,4346.0,1464601,2020,6,15,1,18428
4346.0,4547.0,4346.0,4480.0,778607,2020,6,16,2,18429
4413.0,4547.0,4480.0,4480.0,609463,2020,6,17,3,18430
4346.0,4748.0,4480.0,4748.0,2350473,2020,6,18,4,18431
4815.0,5015.0,4815.0,5015.0,1773761,2020,6,19,5,18432
5015.0,5216.0,5082.0,5082.0,1596999,2020,6,22,1,18435
4815.0,5550.0,5149.0,5015.0,1569925,2020,6,23,2,18436
4815.0,5015.0,5015.0,4881.0,985133,2020,6,24,3,18437
4681.0,4881.0,4815.0,4881.0,1752387,2020,6,25,4,18438
4748.0,4881.0,4881.0,4881.0,785539,2020,6,26,5,18439
4681.0,4881.0,4815.0,4748.0,1176015,2020,6,29,1,18442
4547.0,4881.0,4815.0,4614.0,1424071,2020,6,30,2,18443
4480.0,4881.0,4547.0,4815.0,934463,2020,7,1,3,18444
4681.0,4881.0,4815.0,4815.0,955555,2020,7,2,4,18445
4681.0,4815.0,4815.0,4748.0,508972,2020,7,3,5,18446
4681.0,4881.0,4815.0,4815.0,721930,2020,7,6,1,18449
4681.0,4881.0,4881.0,4748.0,730316,2020,7,7,2,18450
4681.0,4815.0,4748.0,4815.0,857074,2020,7,8,3,18451
4815.0,5015.0,4815.0,5015.0,1260872,2020,7,9,4,18452
4815.0,5015.0,5015.0,4948.0,769397,2020,7,10,5,18453
4881.0,5015.0,4948.0,4948.0,399433,2020,7,13,1,18456
4815.0,4948.0,4948.0,4881.0,862820,2020,7,14,2,18457
4815.0,4948.0,4881.0,4881.0,581490,2020,7,15,3,18458
4815.0,4948.0,4881.0,4881.0,732002,2020,7,16,4,18459
4815.0,4948.0,4881.0,4948.0,582940,2020,7,17,5,18460
4815.0,4948.0,4948.0,4815.0,499466,2020,7,20,1,18463
4748.0,4881.0,4815.0,4881.0,514375,2020,7,21,2,18464
4748.0,4881.0,4881.0,4815.0,473665,2020,7,22,3,18465
4681.0,4815.0,4748.0,4748.0,647671,2020,7,23,4,18466
4280.0,4815.0,4815.0,4280.0,2730460,2020,7,24,5,18467
3878.0,4280.0,4280.0,3878.0,1959436,2020,7,27,1,18470
3812.0,4213.0,3812.0,4213.0,1144740,2020,7,28,2,18471
3878.0,4146.0,4146.0,4012.0,991955,2020,7,29,3,18472
4012.0,4146.0,4012.0,4146.0,819918,2020,7,30,4,18473
3945.0,4146.0,4079.0,4079.0,789860,2020,7,31,5,18474
4012.0,4213.0,4079.0,4213.0,998700,2020,8,3,1,18477
4146.0,4280.0,4213.0,4213.0,910722,2020,8,4,2,18478
4146.0,4280.0,4213.0,4213.0,925210,2020,8,5,3,18479
4146.0,4280.0,4280.0,4146.0,922630,2020,8,6,4,18480
4079.0,4213.0,4213.0,4213.0,502470,2020,8,7,5,18481
4213.0,4413.0,4213.0,4413.0,1038166,2020,8,10,1,18484
4346.0,4480.0,4413.0,4346.0,518629,2020,8,11,2,18485
4280.0,4413.0,4413.0,4346.0,473054,2020,8,12,3,18486
4346.0,4413.0,4346.0,4413.0,350997,2020,8,13,4,18487
4280.0,4413.0,4413.0,4346.0,981476,2020,8,14,5,18488
4079.0,4346.0,4346.0,4146.0,1221697,2020,8,17,1,18491
4146.0,4280.0,4213.0,4213.0,422403,2020,8,18,2,18492
4079.0,4213.0,4213.0,4146.0,551920,2020,8,19,3,18493
4079.0,4213.0,4213.0,4213.0,658835,2020,8,20,4,18494
4146.0,4213.0,4213.0,4146.0,484253,2020,8,21,5,18495
4146.0,4280.0,4146.0,4280.0,1344987,2020,8,24,1,18498
4213.0,4413.0,4280.0,4346.0,1269033,2020,8,25,2,18499
4280.0,4413.0,4413.0,4413.0,451161,2020,8,26,3,18500
4280.0,4413.0,4413.0,4413.0,520612,2020,8,27,4,18501
4280.0,4413.0,4413.0,4346.0,1193845,2020,8,28,5,18502
4280.0,4413.0,4346.0,4346.0,600621,2020,8,31,1,18505
4280.0,4346.0,4346.0,4346.0,421407,2020,9,1,2,18506
4280.0,4413.0,4346.0,4413.0,1700411,2020,9,3,4,18508
4346.0,4413.0,4413.0,4413.0,553892,2020,9,4,5,18509
4413.0,4547.0,4413.0,4480.0,1377080,2020,9,7,1,18512
4413.0,4815.0,4480.0,4748.0,3302113,2020,9,8,2,18513
4681.0,4881.0,4748.0,4748.0,1056789,2020,9,9,3,18514
4681.0,4815.0,4815.0,4748.0,480061,2020,9,10,4,18515
4547.0,4748.0,4748.0,4681.0,1314031,2020,9,11,5,18516
4547.0,4681.0,4681.0,4547.0,879917,2020,9,14,1,18519
4413.0,4614.0,4547.0,4547.0,1336264,2020,9,15,2,18520
4480.0,4614.0,4480.0,4547.0,875966,2020,9,16,3,18521
4547.0,4748.0,4547.0,4748.0,1915288,2020,9,17,4,18522
4681.0,4815.0,4815.0,4748.0,1104500,2020,9,18,5,18523
4748.0,4948.0,4748.0,4815.0,1244957,2020,9,21,1,18526
4681.0,4815.0,4748.0,4815.0,1290650,2020,9,22,2,18527
4748.0,4881.0,4815.0,4815.0,1007567,2020,9,23,3,18528
4748.0,4881.0,4881.0,4748.0,997172,2020,9,24,4,18529
4614.0,4815.0,4815.0,4681.0,797225,2020,9,25,5,18530
4614.0,4881.0,4881.0,4681.0,745351,2020,9,28,1,18533
4614.0,4748.0,4748.0,4614.0,716012,2020,9,29,2,18534
4547.0,4681.0,4614.0,4681.0,514027,2020,9,30,3,18535
4681.0,4748.0,4681.0,4748.0,817460,2020,10,1,4,18536
4480.0,4748.0,4748.0,4614.0,2003488,2020,10,2,5,18537
4614.0,5015.0,4681.0,4748.0,1359900,2020,10,5,1,18540
4614.0,4748.0,4748.0,4681.0,806800,2020,10,6,2,18541
4547.0,4681.0,4681.0,4614.0,688900,2020,10,7,3,18542
4614.0,4748.0,4681.0,4748.0,1951200,2020,10,8,4,18543
4681.0,4815.0,4748.0,4748.0,1136800,2020,10,9,5,18544
4614.0,4815.0,4748.0,4614.0,1154600,2020,10,12,1,18547
4614.0,4748.0,4748.0,4681.0,649700,2020,10,13,2,18548
4547.0,4681.0,4681.0,4547.0,829800,2020,10,14,3,18549
4547.0,4681.0,4614.0,4614.0,1231600,2020,10,15,4,18550
4480.0,4614.0,4614.0,4480.0,1627900,2020,10,16,5,18551
4413.0,4614.0,4480.0,4480.0,1254500,2020,10,19,1,18554
4413.0,4480.0,4480.0,4480.0,997100,2020,10,20,2,18555
4413.0,4547.0,4480.0,4480.0,1142000,2020,10,21,3,18556
4413.0,4547.0,4480.0,4480.0,313000,2020,10,22,4,18557
4413.0,4547.0,4480.0,4480.0,830700,2020,10,23,5,18558
4413.0,4547.0,4480.0,4413.0,935600,2020,10,26,1,18561
4280.0,4413.0,4413.0,4280.0,1214500,2020,10,27,2,18562
4193.0,4413.0,4340.0,4340.0,1228000,2020,10,28,3,18563
4119.0,4340.0,4266.0,4193.0,1018000,2020,10,29,4,18564
3972.0,4193.0,4193.0,4046.0,754300,2020,10,30,5,18565
3972.0,4046.0,4046.0,4046.0,501900,2020,11,2,1,18568
4046.0,4413.0,4046.0,4340.0,1328900,2020,11,3,2,18569
4119.0,4340.0,4340.0,4266.0,870800,2020,11,4,3,18570
4193.0,4266.0,4266.0,4266.0,538000,2020,11,5,4,18571
4119.0,4266.0,4266.0,4193.0,676200,2020,11,6,5,18572
4119.0,4193.0,4119.0,4119.0,517600,2020,11,9,1,18575
4119.0,4266.0,4119.0,4193.0,837100,2020,11,10,2,18576
4119.0,4266.0,4193.0,4193.0,603600,2020,11,11,3,18577
4193.0,4266.0,4193.0,4266.0,639100,2020,11,12,4,18578
4119.0,4266.0,4193.0,4266.0,522000,2020,11,13,5,18579
4119.0,4266.0,4266.0,4193.0,283800,2020,11,16,1,18582
4119.0,4413.0,4193.0,4413.0,1911300,2020,11,17,2,18583
4266.0,4413.0,4413.0,4413.0,524400,2020,11,18,3,18584
4266.0,4413.0,4413.0,4340.0,316700,2020,11,19,4,18585
4266.0,4413.0,4266.0,4340.0,1288700,2020,11,20,5,18586
4340.0,4560.0,4340.0,4487.0,1435200,2020,11,23,1,18589
4413.0,4560.0,4487.0,4487.0,1219800,2020,11,24,2,18590
4340.0,4560.0,4487.0,4413.0,294800,2020,11,25,3,18591
4340.0,4560.0,4413.0,4487.0,1397500,2020,11,26,4,18592
4413.0,4560.0,4487.0,4487.0,1180800,2020,11,27,5,18593
4340.0,4560.0,4487.0,4560.0,1468100,2020,11,30,1,18596
4413.0,4560.0,4487.0,4560.0,648100,2020,12,1,2,18597
4413.0,4560.0,4560.0,4413.0,293000,2020,12,2,3,18598
4413.0,4560.0,4487.0,4413.0,694800,2020,12,3,4,18599
4413.0,4487.0,4413.0,4487.0,791600,2020,12,4,5,18600
4487.0,4634.0,4560.0,4560.0,1834600,2020,12,7,1,18603
4487.0,4634.0,4634.0,4560.0,736700,2020,12,8,2,18604
4487.0,4634.0,4560.0,4634.0,1656900,2020,12,9,3,18605
4487.0,4634.0,4634.0,4487.0,938100,2020,12,10,4,18606
4413.0,4560.0,4487.0,4560.0,531656,2020,12,11,5,18607
4487.0,4560.0,4560.0,4560.0,896138,2020,12,14,1,18610
4413.0,4560.0,4560.0,4487.0,1054999,2020,12,15,2,18611
4487.0,4634.0,4487.0,4634.0,1516820,2020,12,16,3,18612
4487.0,4634.0,4634.0,4634.0,727058,2020,12,17,4,18613
4560.0,4708.0,4634.0,4708.0,1263730,2020,12,18,5,18614
4634.0,4928.0,4708.0,4855.0,2418413,2020,12,21,1,18617
4781.0,5002.0,4855.0,5002.0,1440402,2020,12,22,2,18618
4928.0,5222.0,5002.0,5149.0,2888862,2020,12,23,3,18619
4708.0,5149.0,5149.0,4928.0,2338101,2020,12,24,4,18620
4855.0,5002.0,4855.0,5002.0,1048983,2020,12,25,5,18621
4928.0,5149.0,5002.0,5075.0,1635160,2020,12,28,1,18624
4928.0,5075.0,5075.0,5002.0,1102445,2020,12,29,2,18625
4928.0,5443.0,5002.0,5443.0,5849845,2020,12,30,3,18626
5443.0,5664.0,5590.0,5590.0,1381343,2020,12,31,4,18627
5517.0,5811.0,5590.0,5664.0,1398340,2021,1,4,1,18631
5443.0,5664.0,5664.0,5517.0,2655552,2021,1,5,2,18632
5517.0,6032.0,5517.0,5737.0,3178928,2021,1,6,3,18633
5590.0,5737.0,5737.0,5664.0,1136700,2021,1,7,4,18634
5517.0,5884.0,5664.0,5737.0,2398771,2021,1,8,5,18635
5590.0,5811.0,5737.0,5811.0,1549933,2021,1,11,1,18638
5517.0,5811.0,5811.0,5664.0,2876941,2021,1,12,2,18639
5664.0,6179.0,5664.0,6179.0,8238196,2021,1,13,3,18640
6326.0,6694.0,6399.0,6620.0,2999478,2021,1,14,4,18641
6399.0,6620.0,6620.0,6546.0,1813291,2021,1,15,5,18642
6252.0,6620.0,6546.0,6399.0,3387918,2021,1,18,1,18645
5811.0,6473.0,6399.0,5811.0,4642135,2021,1,19,2,18646
5296.0,5737.0,5296.0,5590.0,3613150,2021,1,20,3,18647
5590.0,5958.0,5664.0,5958.0,1600745,2021,1,21,4,18648
5737.0,6032.0,5958.0,5811.0,2193743,2021,1,22,5,18649
5737.0,6326.0,5811.0,6326.0,3711204,2021,1,25,1,18652
5811.0,6767.0,6546.0,6105.0,2750215,2021,1,26,2,18653
5590.0,6105.0,6105.0,5664.0,1883844,2021,1,27,3,18654
5149.0,5664.0,5664.0,5149.0,2467401,2021,1,28,4,18655
4634.0,5443.0,4634.0,5296.0,2206030,2021,1,29,5,18656
4781.0,5296.0,5296.0,4781.0,1543147,2021,2,1,1,18659
4634.0,5002.0,4634.0,4781.0,1309732,2021,2,2,2,18660
4781.0,5222.0,4928.0,5222.0,1211335,2021,2,3,3,18661
5002.0,5222.0,5222.0,5075.0,621227,2021,2,4,4,18662
5002.0,5370.0,5370.0,5075.0,889744,2021,2,5,5,18663
5002.0,5443.0,5075.0,5222.0,1576221,2021,2,8,1,18666
5075.0,5443.0,5149.0,5443.0,1217913,2021,2,9,2,18667
5370.0,5590.0,5370.0,5590.0,1352406,2021,2,17,3,18675
5370.0,5811.0,5590.0,5811.0,2138445,2021,2,18,4,18676
5443.0,5958.0,5811.0,5517.0,2218530,2021,2,19,5,18677
5370.0,5737.0,5590.0,5370.0,2399836,2021,2,22,1,18680
5296.0,5884.0,5370.0,5884.0,3352108,2021,2,23,2,18681
5958.0,6473.0,6032.0,6179.0,5008744,2021,2,24,3,18682
5958.0,6252.0,6179.0,6032.0,1459723,2021,2,25,4,18683
5737.0,6473.0,6032.0,6326.0,3698511,2021,2,26,5,18684
6326.0,6914.0,6546.0,6620.0,2724508,2021,3,1,1,18687
6620.0,6914.0,6694.0,6694.0,1462674,2021,3,2,2,18688
6473.0,6767.0,6767.0,6473.0,2034146,2021,3,3,3,18689
6105.0,6546.0,6473.0,6473.0,2473202,2021,3,4,4,18690
6252.0,6988.0,6326.0,6841.0,2695647,2021,3,5,5,18691
6767.0,7061.0,6841.0,6841.0,2251398,2021,3,8,1,18694
6473.0,6914.0,6841.0,6694.0,1960919,2021,3,9,2,18695
6473.0,6841.0,6620.0,6767.0,2219420,2021,3,10,3,18696
6694.0,6914.0,6767.0,6914.0,1881324,2021,3,11,4,18697
6841.0,7061.0,7061.0,6914.0,2241852,2021,3,12,5,18698
6767.0,6914.0,6841.0,6767.0,1774403,2021,3,15,1,18701
6473.0,6841.0,6694.0,6620.0,2584510,2021,3,16,2,18702
6473.0,6767.0,6546.0,6546.0,1315451,2021,3,17,3,18703
6473.0,6694.0,6620.0,6473.0,1818598,2021,3,18,4,18704
6473.0,6620.0,6473.0,6473.0,1096785,2021,3,19,5,18705
6473.0,6694.0,6546.0,6546.0,1200497,2021,3,22,1,18708
6326.0,6841.0,6841.0,6473.0,1119261,2021,3,23,2,18709
6252.0,6546.0,6546.0,6473.0,1332913,2021,3,24,3,18710
6326.0,6546.0,6473.0,6399.0,872760,2021,3,25,4,18711
5884.0,6399.0,6399.0,6252.0,1566293,2021,3,26,5,18712
6252.0,6473.0,6326.0,6473.0,709165,2021,3,29,1,18715
6399.0,6988.0,6473.0,6914.0,3006518,2021,3,30,2,18716
6841.0,7503.0,6914.0,7503.0,6950446,2021,3,31,3,18717
7429.0,8238.0,7503.0,8238.0,5236697,2021,4,1,4,18718
7870.0,8532.0,8385.0,8459.0,2535126,2021,4,2,5,18719
7944.0,8459.0,8459.0,8091.0,2047661,2021,4,5,1,18722
7944.0,8385.0,8091.0,8165.0,1875797,2021,4,6,2,18723
7944.0,8238.0,8165.0,8091.0,1547512,2021,4,7,3,18724
7944.0,8238.0,8165.0,7944.0,1717788,2021,4,8,4,18725
7870.0,8165.0,8018.0,8018.0,1666221,2021,4,9,5,18726
8018.0,8532.0,8018.0,8385.0,3389054,2021,4,12,1,18729
8385.0,9121.0,8532.0,8532.0,3389054,2021,4,13,2,18730
8385.0,9047.0,8680.0,9047.0,2712603,2021,4,14,3,18731
8827.0,9268.0,9047.0,9194.0,2633190,2021,4,15,4,18732
8753.0,10077.0,9194.0,10077.0,3647102,2021,4,16,5,18733
9783.0,10371.0,10077.0,10224.0,2598787,2021,4,19,1,18736
9930.0,10666.0,10224.0,10445.0,3308626,2021,4,20,2,18737
10004.0,11033.0,10666.0,10004.0,2647117,2021,4,22,4,18739
9636.0,10592.0,9856.0,10592.0,3057393,2021,4,23,5,18740
10151.0,10592.0,10592.0,10371.0,1356136,2021,4,26,1,18743
9342.0,10371.0,10151.0,10298.0,1611663,2021,4,27,2,18744
10004.0,10445.0,10151.0,10298.0,1473423,2021,4,28,3,18745
10004.0,10298.0,10224.0,10224.0,1131259,2021,4,29,4,18746
9783.0,10151.0,10077.0,10004.0,1344228,2021,5,4,2,18751
9930.0,10224.0,10004.0,10077.0,1715997,2021,5,5,3,18752
10077.0,10666.0,10077.0,10371.0,1676140,2021,5,6,4,18753
10224.0,10886.0,10224.0,10666.0,3135564,2021,5,7,5,18754
10666.0,11475.0,10666.0,11254.0,2532494,2021,5,10,1,18757
10960.0,11401.0,11254.0,11180.0,1469842,2021,5,11,2,18758
10813.0,11180.0,11033.0,11180.0,2435090,2021,5,12,3,18759
10592.0,11107.0,11107.0,10592.0,2041140,2021,5,13,4,18760
10518.0,10886.0,10813.0,10739.0,1811129,2021,5,14,5,18761
10445.0,10739.0,10739.0,10666.0,1209922,2021,5,17,1,18764
10371.0,10666.0,10666.0,10518.0,954180,2021,5,18,2,18765
10224.0,11107.0,10518.0,10666.0,2563050,2021,5,19,3,18766
10518.0,10960.0,10666.0,10739.0,1555980,2021,5,20,4,18767
10739.0,11107.0,10739.0,10960.0,1784693,2021,5,21,5,18768
10813.0,11033.0,10960.0,10813.0,1002049,2021,5,24,1,18771
10960.0,11842.0,11475.0,11033.0,1217059,2021,5,25,2,18772
10813.0,11033.0,11033.0,10813.0,931052,2021,5,26,3,18773
10371.0,10813.0,10813.0,10592.0,1217386,2021,5,27,4,18774
10445.0,10886.0,10592.0,10813.0,1025228,2021,5,28,5,18775
10592.0,10886.0,10813.0,10666.0,904416,2021,5,31,1,18778
10518.0,11327.0,10666.0,11107.0,3084446,2021,6,1,2,18779
11033.0,11401.0,11180.0,11401.0,2307055,2021,6,2,3,18780
11180.0,11548.0,11475.0,11327.0,1349415,2021,6,3,4,18781
10813.0,11327.0,11180.0,10960.0,1573198,2021,6,4,5,18782
10666.0,11254.0,11107.0,11107.0,1901858,2021,6,7,1,18785
10592.0,11401.0,11107.0,10886.0,1546468,2021,6,8,2,18786
10518.0,11033.0,10666.0,10886.0,1037147,2021,6,9,3,18787
10666.0,11327.0,11327.0,10666.0,1176893,2021,6,10,4,18788
10518.0,10886.0,10666.0,10739.0,886457,2021,6,11,5,18789
10666.0,11033.0,10960.0,10739.0,1227700,2021,6,14,1,18792
10666.0,10886.0,10886.0,10666.0,702662,2021,6,15,2,18793
10518.0,10813.0,10739.0,10666.0,1073578,2021,6,16,3,18794
10445.0,10813.0,10666.0,10739.0,992223,2021,6,17,4,18795
10666.0,11107.0,10739.0,10739.0,1336391,2021,6,18,5,18796
10813.0,11107.0,10813.0,10813.0,1104550,2021,6,21,1,18799
10813.0,11033.0,10813.0,10960.0,1494405,2021,6,22,2,18800
10666.0,10960.0,10960.0,10813.0,929582,2021,6,23,3,18801
10666.0,10886.0,10813.0,10739.0,649715,2021,6,24,4,18802
10666.0,10813.0,10813.0,10666.0,482160,2021,6,25,5,18803
10518.0,10813.0,10813.0,10592.0,806548,2021,6,28,1,18806
10445.0,10739.0,10592.0,10445.0,1072627,2021,6,29,2,18807
10298.0,10666.0,10445.0,10298.0,862768,2021,6,30,3,18808
10298.0,10666.0,10298.0,10666.0,1308635,2021,7,1,4,18809
10445.0,10813.0,10666.0,10666.0,718150,2021,7,2,5,18810
10298.0,10666.0,10666.0,10592.0,620313,2021,7,5,1,18813
10151.0,11033.0,11033.0,10224.0,1175601,2021,7,6,2,18814
9562.0,10298.0,10151.0,10224.0,1175767,2021,7,7,3,18815
10114.0,10518.0,10518.0,10437.0,490558,2021,7,8,4,18816
9952.0,10437.0,10437.0,10114.0,343590,2021,7,9,5,18817
9143.0,10276.0,10114.0,9952.0,1325439,2021,7,12,1,18820
9466.0,9952.0,9709.0,9628.0,521801,2021,7,13,2,18821
9143.0,9628.0,9547.0,9224.0,572886,2021,7,14,3,18822
9224.0,9466.0,9224.0,9386.0,364500,2021,7,15,4,18823
9224.0,9466.0,9386.0,9305.0,386799,2021,7,16,5,18824
8819.0,9305.0,9305.0,8900.0,628800,2021,7,19,1,18827
8657.0,8981.0,8738.0,8981.0,506692,2021,7,20,2,18828
8819.0,8981.0,8981.0,8900.0,402632,2021,7,21,3,18829
8900.0,9224.0,8900.0,9224.0,491337,2021,7,22,4,18830
9143.0,9466.0,9224.0,9386.0,381415,2021,7,23,5,18831
9062.0,9386.0,9386.0,9305.0,289468,2021,7,26,1,18834
9224.0,9386.0,9305.0,9224.0,320620,2021,7,27,2,18835
9224.0,9628.0,9628.0,9386.0,173055,2021,7,28,3,18836
9143.0,9386.0,9386.0,9305.0,456534,2021,7,29,4,18837
9305.0,10195.0,9305.0,10195.0,751166,2021,7,30,5,18838
10437.0,10923.0,10680.0,10842.0,1316991,2021,8,2,1,18841
10518.0,10923.0,10761.0,10680.0,1079807,2021,8,3,2,18842
10599.0,11732.0,10680.0,11732.0,2379530,2021,8,4,3,18843
11570.0,12136.0,12056.0,11732.0,677112,2021,8,5,4,18844
11327.0,11732.0,11732.0,11489.0,746055,2021,8,6,5,18845
11166.0,11894.0,11246.0,11813.0,1175769,2021,8,9,1,18848
11166.0,11813.0,11813.0,11570.0,458910,2021,8,10,2,18849
11408.0,11732.0,11651.0,11570.0,974101,2021,8,11,3,18850
11408.0,12379.0,11570.0,12217.0,1852852,2021,8,12,4,18851
11813.0,12217.0,12217.0,11975.0,609468,2021,8,13,5,18852
11975.0,12541.0,11975.0,12056.0,772082,2021,8,16,1,18855
11651.0,12056.0,12056.0,11732.0,821282,2021,8,17,2,18856
11732.0,12460.0,11732.0,11894.0,608737,2021,8,18,3,18857
11813.0,12056.0,11894.0,12056.0,401511,2021,8,19,4,18858
11004.0,12217.0,12136.0,11570.0,1174686,2021,8,20,5,18859
11246.0,11732.0,11570.0,11327.0,660000,2021,8,23,1,18862
11085.0,11489.0,11327.0,11408.0,802400,2021,8,24,2,18863
11166.0,11489.0,11166.0,11408.0,221370,2021,8,25,3,18864
11246.0,11651.0,11489.0,11408.0,326568,2021,8,26,4,18865
11327.0,11813.0,11489.0,11732.0,446100,2021,8,27,5,18866
11813.0,12379.0,11813.0,12298.0,2071977,2021,8,30,1,18869
12298.0,13512.0,12298.0,13188.0,4155510,2021,8,31,2,18870
13026.0,13350.0,13350.0,13269.0,827740,2021,9,1,3,18871
13269.0,13836.0,13269.0,13593.0,1319870,2021,9,6,1,18876
12541.0,13593.0,13593.0,12703.0,1927485,2021,9,7,2,18877
12379.0,13026.0,12703.0,12460.0,939609,2021,9,8,3,18878
12541.0,12865.0,12703.0,12784.0,365817,2021,9,9,4,18879
12622.0,13593.0,13593.0,12622.0,695335,2021,9,10,5,18880
12217.0,13107.0,12946.0,12217.0,1210713,2021,9,13,1,18883
11570.0,12298.0,12217.0,11570.0,2107002,2021,9,14,2,18884
11570.0,12379.0,11570.0,12056.0,683105,2021,9,15,3,18885
11813.0,12217.0,11975.0,12056.0,507174,2021,9,16,4,18886
11975.0,13026.0,12056.0,13026.0,993029,2021,9,17,5,18887
11732.0,13026.0,11732.0,12136.0,958230,2021,9,20,1,18890
11570.0,12946.0,11975.0,12946.0,1823905,2021,9,21,2,18891
12298.0,13269.0,12946.0,13269.0,1086564,2021,9,22,3,18892
13026.0,13512.0,13269.0,13269.0,1134364,2021,9,23,4,18893
12784.0,13269.0,13269.0,12946.0,654357,2021,9,24,5,18894
12217.0,12946.0,12946.0,12541.0,930804,2021,9,27,1,18897
12217.0,12946.0,12541.0,12784.0,1104100,2021,9,28,2,18898
12541.0,12946.0,12784.0,12784.0,743718,2021,9,29,3,18899
12622.0,13107.0,12784.0,12865.0,1344149,2021,9,30,4,18900
12703.0,12946.0,12865.0,12703.0,892147,2021,10,1,5,18901
12622.0,12946.0,12703.0,12946.0,719540,2021,10,4,1,18904
12784.0,13026.0,12946.0,12865.0,913184,2021,10,5,2,18905
12784.0,12946.0,12865.0,12946.0,1088346,2021,10,6,3,18906
12946.0,14240.0,12946.0,14078.0,2732715,2021,10,7,4,18907
13917.0,14240.0,14078.0,14240.0,1683885,2021,10,8,5,18908
13997.0,14402.0,14240.0,14240.0,924249,2021,10,11,1,18911
13512.0,14240.0,14240.0,13593.0,1078901,2021,10,12,2,18912
13431.0,13755.0,13593.0,13755.0,813480,2021,10,13,3,18913
13755.0,14321.0,13836.0,13755.0,957260,2021,10,14,4,18914
13593.0,14078.0,13836.0,13836.0,1079086,2021,10,15,5,18915
13674.0,13917.0,13836.0,13917.0,544817,2021,10,18,1,18918
13674.0,13836.0,13836.0,13674.0,480260,2021,10,19,2,18919
13593.0,14402.0,13674.0,13997.0,2126214,2021,10,20,3,18920
13755.0,14402.0,13997.0,14159.0,1017543,2021,10,21,4,18921
13997.0,14402.0,14159.0,14402.0,996885,2021,10,22,5,18922
14240.0,15292.0,14483.0,14968.0,1733693,2021,10,25,1,18925
14564.0,14968.0,14807.0,14968.0,809449,2021,10,26,2,18926
14483.0,15049.0,14968.0,14564.0,1361970,2021,10,27,3,18927
14159.0,14807.0,14645.0,14645.0,1840558,2021,10,28,4,18928
14483.0,15616.0,14645.0,15292.0,1240443,2021,10,29,5,18929
15130.0,15777.0,15454.0,15292.0,967321,2021,11,1,1,18932
15130.0,16101.0,15292.0,15858.0,1474214,2021,11,2,2,18933
14887.0,16101.0,15858.0,14968.0,1407315,2021,11,3,3,18934
14564.0,15373.0,14968.0,15373.0,717570,2021,11,4,4,18935
15049.0,15454.0,15373.0,15373.0,957250,2021,11,5,5,18936
15049.0,15454.0,15373.0,15211.0,650659,2021,11,8,1,18939
14887.0,15211.0,15049.0,15130.0,609015,2021,11,9,2,18940
14968.0,15373.0,15130.0,15211.0,773317,2021,11,10,3,18941
15211.0,15858.0,15211.0,15777.0,1262770,2021,11,11,4,18942
15777.0,16667.0,15777.0,16587.0,1523193,2021,11,12,5,18943
15858.0,16667.0,16587.0,16506.0,2044595,2021,11,15,1,18946
15697.0,16506.0,16506.0,16020.0,1021212,2021,11,16,2,18947
15616.0,16182.0,16020.0,16101.0,791179,2021,11,17,3,18948
15858.0,16667.0,16101.0,16425.0,845388,2021,11,18,4,18949
15211.0,16587.0,16425.0,15373.0,1083874,2021,11,19,5,18950
15130.0,15858.0,15373.0,15697.0,1081984,2021,11,22,1,18953
15292.0,16182.0,15697.0,16020.0,632953,2021,11,23,2,18954
15858.0,16344.0,16020.0,16182.0,748607,2021,11,24,3,18955
15939.0,16263.0,16182.0,16263.0,581773,2021,11,25,4,18956
15939.0,16667.0,16587.0,16182.0,495019,2021,11,26,5,18957
15535.0,16182.0,15858.0,16182.0,915693,2021,11,29,1,18960
15939.0,16344.0,15939.0,16182.0,692489,2021,11,30,2,18961
16020.0,16182.0,16101.0,16101.0,713766,2021,12,1,3,18962
16020.0,16425.0,16101.0,16425.0,911980,2021,12,2,4,18963
16425.0,18043.0,16425.0,18043.0,3139773,2021,12,3,5,18964
18043.0,19823.0,18043.0,19823.0,2002025,2021,12,6,1,18967
19418.0,21441.0,19823.0,20066.0,1263527,2021,12,7,2,18968
18690.0,20227.0,20066.0,20147.0,1242366,2021,12,8,3,18969
19823.0,21846.0,20227.0,21846.0,1610585,2021,12,9,4,18970
20875.0,21927.0,21846.0,21522.0,1151611,2021,12,10,5,18971
20551.0,22655.0,21441.0,22655.0,1206511,2021,12,13,1,18974
21441.0,22655.0,22655.0,21441.0,971584,2021,12,14,2,18975
20551.0,22493.0,21441.0,22169.0,1313391,2021,12,15,3,18976
21603.0,22250.0,22169.0,22088.0,1007173,2021,12,16,4,18977
21441.0,22169.0,22088.0,21441.0,807204,2021,12,17,5,18978
21279.0,23059.0,21846.0,21765.0,731543,2021,12,20,1,18981
20875.0,21765.0,21522.0,21441.0,918085,2021,12,21,2,18982
21441.0,22088.0,21441.0,21441.0,840013,2021,12,22,3,18983
21037.0,21846.0,21441.0,21603.0,693888,2021,12,23,4,18984
21522.0,22493.0,21522.0,21846.0,1318640,2021,12,24,5,18985
21603.0,22250.0,21927.0,22088.0,673390,2021,12,27,1,18988
21846.0,22331.0,22169.0,22250.0,846972,2021,12,28,2,18989
22169.0,24435.0,22250.0,24192.0,1141770,2021,12,29,3,18990
22736.0,24273.0,24192.0,24111.0,580144,2021,12,30,4,18991
22655.0,24111.0,22655.0,22655.0,674909,2021,12,31,5,18992
21037.0,23383.0,22655.0,21522.0,1236812,2022,1,4,2,18996
21441.0,22331.0,21522.0,21603.0,800722,2022,1,5,3,18997
21441.0,22331.0,21603.0,22169.0,1073613,2022,1,6,4,18998
21846.0,22169.0,21927.0,21846.0,585419,2022,1,7,5,18999
21441.0,22088.0,21846.0,21441.0,761925,2022,1,10,1,19002
20956.0,21927.0,21441.0,21037.0,731776,2022,1,11,2,19003
19014.0,21037.0,21037.0,19823.0,1084526,2022,1,12,3,19004
19418.0,21765.0,19418.0,19985.0,615443,2022,1,13,4,19005
19418.0,19985.0,19985.0,19904.0,488933,2022,1,14,5,19006
18609.0,20389.0,19904.0,19014.0,582339,2022,1,17,1,19009
17153.0,19418.0,19014.0,17800.0,551821,2022,1,18,2,19010
16182.0,17962.0,17638.0,16991.0,533961,2022,1,19,3,19011
16182.0,18609.0,16829.0,18447.0,900991,2022,1,20,4,19012
17962.0,19095.0,18609.0,18528.0,343557,2022,1,21,5,19013
16748.0,18447.0,18447.0,17396.0,505133,2022,1,24,1,19016
16506.0,18205.0,17396.0,18205.0,422830,2022,1,25,2,19017
17638.0,18609.0,18609.0,18124.0,263300,2022,1,26,3,19018
17234.0,18367.0,18124.0,17800.0,344000,2022,1,27,4,19019
17072.0,18124.0,17396.0,18124.0,476326,2022,1,28,5,19020
18205.0,18771.0,18528.0,18690.0,427080,2022,2,7,1,19030
18852.0,19661.0,18852.0,19580.0,290982,2022,2,8,2,19031
19742.0,20389.0,19823.0,20308.0,553389,2022,2,9,3,19032
19904.0,20551.0,20389.0,19904.0,442290,2022,2,10,4,19033
19823.0,20227.0,19904.0,20227.0,498076,2022,2,11,5,19034
19337.0,20227.0,20227.0,19823.0,457460,2022,2,14,1,19037
18609.0,19904.0,19823.0,19499.0,456449,2022,2,15,2,19038
19499.0,19823.0,19499.0,19499.0,427000,2022,2,16,3,19039
19499.0,19823.0,19823.0,19823.0,381115,2022,2,17,4,19040
19499.0,19823.0,19499.0,19742.0,349614,2022,2,18,5,19041
19095.0,20632.0,19418.0,20551.0,727024,2022,2,21,1,19044
19823.0,20632.0,20551.0,20147.0,752765,2022,2,22,2,19045
19904.0,20389.0,19904.0,20227.0,488941,2022,2,23,3,19046
18609.0,20227.0,20227.0,19823.0,661130,2022,2,24,4,19047
19499.0,20066.0,19742.0,20066.0,627970,2022,2,25,5,19048
19742.0,20227.0,20066.0,20066.0,511212,2022,2,28,1,19051
19823.0,21360.0,20066.0,20956.0,1001681,2022,3,1,2,19052
20308.0,21198.0,21198.0,20956.0,227520,2022,3,2,3,19053
20875.0,21117.0,20956.0,21037.0,453179,2022,3,3,4,19054
20713.0,21117.0,21037.0,20794.0,721500,2022,3,4,5,19055
20632.0,21117.0,20713.0,20875.0,503248,2022,3,7,1,19058
20227.0,22331.0,20713.0,21603.0,951328,2022,3,8,2,19059
20713.0,21765.0,21603.0,21360.0,462150,2022,3,9,3,19060
21117.0,21522.0,21360.0,21279.0,541960,2022,3,10,4,19061
20470.0,21279.0,21279.0,20713.0,676100,2022,3,11,5,19062
19499.0,20713.0,20713.0,20066.0,563542,2022,3,14,1,19065
19418.0,20147.0,19985.0,20066.0,540370,2022,3,15,2,19066
19580.0,20227.0,20066.0,19580.0,715587,2022,3,16,3,19067
20091.0,21182.0,20182.0,20818.0,468831,2022,3,17,4,19068
20637.0,20909.0,20818.0,20909.0,540080,2022,3,18,5,19069
20637.0,20909.0,20909.0,20818.0,754633,2022,3,21,1,19072
20546.0,21000.0,20818.0,20818.0,567447,2022,3,22,2,19073
20727.0,21182.0,20909.0,20909.0,336240,2022,3,23,3,19074
20727.0,22091.0,20909.0,21546.0,837175,2022,3,24,4,19075
21364.0,23637.0,21364.0,23637.0,2364214,2022,3,25,5,19076
23909.0,26000.0,24546.0,25000.0,1704780,2022,3,28,1,19079
24728.0,26182.0,25000.0,25000.0,772678,2022,3,29,2,19080
23000.0,24909.0,24728.0,23909.0,1423761,2022,3,30,3,19081
22818.0,24546.0,24546.0,23000.0,922260,2022,3,31,4,19082
22182.0,25000.0,22818.0,25000.0,732020,2022,4,1,5,19083
24182.0,25091.0,25000.0,24182.0,661587,2022,4,4,1,19086
23728.0,24273.0,24182.0,24000.0,381255,2022,4,5,2,19087
23182.0,24000.0,23909.0,23364.0,526797,2022,4,6,3,19088
22546.0,23455.0,23364.0,22546.0,510217,2022,4,7,4,19089
21818.0,22909.0,22546.0,21818.0,524126,2022,4,8,5,19090
20637.0,22273.0,21818.0,20909.0,797300,2022,4,12,2,19094
20727.0,21818.0,20909.0,21818.0,480055,2022,4,13,3,19095
21182.0,22364.0,21818.0,21182.0,561561,2022,4,14,4,19096
20637.0,21818.0,21182.0,21455.0,413865,2022,4,15,5,19097
20182.0,21455.0,21455.0,20182.0,383210,2022,4,18,1,19100
18637.0,20818.0,20273.0,18637.0,327313,2022,4,19,2,19101
17091.0,18909.0,18637.0,17727.0,656955,2022,4,20,3,19102
16000.0,17727.0,17727.0,17091.0,690274,2022,4,21,4,19103
16727.0,17727.0,17273.0,17727.0,437045,2022,4,22,5,19104
16000.0,17909.0,17818.0,16000.0,507458,2022,4,25,1,19107
14455.0,16909.0,14637.0,16818.0,485600,2022,4,26,2,19108
16273.0,17000.0,16818.0,16364.0,301774,2022,4,27,3,19109
16364.0,17000.0,17000.0,16364.0,275729,2022,4,28,4,19110
16000.0,17000.0,16000.0,16455.0,460671,2022,4,29,5,19111
16455.0,17000.0,16909.0,16818.0,251311,2022,5,4,3,19116
16273.0,16909.0,16818.0,16637.0,250101,2022,5,5,4,19117
15637.0,16637.0,16637.0,16091.0,171323,2022,5,6,5,19118
14546.0,15909.0,15909.0,14546.0,435050,2022,5,9,1,19121
13091.0,15909.0,14546.0,15909.0,563211,2022,5,10,2,19122
15000.0,15909.0,15909.0,15727.0,397650,2022,5,11,3,19123
14182.0,15727.0,14546.0,14182.0,488800,2022,5,12,4,19124
12818.0,14182.0,14182.0,13455.0,710940,2022,5,13,5,19125
13455.0,14364.0,13455.0,13909.0,274690,2022,5,16,1,19128
13364.0,14727.0,14000.0,14727.0,292427,2022,5,17,2,19129
14546.0,15182.0,14818.0,14546.0,271210,2022,5,18,3,19130
13727.0,14637.0,14182.0,14637.0,180447,2022,5,19,4,19131
14273.0,15091.0,14546.0,14637.0,387300,2022,5,20,5,19132
14091.0,14727.0,14637.0,14455.0,352803,2022,5,23,1,19135
14000.0,14637.0,14455.0,14273.0,164400,2022,5,24,2,19136
14182.0,14818.0,14273.0,14818.0,269800,2022,5,25,3,19137
14818.0,15727.0,14818.0,15455.0,410103,2022,5,26,4,19138
15546.0,16091.0,15546.0,16000.0,401186,2022,5,27,5,19139
16000.0,16273.0,16091.0,16182.0,418108,2022,5,30,1,19142
15727.0,16273.0,16182.0,15818.0,479800,2022,5,31,2,19143
15455.0,16000.0,15637.0,15818.0,408120,2022,6,1,3,19144
15000.0,15818.0,15727.0,15000.0,481200,2022,6,2,4,19145
14364.0,15091.0,15091.0,14364.0,410210,2022,6,3,5,19146
14455.0,15455.0,14455.0,14637.0,298738,2022,6,6,1,19149
14000.0,14818.0,14818.0,14364.0,294975,2022,6,7,2,19150
14546.0,15182.0,14727.0,14818.0,273980,2022,6,8,3,19151
14727.0,15091.0,14909.0,15091.0,255101,2022,6,9,4,19152
14091.0,15091.0,14091.0,15000.0,220618,2022,6,10,5,19153
13637.0,14637.0,14637.0,13637.0,342743,2022,6,13,1,19156
12546.0,13818.0,13637.0,13364.0,122320,2022,6,14,2,19157
12546.0,13546.0,13364.0,13364.0,292709,2022,6,15,3,19158
13364.0,14091.0,13364.0,13637.0,181151,2022,6,16,4,19159
12273.0,13364.0,13364.0,13000.0,156600,2022,6,17,5,19160
11727.0,13182.0,13091.0,11909.0,595154,2022,6,20,1,19163
10727.0,11909.0,11818.0,10727.0,627230,2022,6,21,2,19164
9727.0,11273.0,10818.0,11273.0,544300,2022,6,22,3,19165
10727.0,11455.0,11091.0,11364.0,170601,2022,6,23,4,19166
11091.0,11546.0,11455.0,11182.0,200433,2022,6,24,5,19167
10364.0,11273.0,11091.0,11182.0,447243,2022,6,27,1,19170
11091.0,12000.0,11182.0,11818.0,395949,2022,6,28,2,19171
11455.0,12182.0,11818.0,11909.0,291746,2022,6,29,3,19172
11273.0,11909.0,11818.0,11455.0,223713,2022,6,30,4,19173
10727.0,11636.0,11091.0,11364.0,280805,2022,7,1,5,19174
11182.0,11636.0,11364.0,11273.0,225207,2022,7,4,1,19177
10727.0,11364.0,11182.0,10909.0,256800,2022,7,5,2,19178
10364.0,10909.0,10909.0,10455.0,275861,2022,7,6,3,19179
10182.0,10727.0,10273.0,10455.0,204815,2022,7,7,4,19180
10455.0,11182.0,10455.0,11000.0,425100,2022,7,8,5,19181
10636.0,11091.0,11000.0,10818.0,182120,2022,7,11,1,19184
10818.0,11273.0,10909.0,11273.0,410347,2022,7,12,2,19185
11273.0,11546.0,11273.0,11364.0,382035,2022,7,13,3,19186
11091.0,11364.0,11364.0,11364.0,160508,2022,7,14,4,19187
11364.0,12000.0,11364.0,11636.0,620211,2022,7,15,5,19188
11364.0,11909.0,11636.0,11636.0,370784,2022,7,18,1,19191
11182.0,11636.0,11636.0,11455.0,323139,2022,7,19,2,19192
11455.0,12000.0,11455.0,11909.0,656886,2022,7,20,3,19193
11636.0,12091.0,11909.0,11818.0,301063,2022,7,21,4,19194
11546.0,11909.0,11818.0,11727.0,314700,2022,7,22,5,19195
11182.0,11636.0,11636.0,11182.0,398594,2022,7,25,1,19198
10909.0,11364.0,11182.0,10909.0,316711,2022,7,26,2,19199
10636.0,11182.0,10909.0,11182.0,289604,2022,7,27,3,19200
11273.0,11727.0,11364.0,11636.0,384322,2022,7,28,4,19201
11546.0,11818.0,11636.0,11636.0,277885,2022,7,29,5,19202
11455.0,12000.0,11636.0,11818.0,389436,2022,8,1,1,19205
12091.0,13000.0,12091.0,12909.0,1257750,2022,8,2,2,19206
12636.0,13000.0,12818.0,12818.0,278349,2022,8,3,3,19207
12909.0,13546.0,12909.0,13273.0,548955,2022,8,4,4,19208
12818.0,13364.0,13273.0,13091.0,460478,2022,8,5,5,19209
12727.0,13273.0,12727.0,12727.0,487700,2022,8,8,1,19212
12727.0,13455.0,12909.0,13364.0,737859,2022,8,9,2,19213
13182.0,14091.0,13364.0,13818.0,624992,2022,8,10,3,19214
13000.0,14091.0,13818.0,13000.0,750625,2022,8,11,4,19215
12909.0,13273.0,12909.0,13182.0,551793,2022,8,12,5,19216
13091.0,13455.0,13182.0,13182.0,378387,2022,8,15,1,19219
13000.0,13273.0,13273.0,13182.0,233668,2022,8,16,2,19220
13000.0,13546.0,13182.0,13000.0,522490,2022,8,17,3,19221
12636.0,13000.0,12909.0,12909.0,674505,2022,8,18,4,19222
12636.0,13000.0,12818.0,12727.0,454005,2022,8,19,5,19223
12091.0,12727.0,12546.0,12364.0,649714,2022,8,22,1,19226
11909.0,13000.0,12091.0,12727.0,409106,2022,8,23,2,19227
12636.0,13000.0,12727.0,12727.0,407432,2022,8,24,3,19228
12818.0,13091.0,12818.0,13000.0,517029,2022,8,25,4,19229
12546.0,13091.0,12909.0,12727.0,483150,2022,8,26,5,19230
12000.0,12546.0,12546.0,12273.0,448954,2022,8,29,1,19233
12091.0,12546.0,12273.0,12182.0,401803,2022,8,30,2,19234
12000.0,12364.0,12091.0,12364.0,195179,2022,8,31,3,19235
12273.0,12546.0,12364.0,12273.0,288112,2022,9,5,1,19240
12182.0,12455.0,12273.0,12182.0,327362,2022,9,6,2,19241
11727.0,12273.0,12273.0,11727.0,402399,2022,9,7,3,19242
11273.0,11818.0,11636.0,11455.0,288941,2022,9,8,4,19243
11091.0,11636.0,11455.0,11546.0,348148,2022,9,9,5,19244
11546.0,11727.0,11636.0,11636.0,288004,2022,9,12,1,19247
11273.0,11636.0,11636.0,11455.0,236557,2022,9,13,2,19248
10909.0,11546.0,11455.0,11455.0,364213,2022,9,14,3,19249
11091.0,11546.0,11091.0,11546.0,122631,2022,9,15,4,19250
11182.0,11636.0,11546.0,11455.0,313810,2022,9,16,5,19251
10818.0,11455.0,11364.0,11182.0,466434,2022,9,19,1,19254
11000.0,11273.0,11182.0,11182.0,230010,2022,9,20,2,19255
11000.0,11182.0,11182.0,11000.0,145239,2022,9,21,3,19256
10818.0,11364.0,10909.0,11364.0,240167,2022,9,22,4,19257
11000.0,11455.0,11455.0,11000.0,246054,2022,9,23,5,19258
10364.0,11000.0,11000.0,10636.0,374403,2022,9,26,1,19261
10546.0,10727.0,10636.0,10636.0,210779,2022,9,27,2,19262
10364.0,11364.0,10546.0,10727.0,391859,2022,9,28,3,19263
10727.0,11091.0,10818.0,10727.0,172414,2022,9,29,4,19264
10182.0,10727.0,10455.0,10727.0,247574,2022,9,30,5,19265
10200.0,11000.0,11000.0,10200.0,222812,2022,10,3,1,19268
9200.0,10700.0,10200.0,10000.0,236173,2022,10,4,2,19269
9700.0,11000.0,10100.0,11000.0,712539,2022,10,5,3,19270
10500.0,11300.0,11000.0,10700.0,398314,2022,10,6,4,19271
9700.0,10500.0,10400.0,9900.0,359026,2022,10,7,5,19272
9400.0,10200.0,9700.0,10100.0,149247,2022,10,10,1,19275
9100.0,10100.0,10100.0,9100.0,420926,2022,10,11,2,19276
8200.0,10000.0,9000.0,10000.0,245078,2022,10,12,3,19277
9700.0,10200.0,10000.0,9800.0,190112,2022,10,13,4,19278
9800.0,10200.0,9800.0,10000.0,271013,2022,10,14,5,19279
9500.0,10000.0,10000.0,9800.0,164559,2022,10,17,1,19282
9700.0,10400.0,9900.0,10000.0,393026,2022,10,18,2,19283
9700.0,10000.0,10000.0,9800.0,181311,2022,10,19,3,19284
9500.0,9900.0,9800.0,9500.0,226654,2022,10,20,4,19285
8600.0,9500.0,9500.0,8600.0,331887,2022,10,21,5,19286
7800.0,8900.0,8600.0,7800.0,711169,2022,10,24,1,19289
7100.0,7800.0,7100.0,7600.0,1605940,2022,10,25,2,19290
7300.0,7800.0,7500.0,7400.0,297143,2022,10,26,3,19291
6700.0,8100.0,7300.0,8100.0,822485,2022,10,27,4,19292
8000.0,8400.0,8100.0,8100.0,357565,2022,10,28,5,19293
7800.0,8100.0,8100.0,8000.0,247924,2022,10,31,1,19296
7900.0,8200.0,8000.0,8100.0,247454,2022,11,1,2,19297
8000.0,8300.0,8100.0,8100.0,313404,2022,11,2,3,19298
7800.0,8100.0,8000.0,7900.0,234755,2022,11,3,4,19299
7200.0,7900.0,7800.0,7200.0,1389655,2022,11,4,5,19300
6500.0,7300.0,7200.0,6500.0,719431,2022,11,7,1,19303
5900.0,6500.0,6400.0,6000.0,1474800,2022,11,8,2,19304
5400.0,6400.0,5400.0,6300.0,570526,2022,11,9,3,19305
5700.0,6200.0,6000.0,5700.0,485980,2022,11,10,4,19306
5200.0,5900.0,5700.0,5200.0,933287,2022,11,11,5,19307
4700.0,4900.0,4900.0,4700.0,600764,2022,11,14,1,19310
4300.0,5100.0,4300.0,5000.0,1248698,2022,11,15,2,19311
4500.0,5500.0,4500.0,5500.0,1666454,2022,11,16,3,19312
5300.0,5900.0,5500.0,5700.0,864107,2022,11,17,4,19313
5300.0,6100.0,5700.0,6100.0,1228739,2022,11,18,5,19314
5500.0,6400.0,6000.0,6300.0,1468090,2022,11,21,1,19317
6000.0,6800.0,6300.0,6500.0,2563935,2022,11,22,2,19318
6100.0,6600.0,6100.0,6400.0,1080714,2022,11,23,3,19319
5800.0,6300.0,5900.0,6300.0,1142413,2022,11,24,4,19320
6300.0,6700.0,6300.0,6700.0,1431704,2022,11,25,5,19321
6700.0,7300.0,6700.0,7300.0,1209251,2022,11,28,1,19324
6900.0,7700.0,7300.0,7400.0,1421802,2022,11,29,2,19325
7000.0,7500.0,7400.0,7300.0,849300,2022,11,30,3,19326
7300.0,8000.0,7300.0,7600.0,1794092,2022,12,1,4,19327
7300.0,8000.0,7600.0,8000.0,1149519,2022,12,2,5,19328
7800.0,8300.0,8100.0,8000.0,1436188,2022,12,5,1,19331
7200.0,8100.0,8000.0,7400.0,1526848,2022,12,6,2,19332
6800.0,7500.0,7400.0,6800.0,1417741,2022,12,7,3,19333
6700.0,7400.0,6800.0,7400.0,1126745,2022,12,8,4,19334
7600.0,8100.0,7800.0,8100.0,1870080,2022,12,9,5,19335
8400.0,8900.0,8400.0,8900.0,1783606,2022,12,12,1,19338
8200.0,9300.0,9200.0,9300.0,1699368,2022,12,13,2,19339
8900.0,9600.0,9400.0,8900.0,2099420,2022,12,14,3,19340
8600.0,9000.0,8900.0,8900.0,1346701,2022,12,15,4,19341
8600.0,9100.0,8700.0,9100.0,1619973,2022,12,16,5,19342
8900.0,9300.0,9100.0,8900.0,1193847,2022,12,19,1,19345
8100.0,8800.0,8700.0,8200.0,1713487,2022,12,20,2,19346
8100.0,9000.0,8200.0,8600.0,1332517,2022,12,21,3,19347
8300.0,8800.0,8700.0,8600.0,444872,2022,12,22,4,19348
8300.0,8600.0,8600.0,8600.0,505680,2022,12,23,5,19349
7800.0,8700.0,8600.0,7800.0,858540,2022,12,26,1,19352
7500.0,8000.0,7800.0,8000.0,927320,2022,12,27,2,19353
7800.0,8200.0,8000.0,8100.0,950609,2022,12,28,3,19354
7600.0,8100.0,8100.0,7600.0,607975,2022,12,29,4,19355
7500.0,7900.0,7900.0,7700.0,348464,2022,12,30,5,19356
7600.0,8400.0,7700.0,8400.0,1083658,2023,1,3,2,19360
7600.0,8400.0,8400.0,8100.0,536118,2023,1,4,3,19361
7900.0,8200.0,8200.0,8000.0,367388,2023,1,5,4,19362
7600.0,8100.0,8100.0,8000.0,557084,2023,1,6,5,19363
7800.0,8100.0,8000.0,8000.0,325621,2023,1,9,1,19366
7800.0,8100.0,7800.0,8000.0,369650,2023,1,10,2,19367
8000.0,8300.0,8000.0,8200.0,1028665,2023,1,11,3,19368
8000.0,8400.0,8200.0,8300.0,863572,2023,1,12,4,19369
8100.0,8400.0,8300.0,8200.0,473457,2023,1,13,5,19370
7800.0,8200.0,8200.0,8100.0,475700,2023,1,16,1,19373
8000.0,8200.0,8100.0,8200.0,727259,2023,1,17,2,19374
8100.0,9000.0,8200.0,9000.0,3135271,2023,1,18,3,19375
8800.0,9300.0,9000.0,9300.0,1295821,2023,1,19,4,19376
8900.0,9600.0,9300.0,8900.0,1095543,2023,1,27,5,19384
8700.0,9000.0,8900.0,8700.0,975665,2023,1,30,1,19387
8600.0,9400.0,8700.0,9400.0,1407882,2023,1,31,2,19388
8900.0,9800.0,9500.0,9000.0,1580131,2023,2,1,3,19389
8500.0,9100.0,9000.0,8500.0,1193070,2023,2,2,4,19390
8500.0,8900.0,8500.0,8800.0,1150964,2023,2,3,5,19391
8600.0,8900.0,8700.0,8800.0,698816,2023,2,6,1,19394
8200.0,8900.0,8800.0,8200.0,925929,2023,2,7,2,19395
8000.0,8600.0,8200.0,8500.0,1111322,2023,2,8,3,19396
8200.0,8600.0,8500.0,8400.0,555640,2023,2,9,4,19397
8100.0,8400.0,8400.0,8100.0,419780,2023,2,10,5,19398
7400.0,8200.0,8000.0,8000.0,1153356,2023,2,13,1,19401
7900.0,8400.0,8000.0,8300.0,1165542,2023,2,14,2,19402
8200.0,8500.0,8300.0,8400.0,530554,2023,2,15,3,19403
8100.0,8500.0,8400.0,8400.0,508953,2023,2,16,4,19404
8300.0,9000.0,8400.0,8900.0,2174071,2023,2,17,5,19405
8800.0,9200.0,9000.0,9200.0,1324978,2023,2,20,1,19408
8800.0,9300.0,9200.0,8900.0,1101582,2023,2,21,2,19409
8400.0,8800.0,8800.0,8400.0,930846,2023,2,22,3,19410
8000.0,8500.0,8300.0,8400.0,859299,2023,2,23,4,19411
8100.0,8400.0,8400.0,8400.0,407327,2023,2,24,5,19412
8000.0,8300.0,8300.0,8200.0,590949,2023,2,27,1,19415
8100.0,8400.0,8200.0,8300.0,799995,2023,2,28,2,19416
