low,high,open,close,volume,year,month,day,weekday,days
8471.0,13554.0,13554.0,11200.0,21000,2017,7,17,1,17364
9601.0,9601.0,9601.0,9600.0,1000,2017,7,18,2,17365
8229.0,8229.0,8229.0,8200.0,1400,2017,7,19,3,17366
7019.0,7584.0,7584.0,7200.0,6100,2017,7,20,4,17367
6212.0,7423.0,6212.0,7000.0,2000,2017,7,21,5,17368
6051.0,6858.0,6293.0,6100.0,10500,2017,7,24,1,17371
6938.0,7019.0,6938.0,7000.0,4100,2017,7,25,2,17372
6132.0,8068.0,6132.0,7600.0,8000,2017,7,26,3,17373
7987.0,7987.0,7987.0,8000.0,100,2017,7,27,4,17374
7987.0,7987.0,7987.0,8000.0,0,2017,7,28,5,17375
7907.0,7987.0,7987.0,8000.0,1300,2017,7,31,1,17378
7987.0,7987.0,7987.0,8000.0,0,2017,8,1,2,17379
7181.0,7261.0,7261.0,7200.0,2100,2017,8,2,3,17380
7181.0,7181.0,7181.0,7200.0,0,2017,8,3,4,17381
6858.0,7907.0,6858.0,6900.0,2600,2017,8,4,5,17382
6938.0,7826.0,6938.0,7100.0,700,2017,8,7,1,17385
7665.0,7665.0,7665.0,7700.0,100,2017,8,8,2,17386
7665.0,7665.0,7665.0,7700.0,0,2017,8,9,3,17387
6777.0,6777.0,6777.0,6800.0,600,2017,8,10,4,17388
5809.0,7665.0,5809.0,6700.0,700,2017,8,11,5,17389
7100.0,7665.0,7665.0,7100.0,2600,2017,8,14,1,17392
6858.0,7100.0,6858.0,7100.0,600,2017,8,15,2,17393
7261.0,7261.0,7261.0,7300.0,100,2017,8,16,3,17394
7261.0,7261.0,7261.0,7300.0,100,2017,8,17,4,17395
7181.0,7261.0,7261.0,7200.0,1000,2017,8,18,5,17396
6212.0,7181.0,6212.0,6900.0,300,2017,8,21,1,17399
7181.0,7181.0,7181.0,7200.0,100,2017,8,22,2,17400
7181.0,8229.0,8229.0,7300.0,900,2017,8,23,3,17401
6535.0,7181.0,7181.0,6600.0,1100,2017,8,24,4,17402
6537.0,7599.0,7599.0,6600.0,1610,2017,8,25,5,17403
5720.0,7272.0,7272.0,6600.0,700,2017,8,28,1,17406
6618.0,7272.0,7272.0,6900.0,200,2017,8,29,2,17407
6945.0,6945.0,6945.0,6900.0,0,2017,8,30,3,17408
6945.0,6945.0,6945.0,6900.0,0,2017,8,31,4,17409
6945.0,6945.0,6945.0,6900.0,0,2017,9,1,5,17410
6537.0,7272.0,7272.0,6600.0,2000,2017,9,5,2,17414
6945.0,6945.0,6945.0,6500.0,1500,2017,9,6,3,17415
6537.0,6537.0,6537.0,6500.0,0,2017,9,7,4,17416
6537.0,6945.0,6945.0,6600.0,1100,2017,9,8,5,17417
6537.0,6537.0,6537.0,6500.0,4000,2017,9,11,1,17420
6373.0,7272.0,7272.0,6600.0,1300,2017,9,12,2,17421
6128.0,6700.0,6700.0,6200.0,11600,2017,9,13,3,17422
6128.0,6537.0,6128.0,6200.0,22100,2017,9,14,4,17423
6128.0,6455.0,6128.0,6100.0,4100,2017,9,15,5,17424
6945.0,7027.0,7027.0,7000.0,200,2017,9,18,1,17427
6618.0,6618.0,6618.0,6600.0,200,2017,9,19,2,17428
6618.0,6618.0,6618.0,6600.0,0,2017,9,20,3,17429
6618.0,6618.0,6618.0,6600.0,0,2017,9,21,4,17430
6210.0,7599.0,7599.0,6900.0,200,2017,9,22,5,17431
6945.0,6945.0,6945.0,6900.0,0,2017,9,25,1,17434
6210.0,6945.0,6210.0,6300.0,600,2017,9,26,2,17435
6455.0,7272.0,7272.0,6600.0,700,2017,9,27,3,17436
6537.0,6537.0,6537.0,6500.0,2000,2017,9,28,4,17437
6537.0,6537.0,6537.0,6500.0,200,2017,9,29,5,17438
6537.0,6537.0,6537.0,6500.0,1000,2017,10,2,1,17441
6537.0,6537.0,6537.0,6500.0,0,2017,10,3,2,17442
6537.0,6537.0,6537.0,6500.0,2000,2017,10,4,3,17443
6537.0,6537.0,6537.0,6500.0,2500,2017,10,5,4,17444
6128.0,7354.0,6128.0,6400.0,700,2017,10,6,5,17445
6373.0,7354.0,7354.0,6500.0,1100,2017,10,9,1,17448
6537.0,6618.0,6537.0,6500.0,55600,2017,10,10,2,17449
6537.0,6537.0,6537.0,6500.0,300,2017,10,11,3,17450
6945.0,6945.0,6945.0,6900.0,100,2017,10,12,4,17451
5965.0,6945.0,5965.0,6000.0,2200,2017,10,13,5,17452
6128.0,6945.0,6945.0,6400.0,17200,2017,10,16,1,17455
7190.0,7272.0,7272.0,7300.0,8300,2017,10,17,2,17456
7272.0,7762.0,7762.0,7400.0,500,2017,10,18,3,17457
7517.0,7762.0,7762.0,7500.0,1100,2017,10,19,4,17458
7027.0,7354.0,7027.0,7300.0,2100,2017,10,20,5,17459
6537.0,7354.0,7354.0,6900.0,2900,2017,10,23,1,17462
6700.0,7027.0,6700.0,6900.0,3800,2017,10,24,2,17463
5965.0,6864.0,5965.0,6300.0,2000,2017,10,25,3,17464
6700.0,6945.0,6700.0,6900.0,18000,2017,10,26,4,17465
6455.0,6864.0,6864.0,6700.0,1500,2017,10,27,5,17466
7681.0,7681.0,7681.0,7700.0,100,2017,10,30,1,17469
8171.0,8171.0,8171.0,8200.0,100,2017,10,31,2,17470
8171.0,8171.0,8171.0,8200.0,0,2017,11,1,3,17471
7027.0,7027.0,7027.0,7000.0,100,2017,11,2,4,17472
7354.0,7354.0,7354.0,7400.0,100,2017,11,3,5,17473
7681.0,7681.0,7681.0,7700.0,100,2017,11,6,1,17476
6537.0,7844.0,7844.0,6700.0,1100,2017,11,7,2,17477
6618.0,6945.0,6945.0,6800.0,1500,2017,11,8,3,17478
6864.0,6864.0,6864.0,6900.0,0,2017,11,9,4,17479
6537.0,7272.0,7272.0,7000.0,4900,2017,11,10,5,17480
7109.0,7844.0,7844.0,7200.0,4700,2017,11,13,1,17483
7190.0,7190.0,7190.0,7200.0,6600,2017,11,14,2,17484
7190.0,7190.0,7190.0,7200.0,1400,2017,11,15,3,17485
7190.0,7190.0,7190.0,7200.0,1000,2017,11,16,4,17486
7190.0,7190.0,7190.0,7200.0,0,2017,11,17,5,17487
7190.0,7762.0,7762.0,7500.0,2400,2017,11,20,1,17490
7517.0,7517.0,7517.0,7500.0,0,2017,11,21,2,17491
7517.0,7517.0,7517.0,7500.0,2100,2017,11,22,3,17492
7517.0,7517.0,7517.0,7500.0,0,2017,11,23,4,17493
7517.0,7517.0,7517.0,7500.0,0,2017,11,24,5,17494
7436.0,7436.0,7436.0,7400.0,1000,2017,11,27,1,17497
7436.0,7436.0,7436.0,7400.0,0,2017,11,28,2,17498
7354.0,7436.0,7436.0,7400.0,2500,2017,11,29,3,17499
7354.0,7354.0,7354.0,7400.0,1700,2017,11,30,4,17500
6945.0,7354.0,6945.0,7100.0,200,2017,12,1,5,17501
8171.0,8171.0,8171.0,8200.0,100,2017,12,4,1,17504
8089.0,8171.0,8171.0,8100.0,13000,2017,12,5,2,17505
8171.0,8171.0,8171.0,8200.0,2700,2017,12,6,3,17506
8171.0,8171.0,8171.0,8400.0,1700,2017,12,7,4,17507
8171.0,8988.0,8825.0,8500.0,14000,2017,12,8,5,17508
8171.0,8171.0,8171.0,8200.0,500,2017,12,11,1,17511
8253.0,8416.0,8334.0,8300.0,14000,2017,12,12,2,17512
8498.0,8988.0,8498.0,8900.0,20100,2017,12,13,3,17513
9233.0,9233.0,9233.0,9200.0,100,2017,12,14,4,17514
8580.0,8988.0,8580.0,9000.0,2200,2017,12,15,5,17515
8906.0,8906.0,8906.0,8900.0,6200,2017,12,18,1,17518
8253.0,8580.0,8253.0,8300.0,5500,2017,12,19,2,17519
8988.0,9151.0,8988.0,9100.0,8700,2017,12,20,3,17520
8580.0,8661.0,8580.0,8600.0,700,2017,12,21,4,17521
8580.0,8661.0,8580.0,8600.0,6600,2017,12,22,5,17522
8580.0,8580.0,8580.0,8600.0,7500,2017,12,25,1,17525
8661.0,8906.0,8661.0,8900.0,3900,2017,12,26,2,17526
8825.0,8906.0,8825.0,8900.0,6100,2017,12,27,3,17527
8906.0,8906.0,8906.0,8900.0,1700,2017,12,28,4,17528
8825.0,8906.0,8906.0,8900.0,11400,2017,12,29,5,17529
8825.0,8825.0,8825.0,8800.0,1000,2018,1,2,2,17533
8825.0,8825.0,8825.0,8800.0,0,2018,1,3,3,17534
8825.0,8825.0,8825.0,8800.0,0,2018,1,4,4,17535
8580.0,8580.0,8580.0,8600.0,3000,2018,1,5,5,17536
8334.0,8416.0,8334.0,8300.0,11000,2018,1,8,1,17539
8334.0,8580.0,8580.0,8400.0,3500,2018,1,9,2,17540
8334.0,8416.0,8416.0,8400.0,15800,2018,1,10,3,17541
8334.0,8334.0,8334.0,8300.0,0,2018,1,11,4,17542
8334.0,8334.0,8334.0,8300.0,18100,2018,1,12,5,17543
8334.0,8334.0,8334.0,8300.0,0,2018,1,15,1,17546
8334.0,8334.0,8334.0,8300.0,0,2018,1,16,2,17547
8580.0,8580.0,8580.0,8600.0,3600,2018,1,17,3,17548
8580.0,8580.0,8580.0,8600.0,0,2018,1,18,4,17549
8253.0,8416.0,8416.0,8300.0,8300,2018,1,19,5,17550
8253.0,8253.0,8253.0,8300.0,0,2018,1,22,1,17553
8253.0,8253.0,8253.0,8300.0,0,2018,1,23,2,17554
8253.0,8334.0,8253.0,8300.0,15500,2018,1,24,3,17555
8253.0,8661.0,8253.0,8500.0,13200,2018,1,25,4,17556
8743.0,8906.0,8825.0,8800.0,3500,2018,1,26,5,17557
8825.0,8825.0,8825.0,8800.0,900,2018,1,29,1,17560
8825.0,8825.0,8825.0,8800.0,0,2018,1,30,2,17561
8825.0,8825.0,8825.0,8800.0,0,2018,1,31,3,17562
7517.0,8580.0,8171.0,8000.0,10200,2018,2,1,4,17563
8171.0,8171.0,8171.0,8200.0,3500,2018,2,2,5,17564
7436.0,7762.0,7681.0,7600.0,14400,2018,2,5,1,17567
8334.0,8334.0,8334.0,8300.0,100,2018,2,6,2,17568
8334.0,8334.0,8334.0,8300.0,0,2018,2,7,3,17569
7109.0,7109.0,7109.0,7100.0,600,2018,2,8,4,17570
8171.0,8171.0,8171.0,8200.0,4000,2018,2,9,5,17571
9315.0,9315.0,9315.0,9300.0,100,2018,2,12,1,17574
9315.0,9315.0,9315.0,9300.0,0,2018,2,13,2,17575
8498.0,8498.0,8498.0,8500.0,100,2018,2,21,3,17583
8171.0,8498.0,8171.0,8400.0,11000,2018,2,22,4,17584
8416.0,8416.0,8416.0,8400.0,0,2018,2,23,5,17585
8416.0,8416.0,8416.0,8400.0,0,2018,2,26,1,17588
8416.0,8416.0,8416.0,8400.0,0,2018,2,27,2,17589
8416.0,8416.0,8416.0,8400.0,0,2018,2,28,3,17590
8416.0,8416.0,8416.0,8400.0,0,2018,3,1,4,17591
8416.0,8416.0,8416.0,8400.0,0,2018,3,2,5,17592
8171.0,8171.0,8171.0,8200.0,5000,2018,3,5,1,17595
8171.0,8416.0,8171.0,8200.0,3600,2018,3,6,2,17596
8416.0,8416.0,8416.0,8400.0,2000,2018,3,7,3,17597
8416.0,8498.0,8498.0,8500.0,1500,2018,3,8,4,17598
8416.0,8498.0,8416.0,8500.0,2000,2018,3,9,5,17599
8416.0,8416.0,8416.0,8400.0,1500,2018,3,12,1,17602
8334.0,8416.0,8416.0,8400.0,2500,2018,3,13,2,17603
8253.0,9397.0,9397.0,8300.0,3100,2018,3,14,3,17604
8253.0,8253.0,8253.0,8300.0,4500,2018,3,15,4,17605
8253.0,8253.0,8253.0,8300.0,0,2018,3,16,5,17606
8580.0,8580.0,8580.0,8600.0,1000,2018,3,19,1,17609
8580.0,8580.0,8580.0,8600.0,0,2018,3,20,2,17610
8253.0,8661.0,8334.0,8400.0,19100,2018,3,21,3,17611
8416.0,8416.0,8416.0,8400.0,0,2018,3,22,4,17612
8580.0,8580.0,8580.0,8600.0,900,2018,3,23,5,17613
8171.0,8498.0,8253.0,8300.0,6100,2018,3,26,1,17616
8416.0,8416.0,8416.0,8400.0,4000,2018,3,27,2,17617
8171.0,8253.0,8253.0,8200.0,1900,2018,3,28,3,17618
8253.0,8253.0,8253.0,8300.0,33500,2018,3,29,4,17619
8253.0,8253.0,8253.0,8300.0,0,2018,3,30,5,17620
8253.0,8253.0,8253.0,8300.0,0,2018,4,2,1,17623
8171.0,8334.0,8171.0,8300.0,7300,2018,4,3,2,17624
8253.0,8253.0,8253.0,8300.0,200,2018,4,4,3,17625
8253.0,8253.0,8253.0,8300.0,0,2018,4,5,4,17626
8334.0,8416.0,8334.0,8300.0,10200,2018,4,6,5,17627
8334.0,8334.0,8334.0,8300.0,0,2018,4,9,1,17630
8334.0,8334.0,8334.0,8300.0,3000,2018,4,10,2,17631
8334.0,8334.0,8334.0,8300.0,2200,2018,4,11,3,17632
8334.0,8334.0,8334.0,8300.0,1000,2018,4,12,4,17633
8334.0,8334.0,8334.0,8300.0,0,2018,4,13,5,17634
8334.0,8334.0,8334.0,8300.0,0,2018,4,16,1,17637
8334.0,8334.0,8334.0,8300.0,0,2018,4,17,2,17638
8334.0,8416.0,8334.0,8300.0,7600,2018,4,18,3,17639
8334.0,8334.0,8334.0,8300.0,2400,2018,4,19,4,17640
8334.0,8334.0,8334.0,8300.0,0,2018,4,20,5,17641
8334.0,8334.0,8334.0,8300.0,0,2018,4,23,1,17644
8334.0,8334.0,8334.0,8300.0,3500,2018,4,24,2,17645
8334.0,8334.0,8334.0,8300.0,0,2018,4,26,4,17647
8334.0,8334.0,8334.0,8300.0,0,2018,4,27,5,17648
8171.0,8334.0,8171.0,8200.0,1300,2018,5,2,3,17653
8171.0,8171.0,8171.0,8200.0,0,2018,5,3,4,17654
8171.0,8171.0,8171.0,8200.0,0,2018,5,4,5,17655
8171.0,8171.0,8171.0,8200.0,0,2018,5,7,1,17658
8171.0,8171.0,8171.0,8200.0,0,2018,5,8,2,17659
8334.0,8580.0,8334.0,8400.0,2600,2018,5,9,3,17660
8580.0,8580.0,8580.0,8600.0,10500,2018,5,10,4,17661
8580.0,8580.0,8580.0,8600.0,0,2018,5,11,5,17662
8580.0,8580.0,8580.0,8600.0,3000,2018,5,14,1,17665
8580.0,8580.0,8580.0,8600.0,0,2018,5,15,2,17666
8580.0,8580.0,8580.0,8600.0,0,2018,5,16,3,17667
8580.0,8580.0,8580.0,8600.0,0,2018,5,17,4,17668
8580.0,8580.0,8580.0,8600.0,0,2018,5,18,5,17669
8580.0,8580.0,8580.0,8600.0,2000,2018,5,21,1,17672
8580.0,8580.0,8580.0,8600.0,4700,2018,5,22,2,17673
8580.0,8580.0,8580.0,8600.0,0,2018,5,23,3,17674
8580.0,8580.0,8580.0,8600.0,0,2018,5,24,4,17675
8580.0,8580.0,8580.0,8600.0,0,2018,5,25,5,17676
8580.0,8580.0,8580.0,8600.0,0,2018,5,28,1,17679
8580.0,8580.0,8580.0,8600.0,0,2018,5,29,2,17680
8580.0,8580.0,8580.0,8600.0,0,2018,5,30,3,17681
8580.0,8580.0,8580.0,8600.0,0,2018,5,31,4,17682
8580.0,8580.0,8580.0,8600.0,0,2018,6,1,5,17683
8580.0,8580.0,8580.0,8600.0,0,2018,6,4,1,17686
8580.0,8580.0,8580.0,8600.0,0,2018,6,5,2,17687
8171.0,8171.0,8171.0,8200.0,7300,2018,6,6,3,17688
8171.0,8171.0,8171.0,8200.0,1000,2018,6,7,4,17689
8171.0,8171.0,8171.0,8200.0,0,2018,6,8,5,17690
8171.0,8171.0,8171.0,8200.0,0,2018,6,11,1,17693
8171.0,8171.0,8171.0,8200.0,0,2018,6,12,2,17694
8171.0,8171.0,8171.0,8200.0,0,2018,6,13,3,17695
8171.0,8171.0,8171.0,8200.0,0,2018,6,14,4,17696
8171.0,8171.0,8171.0,8200.0,0,2018,6,15,5,17697
8171.0,8171.0,8171.0,8200.0,0,2018,6,18,1,17700
8171.0,8171.0,8171.0,8200.0,0,2018,6,19,2,17701
8171.0,8171.0,8171.0,8200.0,100,2018,6,20,3,17702
8171.0,8171.0,8171.0,8200.0,0,2018,6,21,4,17703
8171.0,8171.0,8171.0,8200.0,500,2018,6,22,5,17704
8171.0,8171.0,8171.0,8200.0,1300,2018,6,25,1,17707
8171.0,8171.0,8171.0,8200.0,1100,2018,6,26,2,17708
8171.0,8171.0,8171.0,8200.0,0,2018,6,27,3,17709
6945.0,6945.0,6945.0,6900.0,100,2018,6,28,4,17710
6945.0,6945.0,6945.0,6900.0,0,2018,6,29,5,17711
6945.0,6945.0,6945.0,6900.0,0,2018,7,2,1,17714
5965.0,5965.0,5965.0,6000.0,100,2018,7,3,2,17715
6782.0,6782.0,6782.0,6800.0,100,2018,7,4,3,17716
7762.0,7762.0,7762.0,7800.0,100,2018,7,5,4,17717
8171.0,8171.0,8171.0,8200.0,100,2018,7,6,5,17718
8171.0,8171.0,8171.0,8200.0,100,2018,7,9,1,17721
7762.0,8171.0,8171.0,7900.0,300,2018,7,10,2,17722
7893.0,7893.0,7893.0,7900.0,0,2018,7,11,3,17723
8402.0,8402.0,8402.0,8400.0,100,2018,7,12,4,17724
8402.0,8402.0,8402.0,8400.0,0,2018,7,13,5,17725
8402.0,8402.0,8402.0,8400.0,0,2018,7,16,1,17728
7214.0,9590.0,7214.0,8400.0,200,2018,7,17,2,17729
8402.0,8402.0,8402.0,8400.0,0,2018,7,18,3,17730
8402.0,8402.0,8402.0,8400.0,0,2018,7,19,4,17731
8911.0,8911.0,8911.0,8900.0,1000,2018,7,20,5,17732
8911.0,8911.0,8911.0,8900.0,0,2018,7,23,1,17735
8911.0,8911.0,8911.0,8900.0,0,2018,7,24,2,17736
8911.0,8911.0,8911.0,8900.0,0,2018,7,25,3,17737
8911.0,8911.0,8911.0,8900.0,0,2018,7,26,4,17738
10184.0,10184.0,10184.0,10200.0,300,2018,7,27,5,17739
9335.0,9335.0,9335.0,9300.0,2000,2018,7,30,1,17742
9335.0,9335.0,9335.0,9300.0,0,2018,7,31,2,17743
9335.0,9335.0,9335.0,9300.0,0,2018,8,1,3,17744
9335.0,9335.0,9335.0,9300.0,0,2018,8,2,4,17745
8911.0,9250.0,9250.0,9100.0,6700,2018,8,3,5,17746
8911.0,8911.0,8911.0,8900.0,100,2018,8,6,1,17749
8996.0,8996.0,8996.0,9000.0,4400,2018,8,7,2,17750
8911.0,8996.0,8996.0,8900.0,5300,2018,8,8,3,17751
8911.0,8911.0,8911.0,8900.0,2100,2018,8,9,4,17752
8911.0,8911.0,8911.0,8900.0,0,2018,8,10,5,17753
8487.0,8487.0,8487.0,8500.0,3000,2018,8,13,1,17756
8487.0,8487.0,8487.0,8500.0,0,2018,8,14,2,17757
8062.0,8062.0,8062.0,8100.0,2000,2018,8,15,3,17758
8062.0,8062.0,8062.0,8100.0,0,2018,8,16,4,17759
8062.0,8062.0,8062.0,8100.0,0,2018,8,17,5,17760
8062.0,8062.0,8062.0,8100.0,900,2018,8,20,1,17763
8062.0,8062.0,8062.0,8100.0,0,2018,8,21,2,17764
8062.0,8062.0,8062.0,8100.0,0,2018,8,22,3,17765
8062.0,8062.0,8062.0,8100.0,0,2018,8,23,4,17766
8062.0,8062.0,8062.0,8100.0,0,2018,8,24,5,17767
8062.0,8062.0,8062.0,8100.0,0,2018,8,27,1,17770
8062.0,8062.0,8062.0,8100.0,0,2018,8,28,2,17771
7977.0,8147.0,8147.0,8100.0,4600,2018,8,29,3,17772
9250.0,9250.0,9250.0,9300.0,100,2018,8,30,4,17773
10608.0,10608.0,10608.0,10600.0,100,2018,8,31,5,17774
10608.0,10608.0,10608.0,10600.0,0,2018,9,4,2,17778
9081.0,10523.0,9081.0,9200.0,1400,2018,9,5,3,17779
10523.0,10523.0,10523.0,10500.0,100,2018,9,6,4,17780
10523.0,10523.0,10523.0,10500.0,0,2018,9,7,5,17781
8996.0,10354.0,8996.0,9400.0,300,2018,9,10,1,17784
9420.0,9420.0,9420.0,9400.0,2700,2018,9,11,2,17785
9420.0,9420.0,9420.0,9400.0,8400,2018,9,12,3,17786
9675.0,9760.0,9675.0,9700.0,11500,2018,9,13,4,17787
11033.0,11033.0,11033.0,11000.0,100,2018,9,14,5,17788
11033.0,11033.0,11033.0,11000.0,0,2018,9,17,1,17791
11033.0,11033.0,11033.0,11000.0,0,2018,9,18,2,17792
9420.0,9420.0,9420.0,9400.0,1000,2018,9,19,3,17793
8147.0,8147.0,8147.0,8100.0,4300,2018,9,20,4,17794
9335.0,9335.0,9335.0,9300.0,100,2018,9,21,5,17795
9335.0,9335.0,9335.0,9300.0,0,2018,9,24,1,17798
8062.0,8147.0,8062.0,8100.0,3500,2018,9,25,2,17799
9335.0,9335.0,9335.0,9300.0,100,2018,9,26,3,17800
8487.0,8911.0,8487.0,8700.0,6000,2018,9,27,4,17801
8656.0,8656.0,8656.0,8700.0,0,2018,9,28,5,17802
8656.0,8656.0,8656.0,8700.0,0,2018,10,1,1,17805
8487.0,8487.0,8487.0,8500.0,2000,2018,10,2,2,17806
9590.0,9590.0,9590.0,9600.0,100,2018,10,3,3,17807
9590.0,9590.0,9590.0,9600.0,0,2018,10,4,4,17808
8911.0,8911.0,8911.0,8900.0,1000,2018,10,5,5,17809
8911.0,8911.0,8911.0,8900.0,0,2018,10,8,1,17812
7977.0,10184.0,10184.0,9100.0,200,2018,10,9,2,17813
9081.0,9081.0,9081.0,9100.0,0,2018,10,10,3,17814
9081.0,9081.0,9081.0,9100.0,0,2018,10,11,4,17815
9081.0,9081.0,9081.0,9100.0,0,2018,10,12,5,17816
9081.0,9081.0,9081.0,9100.0,0,2018,10,15,1,17819
9081.0,9081.0,9081.0,9100.0,0,2018,10,16,2,17820
9081.0,9081.0,9081.0,9100.0,0,2018,10,17,3,17821
9081.0,9081.0,9081.0,9100.0,0,2018,10,18,4,17822
8487.0,8487.0,8487.0,8500.0,5000,2018,10,19,5,17823
8487.0,8487.0,8487.0,8500.0,0,2018,10,22,1,17826
8487.0,8487.0,8487.0,8500.0,0,2018,10,23,2,17827
8487.0,8487.0,8487.0,8500.0,0,2018,10,24,3,17828
8487.0,8487.0,8487.0,8500.0,900,2018,10,25,4,17829
8487.0,8487.0,8487.0,8500.0,0,2018,10,26,5,17830
8487.0,8572.0,8487.0,8600.0,1200,2018,10,29,1,17833
8572.0,8572.0,8572.0,8600.0,1000,2018,10,30,2,17834
8572.0,8572.0,8572.0,8600.0,0,2018,10,31,3,17835
8572.0,8572.0,8572.0,8600.0,0,2018,11,1,4,17836
8487.0,8487.0,8487.0,8500.0,5000,2018,11,2,5,17837
8487.0,8487.0,8487.0,8500.0,0,2018,11,5,1,17840
8487.0,8487.0,8487.0,8500.0,0,2018,11,6,2,17841
8826.0,8911.0,8826.0,8900.0,4700,2018,11,7,3,17842
8911.0,8911.0,8911.0,8900.0,0,2018,11,8,4,17843
8317.0,8317.0,8317.0,8300.0,2000,2018,11,9,5,17844
8317.0,8317.0,8317.0,8300.0,1500,2018,11,12,1,17847
9505.0,9505.0,9505.0,9500.0,100,2018,11,13,2,17848
9505.0,9505.0,9505.0,9500.0,0,2018,11,14,3,17849
8317.0,8317.0,8317.0,8300.0,500,2018,11,15,4,17850
8317.0,8317.0,8317.0,8300.0,0,2018,11,16,5,17851
8317.0,8317.0,8317.0,8300.0,0,2018,11,19,1,17854
8487.0,8487.0,8487.0,8500.0,1000,2018,11,20,2,17855
8487.0,8487.0,8487.0,8500.0,0,2018,11,21,3,17856
8487.0,8487.0,8487.0,8500.0,0,2018,11,22,4,17857
8487.0,8487.0,8487.0,8500.0,0,2018,11,23,5,17858
8487.0,8487.0,8487.0,8500.0,0,2018,11,26,1,17861
8487.0,8487.0,8487.0,8500.0,0,2018,11,27,2,17862
8317.0,8487.0,8317.0,8500.0,7200,2018,11,28,3,17863
8487.0,8487.0,8487.0,8500.0,0,2018,11,29,4,17864
8826.0,8996.0,8826.0,8900.0,1400,2018,11,30,5,17865
8911.0,8911.0,8911.0,8900.0,0,2018,12,3,1,17868
10184.0,10184.0,10184.0,10200.0,100,2018,12,4,2,17869
10184.0,10184.0,10184.0,10200.0,0,2018,12,5,3,17870
10184.0,10184.0,10184.0,10200.0,0,2018,12,6,4,17871
10184.0,10184.0,10184.0,10200.0,0,2018,12,7,5,17872
10184.0,10184.0,10184.0,10200.0,0,2018,12,10,1,17875
10184.0,10184.0,10184.0,10200.0,0,2018,12,11,2,17876
10184.0,10184.0,10184.0,10200.0,0,2018,12,12,3,17877
10184.0,10184.0,10184.0,10200.0,0,2018,12,13,4,17878
10184.0,10184.0,10184.0,10200.0,0,2018,12,14,5,17879
8996.0,8996.0,8996.0,9000.0,2000,2018,12,17,1,17882
8996.0,8996.0,8996.0,9000.0,0,2018,12,18,2,17883
8996.0,8996.0,8996.0,9000.0,0,2018,12,19,3,17884
8996.0,8996.0,8996.0,9000.0,0,2018,12,20,4,17885
8656.0,8656.0,8656.0,8700.0,200,2018,12,21,5,17886
8656.0,8656.0,8656.0,8700.0,0,2018,12,24,1,17889
8656.0,8656.0,8656.0,8700.0,0,2018,12,25,2,17890
8656.0,8656.0,8656.0,8700.0,900,2018,12,26,3,17891
8656.0,8656.0,8656.0,8700.0,200,2018,12,27,4,17892
8572.0,8656.0,8572.0,8600.0,13200,2018,12,28,5,17893
9929.0,9929.0,9929.0,9900.0,100,2019,1,2,3,17898
9929.0,9929.0,9929.0,9900.0,0,2019,1,3,4,17899
9929.0,9929.0,9929.0,9900.0,0,2019,1,4,5,17900
9929.0,9929.0,9929.0,9900.0,0,2019,1,7,1,17903
9929.0,9929.0,9929.0,9900.0,0,2019,1,8,2,17904
9929.0,9929.0,9929.0,9900.0,0,2019,1,9,3,17905
9929.0,9929.0,9929.0,9900.0,0,2019,1,10,4,17906
9929.0,9929.0,9929.0,9900.0,0,2019,1,11,5,17907
9929.0,9929.0,9929.0,9900.0,0,2019,1,14,1,17910
9929.0,9929.0,9929.0,9900.0,0,2019,1,15,2,17911
9929.0,9929.0,9929.0,9900.0,0,2019,1,16,3,17912
9929.0,9929.0,9929.0,9900.0,0,2019,1,17,4,17913
9929.0,9929.0,9929.0,9900.0,0,2019,1,18,5,17914
9929.0,9929.0,9929.0,9900.0,0,2019,1,21,1,17917
9929.0,9929.0,9929.0,9900.0,0,2019,1,22,2,17918
9929.0,9929.0,9929.0,9900.0,0,2019,1,23,3,17919
9929.0,9929.0,9929.0,9900.0,0,2019,1,24,4,17920
9929.0,9929.0,9929.0,9900.0,0,2019,1,25,5,17921
9929.0,9929.0,9929.0,9900.0,0,2019,1,28,1,17924
9929.0,9929.0,9929.0,9900.0,0,2019,1,29,2,17925
9929.0,9929.0,9929.0,9900.0,0,2019,1,30,3,17926
9929.0,9929.0,9929.0,9900.0,0,2019,1,31,4,17927
9929.0,9929.0,9929.0,9900.0,0,2019,2,1,5,17928
8911.0,9760.0,8911.0,9300.0,500,2019,2,11,1,17938
9250.0,9250.0,9250.0,9300.0,0,2019,2,12,2,17939
9250.0,9250.0,9250.0,9300.0,0,2019,2,13,3,17940
9250.0,9250.0,9250.0,9300.0,0,2019,2,14,4,17941
9250.0,9250.0,9250.0,9300.0,0,2019,2,15,5,17942
9250.0,9250.0,9250.0,9300.0,0,2019,2,18,1,17945
9250.0,9250.0,9250.0,9300.0,0,2019,2,19,2,17946
9250.0,9250.0,9250.0,9300.0,0,2019,2,20,3,17947
9250.0,9250.0,9250.0,9300.0,0,2019,2,21,4,17948
9250.0,9250.0,9250.0,9300.0,0,2019,2,22,5,17949
10184.0,10184.0,10184.0,10200.0,200,2019,2,25,1,17952
10184.0,10184.0,10184.0,10200.0,0,2019,2,26,2,17953
10184.0,10184.0,10184.0,10200.0,0,2019,2,27,3,17954
10184.0,10184.0,10184.0,10200.0,0,2019,2,28,4,17955
10184.0,10184.0,10184.0,10200.0,0,2019,3,1,5,17956
10184.0,10184.0,10184.0,10200.0,0,2019,3,4,1,17959
10184.0,10184.0,10184.0,10200.0,0,2019,3,5,2,17960
10184.0,10184.0,10184.0,10200.0,0,2019,3,6,3,17961
10184.0,10184.0,10184.0,10200.0,0,2019,3,7,4,17962
10184.0,10184.0,10184.0,10200.0,0,2019,3,8,5,17963
10184.0,10184.0,10184.0,10200.0,0,2019,3,11,1,17966
10184.0,10184.0,10184.0,10200.0,0,2019,3,12,2,17967
10184.0,10184.0,10184.0,10200.0,0,2019,3,13,3,17968
10184.0,10184.0,10184.0,10200.0,0,2019,3,14,4,17969
10184.0,10184.0,10184.0,10200.0,0,2019,3,15,5,17970
8911.0,8911.0,8911.0,8900.0,3000,2019,3,18,1,17973
8911.0,8911.0,8911.0,8900.0,0,2019,3,19,2,17974
8911.0,8911.0,8911.0,8900.0,0,2019,3,20,3,17975
8656.0,9335.0,8911.0,8900.0,50300,2019,3,21,4,17976
8911.0,8911.0,8911.0,8900.0,0,2019,3,22,5,17977
8911.0,8911.0,8911.0,8900.0,0,2019,3,25,1,17980
8656.0,8656.0,8656.0,8700.0,4300,2019,3,26,2,17981
8656.0,8656.0,8656.0,8700.0,5000,2019,3,27,3,17982
8911.0,8911.0,8911.0,8900.0,10000,2019,3,28,4,17983
8911.0,8911.0,8911.0,8900.0,0,2019,3,29,5,17984
8911.0,8911.0,8911.0,8900.0,0,2019,4,1,1,17987
8911.0,8911.0,8911.0,8900.0,5000,2019,4,2,2,17988
8656.0,8656.0,8656.0,8700.0,5000,2019,4,3,3,17989
8656.0,8656.0,8656.0,8700.0,7100,2019,4,4,4,17990
8741.0,8741.0,8741.0,8700.0,2000,2019,4,5,5,17991
8741.0,9335.0,8911.0,8900.0,14800,2019,4,8,1,17994
8741.0,9166.0,8741.0,8900.0,2800,2019,4,9,2,17995
8911.0,8911.0,8911.0,8900.0,0,2019,4,10,3,17996
8826.0,8911.0,8911.0,8900.0,13000,2019,4,11,4,17997
8911.0,8911.0,8911.0,8900.0,4300,2019,4,12,5,17998
8911.0,8911.0,8911.0,8900.0,1000,2019,4,16,2,18002
8826.0,9250.0,9250.0,8900.0,11000,2019,4,17,3,18003
8911.0,8911.0,8911.0,8900.0,0,2019,4,18,4,18004
8911.0,9250.0,9250.0,8900.0,15000,2019,4,19,5,18005
8656.0,8911.0,8656.0,8900.0,18900,2019,4,22,1,18008
8741.0,8741.0,8741.0,8700.0,2700,2019,4,23,2,18009
8741.0,8826.0,8826.0,8800.0,3900,2019,4,24,3,18010
8826.0,8826.0,8826.0,8800.0,400,2019,4,25,4,18011
8826.0,8911.0,8911.0,8900.0,6300,2019,4,26,5,18012
8911.0,8911.0,8911.0,8900.0,0,2019,5,2,4,18018
8911.0,8911.0,8911.0,8900.0,0,2019,5,3,5,18019
8911.0,8911.0,8911.0,8900.0,0,2019,5,6,1,18022
8911.0,8911.0,8911.0,8900.0,0,2019,5,7,2,18023
8911.0,8911.0,8911.0,8900.0,0,2019,5,8,3,18024
8572.0,8826.0,8572.0,8600.0,3500,2019,5,9,4,18025
8572.0,8572.0,8572.0,8600.0,2500,2019,5,10,5,18026
8572.0,8572.0,8572.0,8600.0,0,2019,5,13,1,18029
7299.0,8656.0,7299.0,8300.0,3600,2019,5,14,2,18030
8656.0,8741.0,8656.0,8700.0,3000,2019,5,15,3,18031
8572.0,8572.0,8572.0,8600.0,5400,2019,5,16,4,18032
9845.0,9845.0,9845.0,9800.0,1000,2019,5,17,5,18033
9845.0,9845.0,9845.0,9800.0,0,2019,5,20,1,18036
9845.0,9845.0,9845.0,9800.0,0,2019,5,21,2,18037
8572.0,8572.0,8572.0,8600.0,5000,2019,5,22,3,18038
7299.0,8826.0,7299.0,8400.0,18300,2019,5,23,4,18039
8656.0,8656.0,8656.0,8700.0,9600,2019,5,24,5,18040
8656.0,8656.0,8656.0,8700.0,0,2019,5,27,1,18043
8656.0,8656.0,8656.0,8700.0,0,2019,5,28,2,18044
7723.0,8487.0,7723.0,8100.0,3900,2019,5,29,3,18045
7723.0,9335.0,9335.0,7900.0,1200,2019,5,30,4,18046
8572.0,8572.0,8572.0,8600.0,1000,2019,5,31,5,18047
8572.0,8572.0,8572.0,8600.0,0,2019,6,3,1,18050
8656.0,8656.0,8656.0,8700.0,10300,2019,6,4,2,18051
8656.0,8656.0,8656.0,8700.0,0,2019,6,5,3,18052
8656.0,8656.0,8656.0,8700.0,0,2019,6,6,4,18053
8487.0,8487.0,8487.0,8500.0,1000,2019,6,7,5,18054
8487.0,8487.0,8487.0,8500.0,0,2019,6,10,1,18057
8487.0,8487.0,8487.0,8500.0,0,2019,6,11,2,18058
8487.0,8487.0,8487.0,8500.0,0,2019,6,12,3,18059
8487.0,8487.0,8487.0,8500.0,0,2019,6,13,4,18060
8487.0,8487.0,8487.0,8500.0,0,2019,6,14,5,18061
8487.0,8487.0,8487.0,8500.0,1000,2019,6,17,1,18064
7723.0,7723.0,7723.0,7700.0,500,2019,6,18,2,18065
8826.0,8826.0,8826.0,8800.0,100,2019,6,19,3,18066
8826.0,8826.0,8826.0,8800.0,0,2019,6,20,4,18067
8826.0,8826.0,8826.0,8800.0,0,2019,6,21,5,18068
8826.0,8826.0,8826.0,8800.0,0,2019,6,24,1,18071
8826.0,8826.0,8826.0,8800.0,0,2019,6,25,2,18072
8826.0,8826.0,8826.0,8800.0,0,2019,6,26,3,18073
8826.0,8826.0,8826.0,8800.0,0,2019,6,27,4,18074
8826.0,8826.0,8826.0,8800.0,0,2019,6,28,5,18075
8826.0,8826.0,8826.0,8800.0,0,2019,7,1,1,18078
8826.0,8826.0,8826.0,8800.0,0,2019,7,2,2,18079
8826.0,8826.0,8826.0,8800.0,0,2019,7,3,3,18080
7638.0,7638.0,7638.0,8800.0,200,2019,7,4,4,18081
8826.0,8826.0,8826.0,8800.0,0,2019,7,5,5,18082
8826.0,8826.0,8826.0,8800.0,0,2019,7,8,1,18085
8826.0,8826.0,8826.0,8800.0,0,2019,7,9,2,18086
8826.0,8826.0,8826.0,8800.0,0,2019,7,10,3,18087
8826.0,8826.0,8826.0,8800.0,0,2019,7,11,4,18088
8317.0,8317.0,8317.0,8300.0,100,2019,7,12,5,18089
8062.0,8062.0,8062.0,8100.0,5000,2019,7,15,1,18092
8062.0,8062.0,8062.0,8100.0,0,2019,7,16,2,18093
8062.0,8487.0,8487.0,8500.0,10000,2019,7,17,3,18094
8487.0,8487.0,8487.0,8500.0,0,2019,7,18,4,18095
8487.0,8487.0,8487.0,8500.0,0,2019,7,19,5,18096
8487.0,8487.0,8487.0,8500.0,0,2019,7,22,1,18099
8487.0,8487.0,8487.0,8500.0,0,2019,7,23,2,18100
8487.0,8487.0,8487.0,8500.0,0,2019,7,24,3,18101
8487.0,8487.0,8487.0,8500.0,0,2019,7,25,4,18102
8487.0,8487.0,8487.0,8500.0,0,2019,7,26,5,18103
8911.0,8911.0,8911.0,8900.0,1000,2019,7,29,1,18106
8911.0,8911.0,8911.0,8900.0,0,2019,7,30,2,18107
8911.0,8911.0,8911.0,8900.0,0,2019,7,31,3,18108
8911.0,8911.0,8911.0,8900.0,0,2019,8,1,4,18109
8911.0,8911.0,8911.0,8900.0,0,2019,8,2,5,18110
8911.0,8911.0,8911.0,8900.0,0,2019,8,5,1,18113
8911.0,8911.0,8911.0,8900.0,0,2019,8,6,2,18114
8911.0,8911.0,8911.0,8900.0,0,2019,8,7,3,18115
8487.0,8487.0,8487.0,8500.0,1000,2019,8,8,4,18116
8487.0,8487.0,8487.0,8500.0,0,2019,8,9,5,18117
8487.0,8487.0,8487.0,8500.0,0,2019,8,12,1,18120
8487.0,8487.0,8487.0,8500.0,1600,2019,8,13,2,18121
8487.0,8487.0,8487.0,8500.0,100,2019,8,14,3,18122
8487.0,8487.0,8487.0,8500.0,0,2019,8,15,4,18123
8487.0,8487.0,8487.0,8500.0,0,2019,8,16,5,18124
8487.0,8487.0,8487.0,8500.0,200,2019,8,19,1,18127
8487.0,8487.0,8487.0,8500.0,100,2019,8,20,2,18128
8487.0,8487.0,8487.0,8500.0,0,2019,8,21,3,18129
7214.0,7214.0,7214.0,7200.0,6800,2019,8,22,4,18130
8232.0,8232.0,8232.0,8200.0,100,2019,8,23,5,18131
8487.0,8487.0,8487.0,8500.0,1000,2019,8,26,1,18134
8451.0,8451.0,8451.0,8500.0,0,2019,8,27,2,18135
8451.0,8451.0,8451.0,8500.0,0,2019,8,28,3,18136
8451.0,8451.0,8451.0,8500.0,0,2019,8,29,4,18137
8451.0,8451.0,8451.0,8500.0,0,2019,8,30,5,18138
8451.0,8451.0,8451.0,8500.0,0,2019,9,3,2,18142
8363.0,8363.0,8363.0,8400.0,3000,2019,9,4,3,18143
8363.0,8363.0,8363.0,8400.0,0,2019,9,5,4,18144
8804.0,8804.0,8804.0,8800.0,100,2019,9,6,5,18145
8804.0,8804.0,8804.0,8800.0,0,2019,9,9,1,18148
8804.0,8804.0,8804.0,8800.0,0,2019,9,10,2,18149
8804.0,8804.0,8804.0,8800.0,0,2019,9,11,3,18150
8804.0,8804.0,8804.0,8800.0,0,2019,9,12,4,18151
8804.0,8804.0,8804.0,8800.0,0,2019,9,13,5,18152
8804.0,8804.0,8804.0,8800.0,0,2019,9,16,1,18155
8804.0,8804.0,8804.0,8800.0,0,2019,9,17,2,18156
8804.0,8804.0,8804.0,8800.0,0,2019,9,18,3,18157
8804.0,8804.0,8804.0,8800.0,0,2019,9,19,4,18158
8804.0,8804.0,8804.0,8800.0,0,2019,9,20,5,18159
8363.0,8363.0,8363.0,8400.0,1500,2019,9,23,1,18162
8363.0,8363.0,8363.0,8400.0,0,2019,9,24,2,18163
8804.0,9596.0,9596.0,8900.0,900,2019,9,25,3,18164
10212.0,10212.0,10212.0,10200.0,100,2019,9,26,4,18165
10212.0,10212.0,10212.0,10200.0,1,2019,9,27,5,18166
8716.0,8716.0,8716.0,8700.0,700,2019,9,30,1,18169
9948.0,9948.0,9948.0,9900.0,100,2019,10,1,2,18170
11357.0,11357.0,11357.0,11400.0,100,2019,10,2,3,18171
11357.0,11357.0,11357.0,11400.0,0,2019,10,3,4,18172
11357.0,11357.0,11357.0,11400.0,0,2019,10,4,5,18173
11357.0,11357.0,11357.0,11400.0,0,2019,10,7,1,18176
11357.0,11357.0,11357.0,11400.0,0,2019,10,8,2,18177
11357.0,11357.0,11357.0,11400.0,0,2019,10,9,3,18178
11357.0,11357.0,11357.0,11400.0,0,2019,10,10,4,18179
11357.0,11357.0,11357.0,11400.0,0,2019,10,11,5,18180
11357.0,11357.0,11357.0,11400.0,0,2019,10,14,1,18183
11357.0,11357.0,11357.0,11400.0,0,2019,10,15,2,18184
11357.0,11357.0,11357.0,11400.0,0,2019,10,16,3,18185
11357.0,11357.0,11357.0,11400.0,0,2019,10,17,4,18186
11357.0,11357.0,11357.0,11400.0,0,2019,10,18,5,18187
11357.0,11357.0,11357.0,11400.0,9,2019,10,21,1,18190
11357.0,11357.0,11357.0,11400.0,0,2019,10,22,2,18191
11357.0,11357.0,11357.0,11400.0,0,2019,10,23,3,18192
11357.0,11357.0,11357.0,11400.0,0,2019,10,24,4,18193
11357.0,11357.0,11357.0,11400.0,0,2019,10,25,5,18194
11357.0,11357.0,11357.0,11400.0,0,2019,10,28,1,18197
11357.0,11357.0,11357.0,11400.0,0,2019,10,29,2,18198
11357.0,11357.0,11357.0,11400.0,0,2019,10,30,3,18199
11357.0,11357.0,11357.0,11400.0,0,2019,10,31,4,18200
11357.0,11357.0,11357.0,11400.0,0,2019,11,1,5,18201
11357.0,11357.0,11357.0,11400.0,0,2019,11,4,1,18204
11357.0,11357.0,11357.0,11400.0,0,2019,11,5,2,18205
11357.0,11357.0,11357.0,11400.0,0,2019,11,6,3,18206
11357.0,11357.0,11357.0,11400.0,0,2019,11,7,4,18207
11357.0,11357.0,11357.0,11400.0,0,2019,11,8,5,18208
11357.0,11357.0,11357.0,11400.0,0,2019,11,11,1,18211
11357.0,11357.0,11357.0,11400.0,0,2019,11,12,2,18212
11357.0,11357.0,11357.0,11400.0,0,2019,11,13,3,18213
11357.0,11357.0,11357.0,11400.0,0,2019,11,14,4,18214
11357.0,11357.0,11357.0,11400.0,0,2019,11,15,5,18215
11357.0,11357.0,11357.0,11400.0,0,2019,11,18,1,18218
11357.0,11357.0,11357.0,11400.0,0,2019,11,19,2,18219
11357.0,11357.0,11357.0,11400.0,0,2019,11,20,3,18220
11357.0,11357.0,11357.0,11400.0,0,2019,11,21,4,18221
11357.0,11357.0,11357.0,11400.0,0,2019,11,22,5,18222
11357.0,11357.0,11357.0,11400.0,0,2019,11,25,1,18225
11357.0,11357.0,11357.0,11400.0,0,2019,11,26,2,18226
11357.0,11357.0,11357.0,11400.0,0,2019,11,27,3,18227
11357.0,11357.0,11357.0,11400.0,0,2019,11,28,4,18228
11357.0,11357.0,11357.0,11400.0,0,2019,11,29,5,18229
11357.0,11357.0,11357.0,11400.0,0,2019,12,2,1,18232
11357.0,11357.0,11357.0,11400.0,0,2019,12,3,2,18233
11357.0,11357.0,11357.0,11400.0,0,2019,12,4,3,18234
11357.0,11357.0,11357.0,11400.0,0,2019,12,5,4,18235
11357.0,11357.0,11357.0,11400.0,0,2019,12,6,5,18236
11357.0,11357.0,11357.0,11400.0,0,2019,12,9,1,18239
11357.0,11357.0,11357.0,11400.0,0,2019,12,10,2,18240
7923.0,7923.0,7923.0,7900.0,3600,2019,12,11,3,18241
7483.0,7923.0,7483.0,7600.0,4400,2019,12,12,4,18242
8804.0,8804.0,8804.0,8800.0,100,2019,12,13,5,18243
8804.0,8804.0,8804.0,8800.0,0,2019,12,16,1,18246
8804.0,8804.0,8804.0,8800.0,0,2019,12,17,2,18247
8804.0,8804.0,8804.0,8800.0,0,2019,12,18,3,18248
8804.0,8804.0,8804.0,8800.0,0,2019,12,19,4,18249
8011.0,8099.0,8011.0,8000.0,3900,2019,12,20,5,18250
9156.0,9156.0,9156.0,9200.0,100,2019,12,23,1,18253
9156.0,9156.0,9156.0,9200.0,0,2019,12,24,2,18254
8011.0,8011.0,8011.0,8000.0,2000,2019,12,25,3,18255
9156.0,9156.0,9156.0,9200.0,100,2019,12,26,4,18256
8363.0,8363.0,8363.0,8400.0,5400,2019,12,27,5,18257
8011.0,8011.0,8011.0,8000.0,1800,2019,12,30,1,18260
9156.0,9156.0,9156.0,9200.0,100,2019,12,31,2,18261
9156.0,9156.0,9156.0,9200.0,200,2020,1,2,4,18263
9156.0,9156.0,9156.0,9200.0,0,2020,1,3,5,18264
9156.0,9156.0,9156.0,9200.0,0,2020,1,6,1,18267
9156.0,9156.0,9156.0,9200.0,0,2020,1,7,2,18268
9156.0,9156.0,9156.0,9200.0,0,2020,1,8,3,18269
9156.0,9156.0,9156.0,9200.0,0,2020,1,9,4,18270
9156.0,9156.0,9156.0,9200.0,0,2020,1,10,5,18271
8187.0,10476.0,10476.0,8400.0,1200,2020,1,13,1,18274
9684.0,9684.0,9684.0,9700.0,100,2020,1,14,2,18275
8275.0,8804.0,8804.0,8300.0,4100,2020,1,15,3,18276
9508.0,9508.0,9508.0,9500.0,100,2020,1,16,4,18277
8187.0,8187.0,8187.0,8200.0,2000,2020,1,17,5,18278
8716.0,8716.0,8716.0,8700.0,100,2020,1,20,1,18281
8716.0,8716.0,8716.0,8700.0,0,2020,1,21,2,18282
9244.0,9244.0,9244.0,9200.0,100,2020,1,22,3,18283
9244.0,9244.0,9244.0,9200.0,0,2020,1,30,4,18291
9244.0,9244.0,9244.0,9200.0,0,2020,1,31,5,18292
9596.0,9596.0,9596.0,9600.0,1500,2020,2,3,1,18295
9596.0,9596.0,9596.0,9600.0,0,2020,2,4,2,18296
9596.0,9596.0,9596.0,9600.0,0,2020,2,5,3,18297
9596.0,9596.0,9596.0,9600.0,0,2020,2,6,4,18298
9596.0,9596.0,9596.0,9600.0,0,2020,2,7,5,18299
9596.0,9596.0,9596.0,9600.0,0,2020,2,10,1,18302
9596.0,9596.0,9596.0,9600.0,0,2020,2,11,2,18303
9596.0,9596.0,9596.0,9600.0,0,2020,2,12,3,18304
9596.0,9596.0,9596.0,9600.0,0,2020,2,13,4,18305
9596.0,9596.0,9596.0,9600.0,0,2020,2,14,5,18306
9596.0,9596.0,9596.0,9600.0,0,2020,2,17,1,18309
9596.0,9596.0,9596.0,9600.0,0,2020,2,18,2,18310
9596.0,9596.0,9596.0,9600.0,0,2020,2,19,3,18311
8363.0,8363.0,8363.0,8400.0,8500,2020,2,20,4,18312
8187.0,8363.0,8363.0,8200.0,15300,2020,2,21,5,18313
8187.0,8187.0,8187.0,8200.0,0,2020,2,24,1,18316
8187.0,8187.0,8187.0,8200.0,600,2020,2,25,2,18317
7131.0,9332.0,9332.0,7400.0,1100,2020,2,26,3,18318
7483.0,8363.0,8363.0,8000.0,1700,2020,2,27,4,18319
8011.0,8011.0,8011.0,8000.0,0,2020,2,28,5,18320
8011.0,8011.0,8011.0,8000.0,0,2020,3,2,1,18323
7131.0,9156.0,9156.0,7600.0,3100,2020,3,3,2,18324
8363.0,8628.0,8628.0,8500.0,200,2020,3,4,3,18325
9684.0,9684.0,9684.0,9700.0,100,2020,3,5,4,18326
10564.0,10564.0,10564.0,10600.0,100,2020,3,6,5,18327
10564.0,10564.0,10564.0,10600.0,0,2020,3,9,1,18330
10564.0,10564.0,10564.0,10600.0,0,2020,3,10,2,18331
10564.0,10564.0,10564.0,10600.0,0,2020,3,11,3,18332
10564.0,10564.0,10564.0,10600.0,0,2020,3,12,4,18333
10564.0,10564.0,10564.0,10600.0,0,2020,3,13,5,18334
10564.0,10564.0,10564.0,10600.0,0,2020,3,16,1,18337
10564.0,10564.0,10564.0,10600.0,0,2020,3,17,2,18338
10564.0,10564.0,10564.0,10600.0,0,2020,3,18,3,18339
10564.0,10564.0,10564.0,10600.0,0,2020,3,19,4,18340
10564.0,10564.0,10564.0,10600.0,0,2020,3,20,5,18341
10564.0,10564.0,10564.0,10600.0,0,2020,3,23,1,18344
10564.0,10564.0,10564.0,10600.0,0,2020,3,24,2,18345
10564.0,10564.0,10564.0,10600.0,0,2020,3,25,3,18346
10564.0,10564.0,10564.0,10600.0,0,2020,3,26,4,18347
10564.0,10564.0,10564.0,10600.0,0,2020,3,27,5,18348
10564.0,10564.0,10564.0,10600.0,0,2020,3,30,1,18351
10564.0,10564.0,10564.0,10600.0,0,2020,3,31,2,18352
10564.0,10564.0,10564.0,10600.0,0,2020,4,1,3,18353
10564.0,10564.0,10564.0,10600.0,0,2020,4,3,5,18355
10564.0,10564.0,10564.0,10600.0,0,2020,4,6,1,18358
10564.0,10564.0,10564.0,10600.0,0,2020,4,7,2,18359
9684.0,9684.0,9684.0,9700.0,100,2020,4,8,3,18360
9684.0,9684.0,9684.0,9700.0,0,2020,4,9,4,18361
9684.0,9684.0,9684.0,9700.0,0,2020,4,10,5,18362
9684.0,9684.0,9684.0,9700.0,0,2020,4,13,1,18365
9684.0,9684.0,9684.0,9700.0,0,2020,4,14,2,18366
9684.0,9684.0,9684.0,9700.0,0,2020,4,15,3,18367
9684.0,9684.0,9684.0,9700.0,0,2020,4,16,4,18368
9684.0,9684.0,9684.0,9700.0,0,2020,4,17,5,18369
9684.0,9684.0,9684.0,9700.0,0,2020,4,20,1,18372
9684.0,9684.0,9684.0,9700.0,0,2020,4,21,2,18373
9684.0,9684.0,9684.0,9700.0,0,2020,4,22,3,18374
9684.0,9684.0,9684.0,9700.0,0,2020,4,23,4,18375
9684.0,9684.0,9684.0,9700.0,0,2020,4,24,5,18376
9684.0,9684.0,9684.0,9700.0,0,2020,4,27,1,18379
9684.0,9684.0,9684.0,9700.0,0,2020,4,28,2,18380
9684.0,9684.0,9684.0,9700.0,0,2020,4,29,3,18381
9684.0,9684.0,9684.0,9700.0,0,2020,5,4,1,18386
9684.0,9684.0,9684.0,9700.0,0,2020,5,5,2,18387
9684.0,9684.0,9684.0,9700.0,0,2020,5,6,3,18388
9684.0,9684.0,9684.0,9700.0,0,2020,5,7,4,18389
8275.0,8275.0,8275.0,8300.0,1500,2020,5,8,5,18390
7747.0,8275.0,8275.0,7800.0,20500,2020,5,11,1,18393
8892.0,8892.0,8892.0,8900.0,100,2020,5,12,2,18394
7571.0,7571.0,7571.0,7600.0,2100,2020,5,13,3,18395
7923.0,8628.0,8628.0,8100.0,400,2020,5,14,4,18396
8099.0,8099.0,8099.0,8100.0,0,2020,5,15,5,18397
9156.0,9156.0,9156.0,9200.0,200,2020,5,18,1,18400
9156.0,9156.0,9156.0,9200.0,0,2020,5,19,2,18401
7835.0,7835.0,7835.0,7800.0,4000,2020,5,20,3,18402
7835.0,7835.0,7835.0,7800.0,0,2020,5,21,4,18403
7835.0,7835.0,7835.0,7800.0,0,2020,5,22,5,18404
8011.0,8980.0,8980.0,8300.0,300,2020,5,25,1,18407
7483.0,9596.0,9596.0,7700.0,1100,2020,5,26,2,18408
7659.0,7659.0,7659.0,7700.0,0,2020,5,27,3,18409
7659.0,7659.0,7659.0,7700.0,0,2020,5,28,4,18410
7043.0,8804.0,7043.0,7500.0,1600,2020,5,29,5,18411
8451.0,8451.0,8451.0,8500.0,200,2020,6,1,1,18414
8451.0,8451.0,8451.0,8500.0,0,2020,6,2,2,18415
7483.0,8011.0,8011.0,7600.0,600,2020,6,3,3,18416
8451.0,8451.0,8451.0,8500.0,100,2020,6,4,4,18417
9244.0,9244.0,9244.0,9200.0,100,2020,6,5,5,18418
9244.0,9244.0,9244.0,9200.0,0,2020,6,8,1,18421
9244.0,9244.0,9244.0,9200.0,0,2020,6,9,2,18422
8363.0,8363.0,8363.0,8400.0,200,2020,6,10,3,18423
9156.0,9156.0,9156.0,9200.0,100,2020,6,11,4,18424
9156.0,9156.0,9156.0,9200.0,0,2020,6,12,5,18425
9156.0,9156.0,9156.0,9200.0,0,2020,6,15,1,18428
9156.0,9156.0,9156.0,9200.0,0,2020,6,16,2,18429
8363.0,9244.0,9244.0,8800.0,200,2020,6,17,3,18430
8804.0,8804.0,8804.0,8800.0,0,2020,6,18,4,18431
9596.0,9596.0,9596.0,9600.0,100,2020,6,19,5,18432
8363.0,8363.0,8363.0,8400.0,100,2020,6,22,1,18435
8275.0,8363.0,8363.0,8300.0,1400,2020,6,23,2,18436
8275.0,8275.0,8275.0,8300.0,100,2020,6,24,3,18437
7747.0,7747.0,7747.0,7700.0,15000,2020,6,25,4,18438
7923.0,7923.0,7923.0,7900.0,100,2020,6,26,5,18439
7923.0,7923.0,7923.0,7900.0,100,2020,6,29,1,18442
7483.0,9068.0,7483.0,7600.0,2700,2020,6,30,2,18443
7659.0,7659.0,7659.0,7700.0,0,2020,7,1,3,18444
8363.0,8363.0,8363.0,8400.0,4000,2020,7,2,4,18445
8363.0,8363.0,8363.0,8400.0,0,2020,7,3,5,18446
8363.0,8363.0,8363.0,8400.0,0,2020,7,6,1,18449
7923.0,8363.0,8363.0,8300.0,1700,2020,7,7,2,18450
8363.0,8363.0,8363.0,8400.0,16000,2020,7,8,3,18451
8363.0,8363.0,8363.0,8400.0,0,2020,7,9,4,18452
8628.0,8628.0,8628.0,8600.0,100,2020,7,10,5,18453
8628.0,8628.0,8628.0,8600.0,0,2020,7,13,1,18456
8628.0,8628.0,8628.0,8600.0,0,2020,7,14,2,18457
8628.0,8628.0,8628.0,8600.0,0,2020,7,15,3,18458
8628.0,8628.0,8628.0,8600.0,0,2020,7,16,4,18459
8628.0,8628.0,8628.0,8600.0,0,2020,7,17,5,18460
7395.0,9860.0,9860.0,7700.0,700,2020,7,20,1,18463
8011.0,8011.0,8011.0,8000.0,5700,2020,7,21,2,18464
8011.0,8011.0,8011.0,8000.0,10,2020,7,22,3,18465
8011.0,8011.0,8011.0,8000.0,0,2020,7,23,4,18466
8011.0,8011.0,8011.0,8000.0,0,2020,7,24,5,18467
7131.0,7131.0,7131.0,7100.0,200,2020,7,27,1,18470
7131.0,7131.0,7131.0,7100.0,0,2020,7,28,2,18471
7131.0,7131.0,7131.0,7100.0,0,2020,7,29,3,18472
8187.0,8187.0,8187.0,8200.0,100,2020,7,30,4,18473
8187.0,8187.0,8187.0,8200.0,0,2020,7,31,5,18474
8187.0,8187.0,8187.0,8200.0,0,2020,8,3,1,18477
8187.0,8187.0,8187.0,8200.0,0,2020,8,4,2,18478
8187.0,8187.0,8187.0,8200.0,0,2020,8,5,3,18479
8187.0,8187.0,8187.0,8200.0,0,2020,8,6,4,18480
8187.0,8187.0,8187.0,8200.0,200,2020,8,7,5,18481
8363.0,8363.0,8363.0,8400.0,200,2020,8,10,1,18484
8011.0,9244.0,9244.0,8400.0,300,2020,8,11,2,18485
8451.0,8451.0,8451.0,8500.0,0,2020,8,12,3,18486
8011.0,8011.0,8011.0,8000.0,1000,2020,8,13,4,18487
8011.0,8011.0,8011.0,8000.0,0,2020,8,14,5,18488
8011.0,8011.0,8011.0,8000.0,0,2020,8,17,1,18491
8011.0,8011.0,8011.0,8000.0,0,2020,8,18,2,18492
8011.0,8011.0,8011.0,8000.0,0,2020,8,19,3,18493
8011.0,8011.0,8011.0,8000.0,0,2020,8,20,4,18494
8716.0,9156.0,8716.0,8900.0,200,2020,8,21,5,18495
8804.0,8804.0,8804.0,8800.0,300,2020,8,24,1,18498
8804.0,8804.0,8804.0,8800.0,400,2020,8,25,2,18499
8804.0,8804.0,8804.0,8800.0,201,2020,8,26,3,18500
8804.0,8804.0,8804.0,8800.0,0,2020,8,27,4,18501
9068.0,9068.0,9068.0,9100.0,109,2020,8,28,5,18502
8804.0,8804.0,8804.0,8800.0,100,2020,8,31,1,18505
8804.0,8892.0,8804.0,8800.0,7900,2020,9,1,2,18506
8804.0,8804.0,8804.0,8800.0,4200,2020,9,3,4,18508
8804.0,8804.0,8804.0,8800.0,0,2020,9,4,5,18509
8804.0,8804.0,8804.0,8800.0,0,2020,9,7,1,18512
8804.0,8804.0,8804.0,8800.0,0,2020,9,8,2,18513
8804.0,8804.0,8804.0,8800.0,0,2020,9,9,3,18514
8804.0,8804.0,8804.0,8800.0,0,2020,9,10,4,18515
8804.0,8804.0,8804.0,8800.0,0,2020,9,11,5,18516
8804.0,8804.0,8804.0,8800.0,0,2020,9,14,1,18519
8804.0,8804.0,8804.0,8800.0,0,2020,9,15,2,18520
8804.0,8804.0,8804.0,8800.0,0,2020,9,16,3,18521
8804.0,8804.0,8804.0,8800.0,0,2020,9,17,4,18522
8804.0,8804.0,8804.0,8800.0,0,2020,9,18,5,18523
8804.0,8804.0,8804.0,8800.0,0,2020,9,21,1,18526
8804.0,8804.0,8804.0,8800.0,0,2020,9,22,2,18527
8804.0,8804.0,8804.0,8800.0,0,2020,9,23,3,18528
8804.0,8804.0,8804.0,8800.0,0,2020,9,24,4,18529
8804.0,8804.0,8804.0,8800.0,0,2020,9,25,5,18530
9267.0,9267.0,9267.0,9300.0,200,2020,9,28,1,18533
9267.0,9267.0,9267.0,9300.0,0,2020,9,29,2,18534
9267.0,9267.0,9267.0,9300.0,0,2020,9,30,3,18535
9267.0,9267.0,9267.0,9300.0,0,2020,10,1,4,18536
9267.0,9267.0,9267.0,9300.0,0,2020,10,2,5,18537
9267.0,9267.0,9267.0,9300.0,0,2020,10,5,1,18540
9267.0,9267.0,9267.0,9300.0,0,2020,10,6,2,18541
9267.0,9267.0,9267.0,9300.0,200,2020,10,7,3,18542
9267.0,9267.0,9267.0,9300.0,1000,2020,10,8,4,18543
9267.0,9267.0,9267.0,9300.0,0,2020,10,9,5,18544
9267.0,9267.0,9267.0,9300.0,0,2020,10,12,1,18547
9267.0,9267.0,9267.0,9300.0,100,2020,10,13,2,18548
9267.0,9267.0,9267.0,9300.0,0,2020,10,14,3,18549
9267.0,9267.0,9267.0,9300.0,0,2020,10,15,4,18550
9267.0,9267.0,9267.0,9300.0,0,2020,10,16,5,18551
9267.0,9267.0,9267.0,9300.0,0,2020,10,19,1,18554
9267.0,9267.0,9267.0,9300.0,0,2020,10,20,2,18555
9267.0,9267.0,9267.0,9300.0,100,2020,10,21,3,18556
8804.0,9267.0,8804.0,9000.0,400,2020,10,22,4,18557
8340.0,8340.0,8340.0,8300.0,1100,2020,10,23,5,18558
8340.0,8340.0,8340.0,8300.0,0,2020,10,26,1,18561
8340.0,8340.0,8340.0,8300.0,1100,2020,10,27,2,18562
8804.0,8804.0,8804.0,8800.0,500,2020,10,28,3,18563
8804.0,8804.0,8804.0,8800.0,0,2020,10,29,4,18564
8804.0,8804.0,8804.0,8800.0,0,2020,10,30,5,18565
8804.0,8804.0,8804.0,8800.0,0,2020,11,2,1,18568
8804.0,8804.0,8804.0,8800.0,0,2020,11,3,2,18569
9267.0,9267.0,9267.0,9300.0,500,2020,11,4,3,18570
9267.0,9267.0,9267.0,9300.0,0,2020,11,5,4,18571
9267.0,9267.0,9267.0,9300.0,0,2020,11,6,5,18572
9267.0,9267.0,9267.0,9300.0,0,2020,11,9,1,18575
9267.0,9267.0,9267.0,9300.0,0,2020,11,10,2,18576
9267.0,9267.0,9267.0,9300.0,0,2020,11,11,3,18577
8804.0,9267.0,8804.0,9300.0,3100,2020,11,12,4,18578
9267.0,9267.0,9267.0,9300.0,0,2020,11,13,5,18579
8340.0,8340.0,8340.0,8300.0,2100,2020,11,16,1,18582
8433.0,8433.0,8433.0,8400.0,100,2020,11,17,2,18583
8433.0,8433.0,8433.0,8400.0,0,2020,11,18,3,18584
8433.0,8433.0,8433.0,8400.0,0,2020,11,19,4,18585
8433.0,8433.0,8433.0,8400.0,0,2020,11,20,5,18586
8433.0,8433.0,8433.0,8400.0,0,2020,11,23,1,18589
8804.0,8804.0,8804.0,8800.0,1100,2020,11,24,2,18590
8804.0,8804.0,8804.0,8800.0,0,2020,11,25,3,18591
8804.0,8804.0,8804.0,8800.0,0,2020,11,26,4,18592
8804.0,8804.0,8804.0,8800.0,0,2020,11,27,5,18593
9267.0,9267.0,9267.0,9300.0,19500,2020,11,30,1,18596
9174.0,9267.0,9174.0,9200.0,4400,2020,12,1,2,18597
9174.0,9174.0,9174.0,9200.0,0,2020,12,2,3,18598
9267.0,9267.0,9267.0,9300.0,7000,2020,12,3,4,18599
7970.0,7970.0,7970.0,8000.0,500,2020,12,4,5,18600
7506.0,8896.0,7506.0,7700.0,600,2020,12,7,1,18603
8896.0,8896.0,8896.0,8900.0,6000,2020,12,8,2,18604
8526.0,9360.0,9267.0,9200.0,10300,2020,12,9,3,18605
8896.0,8896.0,8896.0,8900.0,6300,2020,12,10,4,18606
8896.0,9267.0,8896.0,9200.0,4000,2020,12,11,5,18607
8433.0,9267.0,8433.0,9000.0,9600,2020,12,14,1,18610
9267.0,9267.0,9267.0,9300.0,3900,2020,12,15,2,18611
8896.0,9267.0,8896.0,9200.0,5700,2020,12,16,3,18612
9267.0,9267.0,9267.0,9300.0,4000,2020,12,17,4,18613
7970.0,9267.0,9267.0,9100.0,5690,2020,12,18,5,18614
8989.0,8989.0,8989.0,9000.0,1000,2020,12,21,1,18617
8989.0,8989.0,8989.0,9000.0,0,2020,12,22,2,18618
8896.0,8896.0,8896.0,8900.0,1000,2020,12,23,3,18619
8526.0,8526.0,8526.0,8500.0,200,2020,12,24,4,18620
8526.0,8526.0,8526.0,8500.0,0,2020,12,25,5,18621
7970.0,8896.0,7970.0,8600.0,1500,2020,12,28,1,18624
8618.0,8618.0,8618.0,8600.0,0,2020,12,29,2,18625
8896.0,9267.0,8896.0,9200.0,7300,2020,12,30,3,18626
7970.0,10472.0,10472.0,8600.0,900,2020,12,31,4,18627
8062.0,9267.0,8062.0,9200.0,13610,2021,1,4,1,18631
8526.0,9267.0,8526.0,9000.0,1400,2021,1,5,2,18632
8711.0,9267.0,8711.0,8800.0,600,2021,1,6,3,18633
9267.0,9267.0,9267.0,9300.0,3100,2021,1,7,4,18634
9267.0,9267.0,9267.0,9300.0,6600,2021,1,8,5,18635
9267.0,9267.0,9267.0,9300.0,13000,2021,1,11,1,18638
9267.0,9267.0,9267.0,9300.0,4300,2021,1,12,2,18639
9267.0,9267.0,9267.0,9300.0,0,2021,1,13,3,18640
9360.0,9360.0,9360.0,9400.0,500,2021,1,14,4,18641
9360.0,9360.0,9360.0,9400.0,1000,2021,1,15,5,18642
8248.0,9267.0,8248.0,9200.0,7000,2021,1,18,1,18645
9267.0,10194.0,10194.0,9300.0,30100,2021,1,19,2,18646
9267.0,9267.0,9267.0,9300.0,0,2021,1,20,3,18647
9267.0,9267.0,9267.0,9300.0,0,2021,1,21,4,18648
9267.0,9267.0,9267.0,9300.0,3,2021,1,22,5,18649
9267.0,9267.0,9267.0,9300.0,0,2021,1,25,1,18652
8433.0,8433.0,8433.0,8400.0,100,2021,1,26,2,18653
9545.0,9545.0,9545.0,9500.0,800,2021,1,27,3,18654
8248.0,10750.0,9360.0,9200.0,6100,2021,1,28,4,18655
9174.0,9174.0,9174.0,9200.0,0,2021,1,29,5,18656
9174.0,9174.0,9174.0,9200.0,0,2021,2,1,1,18659
10379.0,10379.0,10379.0,10400.0,100,2021,2,2,2,18660
9267.0,11028.0,11028.0,10300.0,500,2021,2,3,3,18661
11676.0,11676.0,11676.0,11700.0,100,2021,2,4,4,18662
11676.0,11676.0,11676.0,11700.0,0,2021,2,5,5,18663
11676.0,11676.0,11676.0,11700.0,0,2021,2,8,1,18666
10008.0,10008.0,10008.0,10000.0,100,2021,2,9,2,18667
10101.0,10101.0,10101.0,10100.0,2000,2021,2,17,3,18675
10101.0,10101.0,10101.0,10100.0,0,2021,2,18,4,18676
10101.0,10101.0,10101.0,10100.0,87,2021,2,19,5,18677
10101.0,10101.0,10101.0,10100.0,0,2021,2,22,1,18680
9360.0,9360.0,9360.0,9400.0,200,2021,2,23,2,18681
9360.0,10101.0,10101.0,9400.0,4300,2021,2,24,3,18682
10101.0,10101.0,10101.0,10100.0,200,2021,2,25,4,18683
9730.0,9730.0,9730.0,9700.0,2500,2021,2,26,5,18684
10564.0,10564.0,10564.0,10600.0,100,2021,3,1,1,18687
10194.0,10194.0,10194.0,10200.0,300,2021,3,2,2,18688
9174.0,11584.0,11584.0,9300.0,5600,2021,3,3,3,18689
10101.0,10101.0,10101.0,10100.0,300,2021,3,4,4,18690
10008.0,10008.0,10008.0,10000.0,500,2021,3,5,5,18691
10008.0,10008.0,10008.0,10000.0,0,2021,3,8,1,18694
10008.0,10008.0,10008.0,10000.0,0,2021,3,9,2,18695
9267.0,9267.0,9267.0,9300.0,500,2021,3,10,3,18696
9730.0,10008.0,9730.0,10000.0,22200,2021,3,11,4,18697
9916.0,10008.0,9916.0,10000.0,3000,2021,3,12,5,18698
10008.0,10008.0,10008.0,10000.0,0,2021,3,15,1,18701
8896.0,8896.0,8896.0,8900.0,500,2021,3,16,2,18702
8896.0,8896.0,8896.0,8900.0,0,2021,3,17,3,18703
8896.0,8896.0,8896.0,8900.0,0,2021,3,18,4,18704
8896.0,8896.0,8896.0,8900.0,0,2021,3,19,5,18705
8896.0,9360.0,8896.0,9200.0,20700,2021,3,22,1,18708
9267.0,9267.0,9267.0,9300.0,300,2021,3,23,2,18709
8433.0,8433.0,8433.0,8400.0,1700,2021,3,24,3,18710
8433.0,8433.0,8433.0,8400.0,0,2021,3,25,4,18711
8433.0,8433.0,8433.0,8400.0,0,2021,3,26,5,18712
8896.0,9638.0,9638.0,9000.0,1000,2021,3,29,1,18715
7970.0,7970.0,7970.0,8000.0,1000,2021,3,30,2,18716
7970.0,7970.0,7970.0,8000.0,0,2021,3,31,3,18717
9082.0,9082.0,9082.0,9100.0,200,2021,4,1,4,18718
8896.0,10194.0,8896.0,9400.0,500,2021,4,2,5,18719
8433.0,8433.0,8433.0,8400.0,1000,2021,4,5,1,18722
8433.0,8433.0,8433.0,8400.0,0,2021,4,6,2,18723
9267.0,9267.0,9267.0,9300.0,6800,2021,4,7,3,18724
8526.0,8526.0,8526.0,8500.0,1000,2021,4,8,4,18725
8526.0,8526.0,8526.0,8500.0,0,2021,4,9,5,18726
8526.0,8526.0,8526.0,8500.0,0,2021,4,12,1,18729
8526.0,8526.0,8526.0,8500.0,0,2021,4,13,2,18730
8526.0,8526.0,8526.0,8500.0,0,2021,4,14,3,18731
9267.0,9267.0,9267.0,9300.0,3500,2021,4,15,4,18732
7970.0,8618.0,8618.0,8300.0,400,2021,4,16,5,18733
8340.0,8340.0,8340.0,8300.0,0,2021,4,19,1,18736
9174.0,9545.0,9545.0,9500.0,1300,2021,4,20,2,18737
8340.0,9267.0,9267.0,9200.0,2800,2021,4,22,4,18739
9267.0,9267.0,9267.0,9300.0,1300,2021,4,23,5,18740
9267.0,9267.0,9267.0,9300.0,0,2021,4,26,1,18743
9267.0,9267.0,9267.0,9300.0,0,2021,4,27,2,18744
7877.0,10472.0,7877.0,8700.0,300,2021,4,28,3,18745
8526.0,8526.0,8526.0,8500.0,100,2021,4,29,4,18746
8526.0,8526.0,8526.0,8500.0,0,2021,5,4,2,18751
9730.0,9730.0,9730.0,9700.0,103,2021,5,5,3,18752
9730.0,9730.0,9730.0,9700.0,0,2021,5,6,4,18753
9730.0,11120.0,11120.0,10000.0,600,2021,5,7,5,18754
10101.0,10101.0,10101.0,10100.0,100,2021,5,10,1,18757
9267.0,9267.0,9267.0,9300.0,100,2021,5,11,2,18758
9267.0,9267.0,9267.0,9300.0,0,2021,5,12,3,18759
9267.0,9267.0,9267.0,9300.0,0,2021,5,13,4,18760
9174.0,9267.0,9267.0,9200.0,5100,2021,5,14,5,18761
9267.0,9267.0,9267.0,9300.0,0,2021,5,17,1,18764
9267.0,9267.0,9267.0,9300.0,0,2021,5,18,2,18765
8711.0,8711.0,8711.0,8700.0,100,2021,5,19,3,18766
9082.0,9082.0,9082.0,9100.0,3000,2021,5,20,4,18767
9082.0,9082.0,9082.0,9100.0,0,2021,5,21,5,18768
9082.0,9082.0,9082.0,9100.0,0,2021,5,24,1,18771
8618.0,8618.0,8618.0,8600.0,1000,2021,5,25,2,18772
8433.0,8433.0,8433.0,8400.0,503,2021,5,26,3,18773
8433.0,8433.0,8433.0,8400.0,0,2021,5,27,4,18774
8804.0,8804.0,8804.0,8800.0,500,2021,5,28,5,18775
8804.0,8804.0,8804.0,8800.0,0,2021,5,31,1,18778
8804.0,8804.0,8804.0,8800.0,0,2021,6,1,2,18779
8804.0,8804.0,8804.0,8800.0,0,2021,6,2,3,18780
9174.0,9174.0,9174.0,9200.0,100,2021,6,3,4,18781
9267.0,9267.0,9267.0,9300.0,1000,2021,6,4,5,18782
9267.0,9267.0,9267.0,9300.0,500,2021,6,7,1,18785
9267.0,9267.0,9267.0,9300.0,0,2021,6,8,2,18786
9267.0,9267.0,9267.0,9300.0,4000,2021,6,9,3,18787
8896.0,8989.0,8896.0,8900.0,900,2021,6,10,4,18788
8989.0,9730.0,8989.0,9600.0,38700,2021,6,11,5,18789
9730.0,10194.0,10194.0,9700.0,4800,2021,6,14,1,18792
9452.0,9730.0,9730.0,9700.0,3500,2021,6,15,2,18793
9730.0,9730.0,9730.0,9700.0,12900,2021,6,16,3,18794
9174.0,9174.0,9174.0,9200.0,1000,2021,6,17,4,18795
9174.0,9174.0,9174.0,9200.0,0,2021,6,18,5,18796
9174.0,9174.0,9174.0,9200.0,0,2021,6,21,1,18799
9174.0,9174.0,9174.0,9200.0,0,2021,6,22,2,18800
9916.0,9916.0,9916.0,9900.0,500,2021,6,23,3,18801
10564.0,10564.0,10564.0,10600.0,500,2021,6,24,4,18802
10564.0,10564.0,10564.0,10600.0,0,2021,6,25,5,18803
10564.0,10564.0,10564.0,10600.0,0,2021,6,28,1,18806
11028.0,11028.0,11028.0,11000.0,500,2021,6,29,2,18807
11028.0,11028.0,11028.0,11000.0,0,2021,6,30,3,18808
11028.0,11028.0,11028.0,11000.0,0,2021,7,1,4,18809
11028.0,11028.0,11028.0,11000.0,0,2021,7,2,5,18810
9823.0,11491.0,11491.0,10200.0,4200,2021,7,5,1,18813
9545.0,9545.0,9545.0,9500.0,3000,2021,7,6,2,18814
10101.0,10101.0,10101.0,10100.0,110,2021,7,7,3,18815
10101.0,10101.0,10101.0,10100.0,500,2021,7,8,4,18816
10564.0,10564.0,10564.0,10600.0,100,2021,7,9,5,18817
9267.0,9267.0,9267.0,9300.0,5000,2021,7,12,1,18820
9267.0,9267.0,9267.0,9300.0,0,2021,7,13,2,18821
9267.0,9267.0,9267.0,9300.0,18500,2021,7,14,3,18822
10101.0,10101.0,10101.0,10100.0,100,2021,7,15,4,18823
10564.0,10564.0,10564.0,10600.0,100,2021,7,16,5,18824
11028.0,11028.0,11028.0,11000.0,100,2021,7,19,1,18827
9452.0,9452.0,9452.0,9500.0,100,2021,7,20,2,18828
9267.0,10008.0,10008.0,9300.0,10100,2021,7,21,3,18829
9267.0,9267.0,9267.0,9300.0,0,2021,7,22,4,18830
10008.0,10008.0,10008.0,10000.0,1100,2021,7,23,5,18831
10564.0,10564.0,10564.0,10600.0,100,2021,7,26,1,18834
10564.0,10564.0,10564.0,10600.0,10,2021,7,27,2,18835
10564.0,10564.0,10564.0,10600.0,0,2021,7,28,3,18836
10564.0,10564.0,10564.0,10600.0,0,2021,7,29,4,18837
9082.0,9082.0,9082.0,9100.0,240,2021,7,30,5,18838
9082.0,9082.0,9082.0,9100.0,0,2021,8,2,1,18841
9082.0,9082.0,9082.0,9100.0,0,2021,8,3,2,18842
10101.0,10101.0,10101.0,10100.0,100,2021,8,4,3,18843
9730.0,11028.0,11028.0,10200.0,300,2021,8,5,4,18844
10194.0,10194.0,10194.0,10200.0,0,2021,8,6,5,18845
10194.0,10194.0,10194.0,10200.0,100,2021,8,9,1,18848
10194.0,10194.0,10194.0,10200.0,0,2021,8,10,2,18849
10194.0,10194.0,10194.0,10200.0,0,2021,8,11,3,18850
10194.0,10194.0,10194.0,10200.0,0,2021,8,12,4,18851
10194.0,11028.0,11028.0,10300.0,1200,2021,8,13,5,18852
10750.0,10750.0,10750.0,10700.0,301,2021,8,16,1,18855
10101.0,11028.0,11028.0,10600.0,200,2021,8,17,2,18856
10564.0,10564.0,10564.0,10600.0,11,2021,8,18,3,18857
10564.0,10564.0,10564.0,10600.0,15,2021,8,19,4,18858
9174.0,9267.0,9174.0,9300.0,1400,2021,8,20,5,18859
9082.0,9267.0,9174.0,9100.0,13300,2021,8,23,1,18862
8526.0,8526.0,8526.0,8500.0,700,2021,8,24,2,18863
8896.0,8896.0,8896.0,8900.0,100,2021,8,25,3,18864
9174.0,9267.0,9267.0,9300.0,2800,2021,8,26,4,18865
8896.0,8896.0,8896.0,8900.0,0,2021,8,27,5,18866
8896.0,8896.0,8896.0,8900.0,0,2021,8,30,1,18869
9267.0,9267.0,9267.0,9300.0,20300,2021,8,31,2,18870
9267.0,9267.0,9267.0,9300.0,0,2021,9,1,3,18871
9267.0,9267.0,9267.0,9300.0,300,2021,9,6,1,18876
9267.0,9267.0,9267.0,9300.0,0,2021,9,7,2,18877
9267.0,9267.0,9267.0,9300.0,203,2021,9,8,3,18878
9267.0,9267.0,9267.0,9300.0,0,2021,9,9,4,18879
9267.0,9730.0,9267.0,9600.0,4105,2021,9,10,5,18880
9638.0,9638.0,9638.0,9600.0,0,2021,9,13,1,18883
9435.0,9628.0,9628.0,9500.0,3500,2021,9,14,2,18884
9532.0,9821.0,9532.0,9700.0,4030,2021,9,15,3,18885
9724.0,9724.0,9724.0,9700.0,0,2021,9,16,4,18886
9147.0,9532.0,9532.0,9400.0,5000,2021,9,17,5,18887
9435.0,9435.0,9435.0,9400.0,100,2021,9,20,1,18890
9917.0,10495.0,9917.0,10000.0,5400,2021,9,21,2,18891
10109.0,11072.0,10591.0,10600.0,38800,2021,9,22,3,18892
10398.0,11265.0,11072.0,11000.0,71000,2021,9,23,4,18893
11072.0,11554.0,11072.0,11100.0,7300,2021,9,24,5,18894
9724.0,10013.0,9821.0,9900.0,9600,2021,9,27,1,18897
9724.0,9917.0,9821.0,9800.0,10400,2021,9,28,2,18898
9724.0,9917.0,9917.0,9700.0,2400,2021,9,29,3,18899
9724.0,10109.0,9724.0,9700.0,16000,2021,9,30,4,18900
9821.0,10109.0,9917.0,10100.0,6100,2021,10,1,5,18901
10109.0,10109.0,10109.0,10100.0,0,2021,10,4,1,18904
9821.0,10109.0,9821.0,10100.0,1300,2021,10,5,2,18905
10109.0,10109.0,10109.0,10100.0,100,2021,10,6,3,18906
9724.0,10398.0,10398.0,9800.0,14500,2021,10,7,4,18907
9821.0,9917.0,9917.0,9800.0,4900,2021,10,8,5,18908
10302.0,10398.0,10398.0,10300.0,1100,2021,10,11,1,18911
9917.0,10206.0,9917.0,10100.0,10600,2021,10,12,2,18912
10109.0,10109.0,10109.0,10100.0,0,2021,10,13,3,18913
10206.0,10398.0,10398.0,10200.0,6100,2021,10,14,4,18914
10206.0,10206.0,10206.0,10200.0,1400,2021,10,15,5,18915
10206.0,10206.0,10206.0,10200.0,0,2021,10,18,1,18918
9821.0,9821.0,9821.0,9800.0,1000,2021,10,19,2,18919
9821.0,10398.0,9821.0,10100.0,2300,2021,10,20,3,18920
10013.0,10013.0,10013.0,10000.0,0,2021,10,21,4,18921
9821.0,10302.0,10013.0,9800.0,7100,2021,10,22,5,18922
9917.0,9917.0,9917.0,9900.0,7339,2021,10,25,1,18925
10398.0,10591.0,10495.0,10500.0,12110,2021,10,26,2,18926
10013.0,10495.0,10398.0,10400.0,18700,2021,10,27,3,18927
10109.0,10206.0,10206.0,10200.0,12200,2021,10,28,4,18928
10206.0,10302.0,10206.0,10200.0,6500,2021,10,29,5,18929
10109.0,10398.0,10109.0,10200.0,6900,2021,11,1,1,18932
10206.0,10591.0,10206.0,10400.0,18900,2021,11,2,2,18933
10398.0,11746.0,10398.0,11200.0,74316,2021,11,3,3,18934
11265.0,11457.0,11265.0,11300.0,4800,2021,11,4,4,18935
10495.0,11361.0,11361.0,10700.0,6201,2021,11,5,5,18936
10591.0,10976.0,10591.0,10900.0,5100,2021,11,8,1,18939
9917.0,11072.0,10591.0,10300.0,49417,2021,11,9,2,18940
10206.0,10880.0,10302.0,10400.0,17500,2021,11,10,3,18941
10591.0,11939.0,10591.0,11700.0,115401,2021,11,11,4,18942
11842.0,13479.0,11939.0,13400.0,99917,2021,11,12,5,18943
14635.0,15309.0,15309.0,15300.0,304216,2021,11,15,1,18946
14923.0,17523.0,14923.0,17400.0,1211811,2021,11,16,2,18947
16175.0,18293.0,17619.0,17100.0,312800,2021,11,17,3,18948
15886.0,19545.0,16560.0,17400.0,282500,2021,11,18,4,18949
16849.0,18775.0,18775.0,17700.0,294317,2021,11,19,5,18950
15982.0,17523.0,17138.0,16400.0,432000,2021,11,22,1,18953
16079.0,17234.0,16175.0,16500.0,182100,2021,11,23,2,18954
16079.0,16849.0,16464.0,16300.0,260000,2021,11,24,3,18955
15982.0,16753.0,16271.0,16400.0,98200,2021,11,25,4,18956
16175.0,16656.0,16560.0,16400.0,99200,2021,11,26,5,18957
15790.0,16560.0,16464.0,16300.0,108417,2021,11,29,1,18960
16271.0,18004.0,16560.0,17300.0,235800,2021,11,30,2,18961
17330.0,19256.0,17330.0,18700.0,215000,2021,12,1,3,18962
17330.0,18486.0,17812.0,17700.0,120900,2021,12,2,4,18963
16560.0,17330.0,17330.0,16900.0,104500,2021,12,3,5,18964
15116.0,16753.0,16560.0,16000.0,148700,2021,12,6,1,18967
14442.0,16079.0,15020.0,15100.0,160117,2021,12,7,2,18968
14635.0,15501.0,15116.0,15100.0,63900,2021,12,8,3,18969
15116.0,15405.0,15309.0,15300.0,36700,2021,12,9,4,18970
15309.0,15790.0,15694.0,15500.0,48800,2021,12,10,5,18971
15309.0,16271.0,16271.0,15500.0,70600,2021,12,13,1,18974
15405.0,15886.0,15597.0,15600.0,38800,2021,12,14,2,18975
15212.0,15501.0,15501.0,15400.0,44300,2021,12,15,3,18976
15116.0,16368.0,15886.0,15300.0,38700,2021,12,16,4,18977
14827.0,15790.0,15790.0,15000.0,48200,2021,12,17,5,18978
14635.0,15020.0,14635.0,14800.0,21400,2021,12,20,1,18981
13672.0,14827.0,14827.0,14000.0,112200,2021,12,21,2,18982
12998.0,13961.0,13961.0,13300.0,118500,2021,12,22,3,18983
12998.0,13479.0,13479.0,13300.0,70400,2021,12,23,4,18984
12998.0,13479.0,12998.0,13100.0,33700,2021,12,24,5,18985
13287.0,13479.0,13287.0,13400.0,23900,2021,12,27,1,18988
13094.0,13383.0,13383.0,13300.0,47900,2021,12,28,2,18989
12902.0,13864.0,12902.0,13300.0,59800,2021,12,29,3,18990
13190.0,13672.0,13672.0,13400.0,22100,2021,12,30,4,18991
13479.0,13961.0,13575.0,13600.0,31200,2021,12,31,5,18992
13672.0,14827.0,13672.0,14200.0,59100,2022,1,4,2,18996
14153.0,14923.0,14923.0,14500.0,40500,2022,1,5,3,18997
13961.0,14635.0,14538.0,14500.0,57200,2022,1,6,4,18998
14346.0,14731.0,14346.0,14500.0,70100,2022,1,7,5,18999
14249.0,14731.0,14731.0,14400.0,43000,2022,1,10,1,19002
14346.0,14731.0,14635.0,14600.0,51700,2022,1,11,2,19003
12613.0,14538.0,14442.0,13900.0,75600,2022,1,12,3,19004
13479.0,14827.0,13961.0,13900.0,36700,2022,1,13,4,19005
12998.0,13864.0,12998.0,13400.0,7100,2022,1,14,5,19006
13094.0,14442.0,13094.0,13200.0,20600,2022,1,17,1,19009
12516.0,12709.0,12709.0,12700.0,32200,2022,1,18,2,19010
12324.0,12613.0,12613.0,12500.0,11400,2022,1,19,3,19011
12998.0,13961.0,13961.0,13200.0,8000,2022,1,20,4,19012
12613.0,13575.0,12709.0,12900.0,11900,2022,1,21,5,19013
12035.0,14057.0,14057.0,12600.0,6500,2022,1,24,1,19016
12420.0,13672.0,13672.0,12700.0,3900,2022,1,25,2,19017
12420.0,13287.0,12709.0,12500.0,20100,2022,1,26,3,19018
12324.0,12709.0,12516.0,12500.0,27000,2022,1,27,4,19019
12324.0,12613.0,12516.0,12400.0,14100,2022,1,28,5,19020
12420.0,12902.0,12420.0,12800.0,15200,2022,2,7,1,19030
13094.0,13287.0,13287.0,13100.0,8900,2022,2,8,2,19031
13094.0,13094.0,13094.0,13100.0,3800,2022,2,9,3,19032
12902.0,13094.0,13094.0,13000.0,2700,2022,2,10,4,19033
12998.0,13672.0,12998.0,13300.0,47900,2022,2,11,5,19034
13190.0,14635.0,13190.0,14100.0,60600,2022,2,14,1,19037
13768.0,14153.0,14153.0,14000.0,11900,2022,2,15,2,19038
13672.0,13961.0,13961.0,13800.0,20300,2022,2,16,3,19039
13479.0,13864.0,13864.0,13800.0,6200,2022,2,17,4,19040
13479.0,13864.0,13479.0,13600.0,22800,2022,2,18,5,19041
13575.0,14346.0,13864.0,13900.0,53500,2022,2,21,1,19044
13768.0,14442.0,14057.0,13900.0,37100,2022,2,22,2,19045
13672.0,14153.0,13864.0,13800.0,38500,2022,2,23,3,19046
13094.0,13864.0,13864.0,13500.0,72600,2022,2,24,4,19047
13479.0,14153.0,13479.0,13800.0,18400,2022,2,25,5,19048
13479.0,14731.0,13768.0,14200.0,76500,2022,2,28,1,19051
14442.0,15020.0,14827.0,14800.0,48500,2022,3,1,2,19052
14153.0,14731.0,14731.0,14400.0,28400,2022,3,2,3,19053
14057.0,14442.0,14249.0,14300.0,52500,2022,3,3,4,19054
14249.0,14538.0,14442.0,14300.0,31800,2022,3,4,5,19055
13672.0,14346.0,14346.0,14000.0,46800,2022,3,7,1,19058
13479.0,13961.0,13479.0,13800.0,13300,2022,3,8,2,19059
13479.0,14442.0,13672.0,13700.0,31917,2022,3,9,3,19060
13672.0,14346.0,13864.0,13800.0,38600,2022,3,10,4,19061
13768.0,14249.0,13768.0,13900.0,14600,2022,3,11,5,19062
13864.0,14249.0,14249.0,14100.0,13500,2022,3,14,1,19065
13672.0,14249.0,14057.0,13900.0,19417,2022,3,15,2,19066
13864.0,14249.0,14249.0,14000.0,7100,2022,3,16,3,19067
13961.0,14346.0,13961.0,14200.0,18800,2022,3,17,4,19068
14249.0,14635.0,14249.0,14300.0,31500,2022,3,18,5,19069
14057.0,14346.0,14346.0,14200.0,19200,2022,3,21,1,19072
14153.0,14827.0,14346.0,14500.0,75400,2022,3,22,2,19073
14731.0,16560.0,14827.0,15600.0,109900,2022,3,23,3,19074
15597.0,15886.0,15597.0,15800.0,80600,2022,3,24,4,19075
15309.0,15790.0,15790.0,15600.0,30617,2022,3,25,5,19076
15212.0,15790.0,15597.0,15500.0,74100,2022,3,28,1,19079
15597.0,16079.0,15694.0,15800.0,38700,2022,3,29,2,19080
15309.0,15790.0,15790.0,15400.0,71600,2022,3,30,3,19081
15212.0,15597.0,15405.0,15300.0,79100,2022,3,31,4,19082
14538.0,15212.0,15212.0,14900.0,23400,2022,4,1,5,19083
14923.0,15309.0,15212.0,15100.0,40800,2022,4,4,1,19086
15116.0,15405.0,15212.0,15200.0,28003,2022,4,5,2,19087
14827.0,15212.0,14923.0,15200.0,31700,2022,4,6,3,19088
14923.0,15309.0,15309.0,15000.0,20700,2022,4,7,4,19089
14442.0,15116.0,14923.0,14600.0,32900,2022,4,8,5,19090
13383.0,15212.0,14538.0,14000.0,34700,2022,4,12,2,19094
13961.0,14442.0,14057.0,14000.0,24600,2022,4,13,3,19095
13961.0,14538.0,14057.0,14300.0,5900,2022,4,14,4,19096
13575.0,14249.0,13575.0,13900.0,8800,2022,4,15,5,19097
13575.0,14057.0,13961.0,13900.0,24800,2022,4,18,1,19100
13672.0,13961.0,13768.0,13800.0,27700,2022,4,19,2,19101
12998.0,14346.0,12998.0,14100.0,18200,2022,4,20,3,19102
12228.0,13961.0,12228.0,13500.0,15200,2022,4,21,4,19103
13575.0,14057.0,13575.0,13700.0,23900,2022,4,22,5,19104
12131.0,13768.0,13672.0,13400.0,6800,2022,4,25,1,19107
12131.0,13479.0,12131.0,13200.0,26600,2022,4,26,2,19108
13190.0,13961.0,13961.0,13500.0,4000,2022,4,27,3,19109
12228.0,13864.0,12228.0,13100.0,13003,2022,4,28,4,19110
13094.0,14827.0,13094.0,14300.0,43800,2022,4,29,5,19111
14057.0,14538.0,14442.0,14400.0,7500,2022,5,4,3,19116
13479.0,14346.0,14057.0,13800.0,14000,2022,5,5,4,19117
13479.0,13864.0,13479.0,13800.0,800,2022,5,6,5,19118
12998.0,13575.0,12998.0,13100.0,12400,2022,5,9,1,19121
12709.0,13287.0,13287.0,13200.0,7300,2022,5,10,2,19122
12998.0,13383.0,13383.0,13300.0,4900,2022,5,11,3,19123
12902.0,13287.0,13287.0,13000.0,12000,2022,5,12,4,19124
12613.0,13383.0,13383.0,12800.0,12800,2022,5,13,5,19125
12516.0,13287.0,12902.0,12700.0,25100,2022,5,16,1,19128
11265.0,12998.0,11265.0,12900.0,7800,2022,5,17,2,19129
13672.0,14249.0,13672.0,14100.0,10000,2022,5,18,3,19130
12998.0,13479.0,13190.0,13200.0,28300,2022,5,19,4,19131
13094.0,13575.0,13575.0,13300.0,10600,2022,5,20,5,19132
12709.0,13479.0,13383.0,13200.0,11200,2022,5,23,1,19135
13479.0,13479.0,13479.0,13500.0,1900,2022,5,24,2,19136
12902.0,13383.0,12998.0,13200.0,11800,2022,5,25,3,19137
13383.0,13383.0,13383.0,13400.0,300,2022,5,26,4,19138
12805.0,13287.0,12998.0,13000.0,7900,2022,5,27,5,19139
12998.0,12998.0,12998.0,13000.0,300,2022,5,30,1,19142
12516.0,12998.0,12516.0,12900.0,7803,2022,5,31,2,19143
12613.0,12998.0,12998.0,13000.0,5600,2022,6,1,3,19144
12613.0,13479.0,13479.0,12800.0,50800,2022,6,2,4,19145
12709.0,13094.0,12902.0,12900.0,6700,2022,6,3,5,19146
12902.0,13287.0,13287.0,13100.0,1700,2022,6,6,1,19149
12228.0,12709.0,12613.0,12500.0,34500,2022,6,7,2,19150
12709.0,12902.0,12902.0,12800.0,1100,2022,6,8,3,19151
12516.0,12805.0,12805.0,12600.0,6900,2022,6,9,4,19152
12131.0,12709.0,12228.0,12300.0,4000,2022,6,10,5,19153
11842.0,12709.0,12709.0,12400.0,5200,2022,6,13,1,19156
11361.0,12035.0,11554.0,11600.0,11000,2022,6,14,2,19157
11650.0,12420.0,11650.0,11800.0,18500,2022,6,15,3,19158
11072.0,12420.0,12420.0,12400.0,3000,2022,6,16,4,19159
10591.0,12035.0,11168.0,10900.0,4600,2022,6,17,5,19160
10687.0,12131.0,10880.0,11500.0,4500,2022,6,20,1,19163
10109.0,11361.0,10302.0,10500.0,4700,2022,6,21,2,19164
10591.0,10687.0,10591.0,10600.0,6500,2022,6,22,3,19165
9243.0,11650.0,9243.0,9800.0,4700,2022,6,23,4,19166
9628.0,10976.0,9628.0,10700.0,5100,2022,6,24,5,19167
9435.0,11361.0,9435.0,9900.0,5400,2022,6,27,1,19170
9339.0,10591.0,9339.0,9900.0,10100,2022,6,28,2,19171
9532.0,10591.0,9532.0,9800.0,5800,2022,6,29,3,19172
10013.0,10206.0,10206.0,10100.0,5200,2022,6,30,4,19173
8858.0,10591.0,8858.0,9700.0,11500,2022,7,1,5,19174
9339.0,10206.0,9339.0,9900.0,13500,2022,7,4,1,19177
9532.0,10109.0,9532.0,10000.0,1500,2022,7,5,2,19178
10013.0,10013.0,10013.0,10000.0,0,2022,7,6,3,19179
8954.0,9917.0,8954.0,9600.0,11500,2022,7,7,4,19180
10591.0,10591.0,10591.0,10600.0,100,2022,7,8,5,19181
10591.0,10591.0,10591.0,10600.0,0,2022,7,11,1,19184
10591.0,10591.0,10591.0,10600.0,0,2022,7,12,2,19185
10013.0,10495.0,10109.0,10100.0,7400,2022,7,13,3,19186
10109.0,10109.0,10109.0,10100.0,2600,2022,7,14,4,19187
8761.0,10109.0,8761.0,9500.0,14300,2022,7,15,5,19188
10013.0,10109.0,10013.0,10000.0,7000,2022,7,18,1,19191
10013.0,10109.0,10109.0,10000.0,2900,2022,7,19,2,19192
10783.0,10783.0,10783.0,10800.0,100,2022,7,20,3,19193
10013.0,10783.0,10783.0,10300.0,2400,2022,7,21,4,19194
10013.0,10302.0,10302.0,10000.0,7000,2022,7,22,5,19195
9339.0,10013.0,9339.0,9800.0,10000,2022,7,25,1,19198
9917.0,10013.0,10013.0,9900.0,2000,2022,7,26,2,19199
8858.0,9917.0,8858.0,9200.0,5100,2022,7,27,3,19200
8858.0,9724.0,8858.0,9000.0,4400,2022,7,28,4,19201
10109.0,10206.0,10206.0,10200.0,1000,2022,7,29,5,19202
10013.0,11554.0,11168.0,10900.0,700,2022,8,1,1,19205
10013.0,10206.0,10013.0,10100.0,300,2022,8,2,2,19206
10109.0,10109.0,10109.0,10100.0,0,2022,8,3,3,19207
9243.0,11072.0,9243.0,9700.0,3900,2022,8,4,4,19208
10495.0,10495.0,10495.0,10500.0,100,2022,8,5,5,19209
9821.0,10109.0,9821.0,10000.0,4600,2022,8,8,1,19212
9821.0,10109.0,9821.0,10100.0,4800,2022,8,9,2,19213
10013.0,10109.0,10013.0,10100.0,4800,2022,8,10,3,19214
10109.0,10206.0,10206.0,10100.0,3800,2022,8,11,4,19215
9724.0,10109.0,10109.0,10100.0,9900,2022,8,12,5,19216
10109.0,10109.0,10109.0,10100.0,0,2022,8,15,1,19219
10206.0,11265.0,10398.0,10500.0,1800,2022,8,16,2,19220
10206.0,11361.0,10302.0,10300.0,11200,2022,8,17,3,19221
10302.0,10880.0,10591.0,10700.0,800,2022,8,18,4,19222
10206.0,11168.0,10687.0,10500.0,1901,2022,8,19,5,19223
10302.0,10495.0,10398.0,10400.0,12000,2022,8,22,1,19226
10206.0,10206.0,10206.0,10200.0,600,2022,8,23,2,19227
9724.0,10880.0,9724.0,10300.0,900,2022,8,24,3,19228
10302.0,10591.0,10302.0,10300.0,7900,2022,8,25,4,19229
10109.0,10591.0,10109.0,10300.0,1600,2022,8,26,5,19230
10302.0,10495.0,10302.0,10300.0,31700,2022,8,29,1,19233
10206.0,10398.0,10398.0,10300.0,1900,2022,8,30,2,19234
10302.0,10495.0,10302.0,10300.0,18900,2022,8,31,3,19235
10109.0,10783.0,10109.0,10200.0,3100,2022,9,5,1,19240
10013.0,10591.0,10013.0,10000.0,3100,2022,9,6,2,19241
9532.0,10495.0,9532.0,10300.0,1700,2022,9,7,3,19242
10398.0,10495.0,10495.0,10500.0,800,2022,9,8,4,19243
9339.0,10591.0,9339.0,10300.0,3800,2022,9,9,5,19244
10398.0,11554.0,10591.0,11000.0,2300,2022,9,12,1,19247
9435.0,12613.0,12516.0,10000.0,9100,2022,9,13,2,19248
10109.0,10109.0,10109.0,10100.0,300,2022,9,14,3,19249
10109.0,10302.0,10109.0,10300.0,1117,2022,9,15,4,19250
10302.0,10302.0,10302.0,10300.0,1700,2022,9,16,5,19251
10206.0,10495.0,10206.0,10200.0,8400,2022,9,19,1,19254
10398.0,10398.0,10398.0,10400.0,2100,2022,9,20,2,19255
10206.0,10206.0,10206.0,10200.0,100,2022,9,21,3,19256
10013.0,10302.0,10013.0,10200.0,2700,2022,9,22,4,19257
9821.0,10302.0,9821.0,9900.0,400,2022,9,23,5,19258
9821.0,10109.0,9917.0,9900.0,10300,2022,9,26,1,19261
10013.0,10206.0,10013.0,10100.0,6400,2022,9,27,2,19262
8761.0,10109.0,8761.0,8900.0,7800,2022,9,28,3,19263
10013.0,10109.0,10013.0,10100.0,12900,2022,9,29,4,19264
10591.0,11457.0,11457.0,11200.0,4000,2022,9,30,5,19265
9821.0,9917.0,9917.0,9800.0,9100,2022,10,3,1,19268
9821.0,9821.0,9821.0,9800.0,6900,2022,10,4,2,19269
10109.0,10109.0,10109.0,10100.0,600,2022,10,5,3,19270
10013.0,10109.0,10109.0,10000.0,3400,2022,10,6,4,19271
9821.0,11265.0,11265.0,10100.0,9600,2022,10,7,5,19272
8665.0,11457.0,8665.0,10100.0,29900,2022,10,10,1,19275
10109.0,10109.0,10109.0,10100.0,0,2022,10,11,2,19276
10109.0,10109.0,10109.0,10100.0,0,2022,10,12,3,19277
10109.0,10109.0,10109.0,10100.0,1,2022,10,13,4,19278
8954.0,11072.0,8954.0,9300.0,4200,2022,10,14,5,19279
10400.0,10600.0,10400.0,10500.0,4000,2022,10,17,1,19282
9300.0,9300.0,9300.0,9300.0,2000,2022,10,18,2,19283
10500.0,10600.0,10600.0,10600.0,1401,2022,10,19,3,19284
10600.0,10600.0,10600.0,10600.0,0,2022,10,20,4,19285
10600.0,10600.0,10600.0,10600.0,700,2022,10,21,5,19286
10300.0,10300.0,10300.0,10300.0,701,2022,10,24,1,19289
10300.0,10300.0,10300.0,10300.0,1100,2022,10,25,2,19290
10100.0,10100.0,10100.0,10100.0,3100,2022,10,26,3,19291
10000.0,10100.0,10100.0,10000.0,4500,2022,10,27,4,19292
10100.0,10300.0,10100.0,10300.0,600,2022,10,28,5,19293
10100.0,10100.0,10100.0,10100.0,200,2022,10,31,1,19296
10000.0,10200.0,10200.0,10100.0,8600,2022,11,1,2,19297
8700.0,10000.0,10000.0,10000.0,46300,2022,11,2,3,19298
10300.0,10300.0,10300.0,10300.0,200,2022,11,3,4,19299
9500.0,10000.0,10000.0,9500.0,15200,2022,11,4,5,19300
9500.0,10100.0,10100.0,9600.0,5500,2022,11,7,1,19303
9200.0,10900.0,9200.0,9500.0,22200,2022,11,8,2,19304
10400.0,10400.0,10400.0,10400.0,1500,2022,11,9,3,19305
9000.0,9000.0,9000.0,9000.0,12000,2022,11,10,4,19306
9000.0,9900.0,9900.0,9000.0,12900,2022,11,11,5,19307
7800.0,9800.0,9800.0,8300.0,26100,2022,11,14,1,19310
7300.0,8900.0,8000.0,7900.0,45600,2022,11,15,2,19311
7900.0,8800.0,8800.0,8300.0,6400,2022,11,16,3,19312
8400.0,8700.0,8700.0,8600.0,2000,2022,11,17,4,19313
8000.0,9400.0,9400.0,8500.0,3100,2022,11,18,5,19314
8500.0,9400.0,9400.0,8800.0,2900,2022,11,21,1,19317
9200.0,9200.0,9200.0,9200.0,200,2022,11,22,2,19318
9200.0,9200.0,9200.0,9200.0,0,2022,11,23,3,19319
8100.0,9100.0,8100.0,8100.0,70400,2022,11,24,4,19320
8800.0,9000.0,9000.0,8900.0,500,2022,11,25,5,19321
8900.0,9400.0,8900.0,9200.0,900,2022,11,28,1,19324
8100.0,9400.0,9000.0,9100.0,14300,2022,11,29,2,19325
9100.0,9100.0,9100.0,9100.0,1100,2022,11,30,3,19326
9200.0,10000.0,9200.0,9300.0,1100,2022,12,1,4,19327
9100.0,10000.0,10000.0,9600.0,200,2022,12,2,5,19328
8500.0,10000.0,10000.0,9100.0,700,2022,12,5,1,19331
9300.0,9300.0,9300.0,9300.0,200,2022,12,6,2,19332
9000.0,9300.0,9000.0,9200.0,600,2022,12,7,3,19333
9200.0,10200.0,9200.0,9700.0,1000,2022,12,8,4,19334
9700.0,9700.0,9700.0,9700.0,0,2022,12,9,5,19335
10200.0,10400.0,10200.0,10300.0,200,2022,12,12,1,19338
10300.0,10300.0,10300.0,10300.0,0,2022,12,13,2,19339
10300.0,10300.0,10300.0,10300.0,0,2022,12,14,3,19340
10300.0,10300.0,10300.0,10300.0,0,2022,12,15,4,19341
10300.0,10300.0,10300.0,10300.0,0,2022,12,16,5,19342
10300.0,10300.0,10300.0,10300.0,0,2022,12,19,1,19345
9000.0,9800.0,9000.0,9400.0,5800,2022,12,20,2,19346
9500.0,9500.0,9500.0,9500.0,3000,2022,12,21,3,19347
9100.0,9100.0,9100.0,9100.0,100,2022,12,22,4,19348
9300.0,9500.0,9500.0,9400.0,4800,2022,12,23,5,19349
9400.0,9400.0,9400.0,9400.0,0,2022,12,26,1,19352
9300.0,9400.0,9300.0,9300.0,1100,2022,12,27,2,19353
9000.0,9900.0,9900.0,9500.0,18700,2022,12,28,3,19354
9900.0,10900.0,9900.0,10500.0,46518,2022,12,29,4,19355
12000.0,12000.0,12000.0,12000.0,23000,2022,12,30,5,19356
13800.0,13800.0,13800.0,13800.0,64800,2023,1,3,2,19360
13900.0,15800.0,15800.0,15300.0,112700,2023,1,4,3,19361
13800.0,14100.0,13900.0,13800.0,77200,2023,1,5,4,19362
13800.0,14300.0,14300.0,13900.0,114300,2023,1,6,5,19363
12500.0,13800.0,13800.0,12800.0,36700,2023,1,9,1,19366
13000.0,13900.0,13900.0,13200.0,15318,2023,1,10,2,19367
13200.0,13900.0,13900.0,13400.0,29300,2023,1,11,3,19368
13500.0,14300.0,14300.0,13800.0,11800,2023,1,12,4,19369
13600.0,14000.0,13800.0,13900.0,30400,2023,1,13,5,19370
13500.0,13700.0,13700.0,13500.0,31900,2023,1,16,1,19373
13700.0,14200.0,13900.0,13900.0,36800,2023,1,17,2,19374
13900.0,14100.0,13900.0,14000.0,9800,2023,1,18,3,19375
14000.0,14500.0,14000.0,14300.0,13500,2023,1,19,4,19376
14300.0,14500.0,14300.0,14500.0,15000,2023,1,27,5,19384
14300.0,14400.0,14400.0,14300.0,26500,2023,1,30,1,19387
14100.0,14800.0,14300.0,14400.0,49900,2023,1,31,2,19388
14500.0,14700.0,14500.0,14500.0,59100,2023,2,1,3,19389
14500.0,14500.0,14500.0,14500.0,500,2023,2,2,4,19390
14100.0,14600.0,14100.0,14500.0,7005,2023,2,3,5,19391
14200.0,14400.0,14200.0,14400.0,700,2023,2,6,1,19394
14300.0,14300.0,14300.0,14300.0,4800,2023,2,7,2,19395
14200.0,15000.0,14300.0,14500.0,4600,2023,2,8,3,19396
14200.0,14600.0,14600.0,14200.0,4200,2023,2,9,4,19397
14100.0,14400.0,14200.0,14100.0,33900,2023,2,10,5,19398
14000.0,15600.0,15600.0,14100.0,42700,2023,2,13,1,19401
13900.0,15000.0,15000.0,14300.0,400,2023,2,14,2,19402
14000.0,14400.0,14000.0,14000.0,11300,2023,2,15,3,19403
14000.0,15500.0,15500.0,14200.0,1300,2023,2,16,4,19404
14000.0,14100.0,14000.0,14100.0,900,2023,2,17,5,19405
14100.0,14500.0,14100.0,14200.0,11100,2023,2,20,1,19408
14100.0,14200.0,14200.0,14200.0,600,2023,2,21,2,19409
14200.0,14200.0,14200.0,14200.0,0,2023,2,22,3,19410
14000.0,14900.0,14900.0,14000.0,31200,2023,2,23,4,19411
14000.0,14200.0,14000.0,14000.0,16000,2023,2,24,5,19412
14000.0,14100.0,14000.0,14100.0,800,2023,2,27,1,19415
14000.0,14400.0,14400.0,14100.0,25200,2023,2,28,2,19416
