low,high,open,close,volume,year,month,day,weekday,days
14000.0,14000.0,14000.0,14000.0,100,2016,1,27,3,16827
14000.0,14000.0,14000.0,14000.0,0,2016,1,28,4,16828
14000.0,14000.0,14000.0,14000.0,0,2016,1,29,5,16829
14000.0,14000.0,14000.0,14000.0,0,2016,2,1,1,16832
14000.0,14000.0,14000.0,14000.0,0,2016,2,2,2,16833
14000.0,14000.0,14000.0,14000.0,0,2016,2,3,3,16834
14000.0,14000.0,14000.0,14000.0,0,2016,2,4,4,16835
14000.0,14000.0,14000.0,14000.0,0,2016,2,5,5,16836
14000.0,14000.0,14000.0,14000.0,0,2016,2,15,1,16846
14000.0,14000.0,14000.0,14000.0,0,2016,2,16,2,16847
14000.0,14000.0,14000.0,14000.0,0,2016,2,17,3,16848
14000.0,14000.0,14000.0,14000.0,0,2016,2,18,4,16849
14000.0,14000.0,14000.0,14000.0,0,2016,2,19,5,16850
14000.0,14000.0,14000.0,14000.0,0,2016,2,22,1,16853
14000.0,14000.0,14000.0,14000.0,0,2016,2,23,2,16854
14000.0,14000.0,14000.0,14000.0,0,2016,2,24,3,16855
14000.0,14000.0,14000.0,14000.0,0,2016,2,25,4,16856
14000.0,14000.0,14000.0,14000.0,0,2016,2,26,5,16857
14000.0,14000.0,14000.0,14000.0,0,2016,2,29,1,16860
14000.0,14000.0,14000.0,14000.0,0,2016,3,1,2,16861
14000.0,14000.0,14000.0,14000.0,0,2016,3,2,3,16862
14000.0,14000.0,14000.0,14000.0,0,2016,3,3,4,16863
12000.0,12000.0,12000.0,12000.0,100,2016,3,4,5,16864
12000.0,12000.0,12000.0,12000.0,0,2016,3,7,1,16867
12000.0,12000.0,12000.0,12000.0,0,2016,3,8,2,16868
12000.0,12000.0,12000.0,12000.0,0,2016,3,9,3,16869
12000.0,12000.0,12000.0,12000.0,0,2016,3,10,4,16870
12000.0,12000.0,12000.0,12000.0,0,2016,3,11,5,16871
12000.0,12000.0,12000.0,12000.0,0,2016,3,14,1,16874
12000.0,12000.0,12000.0,12000.0,0,2016,3,15,2,16875
12000.0,12000.0,12000.0,12000.0,0,2016,3,16,3,16876
12000.0,12000.0,12000.0,12000.0,100,2016,3,17,4,16877
12000.0,12000.0,12000.0,12000.0,0,2016,3,18,5,16878
12000.0,12000.0,12000.0,12000.0,0,2016,3,21,1,16881
12000.0,12000.0,12000.0,12000.0,0,2016,3,22,2,16882
12000.0,12000.0,12000.0,12000.0,0,2016,3,23,3,16883
12000.0,12000.0,12000.0,12000.0,0,2016,3,24,4,16884
12000.0,12000.0,12000.0,12000.0,0,2016,3,25,5,16885
12000.0,12000.0,12000.0,12000.0,0,2016,3,28,1,16888
12000.0,12000.0,12000.0,12000.0,0,2016,3,29,2,16889
12000.0,12000.0,12000.0,12000.0,0,2016,3,30,3,16890
12000.0,12000.0,12000.0,12000.0,0,2016,3,31,4,16891
12000.0,12000.0,12000.0,12000.0,0,2016,4,1,5,16892
12000.0,12000.0,12000.0,12000.0,0,2016,4,4,1,16895
12000.0,12000.0,12000.0,12000.0,0,2016,4,5,2,16896
12000.0,12000.0,12000.0,12000.0,0,2016,4,6,3,16897
12000.0,12000.0,12000.0,12000.0,0,2016,4,7,4,16898
12000.0,12000.0,12000.0,12000.0,0,2016,4,8,5,16899
12000.0,12000.0,12000.0,12000.0,0,2016,4,11,1,16902
12000.0,12000.0,12000.0,12000.0,0,2016,4,12,2,16903
12000.0,12000.0,12000.0,12000.0,0,2016,4,13,3,16904
12000.0,12000.0,12000.0,12000.0,0,2016,4,14,4,16905
12000.0,12000.0,12000.0,12000.0,0,2016,4,15,5,16906
12000.0,12000.0,12000.0,12000.0,0,2016,4,19,2,16910
12000.0,12000.0,12000.0,12000.0,0,2016,4,20,3,16911
12000.0,12000.0,12000.0,12000.0,0,2016,4,21,4,16912
12000.0,12000.0,12000.0,12000.0,0,2016,4,22,5,16913
10200.0,10200.0,10200.0,10200.0,100,2016,4,25,1,16916
10200.0,10200.0,10200.0,10200.0,0,2016,4,26,2,16917
8700.0,8700.0,8700.0,8700.0,100,2016,4,27,3,16918
8700.0,8700.0,8700.0,8700.0,0,2016,4,28,4,16919
8700.0,8700.0,8700.0,8700.0,0,2016,4,29,5,16920
8700.0,8700.0,8700.0,8700.0,0,2016,5,4,3,16925
8700.0,8700.0,8700.0,8700.0,0,2016,5,5,4,16926
8700.0,8700.0,8700.0,8700.0,0,2016,5,6,5,16927
8700.0,8700.0,8700.0,8700.0,0,2016,5,9,1,16930
8700.0,8700.0,8700.0,8700.0,0,2016,5,10,2,16931
8700.0,8700.0,8700.0,8700.0,0,2016,5,11,3,16932
8700.0,8700.0,8700.0,8700.0,0,2016,5,12,4,16933
8700.0,8700.0,8700.0,8700.0,0,2016,5,13,5,16934
8700.0,8700.0,8700.0,8700.0,0,2016,5,16,1,16937
8700.0,8700.0,8700.0,8700.0,0,2016,5,17,2,16938
8700.0,8700.0,8700.0,8700.0,0,2016,5,18,3,16939
8700.0,8700.0,8700.0,8700.0,0,2016,5,19,4,16940
8700.0,8700.0,8700.0,8700.0,0,2016,5,20,5,16941
8700.0,8700.0,8700.0,8700.0,0,2016,5,23,1,16944
8700.0,8700.0,8700.0,8700.0,0,2016,5,24,2,16945
8700.0,8700.0,8700.0,8700.0,0,2016,5,25,3,16946
8700.0,8700.0,8700.0,8700.0,0,2016,5,26,4,16947
8700.0,8700.0,8700.0,8700.0,0,2016,5,27,5,16948
8700.0,8700.0,8700.0,8700.0,100,2016,5,30,1,16951
8700.0,8700.0,8700.0,8700.0,0,2016,5,31,2,16952
8700.0,8700.0,8700.0,8700.0,0,2016,6,1,3,16953
8700.0,8700.0,8700.0,8700.0,0,2016,6,2,4,16954
8700.0,8700.0,8700.0,8700.0,0,2016,6,3,5,16955
8700.0,8700.0,8700.0,8700.0,0,2016,6,6,1,16958
8700.0,8700.0,8700.0,8700.0,0,2016,6,7,2,16959
7400.0,7400.0,7400.0,7400.0,1300,2016,6,8,3,16960
7400.0,7400.0,7400.0,7400.0,0,2016,6,9,4,16961
7000.0,7000.0,7000.0,7000.0,200,2016,6,10,5,16962
7000.0,7000.0,7000.0,7000.0,0,2016,6,13,1,16965
7000.0,7000.0,7000.0,7000.0,400,2016,6,14,2,16966
7000.0,7000.0,7000.0,7000.0,0,2016,6,15,3,16967
7000.0,7000.0,7000.0,7000.0,0,2016,6,16,4,16968
7000.0,7000.0,7000.0,7000.0,0,2016,6,17,5,16969
7000.0,7000.0,7000.0,7000.0,0,2016,6,20,1,16972
7000.0,7000.0,7000.0,7000.0,0,2016,6,21,2,16973
7000.0,7000.0,7000.0,7000.0,0,2016,6,22,3,16974
7000.0,7000.0,7000.0,7000.0,0,2016,6,23,4,16975
7000.0,7000.0,7000.0,7000.0,0,2016,6,24,5,16976
7000.0,7000.0,7000.0,7000.0,0,2016,6,27,1,16979
7000.0,7000.0,7000.0,7000.0,0,2016,6,28,2,16980
7000.0,7000.0,7000.0,7000.0,0,2016,6,29,3,16981
7000.0,7000.0,7000.0,7000.0,0,2016,6,30,4,16982
7000.0,7000.0,7000.0,7000.0,0,2016,7,1,5,16983
7000.0,7000.0,7000.0,7000.0,0,2016,7,4,1,16986
7000.0,7000.0,7000.0,7000.0,0,2016,7,5,2,16987
7000.0,7000.0,7000.0,7000.0,0,2016,7,6,3,16988
7000.0,7000.0,7000.0,7000.0,0,2016,7,7,4,16989
7000.0,7000.0,7000.0,7000.0,0,2016,7,8,5,16990
7000.0,7000.0,7000.0,7000.0,0,2016,7,11,1,16993
7000.0,7000.0,7000.0,7000.0,0,2016,7,12,2,16994
7000.0,7000.0,7000.0,7000.0,0,2016,7,13,3,16995
7000.0,7000.0,7000.0,7000.0,0,2016,7,14,4,16996
7000.0,7000.0,7000.0,7000.0,0,2016,7,15,5,16997
7000.0,7000.0,7000.0,7000.0,0,2016,7,18,1,17000
7000.0,7000.0,7000.0,7000.0,0,2016,7,19,2,17001
7000.0,7000.0,7000.0,7000.0,0,2016,7,20,3,17002
7000.0,7000.0,7000.0,7000.0,0,2016,7,21,4,17003
7000.0,7000.0,7000.0,7000.0,0,2016,7,22,5,17004
7000.0,7000.0,7000.0,7000.0,0,2016,7,25,1,17007
7000.0,7000.0,7000.0,7000.0,0,2016,7,26,2,17008
7000.0,7000.0,7000.0,7000.0,0,2016,7,27,3,17009
7000.0,7000.0,7000.0,7000.0,0,2016,7,28,4,17010
7000.0,7000.0,7000.0,7000.0,0,2016,7,29,5,17011
7000.0,7000.0,7000.0,7000.0,0,2016,8,1,1,17014
7000.0,7000.0,7000.0,7000.0,0,2016,8,2,2,17015
7000.0,7000.0,7000.0,7000.0,0,2016,8,3,3,17016
7000.0,7000.0,7000.0,7000.0,0,2016,8,4,4,17017
7000.0,7000.0,7000.0,7000.0,0,2016,8,5,5,17018
7000.0,7000.0,7000.0,7000.0,0,2016,8,8,1,17021
7000.0,7000.0,7000.0,7000.0,0,2016,8,9,2,17022
7000.0,7000.0,7000.0,7000.0,0,2016,8,10,3,17023
7000.0,7000.0,7000.0,7000.0,0,2016,8,11,4,17024
7000.0,7000.0,7000.0,7000.0,0,2016,8,12,5,17025
7000.0,7000.0,7000.0,7000.0,0,2016,8,15,1,17028
7000.0,7000.0,7000.0,7000.0,0,2016,8,16,2,17029
7000.0,7000.0,7000.0,7000.0,0,2016,8,17,3,17030
7000.0,7000.0,7000.0,7000.0,0,2016,8,18,4,17031
7000.0,7000.0,7000.0,7000.0,0,2016,8,19,5,17032
7000.0,7000.0,7000.0,7000.0,0,2016,8,22,1,17035
7000.0,7000.0,7000.0,7000.0,0,2016,8,23,2,17036
7000.0,7000.0,7000.0,7000.0,0,2016,8,24,3,17037
7000.0,7000.0,7000.0,7000.0,0,2016,8,25,4,17038
7000.0,7000.0,7000.0,7000.0,0,2016,8,26,5,17039
7000.0,7000.0,7000.0,7000.0,0,2016,8,29,1,17042
7000.0,7000.0,7000.0,7000.0,0,2016,8,30,2,17043
7000.0,7000.0,7000.0,7000.0,0,2016,8,31,3,17044
7000.0,7000.0,7000.0,7000.0,0,2016,9,1,4,17045
7000.0,7000.0,7000.0,7000.0,0,2016,9,5,1,17049
7000.0,7000.0,7000.0,7000.0,0,2016,9,6,2,17050
7000.0,7000.0,7000.0,7000.0,0,2016,9,7,3,17051
7000.0,7000.0,7000.0,7000.0,0,2016,9,8,4,17052
7000.0,7000.0,7000.0,7000.0,0,2016,9,9,5,17053
7000.0,7000.0,7000.0,7000.0,0,2016,9,12,1,17056
7000.0,7000.0,7000.0,7000.0,0,2016,9,13,2,17057
7000.0,7000.0,7000.0,7000.0,0,2016,9,14,3,17058
7000.0,7000.0,7000.0,7000.0,0,2016,9,15,4,17059
7000.0,7000.0,7000.0,7000.0,0,2016,9,16,5,17060
7000.0,7000.0,7000.0,7000.0,0,2016,9,19,1,17063
7000.0,7000.0,7000.0,7000.0,0,2016,9,20,2,17064
7000.0,7000.0,7000.0,7000.0,0,2016,9,21,3,17065
7000.0,7000.0,7000.0,7000.0,0,2016,9,22,4,17066
7000.0,7000.0,7000.0,7000.0,0,2016,9,23,5,17067
7000.0,7000.0,7000.0,7000.0,0,2016,9,26,1,17070
7000.0,7000.0,7000.0,7000.0,0,2016,9,27,2,17071
7000.0,7000.0,7000.0,7000.0,0,2016,9,28,3,17072
7000.0,7000.0,7000.0,7000.0,0,2016,9,29,4,17073
7000.0,7000.0,7000.0,7000.0,0,2016,9,30,5,17074
9800.0,9800.0,9800.0,9800.0,1300,2016,10,3,1,17077
9800.0,9800.0,9800.0,9800.0,0,2016,10,4,2,17078
9800.0,9800.0,9800.0,9800.0,0,2016,10,5,3,17079
9800.0,9800.0,9800.0,9800.0,0,2016,10,6,4,17080
9800.0,9800.0,9800.0,9800.0,0,2016,10,7,5,17081
8400.0,8400.0,8400.0,8400.0,500,2016,10,10,1,17084
8400.0,8400.0,8400.0,8400.0,0,2016,10,11,2,17085
8400.0,8400.0,8400.0,8400.0,0,2016,10,12,3,17086
8400.0,8400.0,8400.0,8400.0,0,2016,10,13,4,17087
8400.0,8400.0,8400.0,8400.0,0,2016,10,14,5,17088
7200.0,7500.0,7200.0,7400.0,1000,2016,10,17,1,17091
6500.0,7000.0,7000.0,6700.0,2600,2016,10,18,2,17092
6692.0,6692.0,6692.0,6700.0,0,2016,10,19,3,17093
6692.0,6692.0,6692.0,6700.0,0,2016,10,20,4,17094
6692.0,6692.0,6692.0,6700.0,0,2016,10,21,5,17095
6700.0,6700.0,6700.0,6700.0,700,2016,10,24,1,17098
6700.0,6700.0,6700.0,6700.0,0,2016,10,25,2,17099
6700.0,6700.0,6700.0,6700.0,0,2016,10,26,3,17100
6700.0,6700.0,6700.0,6700.0,0,2016,10,27,4,17101
6700.0,6700.0,6700.0,6700.0,0,2016,10,28,5,17102
6700.0,6700.0,6700.0,6700.0,0,2016,10,31,1,17105
6700.0,6700.0,6700.0,6700.0,0,2016,11,1,2,17106
6700.0,6700.0,6700.0,6700.0,0,2016,11,2,3,17107
6700.0,6700.0,6700.0,6700.0,0,2016,11,3,4,17108
6700.0,6700.0,6700.0,6700.0,0,2016,11,4,5,17109
6700.0,6700.0,6700.0,6700.0,0,2016,11,7,1,17112
6700.0,6700.0,6700.0,6700.0,0,2016,11,8,2,17113
6700.0,6700.0,6700.0,6700.0,0,2016,11,9,3,17114
6700.0,6700.0,6700.0,6700.0,0,2016,11,10,4,17115
6700.0,6700.0,6700.0,6700.0,0,2016,11,11,5,17116
6700.0,6700.0,6700.0,6700.0,0,2016,11,14,1,17119
6700.0,6700.0,6700.0,6700.0,0,2016,11,15,2,17120
6700.0,6700.0,6700.0,6700.0,0,2016,11,16,3,17121
6700.0,6700.0,6700.0,6700.0,0,2016,11,17,4,17122
6700.0,6700.0,6700.0,6700.0,0,2016,11,18,5,17123
6700.0,6700.0,6700.0,6700.0,0,2016,11,21,1,17126
6700.0,6700.0,6700.0,6700.0,0,2016,11,22,2,17127
6700.0,6700.0,6700.0,6700.0,0,2016,11,23,3,17128
6700.0,6700.0,6700.0,6700.0,0,2016,11,24,4,17129
6700.0,6700.0,6700.0,6700.0,0,2016,11,25,5,17130
6700.0,6700.0,6700.0,6700.0,0,2016,11,28,1,17133
6700.0,6700.0,6700.0,6700.0,0,2016,11,29,2,17134
6700.0,6700.0,6700.0,6700.0,0,2016,11,30,3,17135
7400.0,7400.0,7400.0,7400.0,2600,2016,12,1,4,17136
7400.0,7400.0,7400.0,7400.0,0,2016,12,2,5,17137
7400.0,7400.0,7400.0,7400.0,0,2016,12,5,1,17140
7400.0,7400.0,7400.0,7400.0,0,2016,12,6,2,17141
7400.0,7400.0,7400.0,7400.0,0,2016,12,7,3,17142
7400.0,7400.0,7400.0,7400.0,0,2016,12,8,4,17143
7400.0,7400.0,7400.0,7400.0,0,2016,12,9,5,17144
7400.0,7400.0,7400.0,7400.0,0,2016,12,12,1,17147
7400.0,7400.0,7400.0,7400.0,0,2016,12,13,2,17148
7400.0,7400.0,7400.0,7400.0,0,2016,12,14,3,17149
7400.0,7400.0,7400.0,7400.0,0,2016,12,15,4,17150
7400.0,7400.0,7400.0,7400.0,0,2016,12,16,5,17151
7400.0,7400.0,7400.0,7400.0,0,2016,12,19,1,17154
7400.0,7400.0,7400.0,7400.0,0,2016,12,20,2,17155
7400.0,7400.0,7400.0,7400.0,0,2016,12,21,3,17156
7400.0,7400.0,7400.0,7400.0,0,2016,12,22,4,17157
7400.0,7400.0,7400.0,7400.0,0,2016,12,23,5,17158
7400.0,7400.0,7400.0,7400.0,0,2016,12,26,1,17161
7400.0,7400.0,7400.0,7400.0,0,2016,12,27,2,17162
7400.0,7400.0,7400.0,7400.0,0,2016,12,28,3,17163
6300.0,6300.0,6300.0,6300.0,2600,2016,12,29,4,17164
6300.0,6300.0,6300.0,6300.0,0,2016,12,30,5,17165
6300.0,6300.0,6300.0,6300.0,0,2017,1,3,2,17169
6300.0,6300.0,6300.0,6300.0,0,2017,1,4,3,17170
5400.0,5400.0,5400.0,5400.0,100,2017,1,5,4,17171
4600.0,4600.0,4600.0,4600.0,100,2017,1,6,5,17172
4600.0,4600.0,4600.0,4600.0,0,2017,1,9,1,17175
4600.0,4600.0,4600.0,4600.0,0,2017,1,10,2,17176
4100.0,4100.0,4100.0,4100.0,100,2017,1,11,3,17177
4100.0,4100.0,4100.0,4100.0,0,2017,1,12,4,17178
4100.0,4100.0,4100.0,4100.0,0,2017,1,13,5,17179
4100.0,4100.0,4100.0,4100.0,0,2017,1,16,1,17182
4100.0,4100.0,4100.0,4100.0,0,2017,1,17,2,17183
4100.0,4100.0,4100.0,4100.0,0,2017,1,18,3,17184
4100.0,4100.0,4100.0,4100.0,0,2017,1,19,4,17185
4100.0,4100.0,4100.0,4100.0,0,2017,1,20,5,17186
4100.0,4100.0,4100.0,4100.0,0,2017,1,23,1,17189
4100.0,4100.0,4100.0,4100.0,0,2017,1,24,2,17190
4100.0,4100.0,4100.0,4100.0,0,2017,1,25,3,17191
4100.0,4100.0,4100.0,4100.0,0,2017,2,2,4,17199
4100.0,4100.0,4100.0,4100.0,0,2017,2,3,5,17200
4100.0,4100.0,4100.0,4100.0,0,2017,2,6,1,17203
4100.0,4100.0,4100.0,4100.0,0,2017,2,7,2,17204
4100.0,4100.0,4100.0,4100.0,0,2017,2,8,3,17205
4100.0,4100.0,4100.0,4100.0,0,2017,2,9,4,17206
4100.0,4100.0,4100.0,4100.0,0,2017,2,10,5,17207
4100.0,4100.0,4100.0,4100.0,0,2017,2,13,1,17210
4100.0,4100.0,4100.0,4100.0,0,2017,2,14,2,17211
4100.0,4100.0,4100.0,4100.0,0,2017,2,15,3,17212
4100.0,4100.0,4100.0,4100.0,0,2017,2,16,4,17213
4100.0,4100.0,4100.0,4100.0,0,2017,2,17,5,17214
4100.0,4100.0,4100.0,4100.0,0,2017,2,20,1,17217
4100.0,4100.0,4100.0,4100.0,0,2017,2,21,2,17218
4100.0,4100.0,4100.0,4100.0,0,2017,2,22,3,17219
4200.0,4200.0,4200.0,4200.0,400,2017,2,23,4,17220
4400.0,4400.0,4400.0,4400.0,100,2017,2,24,5,17221
4400.0,4400.0,4400.0,4400.0,0,2017,2,27,1,17224
4600.0,4600.0,4600.0,4600.0,100,2017,2,28,2,17225
4600.0,4600.0,4600.0,4600.0,0,2017,3,1,3,17226
4600.0,4600.0,4600.0,4600.0,0,2017,3,2,4,17227
4600.0,4600.0,4600.0,4600.0,0,2017,3,3,5,17228
4600.0,4600.0,4600.0,4600.0,0,2017,3,6,1,17231
4600.0,4600.0,4600.0,4600.0,0,2017,3,7,2,17232
4600.0,4600.0,4600.0,4600.0,0,2017,3,8,3,17233
4600.0,4600.0,4600.0,4600.0,0,2017,3,9,4,17234
4000.0,4000.0,4000.0,4000.0,100,2017,3,10,5,17235
4000.0,4000.0,4000.0,4000.0,0,2017,3,13,1,17238
4000.0,4000.0,4000.0,4000.0,0,2017,3,14,2,17239
4000.0,4000.0,4000.0,4000.0,0,2017,3,15,3,17240
4000.0,4000.0,4000.0,4000.0,0,2017,3,16,4,17241
4000.0,4000.0,4000.0,4000.0,0,2017,3,17,5,17242
4000.0,4000.0,4000.0,4000.0,0,2017,3,20,1,17245
4000.0,4000.0,4000.0,4000.0,0,2017,3,21,2,17246
4000.0,4000.0,4000.0,4000.0,0,2017,3,22,3,17247
4000.0,4000.0,4000.0,4000.0,0,2017,3,23,4,17248
4000.0,4000.0,4000.0,4000.0,0,2017,3,24,5,17249
4000.0,4000.0,4000.0,4000.0,0,2017,3,27,1,17252
4000.0,4000.0,4000.0,4000.0,0,2017,3,28,2,17253
4000.0,4000.0,4000.0,4000.0,0,2017,3,29,3,17254
4000.0,4000.0,4000.0,4000.0,0,2017,3,30,4,17255
4000.0,4000.0,4000.0,4000.0,0,2017,3,31,5,17256
4000.0,4000.0,4000.0,4000.0,0,2017,4,3,1,17259
4000.0,4000.0,4000.0,4000.0,0,2017,4,4,2,17260
4000.0,4000.0,4000.0,4000.0,0,2017,4,5,3,17261
4000.0,4000.0,4000.0,4000.0,0,2017,4,7,5,17263
4000.0,4000.0,4000.0,4000.0,0,2017,4,10,1,17266
4000.0,4000.0,4000.0,4000.0,0,2017,4,11,2,17267
4000.0,4000.0,4000.0,4000.0,0,2017,4,12,3,17268
4000.0,4000.0,4000.0,4000.0,0,2017,4,13,4,17269
4000.0,4000.0,4000.0,4000.0,0,2017,4,14,5,17270
4000.0,4000.0,4000.0,4000.0,0,2017,4,17,1,17273
4000.0,4000.0,4000.0,4000.0,0,2017,4,18,2,17274
4000.0,4000.0,4000.0,4000.0,0,2017,4,19,3,17275
4000.0,4000.0,4000.0,4000.0,0,2017,4,20,4,17276
4000.0,4000.0,4000.0,4000.0,0,2017,4,21,5,17277
4000.0,4000.0,4000.0,4000.0,0,2017,4,24,1,17280
4000.0,4000.0,4000.0,4000.0,0,2017,4,25,2,17281
4000.0,4000.0,4000.0,4000.0,0,2017,4,26,3,17282
4000.0,4000.0,4000.0,4000.0,0,2017,4,27,4,17283
4000.0,4000.0,4000.0,4000.0,0,2017,4,28,5,17284
4000.0,4000.0,4000.0,4000.0,0,2017,5,3,3,17289
4000.0,4000.0,4000.0,4000.0,0,2017,5,4,4,17290
4000.0,4000.0,4000.0,4000.0,0,2017,5,5,5,17291
4000.0,4000.0,4000.0,4000.0,0,2017,5,8,1,17294
4000.0,4000.0,4000.0,4000.0,0,2017,5,9,2,17295
4000.0,4000.0,4000.0,4000.0,0,2017,5,10,3,17296
4000.0,4000.0,4000.0,4000.0,0,2017,5,11,4,17297
4000.0,4000.0,4000.0,4000.0,0,2017,5,12,5,17298
4000.0,4000.0,4000.0,4000.0,0,2017,5,15,1,17301
4000.0,4000.0,4000.0,4000.0,0,2017,5,16,2,17302
4000.0,4000.0,4000.0,4000.0,0,2017,5,17,3,17303
4000.0,4000.0,4000.0,4000.0,0,2017,5,18,4,17304
4000.0,4000.0,4000.0,4000.0,0,2017,5,19,5,17305
4000.0,4000.0,4000.0,4000.0,0,2017,5,22,1,17308
4000.0,4000.0,4000.0,4000.0,0,2017,5,23,2,17309
4000.0,4000.0,4000.0,4000.0,0,2017,5,24,3,17310
4000.0,4000.0,4000.0,4000.0,0,2017,5,25,4,17311
4000.0,4000.0,4000.0,4000.0,0,2017,5,26,5,17312
4000.0,4000.0,4000.0,4000.0,0,2017,5,29,1,17315
4000.0,4000.0,4000.0,4000.0,0,2017,5,30,2,17316
4000.0,4000.0,4000.0,4000.0,0,2017,5,31,3,17317
4000.0,4000.0,4000.0,4000.0,0,2017,6,1,4,17318
4000.0,4000.0,4000.0,4000.0,0,2017,6,2,5,17319
4000.0,4000.0,4000.0,4000.0,0,2017,6,5,1,17322
5000.0,5000.0,5000.0,5000.0,100,2017,6,6,2,17323
5000.0,5000.0,5000.0,5000.0,800,2017,6,7,3,17324
5000.0,5000.0,5000.0,5000.0,100,2017,6,8,4,17325
5000.0,5000.0,5000.0,5000.0,0,2017,6,9,5,17326
5000.0,5000.0,5000.0,5000.0,0,2017,6,12,1,17329
4900.0,5000.0,5000.0,4900.0,7000,2017,6,13,2,17330
4200.0,5200.0,4200.0,4200.0,9300,2017,6,14,3,17331
4200.0,4200.0,4200.0,4200.0,0,2017,6,15,4,17332
4200.0,4200.0,4200.0,4200.0,0,2017,6,16,5,17333
4200.0,4200.0,4200.0,4200.0,1600,2017,6,19,1,17336
4200.0,4600.0,4600.0,4300.0,1800,2017,6,20,2,17337
4300.0,4300.0,4300.0,4300.0,0,2017,6,21,3,17338
4300.0,4300.0,4300.0,4300.0,0,2017,6,22,4,17339
4300.0,4300.0,4300.0,4300.0,0,2017,6,23,5,17340
4300.0,4300.0,4300.0,4300.0,0,2017,6,26,1,17343
4300.0,4300.0,4300.0,4300.0,0,2017,6,27,2,17344
4300.0,4300.0,4300.0,4300.0,0,2017,6,28,3,17345
4300.0,4300.0,4300.0,4300.0,0,2017,6,29,4,17346
4300.0,4300.0,4300.0,4300.0,0,2017,6,30,5,17347
4300.0,4300.0,4300.0,4300.0,0,2017,7,3,1,17350
4300.0,4300.0,4300.0,4300.0,0,2017,7,4,2,17351
4300.0,4300.0,4300.0,4300.0,0,2017,7,5,3,17352
4300.0,4300.0,4300.0,4300.0,0,2017,7,6,4,17353
4300.0,4300.0,4300.0,4300.0,0,2017,7,7,5,17354
4300.0,4300.0,4300.0,4300.0,0,2017,7,10,1,17357
4300.0,4300.0,4300.0,4300.0,0,2017,7,11,2,17358
4300.0,4300.0,4300.0,4300.0,0,2017,7,12,3,17359
4300.0,4300.0,4300.0,4300.0,0,2017,7,13,4,17360
4300.0,4300.0,4300.0,4300.0,2700,2017,7,14,5,17361
4300.0,4300.0,4300.0,4300.0,0,2017,7,17,1,17364
4300.0,4300.0,4300.0,4300.0,0,2017,7,18,2,17365
4300.0,4300.0,4300.0,4300.0,1300,2017,7,19,3,17366
4100.0,4100.0,4100.0,4100.0,100,2017,7,20,4,17367
4100.0,4100.0,4100.0,4100.0,0,2017,7,21,5,17368
4100.0,4100.0,4100.0,4100.0,0,2017,7,24,1,17371
4100.0,4100.0,4100.0,4100.0,0,2017,7,25,2,17372
4100.0,4100.0,4100.0,4100.0,0,2017,7,26,3,17373
4100.0,4100.0,4100.0,4100.0,0,2017,7,27,4,17374
4100.0,4100.0,4100.0,4100.0,100,2017,7,28,5,17375
4100.0,4100.0,4100.0,4100.0,0,2017,7,31,1,17378
4100.0,4100.0,4100.0,4100.0,0,2017,8,1,2,17379
4100.0,4100.0,4100.0,4100.0,0,2017,8,2,3,17380
4100.0,4100.0,4100.0,4100.0,0,2017,8,3,4,17381
4100.0,4100.0,4100.0,4100.0,0,2017,8,4,5,17382
4100.0,4100.0,4100.0,4100.0,0,2017,8,7,1,17385
4100.0,4100.0,4100.0,4100.0,0,2017,8,8,2,17386
4100.0,4100.0,4100.0,4100.0,0,2017,8,9,3,17387
4100.0,4100.0,4100.0,4100.0,0,2017,8,10,4,17388
4100.0,4100.0,4100.0,4100.0,0,2017,8,11,5,17389
4100.0,4100.0,4100.0,4100.0,0,2017,8,14,1,17392
4100.0,4100.0,4100.0,4100.0,0,2017,8,15,2,17393
4100.0,4100.0,4100.0,4100.0,0,2017,8,16,3,17394
4100.0,4100.0,4100.0,4100.0,0,2017,8,17,4,17395
4100.0,4100.0,4100.0,4100.0,0,2017,8,18,5,17396
4100.0,4100.0,4100.0,4100.0,0,2017,8,21,1,17399
4100.0,4100.0,4100.0,4100.0,0,2017,8,22,2,17400
4100.0,4100.0,4100.0,4100.0,0,2017,8,23,3,17401
4100.0,4100.0,4100.0,4100.0,0,2017,8,24,4,17402
4700.0,4700.0,4700.0,4700.0,700,2017,8,25,5,17403
5200.0,5200.0,5200.0,5200.0,700,2017,8,28,1,17406
5900.0,5900.0,5900.0,5900.0,100,2017,8,29,2,17407
5900.0,5900.0,5900.0,5900.0,0,2017,8,30,3,17408
5900.0,5900.0,5900.0,5900.0,0,2017,8,31,4,17409
5900.0,5900.0,5900.0,5900.0,0,2017,9,1,5,17410
5900.0,5900.0,5900.0,5900.0,0,2017,9,5,2,17414
6700.0,6700.0,6700.0,5900.0,1000,2017,9,6,3,17415
5700.0,5700.0,5700.0,5700.0,200,2017,9,7,4,17416
5700.0,5700.0,5700.0,5700.0,0,2017,9,8,5,17417
5700.0,5700.0,5700.0,5700.0,0,2017,9,11,1,17420
5700.0,5700.0,5700.0,5700.0,0,2017,9,12,2,17421
5700.0,5700.0,5700.0,5700.0,0,2017,9,13,3,17422
5700.0,5700.0,5700.0,5700.0,0,2017,9,14,4,17423
5700.0,5700.0,5700.0,5700.0,0,2017,9,15,5,17424
5700.0,5700.0,5700.0,5700.0,0,2017,9,18,1,17427
5700.0,5700.0,5700.0,5700.0,0,2017,9,19,2,17428
5700.0,5700.0,5700.0,5700.0,0,2017,9,20,3,17429
5700.0,5700.0,5700.0,5700.0,0,2017,9,21,4,17430
5700.0,5700.0,5700.0,5700.0,0,2017,9,22,5,17431
5700.0,5700.0,5700.0,5700.0,0,2017,9,25,1,17434
5700.0,5700.0,5700.0,5700.0,0,2017,9,26,2,17435
5700.0,5700.0,5700.0,5700.0,0,2017,9,27,3,17436
5700.0,5700.0,5700.0,5700.0,0,2017,9,28,4,17437
5700.0,5700.0,5700.0,5700.0,0,2017,9,29,5,17438
5700.0,5700.0,5700.0,5700.0,0,2017,10,2,1,17441
5700.0,5700.0,5700.0,5700.0,0,2017,10,3,2,17442
5700.0,5700.0,5700.0,5700.0,0,2017,10,4,3,17443
5700.0,5700.0,5700.0,5700.0,0,2017,10,5,4,17444
5700.0,5700.0,5700.0,5700.0,0,2017,10,6,5,17445
5700.0,5700.0,5700.0,5700.0,0,2017,10,9,1,17448
5700.0,5700.0,5700.0,5700.0,0,2017,10,10,2,17449
5700.0,5700.0,5700.0,5700.0,0,2017,10,11,3,17450
5700.0,5700.0,5700.0,5700.0,0,2017,10,12,4,17451
5700.0,5700.0,5700.0,5700.0,0,2017,10,13,5,17452
5700.0,5700.0,5700.0,5700.0,0,2017,10,16,1,17455
5700.0,5700.0,5700.0,5700.0,0,2017,10,17,2,17456
5700.0,5700.0,5700.0,5700.0,0,2017,10,18,3,17457
5700.0,5700.0,5700.0,5700.0,0,2017,10,19,4,17458
5700.0,5700.0,5700.0,5700.0,0,2017,10,20,5,17459
5700.0,5700.0,5700.0,5700.0,0,2017,10,23,1,17462
5700.0,5700.0,5700.0,5700.0,0,2017,10,24,2,17463
5700.0,5700.0,5700.0,5700.0,0,2017,10,25,3,17464
5700.0,5700.0,5700.0,5700.0,0,2017,10,26,4,17465
5700.0,5700.0,5700.0,5700.0,0,2017,10,27,5,17466
5700.0,5700.0,5700.0,5700.0,0,2017,10,30,1,17469
5700.0,5700.0,5700.0,5700.0,0,2017,10,31,2,17470
5700.0,5700.0,5700.0,5700.0,0,2017,11,1,3,17471
5700.0,5700.0,5700.0,5700.0,0,2017,11,2,4,17472
5700.0,5700.0,5700.0,5700.0,0,2017,11,3,5,17473
5700.0,5700.0,5700.0,5700.0,0,2017,11,6,1,17476
5700.0,5700.0,5700.0,5700.0,0,2017,11,7,2,17477
5700.0,5700.0,5700.0,5700.0,0,2017,11,8,3,17478
5700.0,5700.0,5700.0,5700.0,0,2017,11,9,4,17479
5700.0,5700.0,5700.0,5700.0,0,2017,11,10,5,17480
5700.0,5700.0,5700.0,5700.0,0,2017,11,13,1,17483
5700.0,5700.0,5700.0,5700.0,0,2017,11,14,2,17484
5700.0,5700.0,5700.0,5700.0,0,2017,11,15,3,17485
5700.0,5700.0,5700.0,5700.0,0,2017,11,16,4,17486
5700.0,5700.0,5700.0,5700.0,0,2017,11,17,5,17487
5700.0,5700.0,5700.0,5700.0,0,2017,11,20,1,17490
5700.0,5700.0,5700.0,5700.0,0,2017,11,21,2,17491
5700.0,5700.0,5700.0,5700.0,0,2017,11,22,3,17492
5700.0,5700.0,5700.0,5700.0,0,2017,11,23,4,17493
5700.0,5700.0,5700.0,5700.0,0,2017,11,24,5,17494
5700.0,5700.0,5700.0,5700.0,0,2017,11,27,1,17497
5700.0,5700.0,5700.0,5700.0,0,2017,11,28,2,17498
5700.0,5700.0,5700.0,5700.0,0,2017,11,29,3,17499
5700.0,5700.0,5700.0,5700.0,0,2017,11,30,4,17500
5700.0,5700.0,5700.0,5700.0,0,2017,12,1,5,17501
5700.0,5700.0,5700.0,5700.0,0,2017,12,4,1,17504
5700.0,5700.0,5700.0,5700.0,0,2017,12,5,2,17505
5700.0,5700.0,5700.0,5700.0,0,2017,12,6,3,17506
5700.0,5700.0,5700.0,5700.0,0,2017,12,7,4,17507
5700.0,5700.0,5700.0,5700.0,0,2017,12,8,5,17508
5700.0,5700.0,5700.0,5700.0,0,2017,12,11,1,17511
5700.0,5700.0,5700.0,5700.0,0,2017,12,12,2,17512
5700.0,5700.0,5700.0,5700.0,0,2017,12,13,3,17513
5700.0,5700.0,5700.0,5700.0,0,2017,12,14,4,17514
5700.0,5700.0,5700.0,5700.0,0,2017,12,15,5,17515
5700.0,5700.0,5700.0,5700.0,0,2017,12,18,1,17518
5700.0,5700.0,5700.0,5700.0,0,2017,12,19,2,17519
5700.0,5700.0,5700.0,5700.0,0,2017,12,20,3,17520
5700.0,5700.0,5700.0,5700.0,0,2017,12,21,4,17521
5700.0,5700.0,5700.0,5700.0,0,2017,12,22,5,17522
5700.0,5700.0,5700.0,5700.0,0,2017,12,25,1,17525
5700.0,5700.0,5700.0,5700.0,0,2017,12,26,2,17526
5700.0,5700.0,5700.0,5700.0,0,2017,12,27,3,17527
5700.0,5700.0,5700.0,5700.0,0,2017,12,28,4,17528
5700.0,5700.0,5700.0,5700.0,0,2017,12,29,5,17529
5700.0,5700.0,5700.0,5700.0,0,2018,1,2,2,17533
5700.0,5700.0,5700.0,5700.0,0,2018,1,3,3,17534
5700.0,5700.0,5700.0,5700.0,0,2018,1,4,4,17535
5700.0,5700.0,5700.0,5700.0,0,2018,1,5,5,17536
5700.0,5700.0,5700.0,5700.0,0,2018,1,8,1,17539
5700.0,5700.0,5700.0,5700.0,0,2018,1,9,2,17540
5700.0,5700.0,5700.0,5700.0,0,2018,1,10,3,17541
5700.0,5700.0,5700.0,5700.0,0,2018,1,11,4,17542
5700.0,5700.0,5700.0,5700.0,0,2018,1,12,5,17543
5700.0,5700.0,5700.0,5700.0,0,2018,1,15,1,17546
5700.0,5700.0,5700.0,5700.0,0,2018,1,16,2,17547
5700.0,5700.0,5700.0,5700.0,0,2018,1,17,3,17548
5700.0,5700.0,5700.0,5700.0,0,2018,1,18,4,17549
5700.0,5700.0,5700.0,5700.0,0,2018,1,19,5,17550
5700.0,5700.0,5700.0,5700.0,0,2018,1,22,1,17553
5700.0,5700.0,5700.0,5700.0,0,2018,1,23,2,17554
5700.0,5700.0,5700.0,5700.0,0,2018,1,24,3,17555
5700.0,5700.0,5700.0,5700.0,0,2018,1,25,4,17556
5700.0,5700.0,5700.0,5700.0,0,2018,1,26,5,17557
5700.0,5700.0,5700.0,5700.0,0,2018,1,29,1,17560
5700.0,5700.0,5700.0,5700.0,0,2018,1,30,2,17561
5700.0,5700.0,5700.0,5700.0,0,2018,1,31,3,17562
5700.0,5700.0,5700.0,5700.0,0,2018,2,1,4,17563
5700.0,5700.0,5700.0,5700.0,0,2018,2,2,5,17564
5700.0,5700.0,5700.0,5700.0,0,2018,2,5,1,17567
5700.0,5700.0,5700.0,5700.0,0,2018,2,6,2,17568
5700.0,5700.0,5700.0,5700.0,0,2018,2,7,3,17569
5700.0,5700.0,5700.0,5700.0,0,2018,2,8,4,17570
5700.0,5700.0,5700.0,5700.0,0,2018,2,9,5,17571
5700.0,5700.0,5700.0,5700.0,0,2018,2,12,1,17574
5700.0,5700.0,5700.0,5700.0,0,2018,2,13,2,17575
5700.0,5700.0,5700.0,5700.0,0,2018,2,21,3,17583
5700.0,5700.0,5700.0,5700.0,0,2018,2,22,4,17584
5700.0,5700.0,5700.0,5700.0,0,2018,2,23,5,17585
5700.0,5700.0,5700.0,5700.0,0,2018,2,26,1,17588
5700.0,5700.0,5700.0,5700.0,0,2018,2,27,2,17589
5700.0,5700.0,5700.0,5700.0,0,2018,2,28,3,17590
5700.0,5700.0,5700.0,5700.0,0,2018,3,1,4,17591
5700.0,5700.0,5700.0,5700.0,0,2018,3,2,5,17592
5700.0,5700.0,5700.0,5700.0,0,2018,3,5,1,17595
5700.0,5700.0,5700.0,5700.0,0,2018,3,6,2,17596
5700.0,5700.0,5700.0,5700.0,0,2018,3,7,3,17597
5700.0,5700.0,5700.0,5700.0,0,2018,3,8,4,17598
5700.0,5700.0,5700.0,5700.0,0,2018,3,9,5,17599
5700.0,5700.0,5700.0,5700.0,0,2018,3,12,1,17602
5700.0,5700.0,5700.0,5700.0,0,2018,3,13,2,17603
5700.0,5700.0,5700.0,5700.0,0,2018,3,14,3,17604
5700.0,5700.0,5700.0,5700.0,0,2018,3,15,4,17605
5700.0,5700.0,5700.0,5700.0,0,2018,3,16,5,17606
5700.0,5700.0,5700.0,5700.0,0,2018,3,19,1,17609
5700.0,5700.0,5700.0,5700.0,0,2018,3,20,2,17610
5700.0,5700.0,5700.0,5700.0,0,2018,3,21,3,17611
5700.0,5700.0,5700.0,5700.0,0,2018,3,22,4,17612
5700.0,5700.0,5700.0,5700.0,0,2018,3,23,5,17613
5700.0,5700.0,5700.0,5700.0,0,2018,3,26,1,17616
5700.0,5700.0,5700.0,5700.0,0,2018,3,27,2,17617
5700.0,5700.0,5700.0,5700.0,0,2018,3,28,3,17618
5700.0,5700.0,5700.0,5700.0,0,2018,3,29,4,17619
5700.0,5700.0,5700.0,5700.0,0,2018,3,30,5,17620
5700.0,5700.0,5700.0,5700.0,0,2018,4,2,1,17623
5700.0,5700.0,5700.0,5700.0,0,2018,4,3,2,17624
5700.0,5700.0,5700.0,5700.0,0,2018,4,4,3,17625
5700.0,5700.0,5700.0,5700.0,0,2018,4,5,4,17626
5700.0,5700.0,5700.0,5700.0,0,2018,4,6,5,17627
5700.0,5700.0,5700.0,5700.0,0,2018,4,9,1,17630
5700.0,5700.0,5700.0,5700.0,0,2018,4,10,2,17631
5700.0,5700.0,5700.0,5700.0,0,2018,4,11,3,17632
5700.0,5700.0,5700.0,5700.0,0,2018,4,12,4,17633
5700.0,5700.0,5700.0,5700.0,0,2018,4,13,5,17634
5700.0,5700.0,5700.0,5700.0,0,2018,4,16,1,17637
5700.0,5700.0,5700.0,5700.0,0,2018,4,17,2,17638
5700.0,5700.0,5700.0,5700.0,0,2018,4,18,3,17639
5700.0,5700.0,5700.0,5700.0,0,2018,4,19,4,17640
5700.0,5700.0,5700.0,5700.0,0,2018,4,20,5,17641
5700.0,5700.0,5700.0,5700.0,0,2018,4,23,1,17644
5700.0,5700.0,5700.0,5700.0,0,2018,4,24,2,17645
5700.0,5700.0,5700.0,5700.0,0,2018,4,26,4,17647
5700.0,5700.0,5700.0,5700.0,0,2018,4,27,5,17648
5700.0,5700.0,5700.0,5700.0,0,2018,5,2,3,17653
5700.0,5700.0,5700.0,5700.0,0,2018,5,3,4,17654
5700.0,5700.0,5700.0,5700.0,0,2018,5,4,5,17655
5700.0,5700.0,5700.0,5700.0,0,2018,5,7,1,17658
5700.0,5700.0,5700.0,5700.0,0,2018,5,8,2,17659
5700.0,5700.0,5700.0,5700.0,0,2018,5,9,3,17660
5700.0,5700.0,5700.0,5700.0,0,2018,5,10,4,17661
5700.0,5700.0,5700.0,5700.0,0,2018,5,11,5,17662
5700.0,5700.0,5700.0,5700.0,0,2018,5,14,1,17665
5700.0,5700.0,5700.0,5700.0,0,2018,5,15,2,17666
5700.0,5700.0,5700.0,5700.0,0,2018,5,16,3,17667
5700.0,5700.0,5700.0,5700.0,0,2018,5,17,4,17668
5700.0,5700.0,5700.0,5700.0,0,2018,5,18,5,17669
5700.0,5700.0,5700.0,5700.0,0,2018,5,21,1,17672
5700.0,5700.0,5700.0,5700.0,0,2018,5,22,2,17673
5700.0,5700.0,5700.0,5700.0,0,2018,5,23,3,17674
5700.0,5700.0,5700.0,5700.0,0,2018,5,24,4,17675
5700.0,5700.0,5700.0,5700.0,0,2018,5,25,5,17676
5700.0,5700.0,5700.0,5700.0,0,2018,5,28,1,17679
5700.0,5700.0,5700.0,5700.0,0,2018,5,29,2,17680
5700.0,5700.0,5700.0,5700.0,0,2018,5,30,3,17681
5700.0,5700.0,5700.0,5700.0,0,2018,5,31,4,17682
5700.0,5700.0,5700.0,5700.0,0,2018,6,1,5,17683
5700.0,5700.0,5700.0,5700.0,0,2018,6,4,1,17686
5700.0,5700.0,5700.0,5700.0,0,2018,6,5,2,17687
5700.0,5700.0,5700.0,5700.0,0,2018,6,6,3,17688
5700.0,5700.0,5700.0,5700.0,0,2018,6,7,4,17689
5700.0,5700.0,5700.0,5700.0,0,2018,6,8,5,17690
5700.0,5700.0,5700.0,5700.0,0,2018,6,11,1,17693
5700.0,5700.0,5700.0,5700.0,0,2018,6,12,2,17694
5700.0,5700.0,5700.0,5700.0,0,2018,6,13,3,17695
5700.0,5700.0,5700.0,5700.0,0,2018,6,14,4,17696
5700.0,5700.0,5700.0,5700.0,0,2018,6,15,5,17697
5700.0,5700.0,5700.0,5700.0,0,2018,6,18,1,17700
5700.0,5700.0,5700.0,5700.0,0,2018,6,19,2,17701
5700.0,5700.0,5700.0,5700.0,0,2018,6,20,3,17702
5700.0,5700.0,5700.0,5700.0,0,2018,6,21,4,17703
5700.0,5700.0,5700.0,5700.0,0,2018,6,22,5,17704
5700.0,5700.0,5700.0,5700.0,0,2018,6,25,1,17707
5700.0,5700.0,5700.0,5700.0,0,2018,6,26,2,17708
5700.0,5700.0,5700.0,5700.0,0,2018,6,27,3,17709
5700.0,5700.0,5700.0,5700.0,0,2018,6,28,4,17710
5700.0,5700.0,5700.0,5700.0,0,2018,6,29,5,17711
5700.0,5700.0,5700.0,5700.0,0,2018,7,2,1,17714
5700.0,5700.0,5700.0,5700.0,0,2018,7,3,2,17715
5700.0,5700.0,5700.0,5700.0,0,2018,7,4,3,17716
5700.0,5700.0,5700.0,5700.0,0,2018,7,5,4,17717
5700.0,5700.0,5700.0,5700.0,0,2018,7,6,5,17718
5700.0,5700.0,5700.0,5700.0,0,2018,7,9,1,17721
5700.0,5700.0,5700.0,5700.0,0,2018,7,10,2,17722
5700.0,5700.0,5700.0,5700.0,0,2018,7,11,3,17723
5700.0,5700.0,5700.0,5700.0,0,2018,7,12,4,17724
5700.0,5700.0,5700.0,5700.0,0,2018,7,13,5,17725
5700.0,5700.0,5700.0,5700.0,0,2018,7,16,1,17728
5700.0,5700.0,5700.0,5700.0,0,2018,7,17,2,17729
5700.0,5700.0,5700.0,5700.0,0,2018,7,18,3,17730
5700.0,5700.0,5700.0,5700.0,0,2018,7,19,4,17731
5700.0,5700.0,5700.0,5700.0,0,2018,7,20,5,17732
5700.0,5700.0,5700.0,5700.0,0,2018,7,23,1,17735
5700.0,5700.0,5700.0,5700.0,0,2018,7,24,2,17736
5700.0,5700.0,5700.0,5700.0,0,2018,7,25,3,17737
5700.0,5700.0,5700.0,5700.0,0,2018,7,26,4,17738
5700.0,5700.0,5700.0,5700.0,0,2018,7,27,5,17739
5700.0,5700.0,5700.0,5700.0,0,2018,7,30,1,17742
5700.0,5700.0,5700.0,5700.0,0,2018,7,31,2,17743
6000.0,6000.0,6000.0,6000.0,600,2018,8,1,3,17744
6000.0,6000.0,6000.0,6000.0,0,2018,8,2,4,17745
6000.0,6000.0,6000.0,6000.0,0,2018,8,3,5,17746
6000.0,6000.0,6000.0,6000.0,0,2018,8,6,1,17749
6000.0,6000.0,6000.0,6000.0,0,2018,8,7,2,17750
6000.0,6000.0,6000.0,6000.0,0,2018,8,8,3,17751
6000.0,6000.0,6000.0,6000.0,0,2018,8,9,4,17752
6000.0,6000.0,6000.0,6000.0,0,2018,8,10,5,17753
6000.0,6000.0,6000.0,6000.0,0,2018,8,13,1,17756
6000.0,6000.0,6000.0,6000.0,0,2018,8,14,2,17757
6000.0,6000.0,6000.0,6000.0,0,2018,8,15,3,17758
6000.0,6000.0,6000.0,6000.0,0,2018,8,16,4,17759
6000.0,6000.0,6000.0,6000.0,0,2018,8,17,5,17760
6000.0,6000.0,6000.0,6000.0,0,2018,8,20,1,17763
6000.0,6000.0,6000.0,6000.0,0,2018,8,21,2,17764
6000.0,6000.0,6000.0,6000.0,0,2018,8,22,3,17765
6000.0,6000.0,6000.0,6000.0,0,2018,8,23,4,17766
6000.0,6000.0,6000.0,6000.0,0,2018,8,24,5,17767
6000.0,6000.0,6000.0,6000.0,0,2018,8,27,1,17770
6000.0,6000.0,6000.0,6000.0,0,2018,8,28,2,17771
6000.0,6000.0,6000.0,6000.0,0,2018,8,29,3,17772
6000.0,6000.0,6000.0,6000.0,0,2018,8,30,4,17773
6000.0,6000.0,6000.0,6000.0,0,2018,8,31,5,17774
6000.0,6000.0,6000.0,6000.0,0,2018,9,4,2,17778
6000.0,6000.0,6000.0,6000.0,0,2018,9,5,3,17779
6000.0,6000.0,6000.0,6000.0,0,2018,9,6,4,17780
6000.0,6000.0,6000.0,6000.0,0,2018,9,7,5,17781
6000.0,6000.0,6000.0,6000.0,0,2018,9,10,1,17784
6000.0,6000.0,6000.0,6000.0,0,2018,9,11,2,17785
6000.0,6000.0,6000.0,6000.0,0,2018,9,12,3,17786
6000.0,6000.0,6000.0,6000.0,0,2018,9,13,4,17787
6000.0,6000.0,6000.0,6000.0,0,2018,9,14,5,17788
6000.0,6000.0,6000.0,6000.0,0,2018,9,17,1,17791
6000.0,6000.0,6000.0,6000.0,0,2018,9,18,2,17792
6000.0,6000.0,6000.0,6000.0,0,2018,9,19,3,17793
6000.0,6000.0,6000.0,6000.0,0,2018,9,20,4,17794
6000.0,6000.0,6000.0,6000.0,0,2018,9,21,5,17795
6000.0,6000.0,6000.0,6000.0,0,2018,9,24,1,17798
6000.0,6000.0,6000.0,6000.0,0,2018,9,25,2,17799
6000.0,6000.0,6000.0,6000.0,600,2018,9,26,3,17800
6000.0,6000.0,6000.0,6000.0,0,2018,9,27,4,17801
6000.0,6000.0,6000.0,6000.0,0,2018,9,28,5,17802
6000.0,6000.0,6000.0,6000.0,0,2018,10,1,1,17805
6000.0,6000.0,6000.0,6000.0,0,2018,10,2,2,17806
6000.0,6000.0,6000.0,6000.0,0,2018,10,3,3,17807
6000.0,6000.0,6000.0,6000.0,0,2018,10,4,4,17808
6000.0,6000.0,6000.0,6000.0,0,2018,10,5,5,17809
6000.0,6000.0,6000.0,6000.0,0,2018,10,8,1,17812
6000.0,6000.0,6000.0,6000.0,0,2018,10,9,2,17813
6000.0,6000.0,6000.0,6000.0,0,2018,10,10,3,17814
6000.0,6000.0,6000.0,6000.0,0,2018,10,11,4,17815
6000.0,6000.0,6000.0,6000.0,0,2018,10,12,5,17816
6000.0,6000.0,6000.0,6000.0,0,2018,10,15,1,17819
6000.0,6000.0,6000.0,6000.0,0,2018,10,16,2,17820
6000.0,6000.0,6000.0,6000.0,0,2018,10,17,3,17821
6000.0,6000.0,6000.0,6000.0,0,2018,10,18,4,17822
6000.0,6000.0,6000.0,6000.0,0,2018,10,19,5,17823
6000.0,6000.0,6000.0,6000.0,0,2018,10,22,1,17826
6000.0,6000.0,6000.0,6000.0,0,2018,10,23,2,17827
6000.0,6000.0,6000.0,6000.0,0,2018,10,24,3,17828
6000.0,6000.0,6000.0,6000.0,0,2018,10,25,4,17829
6000.0,6000.0,6000.0,6000.0,0,2018,10,26,5,17830
6000.0,6000.0,6000.0,6000.0,0,2018,10,29,1,17833
6000.0,6000.0,6000.0,6000.0,0,2018,10,30,2,17834
6000.0,6000.0,6000.0,6000.0,0,2018,10,31,3,17835
6000.0,6000.0,6000.0,6000.0,0,2018,11,1,4,17836
6000.0,6000.0,6000.0,6000.0,0,2018,11,2,5,17837
6000.0,6000.0,6000.0,6000.0,0,2018,11,5,1,17840
6000.0,6000.0,6000.0,6000.0,0,2018,11,6,2,17841
6000.0,6000.0,6000.0,6000.0,0,2018,11,7,3,17842
6000.0,6000.0,6000.0,6000.0,0,2018,11,8,4,17843
6000.0,6000.0,6000.0,6000.0,0,2018,11,9,5,17844
6000.0,6000.0,6000.0,6000.0,0,2018,11,12,1,17847
6000.0,6000.0,6000.0,6000.0,0,2018,11,13,2,17848
6000.0,6000.0,6000.0,6000.0,0,2018,11,14,3,17849
6000.0,6000.0,6000.0,6000.0,0,2018,11,15,4,17850
6000.0,6000.0,6000.0,6000.0,0,2018,11,16,5,17851
6000.0,6000.0,6000.0,6000.0,0,2018,11,19,1,17854
6000.0,6000.0,6000.0,6000.0,0,2018,11,20,2,17855
6000.0,6000.0,6000.0,6000.0,0,2018,11,21,3,17856
6000.0,6000.0,6000.0,6000.0,0,2018,11,22,4,17857
6000.0,6000.0,6000.0,6000.0,0,2018,11,23,5,17858
6000.0,6000.0,6000.0,6000.0,0,2018,11,26,1,17861
6000.0,6000.0,6000.0,6000.0,0,2018,11,27,2,17862
6000.0,6000.0,6000.0,6000.0,0,2018,11,28,3,17863
6000.0,6000.0,6000.0,6000.0,0,2018,11,29,4,17864
6000.0,6000.0,6000.0,6000.0,0,2018,11,30,5,17865
6000.0,6000.0,6000.0,6000.0,0,2018,12,3,1,17868
6000.0,6000.0,6000.0,6000.0,0,2018,12,4,2,17869
6000.0,6000.0,6000.0,6000.0,0,2018,12,5,3,17870
6000.0,6000.0,6000.0,6000.0,0,2018,12,6,4,17871
6000.0,6000.0,6000.0,6000.0,0,2018,12,7,5,17872
6000.0,6000.0,6000.0,6000.0,0,2018,12,10,1,17875
6000.0,6000.0,6000.0,6000.0,0,2018,12,11,2,17876
4000.0,4000.0,4000.0,4000.0,300,2018,12,12,3,17877
3400.0,3400.0,3400.0,3400.0,1000,2018,12,13,4,17878
3400.0,3400.0,3400.0,3400.0,0,2018,12,14,5,17879
3400.0,3400.0,3400.0,3400.0,0,2018,12,17,1,17882
3400.0,3400.0,3400.0,3400.0,0,2018,12,18,2,17883
3900.0,3900.0,3900.0,3900.0,100,2018,12,19,3,17884
4400.0,4400.0,4400.0,4400.0,100,2018,12,20,4,17885
5000.0,5000.0,5000.0,5000.0,100,2018,12,21,5,17886
5000.0,5000.0,5000.0,5000.0,0,2018,12,24,1,17889
5700.0,5700.0,5700.0,5700.0,300,2018,12,25,2,17890
5700.0,5700.0,5700.0,5700.0,0,2018,12,26,3,17891
6500.0,6500.0,6500.0,6500.0,200,2018,12,27,4,17892
7400.0,7400.0,7400.0,7400.0,100,2018,12,28,5,17893
7400.0,7400.0,7400.0,7400.0,0,2019,1,2,3,17898
8500.0,8500.0,8500.0,8500.0,100,2019,1,3,4,17899
8500.0,8500.0,8500.0,8500.0,0,2019,1,4,5,17900
8500.0,8500.0,8500.0,8500.0,0,2019,1,7,1,17903
8500.0,8500.0,8500.0,8500.0,0,2019,1,8,2,17904
8500.0,8500.0,8500.0,8500.0,0,2019,1,9,3,17905
8500.0,8500.0,8500.0,8500.0,0,2019,1,10,4,17906
8500.0,8500.0,8500.0,8500.0,0,2019,1,11,5,17907
8500.0,8500.0,8500.0,8500.0,0,2019,1,14,1,17910
8500.0,8500.0,8500.0,8500.0,0,2019,1,15,2,17911
7300.0,7300.0,7300.0,7300.0,100,2019,1,16,3,17912
7300.0,7300.0,7300.0,7300.0,0,2019,1,17,4,17913
7300.0,7300.0,7300.0,7300.0,0,2019,1,18,5,17914
6300.0,6300.0,6300.0,6300.0,100,2019,1,21,1,17917
5400.0,5400.0,5400.0,5400.0,100,2019,1,22,2,17918
5400.0,5400.0,5400.0,5400.0,0,2019,1,23,3,17919
4600.0,4600.0,4600.0,4600.0,100,2019,1,24,4,17920
4600.0,4600.0,4600.0,4600.0,0,2019,1,25,5,17921
4600.0,4600.0,4600.0,4600.0,0,2019,1,28,1,17924
4600.0,4600.0,4600.0,4600.0,0,2019,1,29,2,17925
4600.0,4600.0,4600.0,4600.0,0,2019,1,30,3,17926
4600.0,4600.0,4600.0,4600.0,0,2019,1,31,4,17927
4600.0,4600.0,4600.0,4600.0,0,2019,2,1,5,17928
4600.0,4600.0,4600.0,4600.0,0,2019,2,11,1,17938
4000.0,4000.0,4000.0,4000.0,100,2019,2,12,2,17939
4000.0,4000.0,4000.0,4000.0,0,2019,2,13,3,17940
3400.0,3400.0,3400.0,3400.0,300,2019,2,14,4,17941
3900.0,3900.0,3900.0,3900.0,100,2019,2,15,5,17942
3400.0,3400.0,3400.0,3400.0,300,2019,2,18,1,17945
3400.0,3400.0,3400.0,3400.0,0,2019,2,19,2,17946
3400.0,3400.0,3400.0,3400.0,0,2019,2,20,3,17947
3400.0,3400.0,3400.0,3400.0,0,2019,2,21,4,17948
3400.0,3400.0,3400.0,3400.0,0,2019,2,22,5,17949
2900.0,2900.0,2900.0,2900.0,500,2019,2,25,1,17952
2500.0,2500.0,2500.0,2500.0,900,2019,2,26,2,17953
2200.0,2200.0,2200.0,2200.0,2100,2019,2,27,3,17954
2200.0,2200.0,2200.0,2200.0,0,2019,2,28,4,17955
2200.0,2200.0,2200.0,2200.0,0,2019,3,1,5,17956
2100.0,2100.0,2100.0,2100.0,100,2019,3,4,1,17959
2100.0,2100.0,2100.0,2100.0,100,2019,3,5,2,17960
2100.0,2100.0,2100.0,2100.0,0,2019,3,6,3,17961
2100.0,2100.0,2100.0,2100.0,0,2019,3,7,4,17962
2100.0,2100.0,2100.0,2100.0,0,2019,3,8,5,17963
2100.0,2100.0,2100.0,2100.0,0,2019,3,11,1,17966
2400.0,2400.0,2400.0,2400.0,100,2019,3,12,2,17967
2400.0,2400.0,2400.0,2400.0,0,2019,3,13,3,17968
2400.0,2400.0,2400.0,2400.0,0,2019,3,14,4,17969
2400.0,2400.0,2400.0,2400.0,0,2019,3,15,5,17970
2400.0,2400.0,2400.0,2400.0,0,2019,3,18,1,17973
2400.0,2400.0,2400.0,2400.0,0,2019,3,19,2,17974
2400.0,2400.0,2400.0,2400.0,0,2019,3,20,3,17975
2400.0,2400.0,2400.0,2400.0,0,2019,3,21,4,17976
2400.0,2400.0,2400.0,2400.0,0,2019,3,22,5,17977
2400.0,2400.0,2400.0,2400.0,0,2019,3,25,1,17980
2400.0,2400.0,2400.0,2400.0,0,2019,3,26,2,17981
2400.0,2400.0,2400.0,2400.0,0,2019,3,27,3,17982
2400.0,2400.0,2400.0,2400.0,0,2019,3,28,4,17983
2400.0,2400.0,2400.0,2400.0,0,2019,3,29,5,17984
2400.0,2400.0,2400.0,2400.0,0,2019,4,1,1,17987
2400.0,2400.0,2400.0,2400.0,0,2019,4,2,2,17988
2400.0,2400.0,2400.0,2400.0,0,2019,4,3,3,17989
2100.0,2100.0,2100.0,2100.0,1000,2019,4,4,4,17990
2100.0,2100.0,2100.0,2100.0,0,2019,4,5,5,17991
2100.0,2100.0,2100.0,2100.0,0,2019,4,8,1,17994
2100.0,2100.0,2100.0,2100.0,0,2019,4,9,2,17995
2100.0,2100.0,2100.0,2100.0,0,2019,4,10,3,17996
1800.0,1800.0,1800.0,1800.0,1300,2019,4,11,4,17997
1800.0,1800.0,1800.0,1800.0,0,2019,4,12,5,17998
1800.0,1800.0,1800.0,1800.0,0,2019,4,16,2,18002
1800.0,1800.0,1800.0,1800.0,0,2019,4,17,3,18003
2000.0,2000.0,2000.0,2000.0,100,2019,4,18,4,18004
2000.0,2000.0,2000.0,2000.0,0,2019,4,19,5,18005
2000.0,2000.0,2000.0,2000.0,0,2019,4,22,1,18008
2000.0,2000.0,2000.0,2000.0,0,2019,4,23,2,18009
2000.0,2000.0,2000.0,2000.0,0,2019,4,24,3,18010
2000.0,2000.0,2000.0,2000.0,0,2019,4,25,4,18011
2000.0,2000.0,2000.0,2000.0,0,2019,4,26,5,18012
2000.0,2000.0,2000.0,2000.0,0,2019,5,2,4,18018
2000.0,2000.0,2000.0,2000.0,0,2019,5,3,5,18019
2000.0,2000.0,2000.0,2000.0,0,2019,5,6,1,18022
2000.0,2000.0,2000.0,2000.0,0,2019,5,7,2,18023
2000.0,2000.0,2000.0,2000.0,0,2019,5,8,3,18024
2000.0,2000.0,2000.0,2000.0,0,2019,5,9,4,18025
2000.0,2000.0,2000.0,2000.0,0,2019,5,10,5,18026
2000.0,2000.0,2000.0,2000.0,0,2019,5,13,1,18029
2000.0,2000.0,2000.0,2000.0,0,2019,5,14,2,18030
2000.0,2000.0,2000.0,2000.0,0,2019,5,15,3,18031
2000.0,2000.0,2000.0,2000.0,0,2019,5,16,4,18032
2000.0,2000.0,2000.0,2000.0,0,2019,5,17,5,18033
2000.0,2000.0,2000.0,2000.0,0,2019,5,20,1,18036
2000.0,2000.0,2000.0,2000.0,0,2019,5,21,2,18037
2000.0,2000.0,2000.0,2000.0,0,2019,5,22,3,18038
2000.0,2000.0,2000.0,2000.0,0,2019,5,23,4,18039
2000.0,2000.0,2000.0,2000.0,0,2019,5,24,5,18040
2000.0,2000.0,2000.0,2000.0,0,2019,5,27,1,18043
2000.0,2000.0,2000.0,2000.0,0,2019,5,28,2,18044
2000.0,2000.0,2000.0,2000.0,0,2019,5,29,3,18045
2000.0,2000.0,2000.0,2000.0,0,2019,5,30,4,18046
2000.0,2000.0,2000.0,2000.0,0,2019,5,31,5,18047
2000.0,2000.0,2000.0,2000.0,300,2019,6,3,1,18050
2000.0,2000.0,2000.0,2000.0,0,2019,6,4,2,18051
2000.0,2000.0,2000.0,2000.0,0,2019,6,5,3,18052
2000.0,2000.0,2000.0,2000.0,0,2019,6,6,4,18053
2000.0,2000.0,2000.0,2000.0,0,2019,6,7,5,18054
2000.0,2000.0,2000.0,2000.0,0,2019,6,10,1,18057
2000.0,2000.0,2000.0,2000.0,0,2019,6,11,2,18058
2000.0,2000.0,2000.0,2000.0,0,2019,6,12,3,18059
2000.0,2000.0,2000.0,2000.0,0,2019,6,13,4,18060
2000.0,2000.0,2000.0,2000.0,0,2019,6,14,5,18061
2000.0,2000.0,2000.0,2000.0,0,2019,6,17,1,18064
2000.0,2000.0,2000.0,2000.0,0,2019,6,18,2,18065
2000.0,2000.0,2000.0,2000.0,0,2019,6,19,3,18066
2000.0,2000.0,2000.0,2000.0,0,2019,6,20,4,18067
2000.0,2000.0,2000.0,2000.0,0,2019,6,21,5,18068
2000.0,2000.0,2000.0,2000.0,0,2019,6,24,1,18071
2000.0,2000.0,2000.0,2000.0,0,2019,6,25,2,18072
2000.0,2000.0,2000.0,2000.0,0,2019,6,26,3,18073
2000.0,2000.0,2000.0,2000.0,0,2019,6,27,4,18074
2000.0,2000.0,2000.0,2000.0,0,2019,6,28,5,18075
2000.0,2000.0,2000.0,2000.0,0,2019,7,1,1,18078
2000.0,2000.0,2000.0,2000.0,0,2019,7,2,2,18079
2000.0,2000.0,2000.0,2000.0,0,2019,7,3,3,18080
2000.0,2000.0,2000.0,2000.0,0,2019,7,4,4,18081
2300.0,2300.0,2300.0,2300.0,3100,2019,7,5,5,18082
2300.0,2300.0,2300.0,2300.0,500,2019,7,8,1,18085
2300.0,2300.0,2300.0,2300.0,0,2019,7,9,2,18086
2300.0,2300.0,2300.0,2300.0,0,2019,7,10,3,18087
2300.0,2300.0,2300.0,2300.0,0,2019,7,11,4,18088
2300.0,2300.0,2300.0,2300.0,2600,2019,7,12,5,18089
2300.0,2300.0,2300.0,2300.0,3010,2019,7,15,1,18092
2300.0,2300.0,2300.0,2300.0,0,2019,7,16,2,18093
2300.0,2300.0,2300.0,2300.0,0,2019,7,17,3,18094
2300.0,2300.0,2300.0,2300.0,0,2019,7,18,4,18095
2300.0,2300.0,2300.0,2300.0,0,2019,7,19,5,18096
2300.0,2300.0,2300.0,2300.0,0,2019,7,22,1,18099
2300.0,2300.0,2300.0,2300.0,2000,2019,7,23,2,18100
2300.0,2300.0,2300.0,2300.0,0,2019,7,24,3,18101
2300.0,2300.0,2300.0,2300.0,0,2019,7,25,4,18102
2300.0,2300.0,2300.0,2300.0,0,2019,7,26,5,18103
2300.0,2300.0,2300.0,2300.0,0,2019,7,29,1,18106
2300.0,2300.0,2300.0,2300.0,0,2019,7,30,2,18107
2300.0,2300.0,2300.0,2300.0,0,2019,7,31,3,18108
2300.0,2300.0,2300.0,2300.0,0,2019,8,1,4,18109
2300.0,2300.0,2300.0,2300.0,1000,2019,8,2,5,18110
2300.0,2300.0,2300.0,2300.0,0,2019,8,5,1,18113
2300.0,2300.0,2300.0,2300.0,0,2019,8,6,2,18114
2300.0,2300.0,2300.0,2300.0,0,2019,8,7,3,18115
2300.0,2300.0,2300.0,2300.0,0,2019,8,8,4,18116
2300.0,2300.0,2300.0,2300.0,0,2019,8,9,5,18117
2300.0,2300.0,2300.0,2300.0,0,2019,8,12,1,18120
2300.0,2300.0,2300.0,2300.0,0,2019,8,13,2,18121
2300.0,2300.0,2300.0,2300.0,0,2019,8,14,3,18122
2300.0,2300.0,2300.0,2300.0,0,2019,8,15,4,18123
2300.0,2300.0,2300.0,2300.0,0,2019,8,16,5,18124
2300.0,2300.0,2300.0,2300.0,0,2019,8,19,1,18127
2300.0,2300.0,2300.0,2300.0,0,2019,8,20,2,18128
2300.0,2300.0,2300.0,2300.0,0,2019,8,21,3,18129
2300.0,2300.0,2300.0,2300.0,0,2019,8,22,4,18130
2300.0,2300.0,2300.0,2300.0,0,2019,8,23,5,18131
2300.0,2300.0,2300.0,2300.0,0,2019,8,26,1,18134
2300.0,2300.0,2300.0,2300.0,0,2019,8,27,2,18135
2300.0,2300.0,2300.0,2300.0,10,2019,8,28,3,18136
2300.0,2300.0,2300.0,2300.0,0,2019,8,29,4,18137
2300.0,2300.0,2300.0,2300.0,0,2019,8,30,5,18138
2300.0,2300.0,2300.0,2300.0,0,2019,9,3,2,18142
2300.0,2300.0,2300.0,2300.0,0,2019,9,4,3,18143
2300.0,2300.0,2300.0,2300.0,0,2019,9,5,4,18144
2300.0,2300.0,2300.0,2300.0,0,2019,9,6,5,18145
2300.0,2300.0,2300.0,2300.0,0,2019,9,9,1,18148
2300.0,2300.0,2300.0,2300.0,0,2019,9,10,2,18149
2300.0,2300.0,2300.0,2300.0,0,2019,9,11,3,18150
2300.0,2300.0,2300.0,2300.0,0,2019,9,12,4,18151
2300.0,2300.0,2300.0,2300.0,0,2019,9,13,5,18152
2300.0,2300.0,2300.0,2300.0,0,2019,9,16,1,18155
2300.0,2300.0,2300.0,2300.0,0,2019,9,17,2,18156
2300.0,2300.0,2300.0,2300.0,0,2019,9,18,3,18157
2300.0,2300.0,2300.0,2300.0,0,2019,9,19,4,18158
2300.0,2300.0,2300.0,2300.0,0,2019,9,20,5,18159
2300.0,2300.0,2300.0,2300.0,0,2019,9,23,1,18162
2300.0,2300.0,2300.0,2300.0,0,2019,9,24,2,18163
2300.0,2300.0,2300.0,2300.0,0,2019,9,25,3,18164
2300.0,2300.0,2300.0,2300.0,0,2019,9,26,4,18165
2300.0,2300.0,2300.0,2300.0,0,2019,9,27,5,18166
2300.0,2300.0,2300.0,2300.0,0,2019,9,30,1,18169
2300.0,2300.0,2300.0,2300.0,0,2019,10,1,2,18170
2300.0,2300.0,2300.0,2300.0,0,2019,10,2,3,18171
2300.0,2300.0,2300.0,2300.0,0,2019,10,3,4,18172
2300.0,2300.0,2300.0,2300.0,0,2019,10,4,5,18173
2300.0,2300.0,2300.0,2300.0,0,2019,10,7,1,18176
2300.0,2300.0,2300.0,2300.0,0,2019,10,8,2,18177
2300.0,2300.0,2300.0,2300.0,0,2019,10,9,3,18178
2300.0,2300.0,2300.0,2300.0,0,2019,10,10,4,18179
2300.0,2300.0,2300.0,2300.0,0,2019,10,11,5,18180
2300.0,2300.0,2300.0,2300.0,0,2019,10,14,1,18183
2300.0,2300.0,2300.0,2300.0,0,2019,10,15,2,18184
2300.0,2300.0,2300.0,2300.0,0,2019,10,16,3,18185
2300.0,2300.0,2300.0,2300.0,0,2019,10,17,4,18186
2300.0,2300.0,2300.0,2300.0,0,2019,10,18,5,18187
2300.0,2300.0,2300.0,2300.0,0,2019,10,21,1,18190
2300.0,2300.0,2300.0,2300.0,0,2019,10,22,2,18191
2300.0,2300.0,2300.0,2300.0,0,2019,10,23,3,18192
2300.0,2300.0,2300.0,2300.0,0,2019,10,24,4,18193
2300.0,2300.0,2300.0,2300.0,0,2019,10,25,5,18194
2300.0,2300.0,2300.0,2300.0,0,2019,10,28,1,18197
2300.0,2300.0,2300.0,2300.0,0,2019,10,29,2,18198
2300.0,2300.0,2300.0,2300.0,0,2019,10,30,3,18199
2300.0,2300.0,2300.0,2300.0,0,2019,10,31,4,18200
2300.0,2300.0,2300.0,2300.0,0,2019,11,1,5,18201
2300.0,2300.0,2300.0,2300.0,0,2019,11,4,1,18204
2300.0,2300.0,2300.0,2300.0,0,2019,11,5,2,18205
2300.0,2300.0,2300.0,2300.0,0,2019,11,6,3,18206
2300.0,2300.0,2300.0,2300.0,0,2019,11,7,4,18207
2300.0,2300.0,2300.0,2300.0,0,2019,11,8,5,18208
2300.0,2300.0,2300.0,2300.0,0,2019,11,11,1,18211
2300.0,2300.0,2300.0,2300.0,0,2019,11,12,2,18212
2300.0,2300.0,2300.0,2300.0,0,2019,11,13,3,18213
2300.0,2300.0,2300.0,2300.0,0,2019,11,14,4,18214
2300.0,2300.0,2300.0,2300.0,0,2019,11,15,5,18215
2300.0,2300.0,2300.0,2300.0,0,2019,11,18,1,18218
2300.0,2300.0,2300.0,2300.0,0,2019,11,19,2,18219
2300.0,2300.0,2300.0,2300.0,0,2019,11,20,3,18220
2300.0,2300.0,2300.0,2300.0,0,2019,11,21,4,18221
2300.0,2300.0,2300.0,2300.0,0,2019,11,22,5,18222
2300.0,2300.0,2300.0,2300.0,0,2019,11,25,1,18225
2300.0,2300.0,2300.0,2300.0,0,2019,11,26,2,18226
2300.0,2300.0,2300.0,2300.0,0,2019,11,27,3,18227
2300.0,2300.0,2300.0,2300.0,0,2019,11,28,4,18228
2300.0,2300.0,2300.0,2300.0,0,2019,11,29,5,18229
2300.0,2300.0,2300.0,2300.0,0,2019,12,2,1,18232
2300.0,2300.0,2300.0,2300.0,1000,2019,12,3,2,18233
2300.0,2300.0,2300.0,2300.0,0,2019,12,4,3,18234
2300.0,2300.0,2300.0,2300.0,0,2019,12,5,4,18235
2300.0,2300.0,2300.0,2300.0,0,2019,12,6,5,18236
2300.0,2300.0,2300.0,2300.0,0,2019,12,9,1,18239
2300.0,2300.0,2300.0,2300.0,0,2019,12,10,2,18240
2300.0,2300.0,2300.0,2300.0,0,2019,12,11,3,18241
2300.0,2300.0,2300.0,2300.0,0,2019,12,12,4,18242
2300.0,2300.0,2300.0,2300.0,0,2019,12,13,5,18243
2300.0,2300.0,2300.0,2300.0,0,2019,12,16,1,18246
2300.0,2300.0,2300.0,2300.0,0,2019,12,17,2,18247
2300.0,2300.0,2300.0,2300.0,0,2019,12,18,3,18248
2300.0,2300.0,2300.0,2300.0,0,2019,12,19,4,18249
2300.0,2300.0,2300.0,2300.0,0,2019,12,20,5,18250
2300.0,2300.0,2300.0,2300.0,0,2019,12,23,1,18253
2300.0,2300.0,2300.0,2300.0,0,2019,12,24,2,18254
2300.0,2300.0,2300.0,2300.0,0,2019,12,25,3,18255
2300.0,2300.0,2300.0,2300.0,0,2019,12,26,4,18256
2300.0,2300.0,2300.0,2300.0,0,2019,12,27,5,18257
2300.0,2300.0,2300.0,2300.0,0,2019,12,30,1,18260
2300.0,2300.0,2300.0,2300.0,0,2019,12,31,2,18261
2300.0,2300.0,2300.0,2300.0,0,2020,1,2,4,18263
2300.0,2300.0,2300.0,2300.0,0,2020,1,3,5,18264
2300.0,2300.0,2300.0,2300.0,0,2020,1,6,1,18267
2300.0,2300.0,2300.0,2300.0,0,2020,1,7,2,18268
2300.0,2300.0,2300.0,2300.0,0,2020,1,8,3,18269
2300.0,2300.0,2300.0,2300.0,0,2020,1,9,4,18270
2300.0,2300.0,2300.0,2300.0,0,2020,1,10,5,18271
2300.0,2300.0,2300.0,2300.0,0,2020,1,13,1,18274
2300.0,2300.0,2300.0,2300.0,0,2020,1,14,2,18275
2300.0,2300.0,2300.0,2300.0,0,2020,1,15,3,18276
2300.0,2300.0,2300.0,2300.0,0,2020,1,16,4,18277
2300.0,2300.0,2300.0,2300.0,0,2020,1,17,5,18278
2300.0,2300.0,2300.0,2300.0,0,2020,1,20,1,18281
2300.0,2300.0,2300.0,2300.0,0,2020,1,21,2,18282
2300.0,2300.0,2300.0,2300.0,0,2020,1,22,3,18283
2300.0,2300.0,2300.0,2300.0,0,2020,1,30,4,18291
2300.0,2300.0,2300.0,2300.0,0,2020,1,31,5,18292
2300.0,2300.0,2300.0,2300.0,0,2020,2,3,1,18295
2300.0,2300.0,2300.0,2300.0,0,2020,2,4,2,18296
2300.0,2300.0,2300.0,2300.0,0,2020,2,5,3,18297
2300.0,2300.0,2300.0,2300.0,0,2020,2,6,4,18298
2300.0,2300.0,2300.0,2300.0,0,2020,2,7,5,18299
2300.0,2300.0,2300.0,2300.0,0,2020,2,10,1,18302
2300.0,2300.0,2300.0,2300.0,0,2020,2,11,2,18303
2300.0,2300.0,2300.0,2300.0,0,2020,2,12,3,18304
2300.0,2300.0,2300.0,2300.0,0,2020,2,13,4,18305
2300.0,2300.0,2300.0,2300.0,0,2020,2,14,5,18306
2300.0,2300.0,2300.0,2300.0,0,2020,2,17,1,18309
2300.0,2300.0,2300.0,2300.0,0,2020,2,18,2,18310
2300.0,2300.0,2300.0,2300.0,0,2020,2,19,3,18311
2300.0,2300.0,2300.0,2300.0,0,2020,2,20,4,18312
2300.0,2300.0,2300.0,2300.0,0,2020,2,21,5,18313
2300.0,2300.0,2300.0,2300.0,0,2020,2,24,1,18316
2300.0,2300.0,2300.0,2300.0,0,2020,2,25,2,18317
2300.0,2300.0,2300.0,2300.0,0,2020,2,26,3,18318
2300.0,2300.0,2300.0,2300.0,0,2020,2,27,4,18319
2300.0,2300.0,2300.0,2300.0,0,2020,2,28,5,18320
2300.0,2300.0,2300.0,2300.0,0,2020,3,2,1,18323
2300.0,2300.0,2300.0,2300.0,0,2020,3,3,2,18324
2300.0,2300.0,2300.0,2300.0,0,2020,3,4,3,18325
2300.0,2300.0,2300.0,2300.0,0,2020,3,5,4,18326
2300.0,2300.0,2300.0,2300.0,0,2020,3,6,5,18327
2300.0,2300.0,2300.0,2300.0,0,2020,3,9,1,18330
2300.0,2300.0,2300.0,2300.0,0,2020,3,10,2,18331
2300.0,2300.0,2300.0,2300.0,0,2020,3,11,3,18332
2300.0,2300.0,2300.0,2300.0,0,2020,3,12,4,18333
2300.0,2300.0,2300.0,2300.0,0,2020,3,13,5,18334
2300.0,2300.0,2300.0,2300.0,0,2020,3,16,1,18337
2300.0,2300.0,2300.0,2300.0,0,2020,3,17,2,18338
2300.0,2300.0,2300.0,2300.0,0,2020,3,18,3,18339
2300.0,2300.0,2300.0,2300.0,0,2020,3,19,4,18340
2300.0,2300.0,2300.0,2300.0,0,2020,3,20,5,18341
2300.0,2300.0,2300.0,2300.0,0,2020,3,23,1,18344
2300.0,2300.0,2300.0,2300.0,0,2020,3,24,2,18345
2300.0,2300.0,2300.0,2300.0,0,2020,3,25,3,18346
2300.0,2300.0,2300.0,2300.0,0,2020,3,26,4,18347
2300.0,2300.0,2300.0,2300.0,0,2020,3,27,5,18348
2300.0,2300.0,2300.0,2300.0,0,2020,3,30,1,18351
2300.0,2300.0,2300.0,2300.0,0,2020,3,31,2,18352
2300.0,2300.0,2300.0,2300.0,0,2020,4,1,3,18353
2300.0,2300.0,2300.0,2300.0,0,2020,4,3,5,18355
2300.0,2300.0,2300.0,2300.0,0,2020,4,6,1,18358
2300.0,2300.0,2300.0,2300.0,0,2020,4,7,2,18359
2300.0,2300.0,2300.0,2300.0,0,2020,4,8,3,18360
2300.0,2300.0,2300.0,2300.0,0,2020,4,9,4,18361
2300.0,2300.0,2300.0,2300.0,0,2020,4,10,5,18362
2300.0,2300.0,2300.0,2300.0,0,2020,4,13,1,18365
2300.0,2300.0,2300.0,2300.0,0,2020,4,14,2,18366
2300.0,2300.0,2300.0,2300.0,0,2020,4,15,3,18367
2300.0,2300.0,2300.0,2300.0,0,2020,4,16,4,18368
2300.0,2300.0,2300.0,2300.0,0,2020,4,17,5,18369
2300.0,2300.0,2300.0,2300.0,0,2020,4,20,1,18372
2300.0,2300.0,2300.0,2300.0,0,2020,4,21,2,18373
2300.0,2300.0,2300.0,2300.0,0,2020,4,22,3,18374
2300.0,2300.0,2300.0,2300.0,0,2020,4,23,4,18375
2300.0,2300.0,2300.0,2300.0,0,2020,4,24,5,18376
2300.0,2300.0,2300.0,2300.0,0,2020,4,27,1,18379
2300.0,2300.0,2300.0,2300.0,0,2020,4,28,2,18380
2300.0,2300.0,2300.0,2300.0,0,2020,4,29,3,18381
2300.0,2300.0,2300.0,2300.0,0,2020,5,4,1,18386
2300.0,2300.0,2300.0,2300.0,0,2020,5,5,2,18387
2300.0,2300.0,2300.0,2300.0,0,2020,5,6,3,18388
2300.0,2300.0,2300.0,2300.0,0,2020,5,7,4,18389
2300.0,2300.0,2300.0,2300.0,0,2020,5,8,5,18390
2300.0,2300.0,2300.0,2300.0,0,2020,5,11,1,18393
2300.0,2300.0,2300.0,2300.0,0,2020,5,12,2,18394
2300.0,2300.0,2300.0,2300.0,0,2020,5,13,3,18395
2300.0,2300.0,2300.0,2300.0,0,2020,5,14,4,18396
2300.0,2300.0,2300.0,2300.0,0,2020,5,15,5,18397
2300.0,2300.0,2300.0,2300.0,0,2020,5,18,1,18400
2300.0,2300.0,2300.0,2300.0,0,2020,5,19,2,18401
2300.0,2300.0,2300.0,2300.0,0,2020,5,20,3,18402
2300.0,2300.0,2300.0,2300.0,0,2020,5,21,4,18403
2300.0,2300.0,2300.0,2300.0,0,2020,5,22,5,18404
2300.0,2300.0,2300.0,2300.0,0,2020,5,25,1,18407
2300.0,2300.0,2300.0,2300.0,0,2020,5,26,2,18408
2300.0,2300.0,2300.0,2300.0,0,2020,5,27,3,18409
2300.0,2300.0,2300.0,2300.0,0,2020,5,28,4,18410
2300.0,2300.0,2300.0,2300.0,0,2020,5,29,5,18411
2300.0,2300.0,2300.0,2300.0,0,2020,6,1,1,18414
2300.0,2300.0,2300.0,2300.0,0,2020,6,2,2,18415
2300.0,2300.0,2300.0,2300.0,0,2020,6,3,3,18416
2300.0,2300.0,2300.0,2300.0,0,2020,6,4,4,18417
2300.0,2300.0,2300.0,2300.0,0,2020,6,5,5,18418
2300.0,2300.0,2300.0,2300.0,0,2020,6,8,1,18421
2300.0,2300.0,2300.0,2300.0,0,2020,6,9,2,18422
2300.0,2300.0,2300.0,2300.0,0,2020,6,10,3,18423
2300.0,2300.0,2300.0,2300.0,0,2020,6,11,4,18424
2300.0,2300.0,2300.0,2300.0,0,2020,6,12,5,18425
3100.0,3100.0,3100.0,3100.0,100,2020,6,15,1,18428
3100.0,3100.0,3100.0,3100.0,0,2020,6,16,2,18429
3100.0,3100.0,3100.0,3100.0,0,2020,6,17,3,18430
3100.0,3100.0,3100.0,3100.0,0,2020,6,18,4,18431
3100.0,3100.0,3100.0,3100.0,0,2020,6,19,5,18432
3100.0,3100.0,3100.0,3100.0,5100,2020,6,22,1,18435
3100.0,3100.0,3100.0,3100.0,0,2020,6,23,2,18436
3100.0,3100.0,3100.0,3100.0,0,2020,6,24,3,18437
3100.0,3100.0,3100.0,3100.0,0,2020,6,25,4,18438
3100.0,3100.0,3100.0,3100.0,0,2020,6,26,5,18439
3100.0,3100.0,3100.0,3100.0,0,2020,6,29,1,18442
3100.0,3100.0,3100.0,3100.0,0,2020,6,30,2,18443
3100.0,3100.0,3100.0,3100.0,0,2020,7,1,3,18444
3100.0,3100.0,3100.0,3100.0,0,2020,7,2,4,18445
2700.0,3400.0,3400.0,2700.0,9110,2020,7,3,5,18446
3100.0,3100.0,3100.0,3100.0,100,2020,7,6,1,18449
3100.0,3100.0,3100.0,3100.0,0,2020,7,7,2,18450
3100.0,3100.0,3100.0,3100.0,0,2020,7,8,3,18451
3100.0,3100.0,3100.0,3100.0,0,2020,7,9,4,18452
3100.0,3100.0,3100.0,3100.0,0,2020,7,10,5,18453
3100.0,3100.0,3100.0,3100.0,0,2020,7,13,1,18456
3100.0,3100.0,3100.0,3100.0,0,2020,7,14,2,18457
3100.0,3100.0,3100.0,3100.0,0,2020,7,15,3,18458
3100.0,3100.0,3100.0,3100.0,0,2020,7,16,4,18459
3100.0,3100.0,3100.0,3100.0,0,2020,7,17,5,18460
3100.0,3100.0,3100.0,3100.0,0,2020,7,20,1,18463
3100.0,3100.0,3100.0,3100.0,0,2020,7,21,2,18464
3100.0,3100.0,3100.0,3100.0,0,2020,7,22,3,18465
3100.0,3100.0,3100.0,3100.0,0,2020,7,23,4,18466
3100.0,3100.0,3100.0,3100.0,0,2020,7,24,5,18467
3100.0,3100.0,3100.0,3100.0,0,2020,7,27,1,18470
3100.0,3100.0,3100.0,3100.0,0,2020,7,28,2,18471
3100.0,3100.0,3100.0,3100.0,0,2020,7,29,3,18472
3100.0,3100.0,3100.0,3100.0,0,2020,7,30,4,18473
3100.0,3100.0,3100.0,3100.0,0,2020,7,31,5,18474
3100.0,3100.0,3100.0,3100.0,0,2020,8,3,1,18477
3100.0,3100.0,3100.0,3100.0,0,2020,8,4,2,18478
3100.0,3100.0,3100.0,3100.0,0,2020,8,5,3,18479
3100.0,3100.0,3100.0,3100.0,0,2020,8,6,4,18480
3100.0,3100.0,3100.0,3100.0,0,2020,8,7,5,18481
3100.0,3100.0,3100.0,3100.0,0,2020,8,10,1,18484
3100.0,3100.0,3100.0,3100.0,0,2020,8,11,2,18485
3100.0,3100.0,3100.0,3100.0,0,2020,8,12,3,18486
3100.0,3100.0,3100.0,3100.0,0,2020,8,13,4,18487
3100.0,3100.0,3100.0,3100.0,0,2020,8,14,5,18488
3100.0,3100.0,3100.0,3100.0,0,2020,8,17,1,18491
3100.0,3100.0,3100.0,3100.0,0,2020,8,18,2,18492
3100.0,3100.0,3100.0,3100.0,0,2020,8,19,3,18493
3100.0,3100.0,3100.0,3100.0,0,2020,8,20,4,18494
3100.0,3100.0,3100.0,3100.0,0,2020,8,21,5,18495
3100.0,3100.0,3100.0,3100.0,0,2020,8,24,1,18498
2600.0,2600.0,2600.0,2600.0,3000,2020,8,25,2,18499
2300.0,2500.0,2500.0,2300.0,22400,2020,8,26,3,18500
2300.0,2300.0,2300.0,2300.0,2601,2020,8,27,4,18501
2300.0,2300.0,2300.0,2300.0,0,2020,8,28,5,18502
2300.0,2300.0,2300.0,2300.0,0,2020,8,31,1,18505
2300.0,2300.0,2300.0,2300.0,0,2020,9,1,2,18506
2300.0,2300.0,2300.0,2300.0,0,2020,9,3,4,18508
2300.0,2300.0,2300.0,2300.0,0,2020,9,4,5,18509
2300.0,2300.0,2300.0,2300.0,0,2020,9,7,1,18512
2300.0,2300.0,2300.0,2300.0,0,2020,9,8,2,18513
2300.0,2300.0,2300.0,2300.0,0,2020,9,9,3,18514
2300.0,2300.0,2300.0,2300.0,0,2020,9,10,4,18515
2300.0,2300.0,2300.0,2300.0,0,2020,9,11,5,18516
2300.0,2300.0,2300.0,2300.0,0,2020,9,14,1,18519
2300.0,2300.0,2300.0,2300.0,0,2020,9,15,2,18520
2400.0,2400.0,2400.0,2400.0,309,2020,9,16,3,18521
2400.0,2400.0,2400.0,2400.0,0,2020,9,17,4,18522
2400.0,2400.0,2400.0,2400.0,1000,2020,9,18,5,18523
2500.0,2500.0,2500.0,2500.0,9510,2020,9,21,1,18526
2500.0,2500.0,2500.0,2500.0,0,2020,9,22,2,18527
2500.0,2500.0,2500.0,2500.0,0,2020,9,23,3,18528
2300.0,2300.0,2300.0,2300.0,1000,2020,9,24,4,18529
2300.0,2300.0,2300.0,2300.0,0,2020,9,25,5,18530
2300.0,2300.0,2300.0,2300.0,1000,2020,9,28,1,18533
2300.0,2300.0,2300.0,2300.0,50,2020,9,29,2,18534
2300.0,2300.0,2300.0,2300.0,0,2020,9,30,3,18535
2300.0,2300.0,2300.0,2300.0,0,2020,10,1,4,18536
2300.0,2300.0,2300.0,2300.0,0,2020,10,2,5,18537
2300.0,2300.0,2300.0,2300.0,0,2020,10,5,1,18540
2300.0,2300.0,2300.0,2300.0,2000,2020,10,6,2,18541
2300.0,2300.0,2300.0,2300.0,0,2020,10,7,3,18542
2300.0,2300.0,2300.0,2300.0,0,2020,10,8,4,18543
2300.0,2300.0,2300.0,2300.0,2000,2020,10,9,5,18544
2300.0,2300.0,2300.0,2300.0,0,2020,10,12,1,18547
2300.0,2300.0,2300.0,2300.0,0,2020,10,13,2,18548
2000.0,2000.0,2000.0,2000.0,100,2020,10,14,3,18549
2300.0,2300.0,2300.0,2300.0,100,2020,10,15,4,18550
2300.0,2300.0,2300.0,2300.0,0,2020,10,16,5,18551
2300.0,2300.0,2300.0,2300.0,1000,2020,10,19,1,18554
2300.0,2300.0,2300.0,2300.0,100,2020,10,20,2,18555
2300.0,2300.0,2300.0,2300.0,0,2020,10,21,3,18556
2300.0,2300.0,2300.0,2300.0,0,2020,10,22,4,18557
2300.0,2300.0,2300.0,2300.0,1000,2020,10,23,5,18558
2300.0,2300.0,2300.0,2300.0,0,2020,10,26,1,18561
2300.0,2300.0,2300.0,2300.0,0,2020,10,27,2,18562
2300.0,2300.0,2300.0,2300.0,0,2020,10,28,3,18563
2300.0,2300.0,2300.0,2300.0,0,2020,10,29,4,18564
2300.0,2300.0,2300.0,2300.0,0,2020,10,30,5,18565
2300.0,2300.0,2300.0,2300.0,0,2020,11,2,1,18568
2300.0,2300.0,2300.0,2300.0,0,2020,11,3,2,18569
2300.0,2300.0,2300.0,2300.0,0,2020,11,4,3,18570
2300.0,2300.0,2300.0,2300.0,0,2020,11,5,4,18571
2300.0,2300.0,2300.0,2300.0,0,2020,11,6,5,18572
2300.0,2300.0,2300.0,2300.0,0,2020,11,9,1,18575
2300.0,2300.0,2300.0,2300.0,0,2020,11,10,2,18576
2300.0,2300.0,2300.0,2300.0,0,2020,11,11,3,18577
2300.0,2300.0,2300.0,2300.0,0,2020,11,12,4,18578
2300.0,2300.0,2300.0,2300.0,0,2020,11,13,5,18579
2300.0,2300.0,2300.0,2300.0,0,2020,11,16,1,18582
2600.0,2600.0,2600.0,2600.0,100,2020,11,17,2,18583
2300.0,2300.0,2300.0,2300.0,2800,2020,11,18,3,18584
2300.0,2300.0,2300.0,2300.0,0,2020,11,19,4,18585
2300.0,2300.0,2300.0,2300.0,0,2020,11,20,5,18586
2300.0,2300.0,2300.0,2300.0,0,2020,11,23,1,18589
2300.0,2300.0,2300.0,2300.0,0,2020,11,24,2,18590
2300.0,2300.0,2300.0,2300.0,0,2020,11,25,3,18591
2300.0,2300.0,2300.0,2300.0,0,2020,11,26,4,18592
2300.0,2300.0,2300.0,2300.0,0,2020,11,27,5,18593
2300.0,2300.0,2300.0,2300.0,0,2020,11,30,1,18596
2300.0,2300.0,2300.0,2300.0,0,2020,12,1,2,18597
2300.0,2300.0,2300.0,2300.0,0,2020,12,2,3,18598
2300.0,2300.0,2300.0,2300.0,0,2020,12,3,4,18599
2300.0,2300.0,2300.0,2300.0,0,2020,12,4,5,18600
2300.0,2300.0,2300.0,2300.0,0,2020,12,7,1,18603
2300.0,2300.0,2300.0,2300.0,0,2020,12,8,2,18604
2000.0,2000.0,2000.0,2000.0,1600,2020,12,9,3,18605
2000.0,2000.0,2000.0,2000.0,0,2020,12,10,4,18606
2000.0,2000.0,2000.0,2000.0,0,2020,12,11,5,18607
2000.0,2000.0,2000.0,2000.0,0,2020,12,14,1,18610
2000.0,2000.0,2000.0,2000.0,0,2020,12,15,2,18611
2300.0,2300.0,2300.0,2300.0,320,2020,12,16,3,18612
2600.0,2600.0,2600.0,2600.0,700,2020,12,17,4,18613
2900.0,2900.0,2900.0,2900.0,17300,2020,12,18,5,18614
3300.0,3300.0,3300.0,3300.0,4220,2020,12,21,1,18617
3700.0,3700.0,3700.0,3700.0,100,2020,12,22,2,18618
3700.0,3700.0,3700.0,3700.0,40,2020,12,23,3,18619
3700.0,3700.0,3700.0,3700.0,0,2020,12,24,4,18620
3700.0,3700.0,3700.0,3700.0,20,2020,12,25,5,18621
3700.0,3700.0,3700.0,3700.0,0,2020,12,28,1,18624
3700.0,3700.0,3700.0,3700.0,0,2020,12,29,2,18625
3700.0,3700.0,3700.0,3700.0,10,2020,12,30,3,18626
3700.0,3700.0,3700.0,3700.0,80,2020,12,31,4,18627
3700.0,3700.0,3700.0,3700.0,0,2021,1,4,1,18631
3700.0,3700.0,3700.0,3700.0,0,2021,1,5,2,18632
3700.0,3700.0,3700.0,3700.0,0,2021,1,6,3,18633
3700.0,3700.0,3700.0,3700.0,0,2021,1,7,4,18634
3700.0,3700.0,3700.0,3700.0,0,2021,1,8,5,18635
3700.0,3700.0,3700.0,3700.0,0,2021,1,11,1,18638
3200.0,3200.0,3200.0,3200.0,14000,2021,1,12,2,18639
3200.0,3200.0,3200.0,3200.0,2000,2021,1,13,3,18640
3200.0,3200.0,3200.0,3200.0,0,2021,1,14,4,18641
3200.0,3200.0,3200.0,3200.0,2000,2021,1,15,5,18642
3100.0,3100.0,3100.0,3100.0,3300,2021,1,18,1,18645
3100.0,3100.0,3100.0,3100.0,0,2021,1,19,2,18646
3100.0,3100.0,3100.0,3100.0,100,2021,1,20,3,18647
3100.0,3100.0,3100.0,3100.0,3300,2021,1,21,4,18648
3100.0,3100.0,3100.0,3100.0,0,2021,1,22,5,18649
3100.0,3100.0,3100.0,3100.0,0,2021,1,25,1,18652
3100.0,3100.0,3100.0,3100.0,0,2021,1,26,2,18653
3100.0,3100.0,3100.0,3100.0,0,2021,1,27,3,18654
3100.0,3100.0,3100.0,3100.0,0,2021,1,28,4,18655
3100.0,3100.0,3100.0,3100.0,0,2021,1,29,5,18656
3100.0,3100.0,3100.0,3100.0,0,2021,2,1,1,18659
3100.0,3100.0,3100.0,3100.0,0,2021,2,2,2,18660
3100.0,3100.0,3100.0,3100.0,0,2021,2,3,3,18661
3100.0,3100.0,3100.0,3100.0,0,2021,2,4,4,18662
3100.0,3100.0,3100.0,3100.0,0,2021,2,5,5,18663
3100.0,3100.0,3100.0,3100.0,0,2021,2,8,1,18666
3100.0,3100.0,3100.0,3100.0,0,2021,2,9,2,18667
3100.0,3100.0,3100.0,3100.0,0,2021,2,17,3,18675
3100.0,3100.0,3100.0,3100.0,0,2021,2,18,4,18676
3100.0,3100.0,3100.0,3100.0,0,2021,2,19,5,18677
3100.0,3100.0,3100.0,3100.0,0,2021,2,22,1,18680
3100.0,3100.0,3100.0,3100.0,0,2021,2,23,2,18681
3100.0,3100.0,3100.0,3100.0,0,2021,2,24,3,18682
3500.0,3500.0,3500.0,3500.0,100,2021,2,25,4,18683
3500.0,3500.0,3500.0,3500.0,400,2021,2,26,5,18684
3500.0,3500.0,3500.0,3500.0,0,2021,3,1,1,18687
3500.0,3500.0,3500.0,3500.0,0,2021,3,2,2,18688
3500.0,3500.0,3500.0,3500.0,0,2021,3,3,3,18689
3500.0,3500.0,3500.0,3500.0,1,2021,3,4,4,18690
3500.0,3500.0,3500.0,3500.0,1508,2021,3,5,5,18691
3500.0,3500.0,3500.0,3500.0,500,2021,3,8,1,18694
3500.0,3500.0,3500.0,3500.0,0,2021,3,9,2,18695
3500.0,3500.0,3500.0,3500.0,100,2021,3,10,3,18696
3500.0,3500.0,3500.0,3500.0,7000,2021,3,11,4,18697
3500.0,3500.0,3500.0,3500.0,0,2021,3,12,5,18698
3500.0,3500.0,3500.0,3500.0,0,2021,3,15,1,18701
3500.0,3500.0,3500.0,3500.0,0,2021,3,16,2,18702
3500.0,3500.0,3500.0,3500.0,2000,2021,3,17,3,18703
3500.0,3500.0,3500.0,3500.0,0,2021,3,18,4,18704
3500.0,3500.0,3500.0,3500.0,0,2021,3,19,5,18705
3500.0,3500.0,3500.0,3500.0,0,2021,3,22,1,18708
3000.0,3000.0,3000.0,3000.0,100,2021,3,23,2,18709
2600.0,3000.0,3000.0,2900.0,300,2021,3,24,3,18710
2600.0,2800.0,2700.0,2800.0,7200,2021,3,25,4,18711
2800.0,2800.0,2800.0,2800.0,0,2021,3,26,5,18712
2800.0,2800.0,2800.0,2800.0,0,2021,3,29,1,18715
3000.0,3200.0,3000.0,3100.0,12900,2021,3,30,2,18716
3000.0,3100.0,3000.0,3100.0,1900,2021,3,31,3,18717
3100.0,3100.0,3100.0,3100.0,0,2021,4,1,4,18718
3000.0,3000.0,3000.0,3000.0,2000,2021,4,2,5,18719
3000.0,3400.0,3000.0,3300.0,3800,2021,4,5,1,18722
3300.0,3600.0,3300.0,3500.0,13500,2021,4,6,2,18723
3600.0,4000.0,3600.0,4000.0,1400,2021,4,7,3,18724
4000.0,4600.0,4600.0,4000.0,4500,2021,4,8,4,18725
4000.0,4300.0,4000.0,4200.0,5500,2021,4,9,5,18726
4500.0,4700.0,4500.0,4600.0,4600,2021,4,12,1,18729
4800.0,5200.0,4800.0,5100.0,25800,2021,4,13,2,18730
5000.0,5100.0,5100.0,5000.0,1600,2021,4,14,3,18731
5000.0,5100.0,5100.0,5000.0,3200,2021,4,15,4,18732
5000.0,5000.0,5000.0,5000.0,400,2021,4,16,5,18733
4500.0,4900.0,4900.0,4500.0,3248,2021,4,19,1,18736
3900.0,4000.0,3900.0,3900.0,700,2021,4,20,2,18737
4000.0,4000.0,4000.0,4000.0,1215,2021,4,22,4,18739
4000.0,4000.0,4000.0,4000.0,0,2021,4,23,5,18740
4000.0,4000.0,4000.0,4000.0,2,2021,4,26,1,18743
3400.0,3500.0,3400.0,3400.0,6500,2021,4,27,2,18744
3200.0,3200.0,3200.0,3200.0,900,2021,4,28,3,18745
3600.0,3600.0,3600.0,3600.0,100,2021,4,29,4,18746
3600.0,3600.0,3600.0,3600.0,200,2021,5,4,2,18751
3900.0,3900.0,3900.0,3900.0,1600,2021,5,5,3,18752
3900.0,3900.0,3900.0,3900.0,100,2021,5,6,4,18753
3900.0,3900.0,3900.0,3900.0,0,2021,5,7,5,18754
3900.0,3900.0,3900.0,3900.0,0,2021,5,10,1,18757
3900.0,3900.0,3900.0,3900.0,100,2021,5,11,2,18758
3900.0,3900.0,3900.0,3900.0,100,2021,5,12,3,18759
3900.0,3900.0,3900.0,3900.0,0,2021,5,13,4,18760
3900.0,3900.0,3900.0,3900.0,0,2021,5,14,5,18761
3400.0,3400.0,3400.0,3400.0,3510,2021,5,17,1,18764
3400.0,3400.0,3400.0,3400.0,0,2021,5,18,2,18765
3000.0,3000.0,3000.0,3000.0,1000,2021,5,19,3,18766
3000.0,3000.0,3000.0,3000.0,200,2021,5,20,4,18767
2600.0,3400.0,3400.0,2700.0,900,2021,5,21,5,18768
3100.0,3100.0,3100.0,3100.0,1100,2021,5,24,1,18771
3400.0,3400.0,3400.0,3400.0,800,2021,5,25,2,18772
3400.0,3400.0,3400.0,3400.0,400,2021,5,26,3,18773
3300.0,3400.0,3300.0,3400.0,404,2021,5,27,4,18774
2900.0,3300.0,3300.0,2900.0,1700,2021,5,28,5,18775
2500.0,2900.0,2900.0,2500.0,14900,2021,5,31,1,18778
2800.0,2800.0,2800.0,2800.0,200,2021,6,1,2,18779
3200.0,3200.0,3200.0,3200.0,3200,2021,6,2,3,18780
3200.0,3600.0,3200.0,3500.0,9800,2021,6,3,4,18781
3600.0,3600.0,3600.0,3600.0,1100,2021,6,4,5,18782
3600.0,3600.0,3600.0,3600.0,0,2021,6,7,1,18785
3600.0,3600.0,3600.0,3600.0,0,2021,6,8,2,18786
3100.0,3600.0,3100.0,3300.0,3500,2021,6,9,3,18787
2900.0,3500.0,3100.0,3400.0,3401,2021,6,10,4,18788
3400.0,3900.0,3400.0,3700.0,2400,2021,6,11,5,18789
3600.0,3600.0,3600.0,3600.0,500,2021,6,14,1,18792
3100.0,3600.0,3200.0,3300.0,620,2021,6,15,2,18793
3100.0,3500.0,3100.0,3400.0,2300,2021,6,16,3,18794
3000.0,3900.0,3000.0,3500.0,1000,2021,6,17,4,18795
3000.0,3100.0,3100.0,3000.0,2800,2021,6,18,5,18796
3000.0,3200.0,3000.0,3000.0,3700,2021,6,21,1,18799
3200.0,3400.0,3200.0,3400.0,5701,2021,6,22,2,18800
3400.0,3900.0,3400.0,3800.0,18359,2021,6,23,3,18801
4200.0,4300.0,4200.0,4300.0,14120,2021,6,24,4,18802
4700.0,4900.0,4900.0,4900.0,19440,2021,6,25,5,18803
5600.0,5600.0,5600.0,5600.0,12736,2021,6,28,1,18806
6400.0,6400.0,6400.0,6400.0,41124,2021,6,29,2,18807
6400.0,7300.0,7300.0,7000.0,39550,2021,6,30,3,18808
6000.0,7100.0,7100.0,6200.0,14302,2021,7,1,4,18809
5300.0,6200.0,6200.0,5700.0,7855,2021,7,2,5,18810
5700.0,6500.0,5700.0,5900.0,6100,2021,7,5,1,18813
5100.0,6000.0,6000.0,5300.0,12764,2021,7,6,2,18814
4600.0,5600.0,5600.0,4600.0,9800,2021,7,7,3,18815
4100.0,5000.0,4100.0,4300.0,7280,2021,7,8,4,18816
4000.0,4900.0,4900.0,4100.0,4000,2021,7,9,5,18817
3500.0,3600.0,3600.0,3500.0,7520,2021,7,12,1,18820
3100.0,4000.0,3100.0,3700.0,1800,2021,7,13,2,18821
3700.0,4200.0,3700.0,4000.0,3800,2021,7,14,3,18822
4300.0,4400.0,4400.0,4300.0,1600,2021,7,15,4,18823
4300.0,4500.0,4300.0,4400.0,2319,2021,7,16,5,18824
3900.0,4300.0,4300.0,3900.0,6600,2021,7,19,1,18827
3500.0,4100.0,3500.0,4000.0,1000,2021,7,20,2,18828
3500.0,4400.0,3500.0,3700.0,2900,2021,7,21,3,18829
3600.0,3900.0,3600.0,3800.0,2200,2021,7,22,4,18830
3400.0,3800.0,3800.0,3600.0,2219,2021,7,23,5,18831
3800.0,3800.0,3800.0,3800.0,100,2021,7,26,1,18834
3400.0,4000.0,3400.0,3400.0,1400,2021,7,27,2,18835
3400.0,3500.0,3500.0,3400.0,1919,2021,7,28,3,18836
3300.0,3400.0,3400.0,3400.0,7900,2021,7,29,4,18837
3700.0,3700.0,3700.0,3700.0,100,2021,7,30,5,18838
3700.0,3900.0,3700.0,3700.0,1000,2021,8,2,1,18841
3700.0,3900.0,3700.0,3700.0,5000,2021,8,3,2,18842
3300.0,3800.0,3700.0,3500.0,6339,2021,8,4,3,18843
3600.0,3800.0,3600.0,3700.0,2200,2021,8,5,4,18844
3900.0,4200.0,3900.0,4100.0,8700,2021,8,6,5,18845
4100.0,4100.0,4100.0,4100.0,3939,2021,8,9,1,18848
4100.0,4600.0,4100.0,4400.0,12435,2021,8,10,2,18849
4600.0,5000.0,4600.0,4900.0,19881,2021,8,11,3,18850
5600.0,5600.0,5600.0,5600.0,9339,2021,8,12,4,18851
5500.0,6400.0,6400.0,6000.0,19700,2021,8,13,5,18852
5100.0,6500.0,6500.0,5800.0,15550,2021,8,16,1,18855
5100.0,5200.0,5100.0,5100.0,6655,2021,8,17,2,18856
5100.0,5100.0,5100.0,5100.0,1600,2021,8,18,3,18857
5000.0,5000.0,5000.0,5000.0,1800,2021,8,19,4,18858
4300.0,5000.0,4400.0,4400.0,16500,2021,8,20,5,18859
4200.0,4800.0,4200.0,4200.0,1750,2021,8,23,1,18862
4700.0,4800.0,4800.0,4700.0,5305,2021,8,24,2,18863
4200.0,4200.0,4200.0,4200.0,1310,2021,8,25,3,18864
4700.0,4800.0,4700.0,4800.0,3990,2021,8,26,4,18865
4900.0,5300.0,4900.0,5300.0,12900,2021,8,27,5,18866
5000.0,5300.0,5300.0,5100.0,3032,2021,8,30,1,18869
5100.0,5100.0,5100.0,5100.0,200,2021,8,31,2,18870
5500.0,5800.0,5800.0,5600.0,2600,2021,9,1,3,18871
4800.0,5500.0,5500.0,5000.0,14700,2021,9,6,1,18876
4800.0,5100.0,5100.0,5000.0,7332,2021,9,7,2,18877
4600.0,5000.0,4600.0,4700.0,1500,2021,9,8,3,18878
4800.0,5000.0,5000.0,5000.0,9837,2021,9,9,4,18879
5000.0,5200.0,5000.0,5100.0,10000,2021,9,10,5,18880
4500.0,5800.0,4600.0,5400.0,15350,2021,9,13,1,18883
4700.0,5300.0,4700.0,5200.0,5039,2021,9,14,2,18884
5000.0,5200.0,5200.0,5200.0,7000,2021,9,15,3,18885
5000.0,5100.0,5100.0,5000.0,14150,2021,9,16,4,18886
5000.0,5300.0,5000.0,5100.0,3700,2021,9,17,5,18887
4400.0,5500.0,5100.0,5100.0,28700,2021,9,20,1,18890
5100.0,5500.0,5100.0,5200.0,12902,2021,9,21,2,18891
5200.0,5600.0,5300.0,5400.0,9303,2021,9,22,3,18892
5400.0,5800.0,5400.0,5600.0,19000,2021,9,23,4,18893
5600.0,5600.0,5600.0,5600.0,9600,2021,9,24,5,18894
5300.0,5600.0,5600.0,5400.0,3800,2021,9,27,1,18897
5100.0,5400.0,5100.0,5200.0,1300,2021,9,28,2,18898
5400.0,5400.0,5400.0,5400.0,700,2021,9,29,3,18899
4800.0,5300.0,4800.0,5000.0,8748,2021,9,30,4,18900
5000.0,5200.0,5000.0,5000.0,2000,2021,10,1,5,18901
5000.0,5300.0,5300.0,5100.0,1520,2021,10,4,1,18904
5100.0,5300.0,5300.0,5300.0,4800,2021,10,5,2,18905
5000.0,5100.0,5000.0,5000.0,7700,2021,10,6,3,18906
4900.0,5000.0,5000.0,5000.0,4300,2021,10,7,4,18907
4800.0,5000.0,4800.0,4900.0,2000,2021,10,8,5,18908
4900.0,5000.0,4900.0,4900.0,2800,2021,10,11,1,18911
4600.0,5200.0,4600.0,5000.0,600,2021,10,12,2,18912
5000.0,5000.0,5000.0,5000.0,12,2021,10,13,3,18913
5000.0,5000.0,5000.0,5000.0,1200,2021,10,14,4,18914
5000.0,5300.0,5000.0,5100.0,12100,2021,10,15,5,18915
5200.0,5200.0,5200.0,5200.0,2300,2021,10,18,1,18918
5300.0,5800.0,5300.0,5400.0,12559,2021,10,19,2,18919
5300.0,5400.0,5400.0,5400.0,4800,2021,10,20,3,18920
5000.0,5500.0,5000.0,5400.0,5339,2021,10,21,4,18921
5300.0,5400.0,5400.0,5400.0,11570,2021,10,22,5,18922
5500.0,5800.0,5500.0,5700.0,33550,2021,10,25,1,18925
5800.0,6100.0,5800.0,6000.0,12006,2021,10,26,2,18926
5900.0,6100.0,6000.0,6000.0,11353,2021,10,27,3,18927
6000.0,6400.0,6000.0,6300.0,3640,2021,10,28,4,18928
6000.0,6300.0,6300.0,6000.0,7600,2021,10,29,5,18929
6000.0,6300.0,6000.0,6200.0,5969,2021,11,1,1,18932
6000.0,6200.0,6000.0,6200.0,17801,2021,11,2,2,18933
5600.0,5800.0,5600.0,5800.0,1970,2021,11,3,3,18934
5600.0,5800.0,5600.0,5700.0,1710,2021,11,4,4,18935
5500.0,5500.0,5500.0,5500.0,1300,2021,11,5,5,18936
5500.0,6300.0,5500.0,6200.0,8200,2021,11,8,1,18939
6300.0,6700.0,6300.0,6500.0,5235,2021,11,9,2,18940
6500.0,6700.0,6600.0,6600.0,4600,2021,11,10,3,18941
6900.0,7500.0,6900.0,7400.0,28701,2021,11,11,4,18942
7500.0,8500.0,8300.0,8100.0,15154,2021,11,12,5,18943
8500.0,9300.0,8500.0,8800.0,4300,2021,11,15,1,18946
7800.0,8800.0,8800.0,8000.0,7800,2021,11,16,2,18947
6800.0,9200.0,7600.0,8300.0,9900,2021,11,17,3,18948
8300.0,8500.0,8300.0,8400.0,12000,2021,11,18,4,18949
8500.0,8500.0,8500.0,8500.0,139,2021,11,19,5,18950
7300.0,7400.0,7300.0,7300.0,5820,2021,11,22,1,18953
6300.0,7300.0,6300.0,7200.0,1000,2021,11,23,2,18954
7200.0,7200.0,7200.0,7200.0,1039,2021,11,24,3,18955
7000.0,7000.0,7000.0,7000.0,1120,2021,11,25,4,18956
6000.0,7000.0,7000.0,6500.0,2850,2021,11,26,5,18957
6500.0,6500.0,6500.0,6500.0,0,2021,11,29,1,18960
6100.0,7000.0,6100.0,6200.0,4450,2021,11,30,2,18961
6300.0,6900.0,6300.0,6800.0,1300,2021,12,1,3,18962
6400.0,7100.0,6400.0,6800.0,1060,2021,12,2,4,18963
6600.0,7100.0,6600.0,6800.0,1715,2021,12,3,5,18964
6700.0,7100.0,7100.0,6900.0,3274,2021,12,6,1,18967
6900.0,6900.0,6900.0,6900.0,0,2021,12,7,2,18968
6200.0,6900.0,6900.0,6400.0,1400,2021,12,8,3,18969
6300.0,6400.0,6300.0,6400.0,3604,2021,12,9,4,18970
6200.0,6500.0,6200.0,6300.0,2400,2021,12,10,5,18971
6400.0,6800.0,6400.0,6400.0,6600,2021,12,13,1,18974
6500.0,6800.0,6500.0,6600.0,7610,2021,12,14,2,18975
6800.0,7100.0,6800.0,7000.0,1952,2021,12,15,3,18976
6900.0,7100.0,7100.0,7000.0,6266,2021,12,16,4,18977
6700.0,7400.0,7400.0,6900.0,2851,2021,12,17,5,18978
6200.0,6800.0,6800.0,6700.0,600,2021,12,20,1,18981
6700.0,6700.0,6700.0,6700.0,0,2021,12,21,2,18982
6500.0,6800.0,6800.0,6700.0,10320,2021,12,22,3,18983
6600.0,6800.0,6700.0,6700.0,12023,2021,12,23,4,18984
6500.0,6800.0,6800.0,6700.0,7540,2021,12,24,5,18985
6700.0,6800.0,6800.0,6700.0,600,2021,12,27,1,18988
6700.0,6800.0,6700.0,6700.0,3947,2021,12,28,2,18989
6700.0,6800.0,6700.0,6700.0,6700,2021,12,29,3,18990
6700.0,7200.0,6700.0,6900.0,21400,2021,12,30,4,18991
7100.0,7600.0,7500.0,7400.0,8700,2021,12,31,5,18992
7200.0,7400.0,7200.0,7200.0,3600,2022,1,4,2,18996
7100.0,7200.0,7100.0,7200.0,8500,2022,1,5,3,18997
6700.0,7300.0,7200.0,7200.0,6150,2022,1,6,4,18998
7200.0,7400.0,7200.0,7300.0,7800,2022,1,7,5,18999
7500.0,8000.0,8000.0,7800.0,5872,2022,1,10,1,19002
7600.0,7800.0,7800.0,7700.0,3620,2022,1,11,2,19003
6600.0,7900.0,7900.0,7000.0,14100,2022,1,12,3,19004
7000.0,7800.0,7000.0,7700.0,5300,2022,1,13,4,19005
7200.0,7300.0,7300.0,7200.0,1000,2022,1,14,5,19006
7000.0,7500.0,7000.0,7100.0,1000,2022,1,17,1,19009
7000.0,7700.0,7000.0,7000.0,2600,2022,1,18,2,19010
7300.0,7600.0,7600.0,7500.0,1472,2022,1,19,3,19011
7000.0,7300.0,7300.0,7200.0,600,2022,1,20,4,19012
7200.0,7200.0,7200.0,7200.0,300,2022,1,21,5,19013
6600.0,7000.0,7000.0,6700.0,1700,2022,1,24,1,19016
6900.0,6900.0,6900.0,6900.0,100,2022,1,25,2,19017
6900.0,6900.0,6900.0,6900.0,0,2022,1,26,3,19018
5900.0,7000.0,5900.0,6800.0,600,2022,1,27,4,19019
6000.0,6000.0,6000.0,6000.0,200,2022,1,28,5,19020
6700.0,6900.0,6900.0,6700.0,2800,2022,2,7,1,19030
6700.0,6700.0,6700.0,6700.0,0,2022,2,8,2,19031
6700.0,6700.0,6700.0,6700.0,50,2022,2,9,3,19032
6500.0,6500.0,6500.0,6500.0,100,2022,2,10,4,19033
6800.0,6800.0,6800.0,6800.0,1000,2022,2,11,5,19034
6700.0,6800.0,6800.0,6800.0,1400,2022,2,14,1,19037
6800.0,6800.0,6800.0,6800.0,2700,2022,2,15,2,19038
6500.0,6600.0,6500.0,6500.0,4600,2022,2,16,3,19039
6800.0,7000.0,7000.0,6900.0,5200,2022,2,17,4,19040
6900.0,6900.0,6900.0,6900.0,0,2022,2,18,5,19041
6900.0,7000.0,7000.0,6900.0,500,2022,2,21,1,19044
6300.0,6300.0,6300.0,6300.0,1300,2022,2,22,2,19045
6500.0,7200.0,6500.0,7000.0,14620,2022,2,23,3,19046
7000.0,8000.0,7500.0,7500.0,5300,2022,2,24,4,19047
6400.0,6900.0,6400.0,6600.0,500,2022,2,25,5,19048
5900.0,7000.0,5900.0,6800.0,10144,2022,2,28,1,19051
7000.0,7200.0,7000.0,7000.0,7400,2022,3,1,2,19052
6900.0,7000.0,6900.0,6900.0,800,2022,3,2,3,19053
6500.0,7400.0,6500.0,7100.0,8950,2022,3,3,4,19054
7500.0,7900.0,7500.0,7700.0,12886,2022,3,4,5,19055
7900.0,8800.0,7900.0,8800.0,21346,2022,3,7,1,19058
10000.0,10100.0,10000.0,10100.0,21900,2022,3,8,2,19059
11600.0,11600.0,11600.0,11600.0,17686,2022,3,9,3,19060
12000.0,13300.0,13300.0,13100.0,63250,2022,3,10,4,19061
11200.0,12200.0,12200.0,11700.0,33335,2022,3,11,5,19062
10000.0,12000.0,12000.0,10900.0,16750,2022,3,14,1,19065
9300.0,10500.0,10500.0,9300.0,23363,2022,3,15,2,19066
8100.0,9300.0,9300.0,8700.0,5952,2022,3,16,3,19067
8300.0,10000.0,8700.0,9800.0,21510,2022,3,17,4,19068
9800.0,11000.0,11000.0,10500.0,3600,2022,3,18,5,19069
9000.0,10500.0,10000.0,9500.0,8200,2022,3,21,1,19072
8400.0,9900.0,8400.0,9100.0,7720,2022,3,22,2,19073
9800.0,10300.0,10300.0,10100.0,8939,2022,3,23,3,19074
8800.0,10000.0,9900.0,9500.0,8720,2022,3,24,4,19075
8500.0,10000.0,10000.0,8700.0,7300,2022,3,25,5,19076
8700.0,9600.0,9600.0,9100.0,8000,2022,3,28,1,19079
8900.0,9500.0,9500.0,9300.0,4800,2022,3,29,2,19080
9100.0,9300.0,9300.0,9200.0,500,2022,3,30,3,19081
8000.0,8800.0,8200.0,8300.0,8900,2022,3,31,4,19082
8900.0,9500.0,9500.0,9200.0,1600,2022,4,1,5,19083
8200.0,9500.0,9500.0,9000.0,8950,2022,4,4,1,19086
8500.0,9400.0,9400.0,8700.0,5869,2022,4,5,2,19087
8300.0,9200.0,9200.0,8600.0,1900,2022,4,6,3,19088
8400.0,8800.0,8800.0,8500.0,4600,2022,4,7,4,19089
8000.0,8000.0,8000.0,8000.0,1640,2022,4,8,5,19090
7500.0,8800.0,8800.0,7600.0,3204,2022,4,12,2,19094
6700.0,8100.0,8100.0,7400.0,11400,2022,4,13,3,19095
7900.0,8200.0,8100.0,8000.0,3600,2022,4,14,4,19096
8000.0,8100.0,8100.0,8000.0,420,2022,4,15,5,19097
6900.0,8000.0,7000.0,7000.0,2420,2022,4,18,1,19100
6300.0,7800.0,7800.0,6800.0,2525,2022,4,19,2,19101
6800.0,7300.0,6800.0,6900.0,5313,2022,4,20,3,19102
6900.0,6900.0,6900.0,6900.0,0,2022,4,21,4,19103
6000.0,6300.0,6100.0,6200.0,10507,2022,4,22,5,19104
6200.0,6300.0,6300.0,6300.0,1830,2022,4,25,1,19107
6300.0,6300.0,6300.0,6300.0,200,2022,4,26,2,19108
5500.0,6300.0,6300.0,5900.0,200,2022,4,27,3,19109
6000.0,6700.0,6700.0,6200.0,300,2022,4,28,4,19110
5900.0,6700.0,5900.0,6300.0,210,2022,4,29,5,19111
6300.0,6300.0,6300.0,6300.0,900,2022,5,4,3,19116
5700.0,6800.0,6300.0,6000.0,2120,2022,5,5,4,19117
6500.0,6900.0,6700.0,6800.0,7400,2022,5,6,5,19118
7700.0,7700.0,7700.0,7700.0,100,2022,5,9,1,19121
6700.0,7500.0,6700.0,7200.0,500,2022,5,10,2,19122
7100.0,7300.0,7300.0,7200.0,239,2022,5,11,3,19123
6200.0,7100.0,6400.0,6800.0,5420,2022,5,12,4,19124
5800.0,6900.0,5800.0,6200.0,300,2022,5,13,5,19125
5500.0,6700.0,6700.0,6000.0,600,2022,5,16,1,19128
5300.0,6000.0,5300.0,6000.0,3120,2022,5,17,2,19129
5200.0,6500.0,5200.0,5900.0,1406,2022,5,18,3,19130
5800.0,6400.0,6100.0,5800.0,20200,2022,5,19,4,19131
5800.0,6400.0,6400.0,5800.0,6600,2022,5,20,5,19132
5200.0,5900.0,5200.0,5800.0,1300,2022,5,23,1,19135
5200.0,5800.0,5800.0,5400.0,479,2022,5,24,2,19136
5400.0,5400.0,5400.0,5400.0,1300,2022,5,25,3,19137
5400.0,6100.0,5400.0,5800.0,1500,2022,5,26,4,19138
5400.0,6100.0,5800.0,5700.0,3045,2022,5,27,5,19139
5200.0,5700.0,5700.0,5500.0,6813,2022,5,30,1,19142
5000.0,6100.0,5500.0,5300.0,6047,2022,5,31,2,19143
5800.0,5900.0,5900.0,5900.0,2700,2022,6,1,3,19144
5300.0,5900.0,5300.0,5400.0,500,2022,6,2,4,19145
5400.0,5800.0,5800.0,5400.0,2700,2022,6,3,5,19146
5400.0,5400.0,5400.0,5400.0,400,2022,6,6,1,19149
5300.0,5300.0,5300.0,5300.0,700,2022,6,7,2,19150
5400.0,5400.0,5400.0,5400.0,1700,2022,6,8,3,19151
5300.0,5300.0,5300.0,5300.0,200,2022,6,9,4,19152
5100.0,5300.0,5100.0,5200.0,1000,2022,6,10,5,19153
5200.0,5200.0,5200.0,5200.0,0,2022,6,13,1,19156
5100.0,5100.0,5100.0,5100.0,400,2022,6,14,2,19157
5100.0,5100.0,5100.0,5100.0,150,2022,6,15,3,19158
4700.0,5100.0,5100.0,4700.0,1100,2022,6,16,4,19159
4700.0,4800.0,4800.0,4700.0,900,2022,6,17,5,19160
4000.0,5200.0,4000.0,4100.0,1220,2022,6,20,1,19163
3500.0,4000.0,4000.0,3600.0,3000,2022,6,21,2,19164
3600.0,4000.0,3600.0,3900.0,500,2022,6,22,3,19165
3500.0,4100.0,3600.0,3900.0,2900,2022,6,23,4,19166
4000.0,4000.0,4000.0,4000.0,1200,2022,6,24,5,19167
4000.0,4000.0,4000.0,4000.0,0,2022,6,27,1,19170
4000.0,4000.0,4000.0,4000.0,20,2022,6,28,2,19171
4100.0,4400.0,4100.0,4100.0,1238,2022,6,29,3,19172
3600.0,4200.0,3700.0,3800.0,423,2022,6,30,4,19173
3300.0,3500.0,3500.0,3400.0,300,2022,7,1,5,19174
3900.0,3900.0,3900.0,3900.0,1400,2022,7,4,1,19177
3700.0,3800.0,3800.0,3700.0,900,2022,7,5,2,19178
3700.0,3700.0,3700.0,3700.0,100,2022,7,6,3,19179
3700.0,3700.0,3700.0,3700.0,0,2022,7,7,4,19180
3700.0,3700.0,3700.0,3700.0,0,2022,7,8,5,19181
3700.0,3700.0,3700.0,3700.0,700,2022,7,11,1,19184
4000.0,4000.0,4000.0,4000.0,500,2022,7,12,2,19185
4200.0,4400.0,4400.0,4200.0,600,2022,7,13,3,19186
3800.0,3800.0,3800.0,3800.0,200,2022,7,14,4,19187
4000.0,4000.0,4000.0,4000.0,1100,2022,7,15,5,19188
4300.0,4400.0,4400.0,4400.0,1200,2022,7,18,1,19191
4400.0,4400.0,4400.0,4400.0,0,2022,7,19,2,19192
4000.0,4000.0,4000.0,4000.0,400,2022,7,20,3,19193
4000.0,4000.0,4000.0,4000.0,1100,2022,7,21,4,19194
4000.0,4000.0,4000.0,4000.0,2500,2022,7,22,5,19195
3500.0,4400.0,3500.0,4200.0,2400,2022,7,25,1,19198
3700.0,4400.0,3700.0,3900.0,900,2022,7,26,2,19199
4200.0,4200.0,4200.0,4200.0,150,2022,7,27,3,19200
4300.0,4300.0,4300.0,4300.0,120,2022,7,28,4,19201
4000.0,4300.0,4300.0,4200.0,500,2022,7,29,5,19202
3600.0,4500.0,3700.0,3900.0,1800,2022,8,1,1,19205
3900.0,3900.0,3900.0,3900.0,0,2022,8,2,2,19206
4000.0,4000.0,4000.0,4000.0,600,2022,8,3,3,19207
4000.0,4000.0,4000.0,4000.0,3100,2022,8,4,4,19208
4200.0,4200.0,4200.0,4200.0,100,2022,8,5,5,19209
3800.0,3800.0,3800.0,3800.0,200,2022,8,8,1,19212
4100.0,4300.0,4100.0,4200.0,2707,2022,8,9,2,19213
4400.0,4700.0,4600.0,4600.0,5700,2022,8,10,3,19214
4800.0,4800.0,4800.0,4800.0,323,2022,8,11,4,19215
5000.0,5000.0,5000.0,5000.0,100,2022,8,12,5,19216
4500.0,4900.0,4500.0,4500.0,2400,2022,8,15,1,19219
5000.0,5100.0,5100.0,5000.0,600,2022,8,16,2,19220
5000.0,5000.0,5000.0,5000.0,0,2022,8,17,3,19221
4300.0,5500.0,5500.0,4500.0,1110,2022,8,18,4,19222
4700.0,4700.0,4700.0,4700.0,100,2022,8,19,5,19223
4400.0,5000.0,5000.0,4500.0,800,2022,8,22,1,19226
4500.0,4600.0,4600.0,4500.0,1809,2022,8,23,2,19227
4900.0,4900.0,4900.0,4900.0,200,2022,8,24,3,19228
4400.0,4600.0,4400.0,4400.0,6300,2022,8,25,4,19229
3900.0,4800.0,4800.0,4100.0,3900,2022,8,26,5,19230
4600.0,4700.0,4700.0,4700.0,200,2022,8,29,1,19233
4600.0,4600.0,4600.0,4600.0,100,2022,8,30,2,19234
4600.0,4600.0,4600.0,4600.0,0,2022,8,31,3,19235
4600.0,4600.0,4600.0,4600.0,40,2022,9,5,1,19240
4000.0,4400.0,4400.0,4100.0,3000,2022,9,6,2,19241
4000.0,4000.0,4000.0,4000.0,500,2022,9,7,3,19242
4000.0,4000.0,4000.0,4000.0,1000,2022,9,8,4,19243
4500.0,4500.0,4500.0,4500.0,100,2022,9,9,5,19244
4500.0,4500.0,4500.0,4500.0,0,2022,9,12,1,19247
4500.0,4500.0,4500.0,4500.0,0,2022,9,13,2,19248
4500.0,4500.0,4500.0,4500.0,0,2022,9,14,3,19249
4500.0,4500.0,4500.0,4500.0,0,2022,9,15,4,19250
4500.0,4500.0,4500.0,4500.0,0,2022,9,16,5,19251
4500.0,4500.0,4500.0,4500.0,0,2022,9,19,1,19254
4300.0,4400.0,4300.0,4300.0,400,2022,9,20,2,19255
4300.0,4300.0,4300.0,4300.0,10,2022,9,21,3,19256
3700.0,4200.0,3700.0,3700.0,1205,2022,9,22,4,19257
3700.0,4200.0,3700.0,4000.0,400,2022,9,23,5,19258
4200.0,4400.0,4400.0,4300.0,300,2022,9,26,1,19261
4300.0,4300.0,4300.0,4300.0,0,2022,9,27,2,19262
3700.0,4900.0,4900.0,4300.0,300,2022,9,28,3,19263
4300.0,4300.0,4300.0,4300.0,0,2022,9,29,4,19264
3700.0,4300.0,3700.0,4000.0,410,2022,9,30,5,19265
4000.0,4000.0,4000.0,4000.0,0,2022,10,3,1,19268
4000.0,4000.0,4000.0,4000.0,0,2022,10,4,2,19269
4000.0,4000.0,4000.0,4000.0,1,2022,10,5,3,19270
4000.0,4000.0,4000.0,4000.0,0,2022,10,6,4,19271
4000.0,4000.0,4000.0,4000.0,500,2022,10,7,5,19272
4000.0,4000.0,4000.0,4000.0,0,2022,10,10,1,19275
3900.0,4000.0,4000.0,4000.0,200,2022,10,11,2,19276
3400.0,4400.0,3400.0,3400.0,5100,2022,10,12,3,19277
2900.0,3400.0,3400.0,3300.0,1000,2022,10,13,4,19278
3000.0,3700.0,3000.0,3100.0,1800,2022,10,14,5,19279
3400.0,3500.0,3400.0,3500.0,3600,2022,10,17,1,19282
3500.0,3500.0,3500.0,3500.0,110,2022,10,18,2,19283
3000.0,3500.0,3200.0,3000.0,3700,2022,10,19,3,19284
3400.0,3400.0,3400.0,3400.0,100,2022,10,20,4,19285
3000.0,3400.0,3400.0,3000.0,5742,2022,10,21,5,19286
3000.0,3100.0,3100.0,3100.0,800,2022,10,24,1,19289
2700.0,2700.0,2700.0,2700.0,500,2022,10,25,2,19290
2800.0,2900.0,2800.0,2900.0,200,2022,10,26,3,19291
3300.0,3300.0,3300.0,3300.0,100,2022,10,27,4,19292
3000.0,3000.0,3000.0,3000.0,600,2022,10,28,5,19293
3000.0,3000.0,3000.0,3000.0,0,2022,10,31,1,19296
3000.0,3000.0,3000.0,3000.0,3,2022,11,1,2,19297
3000.0,3000.0,3000.0,3000.0,0,2022,11,2,3,19298
3000.0,3000.0,3000.0,3000.0,0,2022,11,3,4,19299
2600.0,2600.0,2600.0,2600.0,500,2022,11,4,5,19300
2600.0,2600.0,2600.0,2600.0,0,2022,11,7,1,19303
2600.0,2600.0,2600.0,2600.0,0,2022,11,8,2,19304
2600.0,2600.0,2600.0,2600.0,0,2022,11,9,3,19305
2600.0,2600.0,2600.0,2600.0,0,2022,11,10,4,19306
2500.0,2500.0,2500.0,2500.0,200,2022,11,11,5,19307
2500.0,2500.0,2500.0,2500.0,0,2022,11,14,1,19310
2800.0,2800.0,2800.0,2800.0,2400,2022,11,15,2,19311
3000.0,3200.0,3000.0,3200.0,2500,2022,11,16,3,19312
3200.0,3200.0,3200.0,3200.0,0,2022,11,17,4,19313
2800.0,3500.0,3500.0,2900.0,800,2022,11,18,5,19314
2500.0,3000.0,3000.0,2800.0,200,2022,11,21,1,19317
2600.0,2700.0,2600.0,2600.0,500,2022,11,22,2,19318
2900.0,2900.0,2900.0,2900.0,100,2022,11,23,3,19319
3200.0,3200.0,3200.0,3200.0,100,2022,11,24,4,19320
2800.0,2800.0,2800.0,2800.0,1000,2022,11,25,5,19321
2600.0,2600.0,2600.0,2600.0,1600,2022,11,28,1,19324
2900.0,2900.0,2900.0,2900.0,4400,2022,11,29,2,19325
2900.0,2900.0,2900.0,2900.0,0,2022,11,30,3,19326
3000.0,3000.0,3000.0,3000.0,1800,2022,12,1,4,19327
3000.0,3000.0,3000.0,3000.0,4100,2022,12,2,5,19328
3000.0,3000.0,3000.0,3000.0,0,2022,12,5,1,19331
3000.0,3000.0,3000.0,3000.0,0,2022,12,6,2,19332
3000.0,3000.0,3000.0,3000.0,0,2022,12,7,3,19333
3000.0,3000.0,3000.0,3000.0,0,2022,12,8,4,19334
3300.0,3400.0,3400.0,3400.0,2300,2022,12,9,5,19335
3400.0,3400.0,3400.0,3400.0,300,2022,12,12,1,19338
3900.0,3900.0,3900.0,3900.0,2000,2022,12,13,2,19339
3400.0,3500.0,3400.0,3400.0,1000,2022,12,14,3,19340
3000.0,3000.0,3000.0,3000.0,1040,2022,12,15,4,19341
2700.0,2800.0,2700.0,2800.0,2900,2022,12,16,5,19342
2800.0,2800.0,2800.0,2800.0,0,2022,12,19,1,19345
3000.0,3000.0,3000.0,3000.0,100,2022,12,20,2,19346
3400.0,3400.0,3400.0,3400.0,200,2022,12,21,3,19347
3400.0,3400.0,3400.0,3400.0,0,2022,12,22,4,19348
3400.0,3400.0,3400.0,3400.0,0,2022,12,23,5,19349
2900.0,2900.0,2900.0,2900.0,3300,2022,12,26,1,19352
2900.0,2900.0,2900.0,2900.0,0,2022,12,27,2,19353
3200.0,3200.0,3200.0,3200.0,500,2022,12,28,3,19354
3200.0,3200.0,3200.0,3200.0,0,2022,12,29,4,19355
2800.0,2800.0,2800.0,2800.0,200,2022,12,30,5,19356
2400.0,2800.0,2800.0,2700.0,3000,2023,1,3,2,19360
3000.0,3100.0,3000.0,3000.0,300,2023,1,4,3,19361
3100.0,3100.0,3100.0,3100.0,100,2023,1,5,4,19362
3100.0,3200.0,3200.0,3100.0,4400,2023,1,6,5,19363
3100.0,3100.0,3100.0,3100.0,0,2023,1,9,1,19366
3100.0,3100.0,3100.0,3100.0,0,2023,1,10,2,19367
3000.0,3000.0,3000.0,3000.0,500,2023,1,11,3,19368
3400.0,3400.0,3400.0,3400.0,100,2023,1,12,4,19369
3400.0,3400.0,3400.0,3400.0,0,2023,1,13,5,19370
3400.0,3400.0,3400.0,3400.0,0,2023,1,16,1,19373
3200.0,3200.0,3200.0,3200.0,400,2023,1,17,2,19374
3200.0,3200.0,3200.0,3200.0,0,2023,1,18,3,19375
3200.0,3200.0,3200.0,3200.0,0,2023,1,19,4,19376
3000.0,3000.0,3000.0,3000.0,2400,2023,1,27,5,19384
3000.0,3000.0,3000.0,3000.0,500,2023,1,30,1,19387
3000.0,3400.0,3400.0,3100.0,600,2023,1,31,2,19388
3100.0,3100.0,3100.0,3100.0,0,2023,2,1,3,19389
3000.0,3000.0,3000.0,3000.0,600,2023,2,2,4,19390
3000.0,3100.0,3100.0,3100.0,3800,2023,2,3,5,19391
3100.0,3400.0,3400.0,3200.0,1611,2023,2,6,1,19394
2800.0,2800.0,2800.0,2800.0,1400,2023,2,7,2,19395
3000.0,3000.0,3000.0,3000.0,4900,2023,2,8,3,19396
3000.0,3000.0,3000.0,3000.0,500,2023,2,9,4,19397
3000.0,3000.0,3000.0,3000.0,1700,2023,2,10,5,19398
2700.0,2900.0,2900.0,2700.0,2000,2023,2,13,1,19401
2700.0,2700.0,2700.0,2700.0,0,2023,2,14,2,19402
2700.0,2700.0,2700.0,2700.0,600,2023,2,15,3,19403
2300.0,2300.0,2300.0,2300.0,200,2023,2,16,4,19404
2600.0,2600.0,2600.0,2600.0,2500,2023,2,17,5,19405
2600.0,2600.0,2600.0,2600.0,2500,2023,2,20,1,19408
2600.0,2600.0,2600.0,2600.0,400,2023,2,21,2,19409
2600.0,2600.0,2600.0,2600.0,300,2023,2,22,3,19410
2900.0,2900.0,2900.0,2900.0,100,2023,2,23,4,19411
2900.0,2900.0,2900.0,2900.0,0,2023,2,24,5,19412
2900.0,2900.0,2900.0,2900.0,0,2023,2,27,1,19415
3200.0,3200.0,3200.0,3200.0,100,2023,2,28,2,19416
