low,high,open,close,volume,year,month,day,weekday,days
300000.0,300000.0,300000.0,300000.0,6100,2018,6,26,2,17708
321000.0,321000.0,321000.0,321000.0,16860,2018,6,27,3,17709
342000.0,343400.0,342000.0,343000.0,76700,2018,6,28,4,17710
319000.0,321000.0,321000.0,319000.0,1800,2018,6,29,5,17711
296700.0,296700.0,296700.0,296700.0,10610,2018,7,2,1,17714
276000.0,296700.0,296700.0,276000.0,10050,2018,7,3,2,17715
256700.0,256700.0,256700.0,256700.0,10000,2018,7,4,3,17716
238800.0,241000.0,238800.0,241000.0,123420,2018,7,5,4,17717
224200.0,230000.0,224200.0,225000.0,16270,2018,7,6,5,17718
218500.0,240700.0,225000.0,240700.0,11290,2018,7,9,1,17721
231000.0,257500.0,257500.0,256500.0,37640,2018,7,10,2,17722
246000.0,256500.0,256500.0,250000.0,13200,2018,7,11,3,17723
232500.0,250000.0,250000.0,244000.0,18810,2018,7,12,4,17724
232500.0,249900.0,249500.0,245400.0,35730,2018,7,13,5,17725
235000.0,245400.0,245400.0,245000.0,3810,2018,7,16,1,17728
239000.0,247000.0,245000.0,239000.0,6870,2018,7,17,2,17729
225000.0,244900.0,227000.0,244900.0,8530,2018,7,18,3,17730
228000.0,244900.0,228000.0,244900.0,4450,2018,7,19,4,17731
227800.0,230000.0,230000.0,228000.0,3220,2018,7,20,5,17732
218700.0,228200.0,228000.0,221000.0,1060,2018,7,23,1,17735
207000.0,235000.0,219100.0,235000.0,5680,2018,7,24,2,17736
218600.0,251400.0,220500.0,251400.0,6190,2018,7,25,3,17737
233900.0,248000.0,233900.0,233900.0,590,2018,7,26,4,17738
217600.0,218200.0,217600.0,217600.0,5750,2018,7,27,5,17739
202400.0,202500.0,202400.0,202400.0,29730,2018,7,30,1,17742
200000.0,202400.0,200100.0,202400.0,860,2018,7,31,2,17743
190800.0,202000.0,200000.0,200900.0,1150,2018,8,1,3,17744
187000.0,199900.0,195000.0,191100.0,1560,2018,8,2,4,17745
195000.0,200000.0,200000.0,200000.0,620,2018,8,3,5,17746
191000.0,200000.0,200000.0,191000.0,2210,2018,8,6,1,17749
192000.0,195000.0,192000.0,194000.0,230,2018,8,7,2,17750
194000.0,197000.0,196300.0,197000.0,2220,2018,8,8,3,17751
195000.0,199700.0,196000.0,197000.0,480,2018,8,9,4,17752
195000.0,198800.0,195000.0,195000.0,3080,2018,8,10,5,17753
195000.0,199700.0,199700.0,196700.0,360,2018,8,13,1,17756
192000.0,199000.0,198400.0,196100.0,6220,2018,8,14,2,17757
193500.0,198200.0,198200.0,197100.0,1750,2018,8,15,3,17758
190100.0,197100.0,197100.0,196000.0,510,2018,8,16,4,17759
194500.0,198900.0,195000.0,195000.0,10480,2018,8,17,5,17760
185000.0,198500.0,197900.0,197800.0,60190,2018,8,20,1,17763
196000.0,198100.0,197800.0,198000.0,19930,2018,8,21,2,17764
195000.0,197500.0,195000.0,195500.0,890,2018,8,22,3,17765
181900.0,195500.0,195500.0,181900.0,14060,2018,8,23,4,17766
180000.0,194600.0,188900.0,194600.0,13260,2018,8,24,5,17767
181000.0,196000.0,195000.0,181000.0,26360,2018,8,27,1,17770
185000.0,193600.0,185000.0,193600.0,7340,2018,8,28,2,17771
195500.0,200000.0,196000.0,198000.0,26110,2018,8,29,3,17772
188000.0,199000.0,197900.0,197000.0,7220,2018,8,30,4,17773
194900.0,200000.0,200000.0,196000.0,12700,2018,8,31,5,17774
209700.0,209700.0,209700.0,209700.0,142940,2018,9,4,2,17778
224300.0,224300.0,224300.0,224300.0,43200,2018,9,5,3,17779
224300.0,240000.0,240000.0,235000.0,47180,2018,9,6,4,17780
218600.0,235000.0,218600.0,218600.0,27120,2018,9,7,5,17781
203300.0,218600.0,218000.0,217000.0,27320,2018,9,10,1,17784
210000.0,217000.0,213900.0,216400.0,43640,2018,9,11,2,17785
215500.0,221000.0,216400.0,218900.0,22050,2018,9,12,3,17786
217000.0,220100.0,217000.0,219300.0,21050,2018,9,13,4,17787
219300.0,221400.0,220500.0,221400.0,51660,2018,9,14,5,17788
219400.0,234000.0,221900.0,234000.0,18800,2018,9,17,1,17791
225600.0,235000.0,234000.0,235000.0,3850,2018,9,18,2,17792
229000.0,236000.0,235000.0,229000.0,6180,2018,9,19,3,17793
222000.0,232800.0,229000.0,229000.0,32370,2018,9,20,4,17794
225000.0,233000.0,229000.0,230000.0,5240,2018,9,21,5,17795
219000.0,222100.0,222100.0,221500.0,3790,2018,9,24,1,17798
216000.0,225000.0,221500.0,220000.0,3200,2018,9,25,2,17799
214000.0,225000.0,225000.0,223700.0,6080,2018,9,26,3,17800
218000.0,231000.0,231000.0,222000.0,18120,2018,9,27,4,17801
221000.0,222000.0,222000.0,222000.0,8540,2018,9,28,5,17802
220000.0,224900.0,222000.0,224900.0,5210,2018,10,1,1,17805
222000.0,225000.0,224900.0,224900.0,7030,2018,10,2,2,17806
225000.0,230000.0,226000.0,228300.0,6270,2018,10,3,3,17807
227000.0,232000.0,232000.0,227000.0,3780,2018,10,4,4,17808
227000.0,230100.0,227000.0,230100.0,27970,2018,10,5,5,17809
226500.0,239800.0,232200.0,239000.0,14710,2018,10,8,1,17812
240000.0,245000.0,240200.0,244000.0,15330,2018,10,9,2,17813
239100.0,244000.0,244000.0,239100.0,20860,2018,10,10,3,17814
227200.0,239100.0,239100.0,228000.0,14860,2018,10,11,4,17815
228000.0,238100.0,228000.0,238100.0,11790,2018,10,12,5,17816
239200.0,254700.0,248000.0,251100.0,21970,2018,10,15,1,17819
250000.0,252000.0,251100.0,251100.0,2610,2018,10,16,2,17820
255000.0,268600.0,260000.0,268600.0,15440,2018,10,17,3,17821
279000.0,287400.0,279000.0,280000.0,8850,2018,10,18,4,17822
278000.0,280000.0,279900.0,279000.0,3040,2018,10,19,5,17823
275000.0,282000.0,279000.0,281900.0,30040,2018,10,22,1,17826
282000.0,290000.0,282000.0,285600.0,31330,2018,10,23,2,17827
278000.0,287500.0,286200.0,280000.0,15770,2018,10,24,3,17828
260400.0,280200.0,261000.0,277200.0,23740,2018,10,25,4,17829
269100.0,279200.0,279000.0,279200.0,13160,2018,10,26,5,17830
260000.0,280500.0,279200.0,279200.0,19930,2018,10,29,1,17833
279100.0,280000.0,280000.0,279300.0,8870,2018,10,30,2,17834
279100.0,288500.0,288500.0,279100.0,6910,2018,10,31,3,17835
260000.0,282300.0,260000.0,280000.0,1710,2018,11,1,4,17836
280000.0,286000.0,280000.0,286000.0,370,2018,11,2,5,17837
282000.0,290000.0,290000.0,282000.0,14650,2018,11,5,1,17840
280000.0,282900.0,282000.0,282900.0,5270,2018,11,6,2,17841
282000.0,290000.0,290000.0,285000.0,4160,2018,11,7,3,17842
286300.0,290000.0,290000.0,287000.0,19080,2018,11,8,4,17843
288300.0,290000.0,288300.0,289800.0,22570,2018,11,9,5,17844
290000.0,300000.0,290300.0,300000.0,20570,2018,11,12,1,17847
292000.0,309000.0,300000.0,292000.0,9770,2018,11,13,2,17848
294000.0,305000.0,294000.0,301000.0,23010,2018,11,14,3,17849
300200.0,302000.0,301000.0,301500.0,31930,2018,11,15,4,17850
285000.0,301600.0,300000.0,285000.0,17950,2018,11,16,5,17851
286000.0,290000.0,286000.0,290000.0,200,2018,11,19,1,17854
290000.0,300000.0,290000.0,290000.0,12890,2018,11,20,2,17855
289000.0,291000.0,291000.0,289000.0,220,2018,11,21,3,17856
289000.0,290000.0,290000.0,289000.0,200,2018,11,22,4,17857
270000.0,281000.0,270200.0,280000.0,610,2018,11,23,5,17858
279500.0,280000.0,279500.0,279500.0,750,2018,11,26,1,17861
270000.0,279900.0,277000.0,270000.0,2650,2018,11,27,2,17862
265000.0,284000.0,270000.0,284000.0,18870,2018,11,28,3,17863
266700.0,285900.0,285900.0,267000.0,36500,2018,11,29,4,17864
264900.0,267000.0,267000.0,264900.0,6630,2018,11,30,5,17865
280000.0,281000.0,281000.0,280000.0,2650,2018,12,3,1,17868
277900.0,280000.0,277900.0,279900.0,540,2018,12,4,2,17869
268000.0,279500.0,279500.0,279000.0,240,2018,12,5,3,17870
261000.0,271000.0,270000.0,267000.0,1420,2018,12,6,4,17871
267000.0,276000.0,267000.0,270000.0,8630,2018,12,7,5,17872
269900.0,270000.0,270000.0,270000.0,2960,2018,12,10,1,17875
267000.0,270000.0,269900.0,270000.0,1650,2018,12,11,2,17876
264100.0,270000.0,269900.0,270000.0,3480,2018,12,12,3,17877
264000.0,270000.0,270000.0,264500.0,9090,2018,12,13,4,17878
256200.0,264000.0,264000.0,256500.0,5550,2018,12,14,5,17879
238600.0,256000.0,256000.0,250000.0,20760,2018,12,17,1,17882
232800.0,250000.0,250000.0,242000.0,11740,2018,12,18,2,17883
231000.0,242000.0,242000.0,234500.0,5180,2018,12,19,3,17884
230000.0,239000.0,234500.0,230000.0,17280,2018,12,20,4,17885
228000.0,230000.0,228000.0,230000.0,3520,2018,12,21,5,17886
223100.0,230000.0,230000.0,230000.0,1300,2018,12,24,1,17889
213900.0,227000.0,225000.0,214700.0,2000,2018,12,25,2,17890
210100.0,229700.0,210100.0,228000.0,2950,2018,12,26,3,17891
230000.0,243000.0,243000.0,235000.0,1210,2018,12,27,4,17892
228000.0,249800.0,249800.0,235000.0,16620,2018,12,28,5,17893
231500.0,248000.0,248000.0,238000.0,1170,2019,1,2,3,17898
222000.0,238000.0,230000.0,238000.0,4720,2019,1,3,4,17899
235000.0,240000.0,238000.0,238000.0,13670,2019,1,4,5,17900
227000.0,236000.0,227100.0,235000.0,8430,2019,1,7,1,17903
218700.0,249900.0,227000.0,249900.0,13770,2019,1,8,2,17904
232500.0,239000.0,232700.0,232600.0,22400,2019,1,9,3,17905
230000.0,247000.0,230000.0,242000.0,7160,2019,1,10,4,17906
231000.0,250000.0,250000.0,243000.0,16160,2019,1,11,5,17907
236700.0,249000.0,249000.0,240000.0,12990,2019,1,14,1,17910
236000.0,243000.0,243000.0,241000.0,2670,2019,1,15,2,17911
236000.0,241000.0,238000.0,236200.0,1280,2019,1,16,3,17912
235000.0,240000.0,235000.0,236000.0,1520,2019,1,17,4,17913
230500.0,237600.0,230500.0,231000.0,1160,2019,1,18,5,17914
235000.0,237900.0,235000.0,237900.0,4940,2019,1,21,1,17917
231500.0,237900.0,232000.0,237900.0,4570,2019,1,22,2,17918
227100.0,237900.0,227100.0,235900.0,12360,2019,1,23,3,17919
221000.0,240000.0,221000.0,235500.0,11730,2019,1,24,4,17920
232000.0,239000.0,235000.0,236000.0,8260,2019,1,25,5,17921
230500.0,237000.0,237000.0,230500.0,7690,2019,1,28,1,17924
230500.0,235100.0,230500.0,235100.0,1990,2019,1,29,2,17925
235400.0,249900.0,249900.0,240000.0,10490,2019,1,30,3,17926
235100.0,239000.0,235100.0,236000.0,1100,2019,1,31,4,17927
237000.0,239000.0,237000.0,239000.0,1780,2019,2,1,5,17928
232200.0,237800.0,233600.0,232500.0,5450,2019,2,11,1,17938
232400.0,237700.0,232700.0,234500.0,7560,2019,2,12,2,17939
233800.0,239700.0,233800.0,236900.0,3460,2019,2,13,3,17940
233200.0,237000.0,237000.0,236800.0,2980,2019,2,14,4,17941
233000.0,236700.0,236700.0,235900.0,1080,2019,2,15,5,17942
231100.0,236000.0,231500.0,234500.0,3900,2019,2,18,1,17945
234000.0,236000.0,235800.0,234900.0,25740,2019,2,19,2,17946
236800.0,240000.0,236800.0,240000.0,11690,2019,2,20,3,17947
235000.0,239500.0,235000.0,239500.0,230,2019,2,21,4,17948
231000.0,240000.0,240000.0,239800.0,2280,2019,2,22,5,17949
236000.0,240000.0,238000.0,236000.0,2250,2019,2,25,1,17952
236000.0,236200.0,236000.0,236100.0,4700,2019,2,26,2,17953
237100.0,239500.0,239500.0,239400.0,9240,2019,2,27,3,17954
239400.0,241000.0,239400.0,240200.0,21120,2019,2,28,4,17955
241000.0,249800.0,249800.0,245000.0,1080,2019,3,1,5,17956
227900.0,231100.0,231000.0,227900.0,17190,2019,3,4,1,17959
212000.0,212000.0,212000.0,212000.0,14990,2019,3,5,2,17960
197200.0,197200.0,197200.0,197200.0,15250,2019,3,6,3,17961
183400.0,208100.0,183400.0,183400.0,470780,2019,3,7,4,17962
170600.0,170600.0,170600.0,170600.0,66340,2019,3,8,5,17963
158700.0,158700.0,158700.0,158700.0,25930,2019,3,11,1,17966
147600.0,147600.0,147600.0,147600.0,135330,2019,3,12,2,17967
137300.0,137300.0,137300.0,137300.0,21710,2019,3,13,3,17968
127700.0,127700.0,127700.0,127700.0,19890,2019,3,14,4,17969
118800.0,118800.0,118800.0,118800.0,17180,2019,3,15,5,17970
110500.0,110500.0,110500.0,110500.0,7010,2019,3,18,1,17973
102800.0,102800.0,102800.0,102800.0,62560,2019,3,19,2,17974
95700.0,95700.0,95700.0,95700.0,26300,2019,3,20,3,17975
89100.0,102300.0,89100.0,102300.0,833940,2019,3,21,4,17976
109400.0,109400.0,109400.0,109400.0,80120,2019,3,22,5,17977
115000.0,117000.0,117000.0,117000.0,281260,2019,3,25,1,17980
109000.0,124000.0,114900.0,121000.0,428730,2019,3,26,2,17981
112800.0,125000.0,125000.0,112800.0,164610,2019,3,27,3,17982
105000.0,112800.0,112800.0,105000.0,105370,2019,3,28,4,17983
97700.0,111800.0,97700.0,100000.0,215230,2019,3,29,5,17984
100000.0,104000.0,104000.0,102600.0,59820,2019,4,1,1,17987
101000.0,104000.0,102600.0,102800.0,134530,2019,4,2,2,17988
107000.0,109900.0,109900.0,109900.0,123470,2019,4,3,3,17989
114000.0,117500.0,115000.0,117500.0,148570,2019,4,4,4,17990
117500.0,125600.0,117500.0,122000.0,165240,2019,4,5,5,17991
113600.0,124500.0,124300.0,115000.0,178680,2019,4,8,1,17994
109600.0,115000.0,112000.0,110000.0,119270,2019,4,9,2,17995
107700.0,111100.0,107700.0,107700.0,84100,2019,4,10,3,17996
107700.0,113500.0,107700.0,112000.0,81180,2019,4,11,4,17997
110000.0,114500.0,112000.0,114000.0,30850,2019,4,12,5,17998
111000.0,114000.0,114000.0,112000.0,43140,2019,4,16,2,18002
110400.0,112100.0,111000.0,112000.0,46230,2019,4,17,3,18003
110000.0,112000.0,111000.0,111000.0,44720,2019,4,18,4,18004
110300.0,112700.0,111200.0,112000.0,28480,2019,4,19,5,18005
109600.0,112000.0,112000.0,110100.0,26360,2019,4,22,1,18008
110000.0,111400.0,110200.0,111000.0,27730,2019,4,23,2,18009
108000.0,112000.0,109500.0,112000.0,55510,2019,4,24,3,18010
109000.0,112100.0,109000.0,112100.0,36890,2019,4,25,4,18011
110100.0,112200.0,111200.0,112100.0,35190,2019,4,26,5,18012
109700.0,112000.0,112000.0,110900.0,42960,2019,5,2,4,18018
109000.0,110900.0,110900.0,110000.0,31000,2019,5,3,5,18019
108000.0,109800.0,108500.0,109000.0,47380,2019,5,6,1,18022
107500.0,109500.0,109500.0,109000.0,43460,2019,5,7,2,18023
106500.0,109000.0,109000.0,106500.0,48930,2019,5,8,3,18024
103100.0,107600.0,106500.0,104000.0,42620,2019,5,9,4,18025
101000.0,104700.0,102600.0,103000.0,37430,2019,5,10,5,18026
101500.0,103000.0,102000.0,102500.0,30630,2019,5,13,1,18029
96600.0,102500.0,102500.0,96600.0,169290,2019,5,14,2,18030
90600.0,97000.0,96600.0,93300.0,155440,2019,5,15,3,18031
94000.0,98800.0,96000.0,97400.0,20250,2019,5,16,4,18032
98000.0,104000.0,98000.0,102000.0,31790,2019,5,17,5,18033
101100.0,104400.0,101300.0,104400.0,44620,2019,5,20,1,18036
104800.0,108000.0,104800.0,105000.0,73570,2019,5,21,2,18037
107200.0,109000.0,108000.0,108000.0,153600,2019,5,22,3,18038
100500.0,107500.0,104000.0,100500.0,161570,2019,5,23,4,18039
93500.0,95000.0,93500.0,93500.0,333690,2019,5,24,5,18040
88500.0,95000.0,88500.0,93000.0,130850,2019,5,27,1,18043
92600.0,95000.0,93000.0,93600.0,60650,2019,5,28,2,18044
93100.0,94000.0,93700.0,93100.0,60970,2019,5,29,3,18045
92100.0,93100.0,93000.0,92700.0,37800,2019,5,30,4,18046
90000.0,92700.0,92700.0,91100.0,95540,2019,5,31,5,18047
88500.0,91100.0,91000.0,89800.0,58160,2019,6,3,1,18050
84500.0,89500.0,89500.0,84500.0,70460,2019,6,4,2,18051
86900.0,90400.0,87000.0,90300.0,186520,2019,6,5,3,18052
92000.0,96500.0,96500.0,93900.0,48400,2019,6,6,4,18053
90000.0,94000.0,93900.0,94000.0,58410,2019,6,7,5,18054
91000.0,94000.0,94000.0,91200.0,26420,2019,6,10,1,18057
85500.0,91400.0,91200.0,91200.0,35440,2019,6,11,2,18058
89100.0,91200.0,91000.0,91200.0,48510,2019,6,12,3,18059
89200.0,92000.0,89200.0,91700.0,22800,2019,6,13,4,18060
91000.0,94200.0,91000.0,93500.0,70380,2019,6,14,5,18061
91300.0,92900.0,92500.0,91800.0,44050,2019,6,17,1,18064
86500.0,92800.0,91800.0,87000.0,361010,2019,6,18,2,18065
87800.0,89500.0,88300.0,87800.0,95580,2019,6,19,3,18066
87500.0,89600.0,89600.0,88500.0,37200,2019,6,20,4,18067
87500.0,88700.0,87500.0,87500.0,122890,2019,6,21,5,18068
84000.0,87800.0,87500.0,84000.0,259100,2019,6,24,1,18071
80000.0,85000.0,84000.0,82000.0,246880,2019,6,25,2,18072
76300.0,81500.0,81500.0,78000.0,339140,2019,6,26,3,18073
76000.0,76600.0,76600.0,76100.0,210830,2019,6,27,4,18074
73500.0,76000.0,76000.0,73500.0,230380,2019,6,28,5,18075
73500.0,78000.0,73500.0,75000.0,149820,2019,7,1,1,18078
73500.0,76400.0,76400.0,75000.0,225640,2019,7,2,2,18079
73500.0,76000.0,73600.0,76000.0,219870,2019,7,3,3,18080
74300.0,76300.0,74300.0,76000.0,45050,2019,7,4,4,18081
76000.0,78500.0,76000.0,77000.0,93630,2019,7,5,5,18082
77000.0,79900.0,77000.0,79000.0,68380,2019,7,8,1,18085
80200.0,84000.0,80200.0,84000.0,93930,2019,7,9,2,18086
85500.0,88000.0,85500.0,86900.0,65240,2019,7,10,3,18087
84000.0,89500.0,88500.0,84500.0,37150,2019,7,11,4,18088
80000.0,84000.0,83700.0,81000.0,56030,2019,7,12,5,18089
79600.0,81000.0,81000.0,79600.0,41120,2019,7,15,1,18092
80000.0,81900.0,80000.0,81200.0,36260,2019,7,16,2,18093
79000.0,82300.0,82300.0,80800.0,27670,2019,7,17,3,18094
79200.0,80800.0,80800.0,79400.0,10390,2019,7,18,4,18095
77800.0,80000.0,80000.0,78000.0,32480,2019,7,19,5,18096
74500.0,77000.0,74500.0,75500.0,27150,2019,7,22,1,18099
73500.0,74600.0,74000.0,74000.0,55920,2019,7,23,2,18100
73500.0,76000.0,73800.0,74800.0,28870,2019,7,24,3,18101
73500.0,75000.0,75000.0,74000.0,28590,2019,7,25,4,18102
72000.0,74000.0,74000.0,72000.0,37460,2019,7,26,5,18103
67000.0,72000.0,72000.0,67000.0,104790,2019,7,29,1,18106
62400.0,64000.0,63000.0,62400.0,54980,2019,7,30,2,18107
58100.0,63500.0,58100.0,59500.0,63830,2019,7,31,3,18108
59500.0,61000.0,59500.0,60500.0,23770,2019,8,1,4,18109
60500.0,64000.0,60500.0,60500.0,71510,2019,8,2,5,18110
56300.0,61800.0,61800.0,56300.0,89340,2019,8,5,1,18113
52400.0,55800.0,53500.0,52400.0,98570,2019,8,6,2,18114
49700.0,50700.0,50200.0,50000.0,78750,2019,8,7,3,18115
46800.0,50000.0,46800.0,49000.0,111090,2019,8,8,4,18116
49700.0,52400.0,49700.0,52400.0,146470,2019,8,9,5,18117
53600.0,55600.0,55000.0,55300.0,56350,2019,8,12,1,18120
51800.0,55100.0,55000.0,52500.0,77870,2019,8,13,2,18121
52900.0,55000.0,52900.0,54600.0,70620,2019,8,14,3,18122
52200.0,53700.0,52200.0,53100.0,28360,2019,8,15,4,18123
50300.0,52800.0,52800.0,50300.0,39250,2019,8,16,5,18124
50500.0,53000.0,53000.0,52000.0,33850,2019,8,19,1,18127
50500.0,52000.0,51000.0,50500.0,20920,2019,8,20,2,18128
51000.0,52000.0,51000.0,51000.0,26180,2019,8,21,3,18129
50500.0,52000.0,51700.0,50500.0,9710,2019,8,22,4,18130
50500.0,52500.0,50500.0,51000.0,27340,2019,8,23,5,18131
49000.0,51000.0,50500.0,50700.0,72150,2019,8,26,1,18134
50000.0,51300.0,50500.0,50700.0,23060,2019,8,27,2,18135
50000.0,51000.0,50700.0,50700.0,38430,2019,8,28,3,18136
50100.0,50900.0,50200.0,50300.0,6730,2019,8,29,4,18137
50200.0,50900.0,50200.0,50500.0,21430,2019,8,30,5,18138
53900.0,54000.0,54000.0,54000.0,174570,2019,9,3,2,18142
56500.0,57700.0,57700.0,57700.0,129520,2019,9,4,3,18143
61000.0,61700.0,61700.0,61700.0,78540,2019,9,5,4,18144
63000.0,66000.0,66000.0,65000.0,150430,2019,9,6,5,18145
65800.0,69500.0,67000.0,69500.0,165830,2019,9,9,1,18148
70000.0,74300.0,74300.0,70500.0,276390,2019,9,10,2,18149
65600.0,70000.0,66200.0,65600.0,288360,2019,9,11,3,18150
61500.0,64000.0,61700.0,61800.0,153790,2019,9,12,4,18151
57500.0,59500.0,59000.0,57900.0,180690,2019,9,13,5,18152
54000.0,57900.0,57500.0,56200.0,37050,2019,9,16,1,18155
55800.0,60100.0,55800.0,60100.0,51340,2019,9,17,2,18156
62700.0,64300.0,62700.0,64300.0,33120,2019,9,18,3,18157
59900.0,68800.0,67900.0,60400.0,103090,2019,9,19,4,18158
62000.0,64000.0,64000.0,63000.0,37420,2019,9,20,5,18159
62500.0,65000.0,63300.0,63500.0,30480,2019,9,23,1,18162
61000.0,63500.0,63500.0,61000.0,35120,2019,9,24,2,18163
59100.0,61000.0,59900.0,60100.0,49990,2019,9,25,3,18164
60000.0,62900.0,60000.0,61000.0,15900,2019,9,26,4,18165
61000.0,62700.0,62300.0,61200.0,34750,2019,9,27,5,18166
60000.0,61300.0,61200.0,60000.0,22320,2019,9,30,1,18169
60000.0,61100.0,60000.0,60500.0,21780,2019,10,1,2,18170
60500.0,61800.0,60500.0,61000.0,30670,2019,10,2,3,18171
60200.0,61300.0,61000.0,60200.0,12810,2019,10,3,4,18172
60000.0,61000.0,60200.0,60000.0,14500,2019,10,4,5,18173
60000.0,61400.0,60000.0,60300.0,23180,2019,10,7,1,18176
60200.0,61000.0,60300.0,60900.0,17120,2019,10,8,2,18177
60000.0,60900.0,60300.0,60000.0,10150,2019,10,9,3,18178
59500.0,60200.0,60000.0,59600.0,10300,2019,10,10,4,18179
59600.0,60500.0,59600.0,60000.0,19970,2019,10,11,5,18180
59600.0,60200.0,60000.0,60000.0,31960,2019,10,14,1,18183
59600.0,60200.0,59600.0,60100.0,14940,2019,10,15,2,18184
59900.0,60900.0,60100.0,60000.0,16700,2019,10,16,3,18185
59900.0,60600.0,60000.0,60000.0,26940,2019,10,17,4,18186
59500.0,60300.0,60000.0,60000.0,15770,2019,10,18,5,18187
59600.0,60000.0,60000.0,60000.0,7530,2019,10,21,1,18190
55800.0,57000.0,55800.0,55800.0,218030,2019,10,22,2,18191
52300.0,54400.0,53000.0,53100.0,45820,2019,10,23,3,18192
52900.0,56800.0,53100.0,56500.0,16600,2019,10,24,4,18193
54000.0,56600.0,56500.0,55000.0,3930,2019,10,25,5,18194
54600.0,55800.0,54600.0,54700.0,12600,2019,10,28,1,18197
53500.0,55600.0,53500.0,54300.0,11250,2019,10,29,2,18198
54000.0,55100.0,55100.0,54100.0,6920,2019,10,30,3,18199
53300.0,54400.0,54100.0,53600.0,11020,2019,10,31,4,18200
53400.0,54300.0,53600.0,53400.0,13470,2019,11,1,5,18201
52100.0,53900.0,53900.0,52800.0,26420,2019,11,4,1,18204
52400.0,53000.0,52800.0,52600.0,25970,2019,11,5,2,18205
52300.0,53600.0,53600.0,52700.0,25110,2019,11,6,3,18206
51800.0,52700.0,52700.0,52200.0,52890,2019,11,7,4,18207
51800.0,52800.0,52800.0,51800.0,16030,2019,11,8,5,18208
50800.0,51500.0,51000.0,51300.0,21630,2019,11,11,1,18211
50400.0,51300.0,51300.0,50800.0,31280,2019,11,12,2,18212
50000.0,50500.0,50300.0,50200.0,44270,2019,11,13,3,18213
49800.0,50600.0,50200.0,50200.0,37800,2019,11,14,4,18214
49400.0,50200.0,50200.0,49500.0,38250,2019,11,15,5,18215
48800.0,49500.0,49500.0,49000.0,10330,2019,11,18,1,18218
48500.0,49000.0,49000.0,48700.0,18050,2019,11,19,2,18219
48100.0,48700.0,48700.0,48250.0,47350,2019,11,20,3,18220
47500.0,48000.0,47800.0,47500.0,35450,2019,11,21,4,18221
46500.0,47500.0,46750.0,46750.0,23290,2019,11,22,5,18222
45500.0,46750.0,46500.0,45650.0,22810,2019,11,25,1,18225
44100.0,45200.0,44100.0,45200.0,29490,2019,11,26,2,18226
45000.0,48000.0,45000.0,45100.0,20180,2019,11,27,3,18227
44650.0,46050.0,46000.0,44650.0,33470,2019,11,28,4,18228
44000.0,44700.0,44700.0,44250.0,20190,2019,11,29,5,18229
43300.0,44250.0,44250.0,43500.0,17740,2019,12,2,1,18232
41950.0,42800.0,42800.0,42000.0,18540,2019,12,3,2,18233
40500.0,41300.0,41000.0,41000.0,17460,2019,12,4,3,18234
40000.0,41000.0,41000.0,40300.0,17290,2019,12,5,4,18235
39400.0,40000.0,39400.0,39900.0,34070,2019,12,6,5,18236
39000.0,39900.0,39900.0,39800.0,9090,2019,12,9,1,18239
38700.0,39500.0,39200.0,39000.0,20780,2019,12,10,2,18240
37800.0,38900.0,38200.0,37800.0,26070,2019,12,11,3,18241
37500.0,37800.0,37800.0,37600.0,14470,2019,12,12,4,18242
37600.0,40200.0,37600.0,40200.0,18240,2019,12,13,5,18243
43000.0,43000.0,43000.0,43000.0,11780,2019,12,16,1,18246
40000.0,43400.0,40000.0,41800.0,103110,2019,12,17,2,18247
39000.0,41800.0,41800.0,39000.0,8470,2019,12,18,3,18248
38200.0,41000.0,41000.0,39000.0,19700,2019,12,19,4,18249
36300.0,39000.0,36300.0,37000.0,56630,2019,12,20,5,18250
37000.0,39300.0,37000.0,38500.0,13140,2019,12,23,1,18253
37100.0,39000.0,38500.0,38500.0,8210,2019,12,24,2,18254
37700.0,38500.0,38500.0,38300.0,10260,2019,12,25,3,18255
37900.0,38500.0,38300.0,38400.0,7220,2019,12,26,4,18256
37700.0,38600.0,38600.0,37700.0,3930,2019,12,27,5,18257
36900.0,37700.0,37700.0,37700.0,14250,2019,12,30,1,18260
36200.0,37700.0,37700.0,37000.0,21070,2019,12,31,2,18261
37000.0,38500.0,37000.0,38200.0,26340,2020,1,2,4,18263
36800.0,38500.0,38000.0,37000.0,24070,2020,1,3,5,18264
36900.0,38000.0,37000.0,37900.0,34390,2020,1,6,1,18267
38000.0,38900.0,38500.0,38500.0,9720,2020,1,7,2,18268
36300.0,38100.0,38100.0,36500.0,147640,2020,1,8,3,18269
36500.0,37200.0,36500.0,37000.0,5620,2020,1,9,4,18270
36200.0,37200.0,36500.0,36200.0,26680,2020,1,10,5,18271
36200.0,37000.0,36700.0,36300.0,20620,2020,1,13,1,18274
36500.0,37000.0,37000.0,36900.0,14600,2020,1,14,2,18275
36600.0,37050.0,37000.0,37000.0,36540,2020,1,15,3,18276
36700.0,37500.0,37000.0,37050.0,8210,2020,1,16,4,18277
37000.0,37900.0,37900.0,37000.0,8390,2020,1,17,5,18278
36800.0,37500.0,37000.0,37500.0,8600,2020,1,20,1,18281
36900.0,38000.0,37000.0,36900.0,31190,2020,1,21,2,18282
36900.0,37700.0,37500.0,37100.0,30000,2020,1,22,3,18283
36800.0,37500.0,37000.0,37000.0,20340,2020,1,30,4,18291
37000.0,37200.0,37100.0,37000.0,34680,2020,1,31,5,18292
34900.0,36200.0,36200.0,35500.0,76590,2020,2,3,1,18295
35100.0,36800.0,36800.0,36450.0,11890,2020,2,4,2,18296
37000.0,37500.0,37000.0,37500.0,10300,2020,2,5,3,18297
37100.0,38400.0,38400.0,37800.0,2730,2020,2,6,4,18298
35200.0,37900.0,37000.0,37450.0,11530,2020,2,7,5,18299
37300.0,38000.0,37500.0,37500.0,15820,2020,2,10,1,18302
40100.0,40100.0,40100.0,40100.0,91930,2020,2,11,2,18303
42900.0,42900.0,42900.0,42900.0,3080,2020,2,12,3,18304
45900.0,45900.0,45900.0,45900.0,44500,2020,2,13,4,18305
49100.0,49100.0,49100.0,49100.0,46210,2020,2,14,5,18306
45800.0,52500.0,52500.0,49500.0,166020,2020,2,17,1,18309
49000.0,51000.0,49950.0,50400.0,45780,2020,2,18,2,18310
49600.0,51300.0,50400.0,51000.0,45610,2020,2,19,3,18311
49100.0,51000.0,50000.0,50000.0,49620,2020,2,20,4,18312
49100.0,50500.0,50300.0,50200.0,80000,2020,2,21,5,18313
46900.0,49500.0,49100.0,49000.0,55360,2020,2,24,1,18316
48000.0,49400.0,48200.0,49300.0,51730,2020,2,25,2,18317
51500.0,52700.0,52500.0,52700.0,67640,2020,2,26,3,18318
56300.0,56300.0,56300.0,56300.0,12660,2020,2,27,4,18319
60200.0,60200.0,60200.0,60200.0,37010,2020,2,28,5,18320
64400.0,64400.0,64400.0,64400.0,73770,2020,3,2,1,18323
68900.0,68900.0,68900.0,68900.0,27800,2020,3,3,2,18324
73700.0,73700.0,73700.0,73700.0,13750,2020,3,4,3,18325
78800.0,78800.0,78800.0,78800.0,41490,2020,3,5,4,18326
79000.0,84300.0,84300.0,83000.0,341870,2020,3,6,5,18327
77200.0,77200.0,77200.0,77200.0,9920,2020,3,9,1,18330
71800.0,71800.0,71800.0,71800.0,10000,2020,3,10,2,18331
66800.0,73800.0,66800.0,66800.0,224340,2020,3,11,3,18332
62300.0,71400.0,67000.0,71400.0,200920,2020,3,12,4,18333
73000.0,75900.0,75900.0,75200.0,50380,2020,3,13,5,18334
70000.0,73500.0,70200.0,70000.0,41370,2020,3,16,1,18337
65100.0,66000.0,65100.0,65100.0,14440,2020,3,17,2,18338
60600.0,63500.0,60600.0,60600.0,67910,2020,3,18,3,18339
56400.0,60000.0,56900.0,56400.0,28340,2020,3,19,4,18340
52500.0,55000.0,52800.0,52500.0,60380,2020,3,20,5,18341
48850.0,48900.0,48900.0,48850.0,20670,2020,3,23,1,18344
45450.0,47100.0,45450.0,45450.0,74250,2020,3,24,2,18345
43500.0,48600.0,44600.0,48600.0,79610,2020,3,25,3,18346
49500.0,52000.0,51200.0,52000.0,44330,2020,3,26,4,18347
53100.0,55600.0,54500.0,55000.0,77650,2020,3,27,5,18348
51200.0,51200.0,51200.0,51200.0,16290,2020,3,30,1,18351
47650.0,51200.0,47650.0,47650.0,89890,2020,3,31,2,18352
45050.0,50000.0,47650.0,49600.0,32270,2020,4,1,3,18353
46300.0,49700.0,46300.0,49700.0,47990,2020,4,3,5,18355
48700.0,52500.0,48700.0,51100.0,48320,2020,4,6,1,18358
50000.0,52800.0,52800.0,51800.0,24320,2020,4,7,2,18359
49000.0,51400.0,50100.0,50500.0,23300,2020,4,8,3,18360
50500.0,51700.0,51000.0,51000.0,26660,2020,4,9,4,18361
49100.0,51000.0,50400.0,49800.0,28340,2020,4,10,5,18362
49800.0,52900.0,49800.0,50700.0,26510,2020,4,13,1,18365
49500.0,51000.0,50700.0,49750.0,22540,2020,4,14,2,18366
49800.0,52000.0,49800.0,51600.0,25350,2020,4,15,3,18367
51900.0,55200.0,52000.0,55200.0,34630,2020,4,16,4,18368
59000.0,59000.0,59000.0,59000.0,16670,2020,4,17,5,18369
54900.0,63100.0,63100.0,61500.0,95230,2020,4,20,1,18372
57200.0,59800.0,57600.0,57500.0,82520,2020,4,21,2,18373
57500.0,61500.0,57500.0,61000.0,32960,2020,4,22,3,18374
59700.0,63800.0,62900.0,60200.0,21840,2020,4,23,4,18375
57500.0,60000.0,60000.0,58700.0,17810,2020,4,24,5,18376
55000.0,58700.0,58700.0,55500.0,48840,2020,4,27,1,18379
53500.0,57500.0,55500.0,57000.0,10890,2020,4,28,2,18380
55000.0,58600.0,56200.0,56800.0,30920,2020,4,29,3,18381
54300.0,56100.0,56100.0,54500.0,15930,2020,5,4,1,18386
52500.0,54500.0,54400.0,53500.0,22200,2020,5,5,2,18387
52800.0,54000.0,52800.0,53500.0,22310,2020,5,6,3,18388
54100.0,55200.0,54900.0,54700.0,31100,2020,5,7,4,18389
52500.0,56400.0,56400.0,54900.0,32130,2020,5,8,5,18390
54600.0,55700.0,54900.0,55000.0,19940,2020,5,11,1,18393
54700.0,56800.0,55000.0,55700.0,53470,2020,5,12,2,18394
55000.0,55900.0,55700.0,55000.0,18670,2020,5,13,3,18395
53200.0,54900.0,53200.0,54900.0,45660,2020,5,14,4,18396
53500.0,55600.0,55600.0,54800.0,10630,2020,5,15,5,18397
54800.0,58600.0,54800.0,58600.0,174370,2020,5,18,1,18400
59000.0,62000.0,62000.0,61600.0,60910,2020,5,19,2,18401
60900.0,64900.0,61700.0,63000.0,64850,2020,5,20,3,18402
58900.0,63900.0,63000.0,61200.0,60270,2020,5,21,4,18403
59000.0,61100.0,59500.0,59000.0,26110,2020,5,22,5,18404
58500.0,62000.0,58500.0,59900.0,37840,2020,5,25,1,18407
58000.0,60900.0,60000.0,59500.0,30170,2020,5,26,2,18408
58200.0,59500.0,59100.0,58400.0,17840,2020,5,27,3,18409
57200.0,59000.0,58400.0,58200.0,14820,2020,5,28,4,18410
57300.0,58600.0,57300.0,58200.0,17780,2020,5,29,5,18411
58000.0,59500.0,59500.0,58500.0,23130,2020,6,1,1,18414
57900.0,58700.0,58000.0,57900.0,31150,2020,6,2,2,18415
57500.0,58300.0,57900.0,57600.0,21290,2020,6,3,3,18416
57300.0,58400.0,57600.0,57800.0,25780,2020,6,4,4,18417
57700.0,58500.0,58500.0,57800.0,15550,2020,6,5,5,18418
57900.0,59000.0,58000.0,58300.0,44670,2020,6,8,1,18421
57600.0,58400.0,58300.0,57700.0,24640,2020,6,9,2,18422
57500.0,58300.0,58000.0,57600.0,23420,2020,6,10,3,18423
56000.0,57800.0,57700.0,56000.0,42040,2020,6,11,4,18424
52300.0,57000.0,52300.0,54800.0,18530,2020,6,12,5,18425
53000.0,54800.0,54600.0,53000.0,33040,2020,6,15,1,18428
53200.0,54600.0,53600.0,54200.0,38780,2020,6,16,2,18429
53500.0,54200.0,54000.0,53500.0,8020,2020,6,17,3,18430
53900.0,55000.0,55000.0,54000.0,8840,2020,6,18,4,18431
53100.0,54900.0,53100.0,54100.0,8980,2020,6,19,5,18432
53000.0,54500.0,54000.0,54000.0,27190,2020,6,22,1,18435
53900.0,54700.0,54000.0,54700.0,43470,2020,6,23,2,18436
54000.0,54500.0,54100.0,54000.0,17270,2020,6,24,3,18437
53600.0,54500.0,54200.0,54000.0,22850,2020,6,25,4,18438
54000.0,54200.0,54000.0,54000.0,13200,2020,6,26,5,18439
52000.0,54000.0,54000.0,52000.0,9890,2020,6,29,1,18442
51000.0,53300.0,52300.0,51400.0,15420,2020,6,30,2,18443
51100.0,53000.0,52000.0,53000.0,8300,2020,7,1,3,18444
52500.0,54000.0,52500.0,53400.0,4510,2020,7,2,4,18445
52000.0,53600.0,52000.0,53600.0,5300,2020,7,3,5,18446
53000.0,54000.0,53000.0,53900.0,9240,2020,7,6,1,18449
53500.0,54000.0,53500.0,53500.0,6100,2020,7,7,2,18450
52800.0,53600.0,53500.0,53000.0,5280,2020,7,8,3,18451
52900.0,55000.0,53100.0,55000.0,19180,2020,7,9,4,18452
53000.0,55000.0,54200.0,54900.0,5600,2020,7,10,5,18453
54200.0,54900.0,54600.0,54200.0,3890,2020,7,13,1,18456
54300.0,57900.0,54800.0,57900.0,28350,2020,7,14,2,18457
59000.0,61900.0,61900.0,59600.0,47960,2020,7,15,3,18458
58500.0,60000.0,60000.0,58800.0,19120,2020,7,16,4,18459
57500.0,58800.0,57600.0,58300.0,11300,2020,7,17,5,18460
57000.0,58300.0,58300.0,58000.0,16500,2020,7,20,1,18463
57800.0,60000.0,58000.0,58000.0,27920,2020,7,21,2,18464
54000.0,58200.0,58000.0,54000.0,53790,2020,7,22,3,18465
51000.0,55900.0,54000.0,53000.0,35430,2020,7,23,4,18466
49600.0,53000.0,53000.0,49600.0,33300,2020,7,24,5,18467
46150.0,47050.0,46150.0,46150.0,63450,2020,7,27,1,18470
44000.0,49350.0,44000.0,49300.0,17950,2020,7,28,2,18471
46000.0,49000.0,49000.0,46500.0,38470,2020,7,29,3,18472
46500.0,48700.0,48700.0,47000.0,3900,2020,7,30,4,18473
44650.0,47200.0,44650.0,45900.0,5090,2020,7,31,5,18474
46000.0,47500.0,46000.0,47000.0,7410,2020,8,3,1,18477
47000.0,48250.0,47000.0,47500.0,8750,2020,8,4,2,18478
46000.0,47500.0,47000.0,47500.0,14400,2020,8,5,3,18479
46000.0,47800.0,46000.0,47600.0,13010,2020,8,6,4,18480
47000.0,48300.0,47600.0,47500.0,6270,2020,8,7,5,18481
47500.0,49300.0,47550.0,49250.0,9920,2020,8,10,1,18484
49300.0,51400.0,49500.0,49900.0,18120,2020,8,11,2,18485
51000.0,52500.0,51800.0,51800.0,23870,2020,8,12,3,18486
49900.0,52000.0,51000.0,51000.0,27340,2020,8,13,4,18487
50000.0,51800.0,51000.0,50000.0,9640,2020,8,14,5,18488
48000.0,50000.0,50000.0,50000.0,8200,2020,8,17,1,18491
48300.0,50000.0,50000.0,49100.0,3980,2020,8,18,2,18492
49100.0,49900.0,49100.0,49800.0,1190,2020,8,19,3,18493
48400.0,49800.0,48400.0,48600.0,5620,2020,8,20,4,18494
48100.0,49000.0,48600.0,48300.0,9640,2020,8,21,5,18495
48350.0,50000.0,48350.0,48700.0,14140,2020,8,24,1,18498
49000.0,50400.0,49000.0,49800.0,11400,2020,8,25,2,18499
49100.0,50400.0,49900.0,50300.0,13810,2020,8,26,3,18500
50400.0,52000.0,50600.0,51000.0,28050,2020,8,27,4,18501
51100.0,53000.0,51100.0,52900.0,28220,2020,8,28,5,18502
51200.0,52300.0,51200.0,52000.0,3910,2020,8,31,1,18505
51000.0,53000.0,52000.0,51500.0,12440,2020,9,1,2,18506
50700.0,52000.0,52000.0,50700.0,10130,2020,9,3,4,18508
49400.0,50500.0,49500.0,50500.0,18360,2020,9,4,5,18509
49500.0,50900.0,49500.0,50000.0,37710,2020,9,7,1,18512
50000.0,50900.0,50000.0,50100.0,7390,2020,9,8,2,18513
49000.0,50100.0,50000.0,50000.0,3900,2020,9,9,3,18514
49000.0,50600.0,50600.0,49200.0,7150,2020,9,10,4,18515
48000.0,50000.0,50000.0,49000.0,9360,2020,9,11,5,18516
49000.0,50000.0,49000.0,49900.0,6280,2020,9,14,1,18519
49500.0,50500.0,49500.0,49700.0,2850,2020,9,15,2,18520
49000.0,50300.0,50300.0,49500.0,2800,2020,9,16,3,18521
49000.0,49600.0,49400.0,49400.0,9160,2020,9,17,4,18522
49000.0,49400.0,49400.0,49200.0,11800,2020,9,18,5,18523
48450.0,49200.0,48450.0,49000.0,17110,2020,9,21,1,18526
48800.0,49450.0,49000.0,49000.0,11940,2020,9,22,2,18527
48600.0,49000.0,48700.0,49000.0,10730,2020,9,23,3,18528
48200.0,49000.0,49000.0,48900.0,1750,2020,9,24,4,18529
48150.0,48800.0,48600.0,48300.0,15950,2020,9,25,5,18530
48000.0,48850.0,48600.0,48250.0,10670,2020,9,28,1,18533
47200.0,48250.0,48200.0,47600.0,17910,2020,9,29,2,18534
47000.0,47900.0,47600.0,47000.0,10580,2020,9,30,3,18535
46000.0,48500.0,47000.0,48500.0,14900,2020,10,1,4,18536
46000.0,48500.0,48500.0,47800.0,7770,2020,10,2,5,18537
46500.0,47800.0,46500.0,47800.0,6480,2020,10,5,1,18540
46700.0,48000.0,48000.0,47600.0,8110,2020,10,6,2,18541
47000.0,48000.0,47100.0,47700.0,4520,2020,10,7,3,18542
47000.0,47700.0,47000.0,47400.0,5830,2020,10,8,4,18543
47150.0,48200.0,47150.0,47600.0,9160,2020,10,9,5,18544
44700.0,46000.0,45000.0,44750.0,97900,2020,10,12,1,18547
42000.0,44700.0,42000.0,44000.0,28410,2020,10,13,2,18548
43250.0,44500.0,43250.0,43800.0,13390,2020,10,14,3,18549
43300.0,44750.0,43350.0,44750.0,21450,2020,10,15,4,18550
44800.0,46400.0,44800.0,45700.0,52970,2020,10,16,5,18551
44600.0,45700.0,45700.0,45000.0,9720,2020,10,19,1,18554
44600.0,45400.0,44600.0,44900.0,30810,2020,10,20,2,18555
44600.0,45700.0,45200.0,45000.0,31890,2020,10,21,3,18556
44800.0,45400.0,45400.0,45000.0,39060,2020,10,22,4,18557
45000.0,45500.0,45300.0,45050.0,13680,2020,10,23,5,18558
44650.0,45050.0,44650.0,44800.0,19020,2020,10,26,1,18561
44300.0,45500.0,44700.0,44800.0,52670,2020,10,27,2,18562
44200.0,45000.0,44750.0,44250.0,31900,2020,10,28,3,18563
43500.0,45000.0,44500.0,44500.0,56430,2020,10,29,4,18564
43900.0,45000.0,44250.0,44900.0,58400,2020,10,30,5,18565
44200.0,45000.0,45000.0,44800.0,22550,2020,11,2,1,18568
44450.0,44850.0,44500.0,44500.0,40930,2020,11,3,2,18569
44100.0,44900.0,44900.0,44900.0,46340,2020,11,4,3,18570
44250.0,44950.0,44950.0,44300.0,6970,2020,11,5,4,18571
44000.0,44850.0,44150.0,44800.0,92260,2020,11,6,5,18572
44500.0,46500.0,45000.0,45500.0,54050,2020,11,9,1,18575
45000.0,46000.0,46000.0,45400.0,24050,2020,11,10,2,18576
45100.0,45800.0,45800.0,45400.0,1870,2020,11,11,3,18577
44500.0,45400.0,44500.0,45000.0,12200,2020,11,12,4,18578
44350.0,45100.0,44350.0,44500.0,42180,2020,11,13,5,18579
44500.0,44900.0,44500.0,44800.0,29300,2020,11,16,1,18582
44350.0,45000.0,44500.0,44600.0,90100,2020,11,17,2,18583
44200.0,44550.0,44200.0,44200.0,9530,2020,11,18,3,18584
44100.0,44600.0,44600.0,44200.0,4130,2020,11,19,4,18585
44000.0,44900.0,44100.0,44900.0,25110,2020,11,20,5,18586
44200.0,44800.0,44500.0,44700.0,40240,2020,11,23,1,18589
44200.0,44950.0,44800.0,44300.0,8550,2020,11,24,2,18590
44100.0,44300.0,44100.0,44300.0,10610,2020,11,25,3,18591
44000.0,44300.0,44300.0,44100.0,30710,2020,11,26,4,18592
44000.0,44400.0,44000.0,44100.0,105200,2020,11,27,5,18593
43700.0,44150.0,43700.0,44100.0,28380,2020,11,30,1,18596
45000.0,47150.0,45000.0,47150.0,97670,2020,12,1,2,18597
48600.0,50400.0,50400.0,49400.0,100090,2020,12,2,3,18598
48000.0,50300.0,49900.0,48900.0,17170,2020,12,3,4,18599
45500.0,48300.0,48300.0,47400.0,21540,2020,12,4,5,18600
45500.0,47000.0,46100.0,46000.0,33190,2020,12,7,1,18603
45350.0,46900.0,46000.0,46750.0,6420,2020,12,8,2,18604
45800.0,47000.0,47000.0,45900.0,16620,2020,12,9,3,18605
45000.0,46700.0,46700.0,45400.0,15990,2020,12,10,4,18606
44700.0,45700.0,45500.0,44700.0,20590,2020,12,11,5,18607
44900.0,47000.0,45550.0,46400.0,24820,2020,12,14,1,18610
45700.0,46600.0,46600.0,46000.0,14230,2020,12,15,2,18611
45600.0,46500.0,46000.0,45700.0,23860,2020,12,16,3,18612
45100.0,46000.0,45200.0,45600.0,24950,2020,12,17,4,18613
45500.0,46300.0,45500.0,45700.0,10900,2020,12,18,5,18614
45100.0,45400.0,45200.0,45150.0,58390,2020,12,21,1,18617
45200.0,46900.0,45200.0,46000.0,51610,2020,12,22,2,18618
45600.0,48500.0,45600.0,47900.0,88110,2020,12,23,3,18619
46200.0,48600.0,48450.0,47700.0,28080,2020,12,24,4,18620
47000.0,48000.0,47700.0,47400.0,35510,2020,12,25,5,18621
46100.0,47400.0,46300.0,46300.0,50830,2020,12,28,1,18624
46000.0,47200.0,46050.0,46300.0,21060,2020,12,29,2,18625
46000.0,46900.0,46200.0,46000.0,31790,2020,12,30,3,18626
45900.0,46200.0,46000.0,46100.0,18610,2020,12,31,4,18627
46000.0,47000.0,46100.0,46800.0,51800,2021,1,4,1,18631
43550.0,46900.0,46800.0,46400.0,49600,2021,1,5,2,18632
46300.0,46600.0,46400.0,46400.0,31300,2021,1,6,3,18633
46400.0,46800.0,46400.0,46700.0,18300,2021,1,7,4,18634
45000.0,46800.0,46400.0,46000.0,35100,2021,1,8,5,18635
45900.0,47000.0,47000.0,46100.0,27700,2021,1,11,1,18638
45600.0,46100.0,45800.0,46000.0,25900,2021,1,12,2,18639
45800.0,46900.0,45800.0,46100.0,38100,2021,1,13,3,18640
45900.0,46400.0,46100.0,46300.0,12300,2021,1,14,4,18641
43200.0,46400.0,46200.0,44800.0,137000,2021,1,15,5,18642
44500.0,46500.0,44800.0,45000.0,138300,2021,1,18,1,18645
43250.0,45100.0,45000.0,43500.0,95800,2021,1,19,2,18646
41500.0,44500.0,43500.0,42600.0,66100,2021,1,20,3,18647
41300.0,43200.0,42600.0,41350.0,185000,2021,1,21,4,18648
40500.0,41950.0,40500.0,41800.0,157200,2021,1,22,5,18649
43000.0,44700.0,43000.0,44700.0,98900,2021,1,25,1,18652
46000.0,47700.0,47200.0,46200.0,230200,2021,1,26,2,18653
43000.0,46000.0,46000.0,43500.0,66200,2021,1,27,3,18654
40500.0,41900.0,40500.0,40500.0,127800,2021,1,28,4,18655
38000.0,42750.0,38000.0,42300.0,40900,2021,1,29,5,18656
40200.0,42300.0,40200.0,40650.0,27500,2021,2,1,1,18659
38000.0,40000.0,39500.0,38700.0,79400,2021,2,2,2,18660
38700.0,40300.0,39300.0,40100.0,28800,2021,2,3,3,18661
39100.0,41000.0,39600.0,39600.0,20800,2021,2,4,4,18662
39500.0,40000.0,39600.0,39900.0,21600,2021,2,5,5,18663
39000.0,40700.0,40700.0,39100.0,18300,2021,2,8,1,18666
38800.0,39900.0,39900.0,39600.0,43900,2021,2,9,2,18667
38800.0,39600.0,39100.0,39000.0,63300,2021,2,17,3,18675
38850.0,40800.0,39000.0,40300.0,55500,2021,2,18,4,18676
39900.0,40900.0,40000.0,40500.0,30800,2021,2,19,5,18677
40400.0,40950.0,40400.0,40950.0,26900,2021,2,22,1,18680
40100.0,41300.0,40950.0,40750.0,25500,2021,2,23,2,18681
39500.0,40750.0,40750.0,40200.0,22200,2021,2,24,3,18682
39500.0,40200.0,40200.0,40000.0,10300,2021,2,25,4,18683
39500.0,40000.0,40000.0,39700.0,7900,2021,2,26,5,18684
39000.0,39800.0,39000.0,39800.0,48800,2021,3,1,1,18687
40200.0,42550.0,42550.0,40800.0,22100,2021,3,2,2,18688
40200.0,41000.0,40800.0,40600.0,14200,2021,3,3,3,18689
40000.0,40700.0,40700.0,40000.0,11500,2021,3,4,4,18690
39200.0,39800.0,39200.0,39600.0,15600,2021,3,5,5,18691
39400.0,39800.0,39800.0,39600.0,25400,2021,3,8,1,18694
39500.0,40900.0,39600.0,40800.0,44700,2021,3,9,2,18695
39650.0,40700.0,40700.0,39800.0,16800,2021,3,10,3,18696
39800.0,40200.0,39800.0,40200.0,33200,2021,3,11,4,18697
39700.0,40300.0,40300.0,40000.0,11500,2021,3,12,5,18698
39500.0,40000.0,40000.0,40000.0,19000,2021,3,15,1,18701
39500.0,39800.0,39500.0,39800.0,9300,2021,3,16,2,18702
39400.0,40000.0,39600.0,39800.0,27900,2021,3,17,3,18703
39000.0,39700.0,39600.0,39700.0,58000,2021,3,18,4,18704
39700.0,40000.0,39700.0,40000.0,13300,2021,3,19,5,18705
39000.0,39900.0,39600.0,39200.0,17300,2021,3,22,1,18708
39100.0,39700.0,39200.0,39700.0,17800,2021,3,23,2,18709
38900.0,39700.0,39100.0,39050.0,16400,2021,3,24,3,18710
39000.0,39600.0,39000.0,39300.0,30300,2021,3,25,4,18711
37700.0,39500.0,39500.0,37700.0,29600,2021,3,26,5,18712
37000.0,39400.0,38550.0,38400.0,17300,2021,3,29,1,18715
37800.0,39000.0,37800.0,38850.0,24700,2021,3,30,2,18716
38700.0,39600.0,38700.0,39000.0,18200,2021,3,31,3,18717
38800.0,39450.0,39450.0,39150.0,12000,2021,4,1,4,18718
39000.0,39200.0,39150.0,39050.0,17200,2021,4,2,5,18719
37900.0,39100.0,39100.0,38000.0,101100,2021,4,5,1,18722
36000.0,38000.0,38000.0,36350.0,133500,2021,4,6,2,18723
35000.0,36350.0,36350.0,35850.0,173300,2021,4,7,3,18724
33800.0,35800.0,34850.0,33900.0,176000,2021,4,8,4,18725
31550.0,32900.0,32800.0,31550.0,456300,2021,4,9,5,18726
29350.0,30000.0,29350.0,29350.0,174500,2021,4,12,1,18729
27300.0,28000.0,27300.0,27300.0,67200,2021,4,13,2,18730
25400.0,28950.0,25400.0,25400.0,994200,2021,4,14,3,18731
23650.0,25600.0,25400.0,23650.0,516100,2021,4,15,4,18732
22000.0,23200.0,23200.0,22000.0,572600,2021,4,16,5,18733
20500.0,22400.0,21100.0,20500.0,526500,2021,4,19,1,18736
19600.0,21900.0,19650.0,21900.0,127500,2021,4,20,2,18737
23000.0,23400.0,23400.0,23400.0,305700,2021,4,22,4,18739
24000.0,25000.0,25000.0,25000.0,405000,2021,4,23,5,18740
25000.0,26750.0,25000.0,26750.0,423000,2021,4,26,1,18743
24900.0,27300.0,27200.0,24900.0,292200,2021,4,27,2,18744
23200.0,24500.0,23400.0,23200.0,324400,2021,4,28,3,18745
21700.0,24700.0,23000.0,24000.0,203100,2021,4,29,4,18746
22500.0,23500.0,22600.0,22900.0,133800,2021,5,4,2,18751
22800.0,23800.0,22800.0,23450.0,149500,2021,5,5,3,18752
22400.0,23400.0,22400.0,22900.0,139300,2021,5,6,4,18753
22400.0,22900.0,22450.0,22500.0,96200,2021,5,7,5,18754
21500.0,22100.0,22100.0,21800.0,131700,2021,5,10,1,18757
21500.0,22600.0,21550.0,22450.0,100600,2021,5,11,2,18758
21800.0,22800.0,22000.0,22450.0,52700,2021,5,12,3,18759
22150.0,22550.0,22200.0,22250.0,74700,2021,5,13,4,18760
22000.0,22450.0,22450.0,22050.0,127600,2021,5,14,5,18761
22000.0,22300.0,22200.0,22200.0,73600,2021,5,17,1,18764
21700.0,22200.0,22200.0,21900.0,64800,2021,5,18,2,18765
20400.0,21900.0,21900.0,20400.0,520300,2021,5,19,3,18766
20250.0,20900.0,20400.0,20400.0,75700,2021,5,20,4,18767
20000.0,21800.0,20450.0,21800.0,136200,2021,5,21,5,18768
20600.0,22400.0,20600.0,21400.0,179400,2021,5,24,1,18771
20500.0,21500.0,21400.0,20600.0,86200,2021,5,25,2,18772
20150.0,21450.0,21000.0,21450.0,80000,2021,5,26,3,18773
20800.0,21550.0,21500.0,20850.0,54900,2021,5,27,4,18774
20300.0,21000.0,20300.0,20800.0,50400,2021,5,28,5,18775
20000.0,21300.0,20000.0,20350.0,97700,2021,5,31,1,18778
20100.0,20350.0,20100.0,20150.0,46600,2021,6,1,2,18779
19900.0,20400.0,20150.0,20100.0,104000,2021,6,2,3,18780
19950.0,20900.0,20100.0,20650.0,272500,2021,6,3,4,18781
20500.0,21000.0,20650.0,20750.0,97200,2021,6,4,5,18782
21000.0,21500.0,21000.0,21500.0,164700,2021,6,7,1,18785
22000.0,23000.0,23000.0,22700.0,268400,2021,6,8,2,18786
21500.0,22800.0,22700.0,22100.0,83000,2021,6,9,3,18787
21100.0,21800.0,21750.0,21400.0,56300,2021,6,10,4,18788
21200.0,22400.0,21400.0,21800.0,63300,2021,6,11,5,18789
21250.0,21800.0,21800.0,21500.0,96900,2021,6,14,1,18792
21200.0,21900.0,21800.0,21400.0,34000,2021,6,15,2,18793
21400.0,22000.0,21400.0,21450.0,103700,2021,6,16,3,18794
21200.0,21500.0,21500.0,21350.0,51000,2021,6,17,4,18795
21000.0,21400.0,21400.0,21150.0,79300,2021,6,18,5,18796
20800.0,21200.0,21000.0,21200.0,80600,2021,6,21,1,18799
21200.0,21600.0,21500.0,21350.0,62400,2021,6,22,2,18800
21050.0,21400.0,21200.0,21150.0,23600,2021,6,23,3,18801
20750.0,21300.0,21300.0,21000.0,30600,2021,6,24,4,18802
20800.0,21150.0,20800.0,21000.0,47100,2021,6,25,5,18803
20500.0,21000.0,21000.0,20850.0,47900,2021,6,28,1,18806
20550.0,20850.0,20850.0,20700.0,80500,2021,6,29,2,18807
20450.0,20800.0,20600.0,20450.0,53000,2021,6,30,3,18808
20300.0,20600.0,20400.0,20600.0,70900,2021,7,1,4,18809
20400.0,20900.0,20900.0,20400.0,22300,2021,7,2,5,18810
19800.0,20750.0,20500.0,20150.0,119000,2021,7,5,1,18813
19400.0,20000.0,20000.0,19400.0,92600,2021,7,6,2,18814
18200.0,19500.0,19400.0,18600.0,120200,2021,7,7,3,18815
18000.0,19200.0,18500.0,18500.0,72300,2021,7,8,4,18816
17500.0,18350.0,18350.0,17900.0,89500,2021,7,9,5,18817
16650.0,17500.0,17500.0,16650.0,146300,2021,7,12,1,18820
15850.0,16800.0,16000.0,16300.0,107900,2021,7,13,2,18821
15800.0,16500.0,16000.0,16050.0,39400,2021,7,14,3,18822
15600.0,16350.0,16100.0,16200.0,23900,2021,7,15,4,18823
16100.0,16500.0,16250.0,16300.0,60000,2021,7,16,5,18824
15600.0,16000.0,15800.0,15800.0,77000,2021,7,19,1,18827
15000.0,15950.0,15600.0,15900.0,44300,2021,7,20,2,18828
15900.0,16600.0,15900.0,16350.0,24200,2021,7,21,3,18829
16000.0,16600.0,16350.0,16350.0,80900,2021,7,22,4,18830
15950.0,16350.0,16350.0,16100.0,35500,2021,7,23,5,18831
15650.0,16200.0,16100.0,16200.0,56600,2021,7,26,1,18834
15700.0,16300.0,16200.0,15800.0,198800,2021,7,27,2,18835
15000.0,15800.0,15800.0,15050.0,399700,2021,7,28,3,18836
15050.0,15800.0,15100.0,15400.0,252100,2021,7,29,4,18837
15100.0,15500.0,15500.0,15400.0,57000,2021,7,30,5,18838
15000.0,15350.0,15100.0,15200.0,159700,2021,8,2,1,18841
14900.0,15200.0,15100.0,15150.0,115000,2021,8,3,2,18842
15100.0,15300.0,15150.0,15200.0,81300,2021,8,4,3,18843
15150.0,16250.0,15250.0,16250.0,1433200,2021,8,5,4,18844
17350.0,17350.0,17350.0,17350.0,427200,2021,8,6,5,18845
18050.0,18550.0,18550.0,18550.0,748200,2021,8,9,1,18848
17900.0,19700.0,18700.0,18700.0,819900,2021,8,10,2,18849
17400.0,18700.0,18700.0,17400.0,632300,2021,8,11,3,18850
16500.0,17200.0,16800.0,16800.0,457700,2021,8,12,4,18851
16000.0,16700.0,16700.0,16450.0,357100,2021,8,13,5,18852
16400.0,17000.0,16550.0,16700.0,241200,2021,8,16,1,18855
15850.0,16300.0,16050.0,15950.0,520100,2021,8,17,2,18856
15600.0,16000.0,15950.0,15800.0,232700,2021,8,18,3,18857
15500.0,15750.0,15700.0,15500.0,335100,2021,8,19,4,18858
14800.0,15600.0,15500.0,14900.0,691900,2021,8,20,5,18859
14900.0,15900.0,14950.0,15900.0,197600,2021,8,23,1,18862
15600.0,16800.0,16800.0,15900.0,334000,2021,8,24,2,18863
15150.0,15550.0,15550.0,15250.0,216800,2021,8,25,3,18864
15150.0,15450.0,15450.0,15200.0,168100,2021,8,26,4,18865
14800.0,15200.0,15200.0,15100.0,153300,2021,8,27,5,18866
15000.0,15450.0,15000.0,15300.0,163400,2021,8,30,1,18869
15200.0,16100.0,15300.0,15650.0,281500,2021,8,31,2,18870
15500.0,15850.0,15550.0,15600.0,96000,2021,9,1,3,18871
15600.0,16100.0,15650.0,15750.0,168800,2021,9,6,1,18876
15100.0,15900.0,15900.0,15200.0,188500,2021,9,7,2,18877
15250.0,15800.0,15350.0,15350.0,148800,2021,9,8,3,18878
15200.0,15500.0,15400.0,15300.0,91200,2021,9,9,4,18879
15200.0,15450.0,15300.0,15450.0,124700,2021,9,10,5,18880
14800.0,15450.0,15450.0,15300.0,134200,2021,9,13,1,18883
15100.0,15550.0,15200.0,15250.0,132100,2021,9,14,2,18884
15100.0,15350.0,15200.0,15350.0,179400,2021,9,15,3,18885
15150.0,15400.0,15350.0,15300.0,81500,2021,9,16,4,18886
15200.0,16000.0,15350.0,15600.0,331300,2021,9,17,5,18887
15600.0,15850.0,15600.0,15650.0,181200,2021,9,20,1,18890
15350.0,15650.0,15650.0,15350.0,141100,2021,9,21,2,18891
15250.0,16200.0,15350.0,16150.0,407200,2021,9,22,3,18892
16250.0,17000.0,16250.0,16600.0,656300,2021,9,23,4,18893
16100.0,16550.0,16500.0,16100.0,143500,2021,9,24,5,18894
15200.0,16000.0,16000.0,15300.0,255000,2021,9,27,1,18897
14850.0,15300.0,15150.0,15150.0,257200,2021,9,28,2,18898
15050.0,15250.0,15150.0,15200.0,129800,2021,9,29,3,18899
15200.0,15750.0,15200.0,15250.0,97500,2021,9,30,4,18900
15100.0,15450.0,15250.0,15150.0,90500,2021,10,1,5,18901
15100.0,15400.0,15100.0,15200.0,97600,2021,10,4,1,18904
15150.0,15350.0,15200.0,15250.0,106300,2021,10,5,2,18905
15200.0,15550.0,15300.0,15400.0,113800,2021,10,6,3,18906
15200.0,15650.0,15400.0,15200.0,124700,2021,10,7,4,18907
15200.0,15450.0,15450.0,15350.0,83500,2021,10,8,5,18908
15250.0,15500.0,15350.0,15400.0,48400,2021,10,11,1,18911
15250.0,15450.0,15400.0,15300.0,53600,2021,10,12,2,18912
15150.0,15350.0,15300.0,15250.0,63400,2021,10,13,3,18913
15200.0,15500.0,15200.0,15300.0,143000,2021,10,14,4,18914
15200.0,15350.0,15250.0,15350.0,137600,2021,10,15,5,18915
15200.0,15450.0,15450.0,15250.0,98400,2021,10,18,1,18918
15200.0,15400.0,15350.0,15400.0,126800,2021,10,19,2,18919
15250.0,15400.0,15400.0,15350.0,142600,2021,10,20,3,18920
15250.0,15400.0,15350.0,15250.0,74500,2021,10,21,4,18921
15250.0,15400.0,15400.0,15250.0,118800,2021,10,22,5,18922
15350.0,16300.0,15350.0,16300.0,1332900,2021,10,25,1,18925
16300.0,16950.0,16800.0,16700.0,377200,2021,10,26,2,18926
15900.0,16600.0,16350.0,16100.0,191400,2021,10,27,3,18927
15500.0,16700.0,15900.0,16150.0,337300,2021,10,28,4,18928
15600.0,16200.0,16000.0,16150.0,285300,2021,10,29,5,18929
16000.0,16500.0,16450.0,16100.0,336200,2021,11,1,1,18932
16000.0,17200.0,16050.0,16850.0,1150900,2021,11,2,2,18933
16000.0,16900.0,16850.0,16000.0,449500,2021,11,3,3,18934
15700.0,16550.0,16100.0,16200.0,178200,2021,11,4,4,18935
16000.0,16900.0,16200.0,16650.0,351100,2021,11,5,5,18936
16750.0,17000.0,16800.0,16800.0,768400,2021,11,8,1,18939
16750.0,17050.0,16900.0,16800.0,657700,2021,11,9,2,18940
16750.0,17000.0,16800.0,16900.0,462300,2021,11,10,3,18941
16950.0,18050.0,16950.0,18050.0,2260700,2021,11,11,4,18942
17900.0,18500.0,18500.0,18200.0,577600,2021,11,12,5,18943
17700.0,18900.0,18200.0,18500.0,853500,2021,11,15,1,18946
17500.0,18500.0,18500.0,17500.0,1052500,2021,11,16,2,18947
17550.0,18500.0,17550.0,18500.0,563300,2021,11,17,3,18948
18200.0,19400.0,18500.0,19100.0,1230200,2021,11,18,4,18949
17850.0,19300.0,19200.0,18300.0,762900,2021,11,19,5,18950
17300.0,18850.0,18350.0,17350.0,961500,2021,11,22,1,18953
16500.0,17400.0,17200.0,17350.0,471300,2021,11,23,2,18954
17500.0,17950.0,17750.0,17950.0,313900,2021,11,24,3,18955
17400.0,18100.0,18100.0,17550.0,282100,2021,11,25,4,18956
16750.0,17550.0,17550.0,16900.0,496200,2021,11,26,5,18957
16400.0,17500.0,16500.0,17200.0,369400,2021,11,29,1,18960
16800.0,17350.0,17150.0,17000.0,355400,2021,11,30,2,18961
16700.0,17200.0,16900.0,16900.0,340600,2021,12,1,3,18962
16750.0,17350.0,17000.0,17150.0,382600,2021,12,2,4,18963
16800.0,17300.0,17050.0,17100.0,259400,2021,12,3,5,18964
16400.0,17200.0,16800.0,16800.0,408000,2021,12,6,1,18967
16450.0,16850.0,16800.0,16800.0,186200,2021,12,7,2,18968
16350.0,16850.0,16850.0,16700.0,345700,2021,12,8,3,18969
16300.0,16750.0,16300.0,16650.0,162900,2021,12,9,4,18970
16500.0,17800.0,16650.0,17400.0,414100,2021,12,10,5,18971
17400.0,18350.0,17650.0,18200.0,685800,2021,12,13,1,18974
17750.0,18250.0,18200.0,17850.0,405500,2021,12,14,2,18975
17700.0,18000.0,18000.0,17800.0,210900,2021,12,15,3,18976
17650.0,18850.0,17700.0,18800.0,774600,2021,12,16,4,18977
18650.0,19500.0,19000.0,18700.0,662700,2021,12,17,5,18978
18400.0,20000.0,18700.0,20000.0,676200,2021,12,20,1,18981
21400.0,21400.0,21400.0,21400.0,387000,2021,12,21,2,18982
22850.0,22850.0,22850.0,22850.0,172200,2021,12,22,3,18983
21550.0,24400.0,24400.0,23800.0,2209300,2021,12,23,4,18984
22150.0,23500.0,23000.0,22150.0,1244600,2021,12,24,5,18985
21300.0,23700.0,21500.0,23700.0,971400,2021,12,27,1,18988
23700.0,25350.0,24900.0,23950.0,661800,2021,12,28,2,18989
22550.0,23800.0,23500.0,22900.0,598500,2021,12,29,3,18990
22050.0,24500.0,22200.0,24500.0,1128600,2021,12,30,4,18991
24500.0,26200.0,24500.0,25500.0,629200,2021,12,31,5,18992
24800.0,26000.0,25500.0,25500.0,506600,2022,1,4,2,18996
23800.0,25150.0,25150.0,23900.0,693300,2022,1,5,3,18997
23050.0,24950.0,23800.0,24400.0,521800,2022,1,6,4,18998
23300.0,24000.0,24000.0,23650.0,545900,2022,1,7,5,18999
22000.0,23300.0,23050.0,22000.0,1036600,2022,1,10,1,19002
20500.0,21800.0,21500.0,20500.0,1137100,2022,1,11,2,19003
19500.0,21800.0,20100.0,21400.0,672100,2022,1,12,3,19004
22200.0,22850.0,22850.0,22850.0,624300,2022,1,13,4,19005
22500.0,24400.0,24400.0,22550.0,848300,2022,1,14,5,19006
21000.0,23000.0,22400.0,21000.0,451600,2022,1,17,1,19009
19550.0,20900.0,20400.0,19550.0,623200,2022,1,18,2,19010
18200.0,19100.0,18800.0,18200.0,553500,2022,1,19,3,19011
17000.0,19450.0,18000.0,19400.0,465400,2022,1,20,4,19012
18800.0,20200.0,20200.0,19000.0,259700,2022,1,21,5,19013
17700.0,18900.0,18900.0,17700.0,279400,2022,1,24,1,19016
17000.0,18150.0,17300.0,17750.0,126700,2022,1,25,2,19017
17550.0,18000.0,17750.0,18000.0,155800,2022,1,26,3,19018
18000.0,18800.0,18000.0,18300.0,130000,2022,1,27,4,19019
18700.0,19550.0,18750.0,18950.0,362700,2022,1,28,5,19020
19050.0,20200.0,19050.0,19900.0,211100,2022,2,7,1,19030
19400.0,20500.0,19900.0,19400.0,321500,2022,2,8,2,19031
19400.0,20100.0,19400.0,19900.0,227500,2022,2,9,3,19032
19500.0,20300.0,20250.0,19600.0,127100,2022,2,10,4,19033
19600.0,20000.0,19600.0,19700.0,79200,2022,2,11,5,19034
18800.0,19500.0,19500.0,19050.0,230200,2022,2,14,1,19037
18600.0,19200.0,18600.0,19200.0,74500,2022,2,15,2,19038
20500.0,20500.0,20500.0,20500.0,184100,2022,2,16,3,19039
21500.0,21900.0,21900.0,21900.0,572100,2022,2,17,4,19040
22650.0,23400.0,23400.0,23400.0,1405900,2022,2,18,5,19041
22900.0,24900.0,23800.0,22950.0,664500,2022,2,21,1,19044
22000.0,24000.0,22300.0,24000.0,845200,2022,2,22,2,19045
23800.0,24800.0,24300.0,24500.0,655900,2022,2,23,3,19046
22800.0,24600.0,24300.0,23800.0,888800,2022,2,24,4,19047
23950.0,25450.0,24200.0,25450.0,877100,2022,2,25,5,19048
26000.0,27200.0,27000.0,27200.0,976600,2022,2,28,1,19051
28000.0,29100.0,28000.0,29100.0,533900,2022,3,1,2,19052
28200.0,31100.0,31100.0,29800.0,2123000,2022,3,2,3,19053
28550.0,31000.0,29100.0,31000.0,628900,2022,3,3,4,19054
30000.0,31700.0,31300.0,30800.0,751100,2022,3,4,5,19055
28650.0,30700.0,30050.0,28650.0,740900,2022,3,7,1,19058
26650.0,28350.0,26850.0,26650.0,1302300,2022,3,8,2,19059
26650.0,28500.0,26650.0,28500.0,604500,2022,3,9,3,19060
28000.0,29800.0,29600.0,28000.0,233100,2022,3,10,4,19061
27100.0,28000.0,27100.0,27350.0,344900,2022,3,11,5,19062
26950.0,29000.0,26950.0,27750.0,537700,2022,3,14,1,19065
26950.0,28350.0,28350.0,27000.0,386000,2022,3,15,2,19066
26900.0,27900.0,27500.0,27200.0,235600,2022,3,16,3,19067
27200.0,29100.0,27250.0,29100.0,644200,2022,3,17,4,19068
28900.0,30200.0,29200.0,28900.0,415400,2022,3,18,5,19069
27900.0,29600.0,28500.0,28850.0,399800,2022,3,21,1,19072
28200.0,29300.0,28850.0,28500.0,469900,2022,3,22,2,19073
28000.0,28950.0,28500.0,28000.0,490100,2022,3,23,3,19074
27500.0,29200.0,27950.0,28250.0,321400,2022,3,24,4,19075
27850.0,29700.0,27850.0,29350.0,567900,2022,3,25,5,19076
27500.0,29050.0,28600.0,28350.0,470400,2022,3,28,1,19079
28000.0,29500.0,28000.0,29200.0,766100,2022,3,29,2,19080
27800.0,29200.0,29200.0,28000.0,385900,2022,3,30,3,19081
27700.0,28750.0,28000.0,27800.0,406200,2022,3,31,4,19082
27000.0,28100.0,27600.0,27900.0,382600,2022,4,1,5,19083
27550.0,28450.0,27900.0,27800.0,256800,2022,4,4,1,19086
27000.0,28500.0,27550.0,27550.0,213600,2022,4,5,2,19087
26850.0,27750.0,27600.0,26850.0,333000,2022,4,6,3,19088
25000.0,27000.0,26850.0,25000.0,816700,2022,4,7,4,19089
23250.0,24950.0,23600.0,23250.0,550600,2022,4,8,5,19090
21650.0,23500.0,23450.0,21650.0,497800,2022,4,12,2,19094
20700.0,22500.0,21500.0,22450.0,221900,2022,4,13,3,19095
22200.0,23800.0,22200.0,23100.0,242700,2022,4,14,4,19096
22900.0,23900.0,22900.0,23500.0,244100,2022,4,15,5,19097
21900.0,23500.0,23500.0,21900.0,323800,2022,4,18,1,19100
20400.0,22500.0,21900.0,20400.0,295300,2022,4,19,2,19101
19100.0,20400.0,19500.0,19200.0,272700,2022,4,20,3,19102
17900.0,19000.0,18200.0,17900.0,455300,2022,4,21,4,19103
17000.0,18500.0,17100.0,17100.0,259600,2022,4,22,5,19104
15950.0,17850.0,17850.0,16050.0,341700,2022,4,25,1,19107
15000.0,17150.0,16000.0,17150.0,349600,2022,4,26,2,19108
17150.0,18350.0,17300.0,18350.0,438400,2022,4,27,3,19109
18600.0,19400.0,18650.0,18600.0,217800,2022,4,28,4,19110
18400.0,18800.0,18600.0,18700.0,146400,2022,4,29,5,19111
17800.0,18550.0,18100.0,18000.0,223100,2022,5,4,3,19116
17750.0,18600.0,18600.0,17950.0,161300,2022,5,5,4,19117
17000.0,17850.0,17500.0,17050.0,203200,2022,5,6,5,19118
15900.0,17050.0,17050.0,15900.0,211300,2022,5,9,1,19121
15850.0,17000.0,15900.0,17000.0,171700,2022,5,10,2,19122
17950.0,18150.0,18000.0,18150.0,127800,2022,5,11,3,19123
17000.0,18550.0,18300.0,17150.0,164000,2022,5,12,4,19124
16000.0,17550.0,17000.0,16050.0,294200,2022,5,13,5,19125
16950.0,17150.0,17150.0,17150.0,125500,2022,5,16,1,19128
16400.0,17200.0,17150.0,16400.0,1394900,2022,5,17,2,19129
16400.0,17000.0,16600.0,16650.0,233200,2022,5,18,3,19130
16500.0,17750.0,16600.0,17000.0,271500,2022,5,19,4,19131
16500.0,17250.0,16950.0,16850.0,236100,2022,5,20,5,19132
16400.0,17200.0,17200.0,16500.0,146200,2022,5,23,1,19135
15900.0,16500.0,16450.0,16500.0,416500,2022,5,24,2,19136
16000.0,16900.0,16500.0,16850.0,417500,2022,5,25,3,19137
16550.0,17100.0,17050.0,16600.0,167900,2022,5,26,4,19138
15800.0,16450.0,15800.0,16250.0,685700,2022,5,27,5,19139
15850.0,17350.0,16050.0,17350.0,1002100,2022,5,30,1,19142
17200.0,18550.0,17500.0,18550.0,590800,2022,5,31,2,19143
18050.0,19800.0,18200.0,19800.0,711700,2022,6,1,3,19144
19850.0,20850.0,19850.0,20400.0,824600,2022,6,2,4,19145
20000.0,21400.0,20050.0,21400.0,418900,2022,6,3,5,19146
21550.0,22850.0,22000.0,22850.0,615700,2022,6,6,1,19149
23000.0,24400.0,23000.0,24400.0,296800,2022,6,7,2,19150
25950.0,26100.0,25950.0,26100.0,187100,2022,6,8,3,19151
24300.0,27800.0,27800.0,24800.0,1414900,2022,6,9,4,19152
24400.0,26100.0,24750.0,24800.0,768200,2022,6,10,5,19153
23800.0,25900.0,23800.0,24900.0,513100,2022,6,13,1,19156
24300.0,25700.0,24300.0,24500.0,379500,2022,6,14,2,19157
22800.0,25000.0,25000.0,22900.0,807200,2022,6,15,3,19158
22850.0,24500.0,22850.0,24500.0,347000,2022,6,16,4,19159
24500.0,25700.0,24600.0,24650.0,586100,2022,6,17,5,19160
22950.0,25400.0,23500.0,22950.0,465400,2022,6,20,1,19163
21350.0,22900.0,21600.0,21350.0,843400,2022,6,21,2,19164
19900.0,20500.0,20400.0,19900.0,478200,2022,6,22,3,19165
19000.0,21200.0,19100.0,20400.0,92200,2022,6,23,4,19166
20400.0,21800.0,20400.0,21800.0,265000,2022,6,24,5,19167
22000.0,23300.0,22950.0,23300.0,125700,2022,6,27,1,19170
23300.0,24700.0,23300.0,23700.0,211900,2022,6,28,2,19171
22700.0,23700.0,23700.0,23700.0,246500,2022,6,29,3,19172
22300.0,24700.0,24400.0,22300.0,158000,2022,6,30,4,19173
21300.0,23000.0,21300.0,23000.0,50400,2022,7,1,5,19174
23000.0,24300.0,24300.0,23000.0,112800,2022,7,4,1,19177
22750.0,23400.0,23100.0,22950.0,128500,2022,7,5,2,19178
22000.0,23500.0,22000.0,22850.0,115500,2022,7,6,3,19179
22600.0,23350.0,22850.0,23000.0,73600,2022,7,7,4,19180
23100.0,24200.0,24050.0,23700.0,118100,2022,7,8,5,19181
23200.0,24900.0,23700.0,23900.0,116700,2022,7,11,1,19184
23900.0,25200.0,23900.0,25000.0,360100,2022,7,12,2,19185
24000.0,25200.0,25100.0,24300.0,105900,2022,7,13,3,19186
23300.0,24250.0,23850.0,23350.0,214700,2022,7,14,4,19187
23050.0,24000.0,23050.0,23700.0,110000,2022,7,15,5,19188
23000.0,24000.0,23700.0,23850.0,138300,2022,7,18,1,19191
23400.0,25500.0,23400.0,24900.0,1179900,2022,7,19,2,19192
24650.0,25500.0,25000.0,24850.0,334100,2022,7,20,3,19193
24600.0,25100.0,24800.0,24700.0,69500,2022,7,21,4,19194
23800.0,24650.0,24650.0,23800.0,426400,2022,7,22,5,19195
22900.0,23800.0,23500.0,23200.0,250500,2022,7,25,1,19198
23000.0,24500.0,23000.0,24000.0,179500,2022,7,26,2,19199
23300.0,24050.0,24000.0,24000.0,88000,2022,7,27,3,19200
24100.0,24800.0,24100.0,24700.0,167100,2022,7,28,4,19201
24500.0,26300.0,25300.0,24500.0,449000,2022,7,29,5,19202
24150.0,25000.0,24500.0,24500.0,126500,2022,8,1,1,19205
24300.0,25400.0,24500.0,24850.0,220600,2022,8,2,2,19206
24300.0,25000.0,24500.0,24500.0,217800,2022,8,3,3,19207
24400.0,24950.0,24500.0,24650.0,219700,2022,8,4,4,19208
24400.0,24950.0,24600.0,24900.0,198500,2022,8,5,5,19209
24550.0,25600.0,25600.0,24600.0,471100,2022,8,8,1,19212
24400.0,24950.0,24500.0,24600.0,180100,2022,8,9,2,19213
24100.0,24600.0,24100.0,24250.0,232200,2022,8,10,3,19214
23200.0,24500.0,24500.0,23200.0,461400,2022,8,11,4,19215
22500.0,23800.0,23200.0,23500.0,333400,2022,8,12,5,19216
23600.0,24000.0,23600.0,23900.0,51500,2022,8,15,1,19219
22500.0,23550.0,23500.0,22950.0,217000,2022,8,16,2,19220
22750.0,23300.0,22950.0,22800.0,213400,2022,8,17,3,19221
22600.0,22950.0,22600.0,22800.0,66400,2022,8,18,4,19222
22600.0,23000.0,22600.0,22700.0,103400,2022,8,19,5,19223
22450.0,23000.0,23000.0,22900.0,121700,2022,8,22,1,19226
22500.0,23200.0,22500.0,23000.0,72000,2022,8,23,2,19227
22700.0,23300.0,23000.0,22800.0,150700,2022,8,24,3,19228
22600.0,23000.0,22800.0,22600.0,104800,2022,8,25,4,19229
22500.0,22850.0,22600.0,22550.0,79800,2022,8,26,5,19230
21200.0,22300.0,22000.0,21300.0,280800,2022,8,29,1,19233
21300.0,22050.0,21300.0,22000.0,79300,2022,8,30,2,19234
21500.0,22000.0,22000.0,21600.0,35400,2022,8,31,3,19235
21550.0,21950.0,21600.0,21700.0,52600,2022,9,5,1,19240
21750.0,22000.0,22000.0,21900.0,30100,2022,9,6,2,19241
21450.0,22000.0,21900.0,21450.0,87800,2022,9,7,3,19242
20500.0,21450.0,21450.0,20600.0,66700,2022,9,8,4,19243
19800.0,20650.0,20600.0,19900.0,126000,2022,9,9,5,19244
19900.0,21250.0,19900.0,21250.0,96272,2022,9,12,1,19247
21400.0,21850.0,21400.0,21700.0,25600,2022,9,13,2,19248
20700.0,21700.0,21000.0,21300.0,118900,2022,9,14,3,19249
20800.0,21300.0,20950.0,20800.0,73200,2022,9,15,4,19250
20300.0,20900.0,20750.0,20300.0,66100,2022,9,16,5,19251
19000.0,20300.0,20100.0,19400.0,109700,2022,9,19,1,19254
19500.0,20700.0,19500.0,20300.0,63500,2022,9,20,2,19255
20250.0,21400.0,20250.0,20400.0,32300,2022,9,21,3,19256
20300.0,20800.0,20400.0,20450.0,36200,2022,9,22,4,19257
20000.0,21000.0,20600.0,20400.0,51900,2022,9,23,5,19258
19500.0,20500.0,20450.0,19650.0,67600,2022,9,26,1,19261
19650.0,20500.0,20500.0,19650.0,33700,2022,9,27,2,19262
19500.0,20400.0,20300.0,20000.0,52531,2022,9,28,3,19263
19500.0,20500.0,20500.0,19700.0,40866,2022,9,29,4,19264
18400.0,19600.0,19600.0,19000.0,139971,2022,9,30,5,19265
17800.0,19250.0,18450.0,18000.0,53350,2022,10,3,1,19268
17700.0,19100.0,19100.0,17900.0,40140,2022,10,4,2,19269
17900.0,18950.0,18950.0,18300.0,29720,2022,10,5,3,19270
17050.0,18750.0,18750.0,17050.0,78720,2022,10,6,4,19271
15900.0,17000.0,16300.0,15900.0,143731,2022,10,7,5,19272
15750.0,16700.0,16700.0,16350.0,36710,2022,10,10,1,19275
15250.0,16350.0,16350.0,15250.0,89610,2022,10,11,2,19276
15250.0,15800.0,15400.0,15550.0,62013,2022,10,12,3,19277
15000.0,15600.0,15500.0,15450.0,21520,2022,10,13,4,19278
15250.0,16100.0,15450.0,15700.0,34821,2022,10,14,5,19279
15500.0,16100.0,15700.0,15800.0,25719,2022,10,17,1,19282
15950.0,16300.0,15950.0,15950.0,62600,2022,10,18,2,19283
15500.0,16250.0,16200.0,15500.0,21167,2022,10,19,3,19284
15200.0,16000.0,15200.0,15800.0,15600,2022,10,20,4,19285
14700.0,16000.0,16000.0,14700.0,93027,2022,10,21,5,19286
13700.0,15400.0,15300.0,13700.0,107530,2022,10,24,1,19289
12750.0,13700.0,13700.0,12750.0,129719,2022,10,25,2,19290
11900.0,13250.0,12200.0,11900.0,136502,2022,10,26,3,19291
11100.0,12500.0,11150.0,12100.0,261925,2022,10,27,4,19292
11850.0,12500.0,12150.0,12100.0,26700,2022,10,28,5,19293
11800.0,12300.0,12100.0,12200.0,21870,2022,10,31,1,19296
11350.0,12600.0,12400.0,11800.0,192348,2022,11,1,2,19297
11700.0,12000.0,11950.0,11900.0,38220,2022,11,2,3,19298
11500.0,11950.0,11500.0,11600.0,44200,2022,11,3,4,19299
10800.0,12000.0,11600.0,10800.0,214230,2022,11,4,5,19300
10050.0,10800.0,10800.0,10050.0,110220,2022,11,7,1,19303
9350.0,10000.0,9370.0,9350.0,188510,2022,11,8,2,19304
8700.0,9230.0,8810.0,8700.0,760510,2022,11,9,3,19305
8100.0,8800.0,8800.0,8100.0,176010,2022,11,10,4,19306
7540.0,7800.0,7800.0,7540.0,366700,2022,11,11,5,19307
7020.0,7400.0,7090.0,7050.0,855100,2022,11,14,1,19310
6560.0,6900.0,6630.0,6900.0,576818,2022,11,15,2,19311
6420.0,7380.0,6420.0,7380.0,197525,2022,11,16,3,19312
7740.0,7890.0,7860.0,7890.0,173070,2022,11,17,4,19313
7810.0,8250.0,7900.0,8000.0,149164,2022,11,18,5,19314
8010.0,8560.0,8270.0,8560.0,137010,2022,11,21,1,19317
8500.0,9150.0,8560.0,9150.0,202071,2022,11,22,2,19318
8650.0,9150.0,9130.0,8650.0,83430,2022,11,23,3,19319
8110.0,8730.0,8600.0,8110.0,65811,2022,11,24,4,19320
8150.0,8550.0,8490.0,8550.0,104111,2022,11,25,5,19321
8670.0,9120.0,9120.0,9110.0,67903,2022,11,28,1,19324
9090.0,9470.0,9470.0,9160.0,132950,2022,11,29,2,19325
8950.0,9170.0,9170.0,9040.0,97025,2022,11,30,3,19326
9070.0,9670.0,9070.0,9670.0,634412,2022,12,1,4,19327
10300.0,10300.0,10300.0,10300.0,40160,2022,12,2,5,19328
11000.0,11000.0,11000.0,11000.0,64204,2022,12,5,1,19331
11700.0,11750.0,11750.0,11750.0,571627,2022,12,6,2,19332
10950.0,12200.0,11800.0,11650.0,574555,2022,12,7,3,19333
11950.0,12450.0,12150.0,12300.0,364053,2022,12,8,4,19334
11850.0,12400.0,12400.0,12200.0,105548,2022,12,9,5,19335
11350.0,12500.0,11800.0,11350.0,213400,2022,12,12,1,19338
10700.0,11200.0,11200.0,11200.0,76000,2022,12,13,2,19339
11200.0,11800.0,11400.0,11250.0,48210,2022,12,14,3,19340
10900.0,11500.0,11200.0,11000.0,36526,2022,12,15,4,19341
10600.0,11050.0,11000.0,10950.0,130773,2022,12,16,5,19342
10600.0,11250.0,11000.0,10600.0,40100,2022,12,19,1,19345
9860.0,10500.0,10200.0,9860.0,111862,2022,12,20,2,19346
9600.0,10200.0,9650.0,9600.0,27220,2022,12,21,3,19347
9400.0,9960.0,9600.0,9690.0,21400,2022,12,22,4,19348
9600.0,9800.0,9800.0,9750.0,12470,2022,12,23,5,19349
9070.0,9750.0,9750.0,9070.0,62990,2022,12,26,1,19352
8450.0,9090.0,8450.0,9070.0,97531,2022,12,27,2,19353
8800.0,9500.0,9500.0,9270.0,53282,2022,12,28,3,19354
8960.0,9290.0,9290.0,8960.0,40611,2022,12,29,4,19355
8900.0,9190.0,9000.0,8910.0,27650,2022,12,30,5,19356
8910.0,9530.0,8910.0,9350.0,61300,2023,1,3,2,19360
9210.0,9710.0,9210.0,9350.0,63250,2023,1,4,3,19361
8700.0,9480.0,9480.0,8700.0,296200,2023,1,5,4,19362
8600.0,9150.0,9140.0,8890.0,87242,2023,1,6,5,19363
8420.0,8980.0,8890.0,8720.0,84100,2023,1,9,1,19366
8450.0,8840.0,8750.0,8620.0,63612,2023,1,10,2,19367
8600.0,8920.0,8630.0,8600.0,84800,2023,1,11,3,19368
8410.0,8780.0,8600.0,8700.0,51900,2023,1,12,4,19369
8520.0,8800.0,8520.0,8640.0,33900,2023,1,13,5,19370
8400.0,8840.0,8520.0,8440.0,44612,2023,1,16,1,19373
8350.0,8720.0,8440.0,8630.0,33760,2023,1,17,2,19374
8670.0,8830.0,8670.0,8830.0,47130,2023,1,18,3,19375
8910.0,9220.0,9220.0,9090.0,68850,2023,1,19,4,19376
9090.0,9370.0,9100.0,9270.0,40000,2023,1,27,5,19384
9270.0,9590.0,9400.0,9400.0,95500,2023,1,30,1,19387
9400.0,9650.0,9650.0,9600.0,152577,2023,1,31,2,19388
9600.0,9990.0,9990.0,9600.0,133526,2023,2,1,3,19389
9160.0,9600.0,9590.0,9330.0,81150,2023,2,2,4,19390
8900.0,9580.0,9340.0,9480.0,59504,2023,2,3,5,19391
9010.0,9480.0,9010.0,9430.0,14500,2023,2,6,1,19394
9300.0,9750.0,9500.0,9300.0,52550,2023,2,7,2,19395
9290.0,9500.0,9350.0,9500.0,20700,2023,2,8,3,19396
9400.0,9750.0,9750.0,9540.0,53036,2023,2,9,4,19397
9370.0,9540.0,9540.0,9400.0,24100,2023,2,10,5,19398
8910.0,9460.0,9010.0,9000.0,61552,2023,2,13,1,19401
8750.0,9400.0,9020.0,9390.0,64500,2023,2,14,2,19402
9390.0,9670.0,9390.0,9650.0,64700,2023,2,15,3,19403
9510.0,9820.0,9650.0,9650.0,70929,2023,2,16,4,19404
9500.0,9790.0,9790.0,9600.0,36892,2023,2,17,5,19405
9560.0,9780.0,9700.0,9780.0,108405,2023,2,20,1,19408
9900.0,10450.0,10000.0,10450.0,275873,2023,2,21,2,19409
10800.0,11150.0,11150.0,11150.0,432545,2023,2,22,3,19410
11100.0,11900.0,11500.0,11300.0,351148,2023,2,23,4,19411
10550.0,11650.0,11500.0,10600.0,212011,2023,2,24,5,19412
10000.0,10600.0,10600.0,10000.0,183000,2023,2,27,1,19415
10200.0,10500.0,10500.0,10400.0,52510,2023,2,28,2,19416
