low,high,open,close,volume,year,days,month_sin,month_cos,day_sin,day_cos,weekday_sin,weekday_cos
0.0,0.0,0.0,0.0,0.0,0.23333333333333334,0.23466044256923563,0.8660254037844387,-0.4999999999999998,-0.9377521321470804,0.3473052528448203,0.43388373911755823,-0.900968867902419
0.0,-0.3566749112413303,0.0,0.0,-7.313220387090301,0.23333333333333334,0.2347053278872481,0.8660254037844387,-0.4999999999999998,-0.8486442574947509,0.5289640103269624,-0.433883739117558,-0.9009688679024191
0.0,0.0,0.0,0.0,0.0,0.23333333333333334,0.23475021320526057,0.8660254037844387,-0.4999999999999998,-0.7247927872291207,0.6889669190756859,-0.9749279121818236,-0.2225209339563146
0.0,0.0,0.0,0.0,0.0,0.23333333333333334,0.23488486915929802,0.8660254037844387,-0.4999999999999998,-0.20129852008866114,0.9795299412524943,0.7818314824680298,0.6234898018587336
0.0,0.0,0.0,0.0,0.0,0.23333333333333334,0.2349297544773105,0.5000000000000003,-0.8660254037844385,0.20129852008866006,0.9795299412524945,0.9749279121818236,-0.22252093395631434
0.0,0.0,0.0,0.0,0.0,0.23333333333333334,0.23497463979532296,0.5000000000000003,-0.8660254037844385,0.39435585511331855,0.9189578116202306,0.43388373911755823,-0.900968867902419
0.0,0.0,0.0,0.0,0.0,0.23333333333333334,0.23501952511333543,0.5000000000000003,-0.8660254037844385,0.5712682150947923,0.8207634412072763,-0.433883739117558,-0.9009688679024191
0.0,0.0,0.0,0.0,0.0,0.23333333333333334,0.23506441043134793,0.5000000000000003,-0.8660254037844385,0.72479278722912,0.6889669190756866,-0.9749279121818236,-0.2225209339563146
0.0,0.0,0.0,0.0,0.0,0.23333333333333334,0.23519906638538535,0.5000000000000003,-0.8660254037844385,0.9884683243281114,0.1514277775045767,0.7818314824680298,0.6234898018587336
0.0,0.0,0.0,0.0,0.0,0.23333333333333334,0.23524395170339785,0.5000000000000003,-0.8660254037844385,0.9987165071710528,-0.05064916883871264,0.9749279121818236,-0.22252093395631434
0.0,0.0,0.0,0.0,0.0,0.23333333333333334,0.23528883702141032,0.5000000000000003,-0.8660254037844385,0.9680771188662043,-0.2506525322587204,0.43388373911755823,-0.900968867902419
0.0,0.0,0.0,0.0,0.0,0.23333333333333334,0.2353337223394228,0.5000000000000003,-0.8660254037844385,0.8978045395707416,-0.4403941515576344,-0.433883739117558,-0.9009688679024191
0.0,0.0,0.0,0.0,0.0,0.23333333333333334,0.23537860765743526,0.5000000000000003,-0.8660254037844385,0.7907757369376989,-0.6121059825476626,-0.9749279121818236,-0.2225209339563146
0.0,0.0,0.0,0.0,0.0,0.23333333333333334,0.2355132636114727,0.5000000000000003,-0.8660254037844385,0.29936312297335804,-0.9541392564000488,0.7818314824680298,0.6234898018587336
0.0,0.0,0.0,0.0,0.0,0.23333333333333334,0.23555814892948518,0.5000000000000003,-0.8660254037844385,0.10116832198743272,-0.994869323391895,0.9749279121818236,-0.22252093395631434
0.0,0.0,0.0,0.0,0.0,0.23333333333333334,0.23560303424749765,0.5000000000000003,-0.8660254037844385,-0.10116832198743204,-0.9948693233918952,0.43388373911755823,-0.900968867902419
0.0,0.0,0.0,0.0,0.0,0.23333333333333334,0.23564791956551015,0.5000000000000003,-0.8660254037844385,-0.29936312297335776,-0.9541392564000489,-0.433883739117558,-0.9009688679024191
0.0,0.35667491124133033,0.0,0.0,5.703782474656201,0.23333333333333334,0.23569280488352262,0.5000000000000003,-0.8660254037844385,-0.4853019625310808,-0.8743466161445822,-0.9749279121818236,-0.2225209339563146
0.0,0.0,0.0,0.0,0.6931471805599453,0.23333333333333334,0.23582746083756004,0.5000000000000003,-0.8660254037844385,-0.8978045395707417,-0.44039415155763423,0.7818314824680298,0.6234898018587336
0.0,-0.3566749112413303,0.0,0.0,-6.396929655216146,0.23333333333333334,0.23587234615557254,0.5000000000000003,-0.8660254037844385,-0.9680771188662041,-0.2506525322587213,0.9749279121818236,-0.22252093395631434
0.0,0.25131431928956155,0.0,0.0,7.313220387090301,0.23333333333333334,0.235917231473585,0.5000000000000003,-0.8660254037844385,-0.9987165071710528,-0.05064916883871355,0.43388373911755823,-0.900968867902419
0.0,-0.2513143192895616,0.0,0.0,-7.313220387090301,0.23333333333333334,0.23596211679159748,0.5000000000000003,-0.8660254037844385,-0.9884683243281114,0.15142777750457667,-0.433883739117558,-0.9009688679024191
0.0,0.0,0.0,0.0,0.0,0.23333333333333334,0.23600700210960995,0.5000000000000003,-0.8660254037844385,-0.9377521321470804,0.3473052528448203,-0.9749279121818236,-0.2225209339563146
0.0,0.0,0.0,0.0,0.0,0.23333333333333334,0.23618654338165987,0.5000000000000003,-0.8660254037844385,-0.3943558551133187,0.9189578116202306,0.9749279121818236,-0.22252093395631434
-0.15415078881860278,0.25131431928956155,0.0,-0.15415078881860278,6.620073206530356,0.23333333333333334,0.23623142869967234,0.5000000000000003,-0.8660254037844385,-0.20129852008866114,0.9795299412524943,0.43388373911755823,-0.900968867902419
0.0,-0.40546510810816444,-0.15415078881860278,0.0,-6.620073206530356,0.23333333333333334,0.23627631401768484,0.5000000000000003,-0.8660254037844385,-2.4492935982947064e-16,1.0,-0.433883739117558,-0.9009688679024191
0.0,0.4054651081081644,0.0,0.0,6.620073206530356,0.23333333333333334,0.2363211993356973,1.2246467991473532e-16,-1.0,0.20129852008866006,0.9795299412524945,-0.9749279121818236,-0.2225209339563146
0.0,-0.11778313102381964,0.0,0.0,-0.916290731874155,0.23333333333333334,0.23645585528973476,1.2246467991473532e-16,-1.0,0.72479278722912,0.6889669190756866,0.7818314824680298,0.6234898018587336
0.0,-0.28768197708434473,0.0,0.0,-5.703782474656201,0.23333333333333334,0.23650074060774723,1.2246467991473532e-16,-1.0,0.8486442574947509,0.5289640103269624,0.9749279121818236,-0.22252093395631434
0.0,0.0,0.0,0.0,0.0,0.23333333333333334,0.2365456259257597,1.2246467991473532e-16,-1.0,0.9377521321470804,0.3473052528448203,0.43388373911755823,-0.900968867902419
0.0,0.28768197708434473,0.0,0.0,6.396929655216146,0.23333333333333334,0.23659051124377217,1.2246467991473532e-16,-1.0,0.9884683243281114,0.1514277775045767,-0.433883739117558,-0.9009688679024191
0.0,-0.28768197708434473,0.0,0.0,-6.396929655216146,0.23333333333333334,0.23663539656178464,1.2246467991473532e-16,-1.0,0.9987165071710528,-0.05064916883871264,-0.9749279121818236,-0.2225209339563146
-0.18232170938185693,0.28768197708434473,0.0,-0.18232170938185693,4.0943445622221,0.23333333333333334,0.2367700525158221,1.2246467991473532e-16,-1.0,0.7907757369376989,-0.6121059825476626,0.7818314824680298,0.6234898018587336
0.0,-0.47000368646620166,-0.18232170938185693,0.0,-4.0943445622221,0.23333333333333334,0.23681493783383456,1.2246467991473532e-16,-1.0,0.6513724827222223,-0.758758122692791,0.9749279121818236,-0.22252093395631434
0.0,0.0,0.0,0.0,0.0,0.23333333333333334,0.23685982315184706,1.2246467991473532e-16,-1.0,0.48530196253108104,-0.8743466161445821,0.43388373911755823,-0.900968867902419
0.0,0.0,0.0,0.0,0.0,0.23333333333333334,0.23690470846985953,1.2246467991473532e-16,-1.0,0.29936312297335804,-0.9541392564000488,-0.433883739117558,-0.9009688679024191
0.0,0.0,0.0,0.0,0.0,0.23333333333333334,0.236949593787872,1.2246467991473532e-16,-1.0,0.10116832198743272,-0.994869323391895,-0.9749279121818236,-0.2225209339563146
0.0,0.0,0.0,0.0,0.0,0.23333333333333334,0.23708424974190945,1.2246467991473532e-16,-1.0,-0.4853019625310808,-0.8743466161445822,0.7818314824680298,0.6234898018587336
0.0,0.0,0.0,0.0,0.0,0.23333333333333334,0.23712913505992192,1.2246467991473532e-16,-1.0,-0.6513724827222217,-0.7587581226927913,0.9749279121818236,-0.22252093395631434
0.0,0.0,0.0,0.0,0.0,0.23333333333333334,0.2371740203779344,1.2246467991473532e-16,-1.0,-0.7907757369376986,-0.6121059825476627,0.43388373911755823,-0.900968867902419
0.0,0.0,0.0,0.0,0.0,0.23333333333333334,0.23721890569594686,1.2246467991473532e-16,-1.0,-0.8978045395707417,-0.44039415155763423,-0.433883739117558,-0.9009688679024191
0.0,0.0,0.0,0.0,0.0,0.23333333333333334,0.23726379101395936,1.2246467991473532e-16,-1.0,-0.9680771188662041,-0.2506525322587213,-0.9749279121818236,-0.2225209339563146
0.0,0.0,0.0,0.0,0.0,0.23333333333333334,0.23739844696799678,1.2246467991473532e-16,-1.0,-0.9377521321470804,0.3473052528448203,0.7818314824680298,0.6234898018587336
0.0,0.0,0.0,0.0,0.0,0.23333333333333334,0.23744333228600925,1.2246467991473532e-16,-1.0,-0.8486442574947509,0.5289640103269624,0.9749279121818236,-0.22252093395631434
0.0,0.0,0.0,0.0,0.0,0.23333333333333334,0.23748821760402175,1.2246467991473532e-16,-1.0,-0.7247927872291207,0.6889669190756859,0.43388373911755823,-0.900968867902419
0.0,0.0,0.0,0.0,0.0,0.23333333333333334,0.23753310292203422,1.2246467991473532e-16,-1.0,-0.5712682150947924,0.8207634412072763,-0.433883739117558,-0.9009688679024191
0.0,0.0,0.0,0.0,0.0,0.23333333333333334,0.2375779882400467,1.2246467991473532e-16,-1.0,-0.3943558551133187,0.9189578116202306,-0.9749279121818236,-0.2225209339563146
-0.22314320799146234,0.47000368646620166,0.0,-0.22314320799146234,6.659293919683638,0.23333333333333334,0.23771264419408414,-0.4999999999999997,-0.8660254037844388,0.39435585511331855,0.9189578116202306,0.7818314824680298,0.6234898018587336
0.0,-0.693146894457664,-0.22314320799146234,0.0,-6.659293919683638,0.23333333333333334,0.2377575295120966,-0.4999999999999997,-0.8660254037844388,0.5712682150947923,0.8207634412072763,0.9749279121818236,-0.22252093395631434
0.0,0.0,0.0,0.0,0.0,0.23333333333333334,0.23784730014812155,-0.4999999999999997,-0.8660254037844388,0.8486442574947509,0.5289640103269624,-0.433883739117558,-0.9009688679024191
0.0,0.0,0.0,0.0,0.0,0.23333333333333334,0.23789218546613405,-0.4999999999999997,-0.8660254037844388,0.9377521321470804,0.3473052528448203,-0.9749279121818236,-0.2225209339563146
0.0,0.0,0.0,0.0,0.0,0.23333333333333334,0.23802684142017147,-0.4999999999999997,-0.8660254037844388,0.9680771188662043,-0.2506525322587204,0.7818314824680298,0.6234898018587336
0.0,0.0,0.0,0.0,0.0,0.23333333333333334,0.23807172673818394,-0.4999999999999997,-0.8660254037844388,0.8978045395707416,-0.4403941515576344,0.9749279121818236,-0.22252093395631434
0.0,0.0,0.0,0.0,0.0,0.23333333333333334,0.23811661205619644,-0.4999999999999997,-0.8660254037844388,0.7907757369376989,-0.6121059825476626,0.43388373911755823,-0.900968867902419
0.0,0.0,0.0,0.0,0.0,0.23333333333333334,0.2381614973742089,-0.4999999999999997,-0.8660254037844388,0.6513724827222223,-0.758758122692791,-0.433883739117558,-0.9009688679024191
0.0,0.0,0.0,0.0,0.0,0.23333333333333334,0.23820638269222139,-0.4999999999999997,-0.8660254037844388,0.48530196253108104,-0.8743466161445821,-0.9749279121818236,-0.2225209339563146
0.0,0.0,0.0,0.0,0.0,0.23333333333333334,0.23834103864625883,-0.4999999999999997,-0.8660254037844388,-0.10116832198743204,-0.9948693233918952,0.7818314824680298,0.6234898018587336
0.0,0.0,0.0,0.0,0.0,0.23333333333333334,0.2383859239642713,-0.4999999999999997,-0.8660254037844388,-0.29936312297335776,-0.9541392564000489,0.9749279121818236,-0.22252093395631434
0.0,0.0,0.0,0.0,0.0,0.23333333333333334,0.23843080928228377,-0.4999999999999997,-0.8660254037844388,-0.4853019625310808,-0.8743466161445822,0.43388373911755823,-0.900968867902419
0.0,0.0,0.0,0.0,0.0,0.23333333333333334,0.23847569460029625,-0.4999999999999997,-0.8660254037844388,-0.6513724827222217,-0.7587581226927913,-0.433883739117558,-0.9009688679024191
0.4054649173733193,0.6931468944576641,0.4054649173733193,0.4054649173733193,6.396929655216146,0.23333333333333334,0.23852057991830874,-0.4999999999999997,-0.8660254037844388,-0.7907757369376986,-0.6121059825476627,-0.9749279121818236,-0.2225209339563146
0.0,-0.28768197708434473,0.0,0.0,-6.396929655216146,0.23333333333333334,0.23865523587234616,-0.4999999999999997,-0.8660254037844388,-0.9987165071710528,-0.05064916883871355,0.7818314824680298,0.6234898018587336
0.0,0.0,0.0,0.0,0.0,0.23333333333333334,0.23870012119035866,-0.4999999999999997,-0.8660254037844388,-0.9884683243281114,0.15142777750457667,0.9749279121818236,-0.22252093395631434
0.0,0.0,0.0,0.0,0.0,0.23333333333333334,0.23874500650837113,-0.4999999999999997,-0.8660254037844388,-0.9377521321470804,0.3473052528448203,0.43388373911755823,-0.900968867902419
0.0,0.0,0.0,0.0,0.0,0.23333333333333334,0.2387898918263836,-0.4999999999999997,-0.8660254037844388,-0.8486442574947509,0.5289640103269624,-0.433883739117558,-0.9009688679024191
0.0,0.0,0.0,0.0,0.0,0.23333333333333334,0.23883477714439608,-0.4999999999999997,-0.8660254037844388,-0.7247927872291207,0.6889669190756859,-0.9749279121818236,-0.2225209339563146
0.0,0.0,0.0,0.0,0.0,0.23333333333333334,0.23896943309843352,-0.4999999999999997,-0.8660254037844388,-0.20129852008866114,0.9795299412524943,0.7818314824680298,0.6234898018587336
0.0,0.0,0.0,0.0,0.0,0.23333333333333334,0.239014318416446,-0.4999999999999997,-0.8660254037844388,-2.4492935982947064e-16,1.0,0.9749279121818236,-0.22252093395631434
-0.40546491737331924,0.15415078881860286,0.0,-0.40546491737331924,5.0106352940962555,0.23333333333333334,0.23905920373445846,-0.8660254037844385,-0.5000000000000004,0.20129852008866006,0.9795299412524945,0.43388373911755823,-0.900968867902419
0.0,-0.559615706191922,-0.40546491737331924,0.0,-5.0106352940962555,0.23333333333333334,0.23910408905247096,-0.8660254037844385,-0.5000000000000004,0.39435585511331855,0.9189578116202306,-0.433883739117558,-0.9009688679024191
0.0,0.0,0.0,0.0,0.0,0.23333333333333334,0.23914897437048344,-0.8660254037844385,-0.5000000000000004,0.5712682150947923,0.8207634412072763,-0.9749279121818236,-0.2225209339563146
0.0,0.0,0.0,0.0,0.0,0.23333333333333334,0.23928363032452085,-0.8660254037844385,-0.5000000000000004,0.9377521321470804,0.3473052528448203,0.7818314824680298,0.6234898018587336
0.0,0.559615706191922,0.0,0.0,4.0943445622221,0.23333333333333334,0.23932851564253335,-0.8660254037844385,-0.5000000000000004,0.9884683243281114,0.1514277775045767,0.9749279121818236,-0.22252093395631434
0.0,-0.559615706191922,0.0,0.0,-4.0943445622221,0.23333333333333334,0.23937340096054582,-0.8660254037844385,-0.5000000000000004,0.9987165071710528,-0.05064916883871264,0.43388373911755823,-0.900968867902419
0.0,0.0,0.0,0.0,0.0,0.23333333333333334,0.2394182862785583,-0.8660254037844385,-0.5000000000000004,0.9680771188662043,-0.2506525322587204,-0.433883739117558,-0.9009688679024191
0.0,0.0,0.0,0.0,0.0,0.23333333333333334,0.23946317159657077,-0.8660254037844385,-0.5000000000000004,0.8978045395707416,-0.4403941515576344,-0.9749279121818236,-0.2225209339563146
0.0,0.0,0.0,0.0,0.0,0.23333333333333334,0.2395978275506082,-0.8660254037844385,-0.5000000000000004,0.48530196253108104,-0.8743466161445821,0.7818314824680298,0.6234898018587336
0.0,0.0,0.0,0.0,0.0,0.23333333333333334,0.23964271286862068,-0.8660254037844385,-0.5000000000000004,0.29936312297335804,-0.9541392564000488,0.9749279121818236,-0.22252093395631434
0.0,0.0,0.0,0.0,0.0,0.23333333333333334,0.23968759818663316,-0.8660254037844385,-0.5000000000000004,0.10116832198743272,-0.994869323391895,0.43388373911755823,-0.900968867902419
0.0,0.0,0.0,0.0,0.0,0.23333333333333334,0.23973248350464565,-0.8660254037844385,-0.5000000000000004,-0.10116832198743204,-0.9948693233918952,-0.433883739117558,-0.9009688679024191
0.0,0.0,0.0,0.0,0.0,0.23333333333333334,0.23977736882265813,-0.8660254037844385,-0.5000000000000004,-0.29936312297335776,-0.9541392564000489,-0.9749279121818236,-0.2225209339563146
0.0,0.0,0.0,0.0,0.0,0.23333333333333334,0.23991202477669557,-0.8660254037844385,-0.5000000000000004,-0.7907757369376986,-0.6121059825476627,0.7818314824680298,0.6234898018587336
0.0,0.0,0.0,0.0,0.0,0.23333333333333334,0.23995691009470804,-0.8660254037844385,-0.5000000000000004,-0.8978045395707417,-0.44039415155763423,0.9749279121818236,-0.22252093395631434
0.0,0.0,0.0,0.0,0.0,0.23333333333333334,0.24000179541272051,-0.8660254037844385,-0.5000000000000004,-0.9680771188662041,-0.2506525322587213,0.43388373911755823,-0.900968867902419
0.0,0.0,0.0,0.0,0.0,0.23333333333333334,0.240046680730733,-0.8660254037844385,-0.5000000000000004,-0.9987165071710528,-0.05064916883871355,-0.433883739117558,-0.9009688679024191
0.0,0.559615706191922,0.0,0.0,3.4011973816621555,0.23333333333333334,0.24009156604874546,-0.8660254037844385,-0.5000000000000004,-0.9884683243281114,0.15142777750457667,-0.9749279121818236,-0.2225209339563146
0.0,-0.559615706191922,0.0,0.0,-3.4011973816621555,0.23333333333333334,0.2402262220027829,-0.8660254037844385,-0.5000000000000004,-0.7247927872291207,0.6889669190756859,0.7818314824680298,0.6234898018587336
0.0,0.0,0.0,0.0,0.0,0.23333333333333334,0.24027110732079537,-0.8660254037844385,-0.5000000000000004,-0.5712682150947924,0.8207634412072763,0.9749279121818236,-0.22252093395631434
0.0,0.0,0.0,0.0,0.0,0.23333333333333334,0.24031599263880787,-0.8660254037844385,-0.5000000000000004,-0.3943558551133187,0.9189578116202306,0.43388373911755823,-0.900968867902419
0.0,0.0,0.0,0.0,0.0,0.23333333333333334,0.24036087795682035,-0.8660254037844385,-0.5000000000000004,-0.20129852008866114,0.9795299412524943,-0.433883739117558,-0.9009688679024191
0.0,0.0,0.0,0.0,0.0,0.23333333333333334,0.24040576327483282,-0.8660254037844385,-0.5000000000000004,-2.4492935982947064e-16,1.0,-0.9749279121818236,-0.2225209339563146
0.0,0.0,0.0,0.0,0.0,0.23333333333333334,0.24058530454688273,-1.0,-1.8369701987210297e-16,0.72479278722912,0.6889669190756866,0.9749279121818236,-0.22252093395631434
0.0,0.0,0.0,0.0,0.0,0.23333333333333334,0.2406301898648952,-1.0,-1.8369701987210297e-16,0.8486442574947509,0.5289640103269624,0.43388373911755823,-0.900968867902419
0.2231432079914623,0.6931468944576641,0.2231432079914623,0.2231432079914623,5.19295685089021,0.23333333333333334,0.24067507518290768,-1.0,-1.8369701987210297e-16,0.9377521321470804,0.3473052528448203,-0.433883739117558,-0.9009688679024191
0.0,-0.47000368646620166,0.0,0.0,-5.19295685089021,0.23333333333333334,0.24071996050092018,-1.0,-1.8369701987210297e-16,0.9884683243281114,0.1514277775045767,-0.9749279121818236,-0.2225209339563146
0.0,0.0,0.0,0.0,0.0,0.23333333333333334,0.2408546164549576,-1.0,-1.8369701987210297e-16,0.8978045395707416,-0.4403941515576344,0.7818314824680298,0.6234898018587336
0.0,0.0,0.0,0.0,0.0,0.23333333333333334,0.24089950177297006,-1.0,-1.8369701987210297e-16,0.7907757369376989,-0.6121059825476626,0.9749279121818236,-0.22252093395631434
0.0,0.0,0.0,0.0,0.0,0.23333333333333334,0.24094438709098256,-1.0,-1.8369701987210297e-16,0.6513724827222223,-0.758758122692791,0.43388373911755823,-0.900968867902419
0.0,0.0,0.0,0.0,0.0,0.23333333333333334,0.24098927240899504,-1.0,-1.8369701987210297e-16,0.48530196253108104,-0.8743466161445821,-0.433883739117558,-0.9009688679024191
0.0,0.0,0.0,0.0,0.0,0.23333333333333334,0.2410341577270075,-1.0,-1.8369701987210297e-16,0.29936312297335804,-0.9541392564000488,-0.9749279121818236,-0.2225209339563146
0.0,0.0,0.0,0.0,0.0,0.23333333333333334,0.24116881368104495,-1.0,-1.8369701987210297e-16,-0.29936312297335776,-0.9541392564000489,0.7818314824680298,0.6234898018587336
0.0,0.0,0.0,0.0,0.0,0.23333333333333334,0.24121369899905742,-1.0,-1.8369701987210297e-16,-0.4853019625310808,-0.8743466161445822,0.9749279121818236,-0.22252093395631434
0.0,0.0,0.0,0.0,0.0,0.23333333333333334,0.2412585843170699,-1.0,-1.8369701987210297e-16,-0.6513724827222217,-0.7587581226927913,0.43388373911755823,-0.900968867902419
0.0,0.0,0.0,0.0,0.0,0.23333333333333334,0.24130346963508237,-1.0,-1.8369701987210297e-16,-0.7907757369376986,-0.6121059825476627,-0.433883739117558,-0.9009688679024191
-0.22314320799146234,0.33647249820045977,0.0,-0.22314320799146234,6.620073206530356,0.23333333333333334,0.24134835495309487,-1.0,-1.8369701987210297e-16,-0.8978045395707417,-0.44039415155763423,-0.9749279121818236,-0.2225209339563146
0.0,-0.559615706191922,-0.22314320799146234,0.0,-6.620073206530356,0.23333333333333334,0.24148301090713228,-1.0,-1.8369701987210297e-16,-0.9884683243281114,0.15142777750457667,0.7818314824680298,0.6234898018587336
0.0,0.0,0.0,0.0,0.0,0.23333333333333334,0.24152789622514478,-1.0,-1.8369701987210297e-16,-0.9377521321470804,0.3473052528448203,0.9749279121818236,-0.22252093395631434
0.0,0.0,0.0,0.0,0.0,0.23333333333333334,0.24157278154315726,-1.0,-1.8369701987210297e-16,-0.8486442574947509,0.5289640103269624,0.43388373911755823,-0.900968867902419
0.2231432079914623,0.559615706191922,0.2231432079914623,0.2231432079914623,6.984716320118266,0.23333333333333334,0.24161766686116973,-1.0,-1.8369701987210297e-16,-0.7247927872291207,0.6889669190756859,-0.433883739117558,-0.9009688679024191
0.0,-0.33647249820045977,0.0,0.0,-6.984716320118265,0.23333333333333334,0.2416625521791822,-1.0,-1.8369701987210297e-16,-0.5712682150947924,0.8207634412072763,-0.9749279121818236,-0.2225209339563146
-0.22314320799146234,0.47000368646620166,0.0,-0.22314320799146234,7.090076835776092,0.23333333333333334,0.24179720813321964,-0.866025403784439,0.49999999999999933,0.20129852008866006,0.9795299412524945,0.7818314824680298,0.6234898018587336
0.0,-0.693146894457664,-0.22314320799146234,0.0,-7.090076835776092,0.23333333333333334,0.24184209345123212,-0.866025403784439,0.49999999999999933,0.39435585511331855,0.9189578116202306,0.9749279121818236,-0.22252093395631434
0.0,0.0,0.0,0.0,0.0,0.23333333333333334,0.2418869787692446,-0.866025403784439,0.49999999999999933,0.5712682150947923,0.8207634412072763,0.43388373911755823,-0.900968867902419
0.0,0.6931468944576641,0.0,0.0,6.492239835020471,0.23333333333333334,0.2419318640872571,-0.866025403784439,0.49999999999999933,0.72479278722912,0.6889669190756866,-0.433883739117558,-0.9009688679024191
0.0,-0.693146894457664,0.0,0.0,-6.492239835020471,0.23333333333333334,0.24197674940526956,-0.866025403784439,0.49999999999999933,0.8486442574947509,0.5289640103269624,-0.9749279121818236,-0.2225209339563146
0.0,0.0,0.0,0.0,0.0,0.23333333333333334,0.24211140535930697,-0.866025403784439,0.49999999999999933,0.9987165071710528,-0.05064916883871264,0.7818314824680298,0.6234898018587336
0.0,0.0,0.0,0.0,0.0,0.23333333333333334,0.24215629067731947,-0.866025403784439,0.49999999999999933,0.9680771188662043,-0.2506525322587204,0.9749279121818236,-0.22252093395631434
0.0,0.0,0.0,0.0,0.0,0.23333333333333334,0.24220117599533195,-0.866025403784439,0.49999999999999933,0.8978045395707416,-0.4403941515576344,0.43388373911755823,-0.900968867902419
0.0,0.0,0.0,0.0,0.0,0.23333333333333334,0.24224606131334442,-0.866025403784439,0.49999999999999933,0.7907757369376989,-0.6121059825476626,-0.433883739117558,-0.9009688679024191
0.0,0.0,0.0,0.0,0.0,0.23333333333333334,0.2422909466313569,-0.866025403784439,0.49999999999999933,0.6513724827222223,-0.758758122692791,-0.9749279121818236,-0.2225209339563146
0.0,0.0,0.0,0.0,0.0,0.23333333333333334,0.24242560258539433,-0.866025403784439,0.49999999999999933,0.10116832198743272,-0.994869323391895,0.7818314824680298,0.6234898018587336
0.0,0.0,0.0,0.0,0.0,0.23333333333333334,0.2424704879034068,-0.866025403784439,0.49999999999999933,-0.10116832198743204,-0.9948693233918952,0.9749279121818236,-0.22252093395631434
0.0,0.0,0.0,0.0,0.0,0.23333333333333334,0.24251537322141928,-0.866025403784439,0.49999999999999933,-0.29936312297335776,-0.9541392564000489,0.43388373911755823,-0.900968867902419
0.0,0.0,0.0,0.0,0.0,0.23333333333333334,0.24256025853943178,-0.866025403784439,0.49999999999999933,-0.4853019625310808,-0.8743466161445822,-0.433883739117558,-0.9009688679024191
0.0,0.559615706191922,0.0,0.0,4.499809670330265,0.23333333333333334,0.24260514385744425,-0.866025403784439,0.49999999999999933,-0.6513724827222217,-0.7587581226927913,-0.9749279121818236,-0.2225209339563146
0.0,-0.559615706191922,0.0,0.0,-4.499809670330265,0.23333333333333334,0.2427397998114817,-0.866025403784439,0.49999999999999933,-0.9680771188662041,-0.2506525322587213,0.7818314824680298,0.6234898018587336
0.0,0.0,0.0,0.0,0.0,0.23333333333333334,0.24278468512949417,-0.866025403784439,0.49999999999999933,-0.9987165071710528,-0.05064916883871355,0.9749279121818236,-0.22252093395631434
0.0,0.0,0.0,0.0,0.0,0.23333333333333334,0.24282957044750664,-0.866025403784439,0.49999999999999933,-0.9884683243281114,0.15142777750457667,0.43388373911755823,-0.900968867902419
0.0,0.0,0.0,0.0,0.0,0.23333333333333334,0.2428744557655191,-0.866025403784439,0.49999999999999933,-0.9377521321470804,0.3473052528448203,-0.433883739117558,-0.9009688679024191
0.0,0.0,0.0,0.0,0.0,0.23333333333333334,0.24291934108353158,-0.866025403784439,0.49999999999999933,-0.8486442574947509,0.5289640103269624,-0.9749279121818236,-0.2225209339563146
0.0,0.0,0.0,0.0,0.0,0.23333333333333334,0.24305399703756903,-0.866025403784439,0.49999999999999933,-0.3943558551133187,0.9189578116202306,0.7818314824680298,0.6234898018587336
0.0,0.559615706191922,0.0,0.0,4.787491742782046,0.23333333333333334,0.2430988823555815,-0.866025403784439,0.49999999999999933,-0.20129852008866114,0.9795299412524943,0.9749279121818236,-0.22252093395631434
0.0,0.0,0.0,0.0,0.9162907318741551,0.23333333333333334,0.243143767673594,-0.866025403784439,0.49999999999999933,-2.4492935982947064e-16,1.0,0.43388373911755823,-0.900968867902419
0.0,-0.559615706191922,0.0,0.0,-5.703782474656201,0.23333333333333334,0.24318865299160647,-0.5000000000000012,0.8660254037844379,0.20129852008866006,0.9795299412524945,-0.433883739117558,-0.9009688679024191
0.0,0.0,0.0,0.0,0.0,0.23333333333333334,0.24323353830961894,-0.5000000000000012,0.8660254037844379,0.39435585511331855,0.9189578116202306,-0.9749279121818236,-0.2225209339563146
0.0,0.0,0.0,0.0,0.0,0.23333333333333334,0.24336819426365638,-0.5000000000000012,0.8660254037844379,0.8486442574947509,0.5289640103269624,0.7818314824680298,0.6234898018587336
0.0,0.0,0.0,0.0,0.0,0.23333333333333334,0.24341307958166886,-0.5000000000000012,0.8660254037844379,0.9377521321470804,0.3473052528448203,0.9749279121818236,-0.22252093395631434
0.0,0.0,0.0,0.0,0.0,0.23333333333333334,0.24345796489968133,-0.5000000000000012,0.8660254037844379,0.9884683243281114,0.1514277775045767,0.43388373911755823,-0.900968867902419
0.0,0.0,0.0,0.0,0.0,0.23333333333333334,0.2435028502176938,-0.5000000000000012,0.8660254037844379,0.9987165071710528,-0.05064916883871264,-0.433883739117558,-0.9009688679024191
0.0,0.0,0.0,0.0,0.0,0.23333333333333334,0.2435477355357063,-0.5000000000000012,0.8660254037844379,0.9680771188662043,-0.2506525322587204,-0.9749279121818236,-0.2225209339563146
0.0,0.0,0.0,0.0,0.0,0.23333333333333334,0.24368239148974372,-0.5000000000000012,0.8660254037844379,0.6513724827222223,-0.758758122692791,0.7818314824680298,0.6234898018587336
0.0,0.0,0.0,0.0,0.0,0.23333333333333334,0.2437272768077562,-0.5000000000000012,0.8660254037844379,0.48530196253108104,-0.8743466161445821,0.9749279121818236,-0.22252093395631434
0.0,0.0,0.0,0.0,0.0,0.23333333333333334,0.2437721621257687,-0.5000000000000012,0.8660254037844379,0.29936312297335804,-0.9541392564000488,0.43388373911755823,-0.900968867902419
0.0,0.0,0.0,0.0,0.0,0.23333333333333334,0.24381704744378116,-0.5000000000000012,0.8660254037844379,0.10116832198743272,-0.994869323391895,-0.433883739117558,-0.9009688679024191
0.0,0.0,0.0,0.0,0.0,0.23333333333333334,0.24386193276179363,-0.5000000000000012,0.8660254037844379,-0.10116832198743204,-0.9948693233918952,-0.9749279121818236,-0.2225209339563146
0.0,0.0,0.0,0.0,0.0,0.23333333333333334,0.24399658871583108,-0.5000000000000012,0.8660254037844379,-0.6513724827222217,-0.7587581226927913,0.7818314824680298,0.6234898018587336
0.0,0.0,0.0,0.0,0.0,0.23333333333333334,0.24404147403384355,-0.5000000000000012,0.8660254037844379,-0.7907757369376986,-0.6121059825476627,0.9749279121818236,-0.22252093395631434
0.0,0.0,0.0,0.0,0.0,0.23333333333333334,0.24408635935185602,-0.5000000000000012,0.8660254037844379,-0.8978045395707417,-0.44039415155763423,0.43388373911755823,-0.900968867902419
0.0,0.0,0.0,0.0,0.0,0.23333333333333334,0.244176129987881,-0.5000000000000012,0.8660254037844379,-0.9987165071710528,-0.05064916883871355,-0.9749279121818236,-0.2225209339563146
0.0,0.0,0.0,0.0,0.0,0.23333333333333334,0.2443107859419184,-0.5000000000000012,0.8660254037844379,-0.8486442574947509,0.5289640103269624,0.7818314824680298,0.6234898018587336
0.0,0.0,0.0,0.0,0.0,0.23333333333333334,0.24435567125993088,-0.5000000000000012,0.8660254037844379,-0.7247927872291207,0.6889669190756859,0.9749279121818236,-0.22252093395631434
0.0,0.0,0.0,0.0,0.0,0.23333333333333334,0.24440055657794338,-0.5000000000000012,0.8660254037844379,-0.5712682150947924,0.8207634412072763,0.43388373911755823,-0.900968867902419
0.0,0.0,0.0,0.0,0.0,0.23333333333333334,0.24444544189595585,-0.5000000000000012,0.8660254037844379,-0.3943558551133187,0.9189578116202306,-0.433883739117558,-0.9009688679024191
0.0,0.0,0.0,0.0,0.0,0.23333333333333334,0.24449032721396832,-0.5000000000000012,0.8660254037844379,-0.20129852008866114,0.9795299412524943,-0.9749279121818236,-0.2225209339563146
0.0,0.0,0.0,0.0,0.0,0.23333333333333334,0.24462498316800577,-2.4492935982947064e-16,1.0,0.5712682150947923,0.8207634412072763,0.7818314824680298,0.6234898018587336
0.0,0.0,0.0,0.0,0.0,0.23333333333333334,0.24466986848601824,-2.4492935982947064e-16,1.0,0.72479278722912,0.6889669190756866,0.9749279121818236,-0.22252093395631434
0.0,0.0,0.0,0.0,0.0,0.23333333333333334,0.2447147538040307,-2.4492935982947064e-16,1.0,0.8486442574947509,0.5289640103269624,0.43388373911755823,-0.900968867902419
0.0,0.0,0.0,0.0,0.0,0.23333333333333334,0.24475963912204318,-2.4492935982947064e-16,1.0,0.9377521321470804,0.3473052528448203,-0.433883739117558,-0.9009688679024191
0.0,0.0,0.0,0.0,0.0,0.23333333333333334,0.24480452444005568,-2.4492935982947064e-16,1.0,0.9884683243281114,0.1514277775045767,-0.9749279121818236,-0.2225209339563146
0.0,0.0,0.0,0.0,0.0,0.23333333333333334,0.2449391803940931,-2.4492935982947064e-16,1.0,0.8978045395707416,-0.4403941515576344,0.7818314824680298,0.6234898018587336
0.0,0.0,0.0,0.0,0.0,0.23333333333333334,0.2449840657121056,-2.4492935982947064e-16,1.0,0.7907757369376989,-0.6121059825476626,0.9749279121818236,-0.22252093395631434
0.0,0.0,0.0,0.0,0.0,0.23333333333333334,0.24502895103011807,-2.4492935982947064e-16,1.0,0.6513724827222223,-0.758758122692791,0.43388373911755823,-0.900968867902419
0.0,0.0,0.0,0.0,0.0,0.23333333333333334,0.24507383634813054,-2.4492935982947064e-16,1.0,0.48530196253108104,-0.8743466161445821,-0.433883739117558,-0.9009688679024191
0.0,0.0,0.0,0.0,0.0,0.23333333333333334,0.245118721666143,-2.4492935982947064e-16,1.0,0.29936312297335804,-0.9541392564000488,-0.9749279121818236,-0.2225209339563146
0.0,0.0,0.0,0.0,0.0,0.23333333333333334,0.24525337762018046,-2.4492935982947064e-16,1.0,-0.29936312297335776,-0.9541392564000489,0.7818314824680298,0.6234898018587336
0.0,0.0,0.0,0.0,0.0,0.23333333333333334,0.24529826293819293,-2.4492935982947064e-16,1.0,-0.4853019625310808,-0.8743466161445822,0.9749279121818236,-0.22252093395631434
0.0,0.0,0.0,0.0,0.0,0.23333333333333334,0.2453431482562054,-2.4492935982947064e-16,1.0,-0.6513724827222217,-0.7587581226927913,0.43388373911755823,-0.900968867902419
0.0,0.0,0.0,0.0,0.0,0.23333333333333334,0.2453880335742179,-2.4492935982947064e-16,1.0,-0.7907757369376986,-0.6121059825476627,-0.433883739117558,-0.9009688679024191
0.0,0.0,0.0,0.0,0.0,0.23333333333333334,0.24543291889223037,-2.4492935982947064e-16,1.0,-0.8978045395707417,-0.44039415155763423,-0.9749279121818236,-0.2225209339563146
0.0,0.4054649173733193,0.0,0.0,4.0943445622221,0.23333333333333334,0.2455675748462678,-2.4492935982947064e-16,1.0,-0.9884683243281114,0.15142777750457667,0.7818314824680298,0.6234898018587336
0.0,-0.40546491737331924,0.0,0.0,-4.0943445622221,0.23333333333333334,0.24565734548229276,-2.4492935982947064e-16,1.0,-0.8486442574947509,0.5289640103269624,0.43388373911755823,-0.900968867902419
0.0,0.0,0.0,0.0,0.0,0.23333333333333334,0.24570223080030523,-2.4492935982947064e-16,1.0,-0.7247927872291207,0.6889669190756859,-0.433883739117558,-0.9009688679024191
0.0,0.0,0.0,0.0,0.0,0.23333333333333334,0.2457471161183177,-2.4492935982947064e-16,1.0,-0.5712682150947924,0.8207634412072763,-0.9749279121818236,-0.2225209339563146
0.0,0.0,0.0,0.0,0.0,0.23333333333333334,0.24588177207235515,-2.4492935982947064e-16,1.0,-2.4492935982947064e-16,1.0,0.7818314824680298,0.6234898018587336
0.0,0.0,0.0,0.0,0.0,0.25,0.2459715427083801,0.49999999999999994,0.8660254037844387,0.39435585511331855,0.9189578116202306,0.43388373911755823,-0.900968867902419
0.0,0.0,0.0,0.0,0.0,0.25,0.2460164280263926,0.49999999999999994,0.8660254037844387,0.5712682150947923,0.8207634412072763,-0.433883739117558,-0.9009688679024191
0.0,0.0,0.0,0.0,0.0,0.25,0.24606131334440506,0.49999999999999994,0.8660254037844387,0.72479278722912,0.6889669190756866,-0.9749279121818236,-0.2225209339563146
0.0,0.4054649173733193,0.0,0.0,7.162397497355718,0.25,0.2461959692984425,0.49999999999999994,0.8660254037844387,0.9884683243281114,0.1514277775045767,0.7818314824680298,0.6234898018587336
0.0,-0.40546491737331924,0.0,0.0,-7.162397497355718,0.25,0.24624085461645498,0.49999999999999994,0.8660254037844387,0.9987165071710528,-0.05064916883871264,0.9749279121818236,-0.22252093395631434
0.0,0.4054649173733193,0.0,0.0,7.649692623711514,0.25,0.24628573993446745,0.49999999999999994,0.8660254037844387,0.9680771188662043,-0.2506525322587204,0.43388373911755823,-0.900968867902419
0.0,-0.40546491737331924,0.0,0.0,-7.649692623711514,0.25,0.24633062525247992,0.49999999999999994,0.8660254037844387,0.8978045395707416,-0.4403941515576344,-0.433883739117558,-0.9009688679024191
0.0,0.0,0.0,0.0,0.0,0.25,0.2463755105704924,0.49999999999999994,0.8660254037844387,0.7907757369376989,-0.6121059825476626,-0.9749279121818236,-0.2225209339563146
0.0,0.0,0.0,0.0,0.0,0.25,0.24651016652452984,0.49999999999999994,0.8660254037844387,0.29936312297335804,-0.9541392564000488,0.7818314824680298,0.6234898018587336
0.0,0.0,0.0,0.0,0.0,0.25,0.2465550518425423,0.49999999999999994,0.8660254037844387,0.10116832198743272,-0.994869323391895,0.9749279121818236,-0.22252093395631434
0.0,0.4054649173733193,0.0,0.0,6.1092475827643655,0.25,0.2465999371605548,0.49999999999999994,0.8660254037844387,-0.10116832198743204,-0.9948693233918952,0.43388373911755823,-0.900968867902419
0.0,-0.40546491737331924,0.0,0.0,-6.1092475827643655,0.25,0.24664482247856728,0.49999999999999994,0.8660254037844387,-0.29936312297335776,-0.9541392564000489,-0.433883739117558,-0.9009688679024191
0.0,0.0,0.0,0.0,0.0,0.25,0.24668970779657975,0.49999999999999994,0.8660254037844387,-0.4853019625310808,-0.8743466161445822,-0.9749279121818236,-0.2225209339563146
0.0,0.0,0.0,0.0,0.0,0.25,0.2468243637506172,0.49999999999999994,0.8660254037844387,-0.8978045395707417,-0.44039415155763423,0.7818314824680298,0.6234898018587336
0.0,0.0,0.0,0.0,0.0,0.25,0.24686924906862967,0.49999999999999994,0.8660254037844387,-0.9680771188662041,-0.2506525322587213,0.9749279121818236,-0.22252093395631434
0.0,0.0,0.0,0.0,0.0,0.25,0.24691413438664214,0.49999999999999994,0.8660254037844387,-0.9987165071710528,-0.05064916883871355,0.43388373911755823,-0.900968867902419
0.0,0.0,0.0,0.0,0.0,0.25,0.24695901970465461,0.49999999999999994,0.8660254037844387,-0.9884683243281114,0.15142777750457667,-0.433883739117558,-0.9009688679024191
0.0,0.0,0.0,0.0,0.0,0.25,0.24700390502266711,0.49999999999999994,0.8660254037844387,-0.9377521321470804,0.3473052528448203,-0.9749279121818236,-0.2225209339563146
0.0,0.4054649173733193,0.0,0.0,5.799092654460526,0.25,0.24713856097670453,0.49999999999999994,0.8660254037844387,-0.5712682150947924,0.8207634412072763,0.7818314824680298,0.6234898018587336
0.0,0.0,0.0,0.0,1.5141277326297755,0.25,0.247183446294717,0.49999999999999994,0.8660254037844387,-0.3943558551133187,0.9189578116202306,0.9749279121818236,-0.22252093395631434
0.0,-0.40546491737331924,0.0,0.0,-7.313220387090301,0.25,0.2472283316127295,0.49999999999999994,0.8660254037844387,-0.20129852008866114,0.9795299412524943,0.43388373911755823,-0.900968867902419
0.0,0.0,0.0,0.0,0.0,0.25,0.24727321693074197,0.49999999999999994,0.8660254037844387,-2.4492935982947064e-16,1.0,-0.433883739117558,-0.9009688679024191
0.0,0.4054649173733193,0.0,0.0,5.703782474656201,0.25,0.24731810224875445,0.8660254037844386,0.5000000000000001,0.20129852008866006,0.9795299412524945,-0.9749279121818236,-0.2225209339563146
0.0,0.0,0.0,0.0,-0.5108256237659907,0.25,0.2474527582027919,0.8660254037844386,0.5000000000000001,0.72479278722912,0.6889669190756866,0.7818314824680298,0.6234898018587336
0.0,-0.40546491737331924,0.0,0.0,-5.19295685089021,0.25,0.24749764352080436,0.8660254037844386,0.5000000000000001,0.8486442574947509,0.5289640103269624,0.9749279121818236,-0.22252093395631434
0.0,0.0,0.0,0.0,0.0,0.25,0.24754252883881683,0.8660254037844386,0.5000000000000001,0.9377521321470804,0.3473052528448203,0.43388373911755823,-0.900968867902419
0.0,0.0,0.0,0.0,0.0,0.25,0.2475874141568293,0.8660254037844386,0.5000000000000001,0.9884683243281114,0.1514277775045767,-0.433883739117558,-0.9009688679024191
0.0,0.0,0.0,0.0,0.0,0.25,0.2476322994748418,0.8660254037844386,0.5000000000000001,0.9987165071710528,-0.05064916883871264,-0.9749279121818236,-0.2225209339563146
0.0,0.0,0.0,0.0,0.0,0.25,0.24776695542887922,0.8660254037844386,0.5000000000000001,0.7907757369376989,-0.6121059825476626,0.7818314824680298,0.6234898018587336
0.0,0.4054649173733193,0.0,0.0,10.308952660644293,0.25,0.24781184074689172,0.8660254037844386,0.5000000000000001,0.6513724827222223,-0.758758122692791,0.9749279121818236,-0.22252093395631434
0.0,0.0,0.0,0.0,-1.8971199848858813,0.25,0.2478567260649042,0.8660254037844386,0.5000000000000001,0.48530196253108104,-0.8743466161445821,0.43388373911755823,-0.900968867902419
0.0,0.0,0.0,0.0,-0.40546510810816444,0.25,0.24790161138291666,0.8660254037844386,0.5000000000000001,0.29936312297335804,-0.9541392564000488,-0.433883739117558,-0.9009688679024191
0.0,-0.40546491737331924,0.0,0.0,-8.006367567650246,0.25,0.24794649670092914,0.8660254037844386,0.5000000000000001,0.10116832198743272,-0.994869323391895,-0.9749279121818236,-0.2225209339563146
0.0,0.0,0.0,0.0,0.0,0.25,0.24812603797297905,0.8660254037844386,0.5000000000000001,-0.6513724827222217,-0.7587581226927913,0.9749279121818236,-0.22252093395631434
0.0,0.0,0.0,0.0,0.0,0.25,0.24817092329099152,0.8660254037844386,0.5000000000000001,-0.7907757369376986,-0.6121059825476627,0.43388373911755823,-0.900968867902419
0.0,0.0,0.0,0.0,0.0,0.25,0.24821580860900402,0.8660254037844386,0.5000000000000001,-0.8978045395707417,-0.44039415155763423,-0.433883739117558,-0.9009688679024191
0.0,0.0,0.0,0.0,0.0,0.25,0.2482606939270165,0.8660254037844386,0.5000000000000001,-0.9680771188662041,-0.2506525322587213,-0.9749279121818236,-0.2225209339563146
0.0,0.0,0.0,0.0,0.0,0.25,0.2483953498810539,0.8660254037844386,0.5000000000000001,-0.9377521321470804,0.3473052528448203,0.7818314824680298,0.6234898018587336
0.0,0.0,0.0,0.0,0.0,0.25,0.2484402351990664,0.8660254037844386,0.5000000000000001,-0.8486442574947509,0.5289640103269624,0.9749279121818236,-0.22252093395631434
0.0,0.0,0.0,0.0,0.0,0.25,0.24848512051707888,0.8660254037844386,0.5000000000000001,-0.7247927872291207,0.6889669190756859,0.43388373911755823,-0.900968867902419
0.0,0.0,0.0,0.0,0.0,0.25,0.24853000583509136,0.8660254037844386,0.5000000000000001,-0.5712682150947924,0.8207634412072763,-0.433883739117558,-0.9009688679024191
0.0,0.0,0.0,0.0,0.0,0.25,0.24857489115310383,1.0,6.123233995736766e-17,0.20129852008866006,0.9795299412524945,-0.9749279121818236,-0.2225209339563146
0.0,0.0,0.0,0.0,0.0,0.25,0.24870954710714127,1.0,6.123233995736766e-17,0.72479278722912,0.6889669190756866,0.7818314824680298,0.6234898018587336
0.0,0.0,0.0,0.0,0.0,0.25,0.24875443242515374,1.0,6.123233995736766e-17,0.8486442574947509,0.5289640103269624,0.9749279121818236,-0.22252093395631434
0.0,0.0,0.0,0.0,0.0,0.25,0.24879931774316622,1.0,6.123233995736766e-17,0.9377521321470804,0.3473052528448203,0.43388373911755823,-0.900968867902419
0.0,0.0,0.0,0.0,0.0,0.25,0.24884420306117871,1.0,6.123233995736766e-17,0.9884683243281114,0.1514277775045767,-0.433883739117558,-0.9009688679024191
0.0,0.0,0.0,0.0,0.0,0.25,0.2488890883791912,1.0,6.123233995736766e-17,0.9987165071710528,-0.05064916883871264,-0.9749279121818236,-0.2225209339563146
0.0,0.0,0.0,0.0,0.0,0.25,0.24902374433322863,1.0,6.123233995736766e-17,0.7907757369376989,-0.6121059825476626,0.7818314824680298,0.6234898018587336
0.0,0.0,0.0,0.0,0.0,0.25,0.2490686296512411,1.0,6.123233995736766e-17,0.6513724827222223,-0.758758122692791,0.9749279121818236,-0.22252093395631434
0.0,0.0,0.0,0.0,0.0,0.25,0.24911351496925357,1.0,6.123233995736766e-17,0.48530196253108104,-0.8743466161445821,0.43388373911755823,-0.900968867902419
0.0,0.4054649173733193,0.0,0.0,8.1886891244442,0.25,0.24915840028726605,1.0,6.123233995736766e-17,0.29936312297335804,-0.9541392564000488,-0.433883739117558,-0.9009688679024191
0.0,-0.40546491737331924,0.0,0.0,-8.1886891244442,0.25,0.24920328560527852,1.0,6.123233995736766e-17,0.10116832198743272,-0.994869323391895,-0.9749279121818236,-0.2225209339563146
0.0,0.0,0.0,0.0,0.0,0.25,0.24933794155931596,1.0,6.123233995736766e-17,-0.4853019625310808,-0.8743466161445822,0.7818314824680298,0.6234898018587336
0.0,0.0,0.0,0.0,0.0,0.25,0.24938282687732843,1.0,6.123233995736766e-17,-0.6513724827222217,-0.7587581226927913,0.9749279121818236,-0.22252093395631434
0.0,0.0,0.0,0.0,0.0,0.25,0.24942771219534093,1.0,6.123233995736766e-17,-0.7907757369376986,-0.6121059825476627,0.43388373911755823,-0.900968867902419
0.0,0.0,0.0,0.0,0.0,0.25,0.2494725975133534,1.0,6.123233995736766e-17,-0.8978045395707417,-0.44039415155763423,-0.433883739117558,-0.9009688679024191
0.0,0.0,0.0,0.0,0.0,0.25,0.24951748283136588,1.0,6.123233995736766e-17,-0.9680771188662041,-0.2506525322587213,-0.9749279121818236,-0.2225209339563146
0.0,0.0,0.0,0.0,0.0,0.25,0.24965213878540332,1.0,6.123233995736766e-17,-0.9377521321470804,0.3473052528448203,0.7818314824680298,0.6234898018587336
0.0,0.0,0.0,0.0,0.0,0.25,0.2496970241034158,1.0,6.123233995736766e-17,-0.8486442574947509,0.5289640103269624,0.9749279121818236,-0.22252093395631434
0.0,0.0,0.0,0.0,0.0,0.25,0.24974190942142827,1.0,6.123233995736766e-17,-0.7247927872291207,0.6889669190756859,0.43388373911755823,-0.900968867902419
0.0,0.4054649173733193,0.0,0.0,7.495541943884256,0.25,0.24978679473944074,1.0,6.123233995736766e-17,-0.5712682150947924,0.8207634412072763,-0.433883739117558,-0.9009688679024191
0.0,0.0,0.0,0.0,-1.791759469228055,0.25,0.24983168005745324,1.0,6.123233995736766e-17,-0.3943558551133187,0.9189578116202306,-0.9749279121818236,-0.2225209339563146
0.0,-0.40546491737331924,0.0,0.0,-5.703782474656201,0.25,0.24996633601149065,0.8660254037844387,-0.4999999999999998,0.20129852008866006,0.9795299412524945,0.7818314824680298,0.6234898018587336
0.0,0.0,0.0,0.0,0.0,0.25,0.25001122132950315,0.8660254037844387,-0.4999999999999998,0.39435585511331855,0.9189578116202306,0.9749279121818236,-0.22252093395631434
0.0,0.4054649173733193,0.0,0.0,7.313220387090301,0.25,0.2500561066475156,0.8660254037844387,-0.4999999999999998,0.5712682150947923,0.8207634412072763,0.43388373911755823,-0.900968867902419
0.0,0.0,0.0,0.0,-1.6094379124341003,0.25,0.2501009919655281,0.8660254037844387,-0.4999999999999998,0.72479278722912,0.6889669190756866,-0.433883739117558,-0.9009688679024191
0.0,-0.40546491737331924,0.0,0.0,-5.703782474656201,0.25,0.250280533237578,0.8660254037844387,-0.4999999999999998,0.9987165071710528,-0.05064916883871264,0.7818314824680298,0.6234898018587336
0.0,0.0,0.0,0.0,0.0,0.25,0.2503254185555905,0.8660254037844387,-0.4999999999999998,0.9680771188662043,-0.2506525322587204,0.9749279121818236,-0.22252093395631434
0.0,0.0,0.0,0.0,0.0,0.25,0.250370303873603,0.8660254037844387,-0.4999999999999998,0.8978045395707416,-0.4403941515576344,0.43388373911755823,-0.900968867902419
0.0,0.0,0.0,0.0,0.0,0.25,0.25041518919161543,0.8660254037844387,-0.4999999999999998,0.7907757369376989,-0.6121059825476626,-0.433883739117558,-0.9009688679024191
0.0,0.0,0.0,0.0,0.0,0.25,0.25046007450962793,0.8660254037844387,-0.4999999999999998,0.6513724827222223,-0.758758122692791,-0.9749279121818236,-0.2225209339563146
0.0,0.4054649173733193,0.0,0.0,3.4011973816621555,0.25,0.25059473046366537,0.8660254037844387,-0.4999999999999998,0.10116832198743272,-0.994869323391895,0.7818314824680298,0.6234898018587336
0.0,-0.40546491737331924,0.0,0.0,-3.4011973816621555,0.25,0.2506396157816778,0.8660254037844387,-0.4999999999999998,-0.10116832198743204,-0.9948693233918952,0.9749279121818236,-0.22252093395631434
0.0,0.0,0.0,0.0,0.0,0.25,0.2506845010996903,0.8660254037844387,-0.4999999999999998,-0.29936312297335776,-0.9541392564000489,0.43388373911755823,-0.900968867902419
0.0,0.0,0.0,0.0,0.0,0.25,0.25072938641770276,0.8660254037844387,-0.4999999999999998,-0.4853019625310808,-0.8743466161445822,-0.433883739117558,-0.9009688679024191
0.0,0.4054649173733193,0.0,0.0,5.0106352940962555,0.25,0.25077427173571526,0.8660254037844387,-0.4999999999999998,-0.6513724827222217,-0.7587581226927913,-0.9749279121818236,-0.2225209339563146
0.0,-0.40546491737331924,0.0,0.0,-5.0106352940962555,0.25,0.2509089276897527,0.8660254037844387,-0.4999999999999998,-0.9680771188662041,-0.2506525322587213,0.7818314824680298,0.6234898018587336
0.0,0.4054649173733193,0.0,0.0,3.4011973816621555,0.25,0.2509538130077652,0.8660254037844387,-0.4999999999999998,-0.9987165071710528,-0.05064916883871355,0.9749279121818236,-0.22252093395631434
0.0,0.0,0.0,0.0,0.0,0.25,0.25099869832577765,0.8660254037844387,-0.4999999999999998,-0.9884683243281114,0.15142777750457667,0.43388373911755823,-0.900968867902419
0.0,0.0,0.0,0.0,0.6931471805599453,0.25,0.25104358364379015,0.8660254037844387,-0.4999999999999998,-0.9377521321470804,0.3473052528448203,-0.433883739117558,-0.9009688679024191
0.0,-0.40546491737331924,0.0,0.0,-4.0943445622221,0.25,0.2510884689618026,0.8660254037844387,-0.4999999999999998,-0.8486442574947509,0.5289640103269624,-0.9749279121818236,-0.2225209339563146
0.0,0.0,0.0,0.0,0.0,0.25,0.25122312491584003,0.8660254037844387,-0.4999999999999998,-0.3943558551133187,0.9189578116202306,0.7818314824680298,0.6234898018587336
0.0,0.4054649173733193,0.0,0.0,6.1092475827643655,0.25,0.25126801023385253,0.8660254037844387,-0.4999999999999998,-0.20129852008866114,0.9795299412524943,0.9749279121818236,-0.22252093395631434
0.0,-0.40546491737331924,0.0,0.0,-6.1092475827643655,0.25,0.251312895551865,0.5000000000000003,-0.8660254037844385,0.20129852008866006,0.9795299412524945,0.43388373911755823,-0.900968867902419
0.0,0.0,0.0,0.0,0.0,0.25,0.2513577808698775,0.5000000000000003,-0.8660254037844385,0.39435585511331855,0.9189578116202306,-0.433883739117558,-0.9009688679024191
0.0,0.0,0.0,0.0,0.0,0.25,0.25140266618789,0.5000000000000003,-0.8660254037844385,0.5712682150947923,0.8207634412072763,-0.9749279121818236,-0.2225209339563146
0.0,0.4054649173733193,0.0,0.0,7.313220387090301,0.25,0.25153732214192737,0.5000000000000003,-0.8660254037844385,0.9377521321470804,0.3473052528448203,0.7818314824680298,0.6234898018587336
0.0,-0.40546491737331924,0.0,0.0,-7.313220387090301,0.25,0.25158220745993987,0.5000000000000003,-0.8660254037844385,0.9884683243281114,0.1514277775045767,0.9749279121818236,-0.22252093395631434
0.0,0.0,0.0,0.0,0.0,0.25,0.25162709277795237,0.5000000000000003,-0.8660254037844385,0.9987165071710528,-0.05064916883871264,0.43388373911755823,-0.900968867902419
0.0,0.0,0.0,0.0,0.0,0.25,0.2516719780959648,0.5000000000000003,-0.8660254037844385,0.9680771188662043,-0.2506525322587204,-0.433883739117558,-0.9009688679024191
0.0,0.0,0.0,0.0,0.0,0.25,0.2517168634139773,0.5000000000000003,-0.8660254037844385,0.8978045395707416,-0.4403941515576344,-0.9749279121818236,-0.2225209339563146
0.0,0.4054649173733193,0.0,0.0,5.0106352940962555,0.25,0.25185151936801475,0.5000000000000003,-0.8660254037844385,0.48530196253108104,-0.8743466161445821,0.7818314824680298,0.6234898018587336
0.0,-0.40546491737331924,0.0,0.0,-5.0106352940962555,0.25,0.2518964046860272,0.5000000000000003,-0.8660254037844385,0.29936312297335804,-0.9541392564000488,0.9749279121818236,-0.22252093395631434
0.0,0.0,0.0,0.0,0.0,0.25,0.2519412900040397,0.5000000000000003,-0.8660254037844385,0.10116832198743272,-0.994869323391895,0.43388373911755823,-0.900968867902419
0.0,0.0,0.0,0.0,0.0,0.25,0.2519861753220522,0.5000000000000003,-0.8660254037844385,-0.10116832198743204,-0.9948693233918952,-0.433883739117558,-0.9009688679024191
0.0,0.0,0.0,0.0,0.0,0.25,0.25203106064006464,0.5000000000000003,-0.8660254037844385,-0.29936312297335776,-0.9541392564000489,-0.9749279121818236,-0.2225209339563146
0.0,0.0,0.0,0.0,0.0,0.25,0.2521657165941021,0.5000000000000003,-0.8660254037844385,-0.7907757369376986,-0.6121059825476627,0.7818314824680298,0.6234898018587336
0.0,0.4054649173733193,0.0,0.0,6.29156913955832,0.25,0.2522106019121146,0.5000000000000003,-0.8660254037844385,-0.8978045395707417,-0.44039415155763423,0.9749279121818236,-0.22252093395631434
0.0,0.0,0.0,0.0,0.10536051565782635,0.25,0.25225548723012703,0.5000000000000003,-0.8660254037844385,-0.9680771188662041,-0.2506525322587213,0.43388373911755823,-0.900968867902419
0.0,-0.40546491737331924,0.0,0.0,-6.396929655216146,0.25,0.25230037254813953,0.5000000000000003,-0.8660254037844385,-0.9987165071710528,-0.05064916883871355,-0.433883739117558,-0.9009688679024191
0.0,0.0,0.0,0.0,0.0,0.25,0.252345257866152,0.5000000000000003,-0.8660254037844385,-0.9884683243281114,0.15142777750457667,-0.9749279121818236,-0.2225209339563146
0.0,0.0,0.0,0.0,0.0,0.25,0.2525247991382019,0.5000000000000003,-0.8660254037844385,-0.5712682150947924,0.8207634412072763,0.9749279121818236,-0.22252093395631434
0.0,0.0,0.0,0.0,0.0,0.25,0.2525696844562144,0.5000000000000003,-0.8660254037844385,-0.3943558551133187,0.9189578116202306,0.43388373911755823,-0.900968867902419
0.0,0.0,0.0,0.0,0.0,0.25,0.25261456977422686,0.5000000000000003,-0.8660254037844385,-0.20129852008866114,0.9795299412524943,-0.433883739117558,-0.9009688679024191
0.0,0.0,0.0,0.0,0.0,0.25,0.25265945509223936,0.5000000000000003,-0.8660254037844385,-2.4492935982947064e-16,1.0,-0.9749279121818236,-0.2225209339563146
0.0,0.4054649173733193,0.0,0.0,3.4011973816621555,0.25,0.2527941110462768,1.2246467991473532e-16,-1.0,0.5712682150947923,0.8207634412072763,0.7818314824680298,0.6234898018587336
0.0,-0.40546491737331924,0.0,0.0,-3.4011973816621555,0.25,0.25283899636428925,1.2246467991473532e-16,-1.0,0.72479278722912,0.6889669190756866,0.9749279121818236,-0.22252093395631434
0.0,0.4054649173733193,0.0,0.0,6.396929655216146,0.25,0.25288388168230175,1.2246467991473532e-16,-1.0,0.8486442574947509,0.5289640103269624,0.43388373911755823,-0.900968867902419
0.0,-0.40546491737331924,0.0,0.0,-6.396929655216146,0.25,0.2529287670003142,1.2246467991473532e-16,-1.0,0.9377521321470804,0.3473052528448203,-0.433883739117558,-0.9009688679024191
0.0,0.0,0.0,0.0,0.0,0.25,0.2529736523183267,1.2246467991473532e-16,-1.0,0.9884683243281114,0.1514277775045767,-0.9749279121818236,-0.2225209339563146
0.0,0.4054649173733193,0.0,0.0,3.4011973816621555,0.25,0.25310830827236414,1.2246467991473532e-16,-1.0,0.8978045395707416,-0.4403941515576344,0.7818314824680298,0.6234898018587336
0.0,-0.40546491737331924,0.0,0.0,-3.4011973816621555,0.25,0.2531531935903766,1.2246467991473532e-16,-1.0,0.7907757369376989,-0.6121059825476626,0.9749279121818236,-0.22252093395631434
0.0,0.4054649173733193,0.0,0.0,6.802394763324311,0.25,0.2531980789083891,1.2246467991473532e-16,-1.0,0.6513724827222223,-0.758758122692791,0.43388373911755823,-0.900968867902419
0.0,0.0,0.0,0.0,-0.40546510810816444,0.25,0.2532429642264016,1.2246467991473532e-16,-1.0,0.48530196253108104,-0.8743466161445821,-0.433883739117558,-0.9009688679024191
0.0,-0.40546491737331924,0.0,0.0,-6.396929655216146,0.25,0.253287849544414,1.2246467991473532e-16,-1.0,0.29936312297335804,-0.9541392564000488,-0.9749279121818236,-0.2225209339563146
0.0,0.0,0.0,0.0,0.0,0.25,0.25342250549845147,1.2246467991473532e-16,-1.0,-0.29936312297335776,-0.9541392564000489,0.7818314824680298,0.6234898018587336
0.0,0.0,0.0,0.0,0.0,0.25,0.25346739081646397,1.2246467991473532e-16,-1.0,-0.4853019625310808,-0.8743466161445822,0.9749279121818236,-0.22252093395631434
0.0,0.0,0.0,0.0,0.0,0.25,0.2535122761344764,1.2246467991473532e-16,-1.0,-0.6513724827222217,-0.7587581226927913,0.43388373911755823,-0.900968867902419
0.0,0.0,0.0,0.0,0.0,0.25,0.2535571614524889,1.2246467991473532e-16,-1.0,-0.7907757369376986,-0.6121059825476627,-0.433883739117558,-0.9009688679024191
0.0,0.4054649173733193,0.0,0.0,6.1092475827643655,0.25,0.2536020467705014,1.2246467991473532e-16,-1.0,-0.8978045395707417,-0.44039415155763423,-0.9749279121818236,-0.2225209339563146
0.0,-0.40546491737331924,0.0,0.0,-6.1092475827643655,0.25,0.2537367027245388,1.2246467991473532e-16,-1.0,-0.9884683243281114,0.15142777750457667,0.7818314824680298,0.6234898018587336
0.0,0.0,0.0,0.0,0.0,0.25,0.2537815880425513,1.2246467991473532e-16,-1.0,-0.9377521321470804,0.3473052528448203,0.9749279121818236,-0.22252093395631434
0.0,0.4054649173733193,0.0,0.0,6.396929655216146,0.25,0.2538264733605638,1.2246467991473532e-16,-1.0,-0.8486442574947509,0.5289640103269624,0.43388373911755823,-0.900968867902419
0.0,0.0,0.0,0.0,-0.6931471805599453,0.25,0.25387135867857624,1.2246467991473532e-16,-1.0,-0.7247927872291207,0.6889669190756859,-0.433883739117558,-0.9009688679024191
0.0,0.0,0.0,0.0,0.0,0.25,0.25391624399658874,1.2246467991473532e-16,-1.0,-0.5712682150947924,0.8207634412072763,-0.9749279121818236,-0.2225209339563146
0.0,-0.40546491737331924,0.0,0.0,-5.703782474656201,0.25,0.2540508999506262,-0.4999999999999997,-0.8660254037844388,0.20129852008866006,0.9795299412524945,0.7818314824680298,0.6234898018587336
0.0,0.0,0.0,0.0,0.0,0.25,0.25409578526863863,-0.4999999999999997,-0.8660254037844388,0.39435585511331855,0.9189578116202306,0.9749279121818236,-0.22252093395631434
0.0,0.0,0.0,0.0,0.0,0.25,0.25414067058665113,-0.4999999999999997,-0.8660254037844388,0.5712682150947923,0.8207634412072763,0.43388373911755823,-0.900968867902419
0.0,0.0,0.0,0.0,0.0,0.25,0.2542304412226761,-0.4999999999999997,-0.8660254037844388,0.8486442574947509,0.5289640103269624,-0.9749279121818236,-0.2225209339563146
0.0,0.4054649173733193,0.0,0.0,6.1092475827643655,0.25,0.2543650971767135,-0.4999999999999997,-0.8660254037844388,0.9987165071710528,-0.05064916883871264,0.7818314824680298,0.6234898018587336
0.0,-0.40546491737331924,0.0,0.0,-6.1092475827643655,0.25,0.254409982494726,-0.4999999999999997,-0.8660254037844388,0.9680771188662043,-0.2506525322587204,0.9749279121818236,-0.22252093395631434
0.0,0.0,0.0,0.0,0.0,0.25,0.25445486781273846,-0.4999999999999997,-0.8660254037844388,0.8978045395707416,-0.4403941515576344,0.43388373911755823,-0.900968867902419
0.0,0.0,0.0,0.0,0.0,0.25,0.25449975313075096,-0.4999999999999997,-0.8660254037844388,0.7907757369376989,-0.6121059825476626,-0.433883739117558,-0.9009688679024191
0.0,0.0,0.0,0.0,0.0,0.25,0.2545446384487634,-0.4999999999999997,-0.8660254037844388,0.6513724827222223,-0.758758122692791,-0.9749279121818236,-0.2225209339563146
0.0,0.0,0.0,0.0,0.0,0.25,0.25467929440280085,-0.4999999999999997,-0.8660254037844388,0.10116832198743272,-0.994869323391895,0.7818314824680298,0.6234898018587336
0.0,0.0,0.0,0.0,0.0,0.25,0.25472417972081335,-0.4999999999999997,-0.8660254037844388,-0.10116832198743204,-0.9948693233918952,0.9749279121818236,-0.22252093395631434
0.0,0.0,0.0,0.0,0.0,0.25,0.2547690650388258,-0.4999999999999997,-0.8660254037844388,-0.29936312297335776,-0.9541392564000489,0.43388373911755823,-0.900968867902419
0.0,0.0,0.0,0.0,0.0,0.25,0.2548139503568383,-0.4999999999999997,-0.8660254037844388,-0.4853019625310808,-0.8743466161445822,-0.433883739117558,-0.9009688679024191
0.0,0.0,0.0,0.0,0.0,0.25,0.2548588356748508,-0.4999999999999997,-0.8660254037844388,-0.6513724827222217,-0.7587581226927913,-0.9749279121818236,-0.2225209339563146
0.0,0.0,0.0,0.0,0.0,0.25,0.2549934916288882,-0.4999999999999997,-0.8660254037844388,-0.9680771188662041,-0.2506525322587213,0.7818314824680298,0.6234898018587336
0.0,0.4054649173733193,0.0,0.0,3.4011973816621555,0.25,0.2550383769469007,-0.4999999999999997,-0.8660254037844388,-0.9987165071710528,-0.05064916883871355,0.9749279121818236,-0.22252093395631434
0.0,-0.40546491737331924,0.0,0.0,-3.4011973816621555,0.25,0.2550832622649132,-0.4999999999999997,-0.8660254037844388,-0.9884683243281114,0.15142777750457667,0.43388373911755823,-0.900968867902419
0.0,0.0,0.0,0.0,0.0,0.25,0.2551281475829256,-0.4999999999999997,-0.8660254037844388,-0.9377521321470804,0.3473052528448203,-0.433883739117558,-0.9009688679024191
0.0,0.0,0.0,0.0,0.0,0.25,0.2551730329009381,-0.4999999999999997,-0.8660254037844388,-0.8486442574947509,0.5289640103269624,-0.9749279121818236,-0.2225209339563146
0.0,0.0,0.0,0.0,0.0,0.25,0.25530768885497557,-0.4999999999999997,-0.8660254037844388,-0.3943558551133187,0.9189578116202306,0.7818314824680298,0.6234898018587336
0.0,0.0,0.0,0.0,0.0,0.25,0.255352574172988,-0.4999999999999997,-0.8660254037844388,-0.20129852008866114,0.9795299412524943,0.9749279121818236,-0.22252093395631434
0.0,0.4054649173733193,0.0,0.0,6.396929655216146,0.25,0.2553974594910005,-0.4999999999999997,-0.8660254037844388,-2.4492935982947064e-16,1.0,0.43388373911755823,-0.900968867902419
0.0,-0.40546491737331924,0.0,0.0,-6.396929655216146,0.25,0.255442344809013,-0.8660254037844385,-0.5000000000000004,0.20129852008866006,0.9795299412524945,-0.433883739117558,-0.9009688679024191
0.0,0.0,0.0,0.0,0.0,0.25,0.25548723012702546,-0.8660254037844385,-0.5000000000000004,0.39435585511331855,0.9189578116202306,-0.9749279121818236,-0.2225209339563146
0.0,0.0,0.0,0.0,0.0,0.25,0.2556218860810629,-0.8660254037844385,-0.5000000000000004,0.8486442574947509,0.5289640103269624,0.7818314824680298,0.6234898018587336
0.0,0.0,0.0,0.0,0.0,0.25,0.2556667713990754,-0.8660254037844385,-0.5000000000000004,0.9377521321470804,0.3473052528448203,0.9749279121818236,-0.22252093395631434
0.0,0.0,0.0,0.0,0.0,0.25,0.25571165671708784,-0.8660254037844385,-0.5000000000000004,0.9884683243281114,0.1514277775045767,0.43388373911755823,-0.900968867902419
0.0,0.0,0.0,0.0,0.0,0.25,0.25575654203510034,-0.8660254037844385,-0.5000000000000004,0.9987165071710528,-0.05064916883871264,-0.433883739117558,-0.9009688679024191
0.0,0.0,0.0,0.0,0.0,0.25,0.2558014273531128,-0.8660254037844385,-0.5000000000000004,0.9680771188662043,-0.2506525322587204,-0.9749279121818236,-0.2225209339563146
0.0,0.0,0.0,0.0,0.0,0.25,0.25593608330715023,-0.8660254037844385,-0.5000000000000004,0.6513724827222223,-0.758758122692791,0.7818314824680298,0.6234898018587336
0.0,0.0,0.0,0.0,0.0,0.25,0.25598096862516273,-0.8660254037844385,-0.5000000000000004,0.48530196253108104,-0.8743466161445821,0.9749279121818236,-0.22252093395631434
0.0,0.0,0.0,0.0,0.0,0.25,0.25602585394317523,-0.8660254037844385,-0.5000000000000004,0.29936312297335804,-0.9541392564000488,0.43388373911755823,-0.900968867902419
0.0,0.0,0.0,0.0,0.0,0.25,0.2560707392611877,-0.8660254037844385,-0.5000000000000004,0.10116832198743272,-0.994869323391895,-0.433883739117558,-0.9009688679024191
0.0,0.0,0.0,0.0,0.0,0.25,0.2561156245792002,-0.8660254037844385,-0.5000000000000004,-0.10116832198743204,-0.9948693233918952,-0.9749279121818236,-0.2225209339563146
0.0,0.0,0.0,0.0,0.0,0.25,0.2562502805332376,-0.8660254037844385,-0.5000000000000004,-0.6513724827222217,-0.7587581226927913,0.7818314824680298,0.6234898018587336
0.0,0.0,0.0,0.0,0.0,0.25,0.25629516585125006,-0.8660254037844385,-0.5000000000000004,-0.7907757369376986,-0.6121059825476627,0.9749279121818236,-0.22252093395631434
0.0,0.4054649173733193,0.0,0.0,6.802394763324311,0.25,0.25634005116926256,-0.8660254037844385,-0.5000000000000004,-0.8978045395707417,-0.44039415155763423,0.43388373911755823,-0.900968867902419
0.0,-0.40546491737331924,0.0,0.0,-6.802394763324311,0.25,0.256384936487275,-0.8660254037844385,-0.5000000000000004,-0.9680771188662041,-0.2506525322587213,-0.433883739117558,-0.9009688679024191
0.0,0.0,0.0,0.0,0.0,0.25,0.2564298218052875,-0.8660254037844385,-0.5000000000000004,-0.9987165071710528,-0.05064916883871355,-0.9749279121818236,-0.2225209339563146
0.0,0.0,0.0,0.0,0.0,0.25,0.25656447775932495,-0.8660254037844385,-0.5000000000000004,-0.8486442574947509,0.5289640103269624,0.7818314824680298,0.6234898018587336
0.0,0.0,0.0,0.0,0.0,0.25,0.2566093630773374,-0.8660254037844385,-0.5000000000000004,-0.7247927872291207,0.6889669190756859,0.9749279121818236,-0.22252093395631434
0.0,0.0,0.0,0.0,0.0,0.25,0.2566542483953499,-0.8660254037844385,-0.5000000000000004,-0.5712682150947924,0.8207634412072763,0.43388373911755823,-0.900968867902419
0.0,0.0,0.0,0.0,0.0,0.25,0.2566991337133624,-0.8660254037844385,-0.5000000000000004,-0.3943558551133187,0.9189578116202306,-0.433883739117558,-0.9009688679024191
0.0,0.0,0.0,0.0,0.0,0.25,0.25674401903137484,-0.8660254037844385,-0.5000000000000004,-0.20129852008866114,0.9795299412524943,-0.9749279121818236,-0.2225209339563146
0.0,0.0,0.0,0.0,0.0,0.25,0.2569235603034248,-1.0,-1.8369701987210297e-16,0.5712682150947923,0.8207634412072763,0.9749279121818236,-0.22252093395631434
0.0,0.0,0.0,0.0,0.0,0.25,0.2569684456214372,-1.0,-1.8369701987210297e-16,0.72479278722912,0.6889669190756866,0.43388373911755823,-0.900968867902419
0.0,0.0,0.0,0.0,0.0,0.25,0.2570133309394497,-1.0,-1.8369701987210297e-16,0.8486442574947509,0.5289640103269624,-0.433883739117558,-0.9009688679024191
0.0,0.0,0.0,0.0,0.0,0.25,0.2570582162574622,-1.0,-1.8369701987210297e-16,0.9377521321470804,0.3473052528448203,-0.9749279121818236,-0.2225209339563146
0.0,0.0,0.0,0.0,0.0,0.25,0.2571928722114996,-1.0,-1.8369701987210297e-16,0.9680771188662043,-0.2506525322587204,0.7818314824680298,0.6234898018587336
0.0,0.0,0.0,0.0,0.0,0.25,0.2572377575295121,-1.0,-1.8369701987210297e-16,0.8978045395707416,-0.4403941515576344,0.9749279121818236,-0.22252093395631434
0.0,0.0,0.0,0.0,0.0,0.25,0.2572826428475246,-1.0,-1.8369701987210297e-16,0.7907757369376989,-0.6121059825476626,0.43388373911755823,-0.900968867902419
0.0,0.0,0.0,0.0,0.0,0.25,0.25732752816553706,-1.0,-1.8369701987210297e-16,0.6513724827222223,-0.758758122692791,-0.433883739117558,-0.9009688679024191
0.0,0.0,0.0,0.0,0.0,0.25,0.25737241348354956,-1.0,-1.8369701987210297e-16,0.48530196253108104,-0.8743466161445821,-0.9749279121818236,-0.2225209339563146
0.0,0.0,0.0,0.0,0.0,0.25,0.257507069437587,-1.0,-1.8369701987210297e-16,-0.10116832198743204,-0.9948693233918952,0.7818314824680298,0.6234898018587336
0.0,0.0,0.0,0.0,0.0,0.25,0.25755195475559944,-1.0,-1.8369701987210297e-16,-0.29936312297335776,-0.9541392564000489,0.9749279121818236,-0.22252093395631434
0.0,0.0,0.0,0.0,0.0,0.25,0.25759684007361194,-1.0,-1.8369701987210297e-16,-0.4853019625310808,-0.8743466161445822,0.43388373911755823,-0.900968867902419
0.0,0.0,0.0,0.0,0.0,0.25,0.25764172539162444,-1.0,-1.8369701987210297e-16,-0.6513724827222217,-0.7587581226927913,-0.433883739117558,-0.9009688679024191
0.0,0.0,0.0,0.0,0.0,0.25,0.2576866107096369,-1.0,-1.8369701987210297e-16,-0.7907757369376986,-0.6121059825476627,-0.9749279121818236,-0.2225209339563146
0.0,0.0,0.0,0.0,0.0,0.25,0.25782126666367433,-1.0,-1.8369701987210297e-16,-0.9987165071710528,-0.05064916883871355,0.7818314824680298,0.6234898018587336
0.0,0.0,0.0,0.0,0.0,0.25,0.25786615198168683,-1.0,-1.8369701987210297e-16,-0.9884683243281114,0.15142777750457667,0.9749279121818236,-0.22252093395631434
0.0,0.0,0.0,0.0,0.0,0.25,0.2579110372996993,-1.0,-1.8369701987210297e-16,-0.9377521321470804,0.3473052528448203,0.43388373911755823,-0.900968867902419
0.0,0.0,0.0,0.0,0.0,0.25,0.2579559226177118,-1.0,-1.8369701987210297e-16,-0.8486442574947509,0.5289640103269624,-0.433883739117558,-0.9009688679024191
0.0,0.0,0.0,0.0,0.0,0.25,0.25813546388976166,-1.0,-1.8369701987210297e-16,-0.20129852008866114,0.9795299412524943,0.7818314824680298,0.6234898018587336
0.0,0.0,0.0,0.0,0.0,0.25,0.25818034920777416,-0.866025403784439,0.49999999999999933,0.20129852008866006,0.9795299412524945,0.9749279121818236,-0.22252093395631434
-0.287682263186626,0.4054649173733193,0.0,-0.287682263186626,5.703782474656201,0.25,0.2582252345257866,-0.866025403784439,0.49999999999999933,0.39435585511331855,0.9189578116202306,0.43388373911755823,-0.900968867902419
0.0,-0.6931471805599453,-0.287682263186626,0.0,-5.703782474656201,0.25,0.2582701198437991,-0.866025403784439,0.49999999999999933,0.5712682150947923,0.8207634412072763,-0.433883739117558,-0.9009688679024191
0.0,0.0,0.0,0.0,0.0,0.25,0.2583150051618116,-0.866025403784439,0.49999999999999933,0.72479278722912,0.6889669190756866,-0.9749279121818236,-0.2225209339563146
0.0,0.0,0.0,0.0,0.0,0.25,0.25844966111584905,-0.866025403784439,0.49999999999999933,0.9884683243281114,0.1514277775045767,0.7818314824680298,0.6234898018587336
0.0,0.5108254711780884,0.0,0.0,7.138866999945524,0.25,0.2584945464338615,-0.866025403784439,0.49999999999999933,0.9987165071710528,-0.05064916883871264,0.9749279121818236,-0.22252093395631434
0.0,0.0,0.0,0.0,-0.048790164169432056,0.25,0.258539431751874,-0.866025403784439,0.49999999999999933,0.9680771188662043,-0.2506525322587204,0.43388373911755823,-0.900968867902419
0.0,-0.5108254711780884,0.0,0.0,-7.090076835776092,0.25,0.25858431706988644,-0.866025403784439,0.49999999999999933,0.8978045395707416,-0.4403941515576344,-0.433883739117558,-0.9009688679024191
0.0,0.0,0.0,0.0,0.0,0.25,0.25862920238789894,-0.866025403784439,0.49999999999999933,0.7907757369376989,-0.6121059825476626,-0.9749279121818236,-0.2225209339563146
0.0,0.5108254711780884,0.0,0.0,5.0106352940962555,0.25,0.2587638583419364,-0.866025403784439,0.49999999999999933,0.29936312297335804,-0.9541392564000488,0.7818314824680298,0.6234898018587336
0.0,-0.5108254711780884,0.0,0.0,-5.0106352940962555,0.25,0.2588087436599488,-0.866025403784439,0.49999999999999933,0.10116832198743272,-0.994869323391895,0.9749279121818236,-0.22252093395631434
0.0,0.0,0.0,0.0,0.0,0.25,0.2588536289779613,-0.866025403784439,0.49999999999999933,-0.10116832198743204,-0.9948693233918952,0.43388373911755823,-0.900968867902419
0.0,0.0,0.0,0.0,0.0,0.25,0.2588985142959738,-0.866025403784439,0.49999999999999933,-0.29936312297335776,-0.9541392564000489,-0.433883739117558,-0.9009688679024191
0.0,0.0,0.0,0.0,0.0,0.25,0.25894339961398627,-0.866025403784439,0.49999999999999933,-0.4853019625310808,-0.8743466161445822,-0.9749279121818236,-0.2225209339563146
0.0,0.0,0.0,0.0,0.0,0.25,0.2590780555680237,-0.866025403784439,0.49999999999999933,-0.8978045395707417,-0.44039415155763423,0.7818314824680298,0.6234898018587336
0.0,0.5108254711780884,0.0,0.0,7.313220387090301,0.25,0.2591229408860362,-0.866025403784439,0.49999999999999933,-0.9680771188662041,-0.2506525322587213,0.9749279121818236,-0.22252093395631434
0.0,-0.5108254711780884,0.0,0.0,-7.313220387090301,0.25,0.25916782620404866,-0.866025403784439,0.49999999999999933,-0.9987165071710528,-0.05064916883871355,0.43388373911755823,-0.900968867902419
0.0,0.0,0.0,0.0,0.0,0.25,0.25921271152206116,-0.866025403784439,0.49999999999999933,-0.9884683243281114,0.15142777750457667,-0.433883739117558,-0.9009688679024191
0.0,0.0,0.0,0.0,0.0,0.25,0.25925759684007366,-0.866025403784439,0.49999999999999933,-0.9377521321470804,0.3473052528448203,-0.9749279121818236,-0.2225209339563146
0.0,0.0,0.0,0.0,0.0,0.25,0.25939225279411104,-0.866025403784439,0.49999999999999933,-0.5712682150947924,0.8207634412072763,0.7818314824680298,0.6234898018587336
0.0,0.0,0.0,0.0,0.0,0.25,0.25943713811212354,-0.866025403784439,0.49999999999999933,-0.3943558551133187,0.9189578116202306,0.9749279121818236,-0.22252093395631434
0.0,0.5108254711780884,0.0,0.0,6.984716320118266,0.25,0.25948202343013604,-0.866025403784439,0.49999999999999933,-0.20129852008866114,0.9795299412524943,0.43388373911755823,-0.900968867902419
0.0,-0.5108254711780884,0.0,0.0,-6.984716320118265,0.25,0.2595269087481485,-0.866025403784439,0.49999999999999933,-2.4492935982947064e-16,1.0,-0.433883739117558,-0.9009688679024191
0.0,0.0,0.0,0.0,0.0,0.25,0.259571794066161,-0.5000000000000012,0.8660254037844379,0.20129852008866006,0.9795299412524945,-0.9749279121818236,-0.2225209339563146
0.0,0.5108254711780884,0.0,0.0,7.333023014386481,0.25,0.25970645002019843,-0.5000000000000012,0.8660254037844379,0.72479278722912,0.6889669190756866,0.7818314824680298,0.6234898018587336
0.0,-0.5108254711780884,0.0,0.0,-7.333023014386481,0.25,0.2597513353382109,-0.5000000000000012,0.8660254037844379,0.8486442574947509,0.5289640103269624,0.9749279121818236,-0.22252093395631434
0.0,0.0,0.0,0.0,0.0,0.25,0.2597962206562234,-0.5000000000000012,0.8660254037844379,0.9377521321470804,0.3473052528448203,0.43388373911755823,-0.900968867902419
0.0,0.0,0.0,0.0,0.0,0.25,0.2598411059742358,-0.5000000000000012,0.8660254037844379,0.9884683243281114,0.1514277775045767,-0.433883739117558,-0.9009688679024191
0.0,0.6931471805599453,0.0,0.0,5.703782474656201,0.25,0.2598859912922483,-0.5000000000000012,0.8660254037844379,0.9987165071710528,-0.05064916883871264,-0.9749279121818236,-0.2225209339563146
0.0,-0.6931471805599453,0.0,0.0,-5.703782474656201,0.25,0.26002064724628576,-0.5000000000000012,0.8660254037844379,0.7907757369376989,-0.6121059825476626,0.7818314824680298,0.6234898018587336
0.0,0.0,0.0,0.0,0.0,0.25,0.2600655325642982,-0.5000000000000012,0.8660254037844379,0.6513724827222223,-0.758758122692791,0.9749279121818236,-0.22252093395631434
0.0,0.0,0.0,0.0,0.0,0.25,0.2601104178823107,-0.5000000000000012,0.8660254037844379,0.48530196253108104,-0.8743466161445821,0.43388373911755823,-0.900968867902419
0.0,0.6931471805599453,0.0,0.0,5.0106352940962555,0.25,0.2601553032003232,-0.5000000000000012,0.8660254037844379,0.29936312297335804,-0.9541392564000488,-0.433883739117558,-0.9009688679024191
0.0,-0.6931471805599453,0.0,0.0,-5.0106352940962555,0.25,0.26020018851833565,-0.5000000000000012,0.8660254037844379,0.10116832198743272,-0.994869323391895,-0.9749279121818236,-0.2225209339563146
0.0,0.0,0.0,0.0,0.0,0.25,0.2603348444723731,-0.5000000000000012,0.8660254037844379,-0.4853019625310808,-0.8743466161445822,0.7818314824680298,0.6234898018587336
0.0,0.0,0.0,0.0,0.0,0.25,0.2603797297903856,-0.5000000000000012,0.8660254037844379,-0.6513724827222217,-0.7587581226927913,0.9749279121818236,-0.22252093395631434
0.0,0.6931471805599453,0.0,0.0,4.499809670330265,0.25,0.26042461510839804,-0.5000000000000012,0.8660254037844379,-0.7907757369376986,-0.6121059825476627,0.43388373911755823,-0.900968867902419
0.0,-0.6931471805599453,0.0,0.0,-4.499809670330265,0.25,0.26046950042641054,-0.5000000000000012,0.8660254037844379,-0.8978045395707417,-0.44039415155763423,-0.433883739117558,-0.9009688679024191
0.0,0.0,0.0,0.0,0.0,0.25,0.26051438574442304,-0.5000000000000012,0.8660254037844379,-0.9680771188662041,-0.2506525322587213,-0.9749279121818236,-0.2225209339563146
0.0,0.6931471805599453,0.0,0.0,4.0943445622221,0.25,0.2606490416984604,-0.5000000000000012,0.8660254037844379,-0.9377521321470804,0.3473052528448203,0.7818314824680298,0.6234898018587336
0.0,-0.6931471805599453,0.0,0.0,-4.0943445622221,0.25,0.2606939270164729,-0.5000000000000012,0.8660254037844379,-0.8486442574947509,0.5289640103269624,0.9749279121818236,-0.22252093395631434
0.0,0.0,0.0,0.0,0.0,0.25,0.2607388123344854,-0.5000000000000012,0.8660254037844379,-0.7247927872291207,0.6889669190756859,0.43388373911755823,-0.900968867902419
0.0,0.0,0.0,0.0,0.0,0.25,0.26082858297051037,-0.5000000000000012,0.8660254037844379,-0.3943558551133187,0.9189578116202306,-0.9749279121818236,-0.2225209339563146
0.0,0.0,0.0,0.0,0.0,0.25,0.2609632389245478,-2.4492935982947064e-16,1.0,0.39435585511331855,0.9189578116202306,0.7818314824680298,0.6234898018587336
0.0,0.6931471805599453,0.0,0.0,6.835184586147301,0.25,0.26100812424256026,-2.4492935982947064e-16,1.0,0.5712682150947923,0.8207634412072763,0.9749279121818236,-0.22252093395631434
0.0,-0.6931471805599453,0.0,0.0,-6.835184586147301,0.25,0.26105300956057276,-2.4492935982947064e-16,1.0,0.72479278722912,0.6889669190756866,0.43388373911755823,-0.900968867902419
0.0,0.0,0.0,0.0,0.0,0.25,0.26109789487858526,-2.4492935982947064e-16,1.0,0.8486442574947509,0.5289640103269624,-0.433883739117558,-0.9009688679024191
0.0,0.0,0.0,0.0,0.0,0.25,0.2611427801965977,-2.4492935982947064e-16,1.0,0.9377521321470804,0.3473052528448203,-0.9749279121818236,-0.2225209339563146
0.0,0.5108254711780884,0.0,0.0,5.703782474656201,0.25,0.26127743615063515,-2.4492935982947064e-16,1.0,0.9680771188662043,-0.2506525322587204,0.7818314824680298,0.6234898018587336
0.0,-0.5108254711780884,0.0,0.0,-5.703782474656201,0.25,0.26132232146864764,-2.4492935982947064e-16,1.0,0.8978045395707416,-0.4403941515576344,0.9749279121818236,-0.22252093395631434
0.0,0.0,0.0,0.0,0.0,0.25,0.2613672067866601,-2.4492935982947064e-16,1.0,0.7907757369376989,-0.6121059825476626,0.43388373911755823,-0.900968867902419
0.0,0.0,0.0,0.0,0.0,0.25,0.2614120921046726,-2.4492935982947064e-16,1.0,0.6513724827222223,-0.758758122692791,-0.433883739117558,-0.9009688679024191
0.0,0.0,0.0,0.0,0.0,0.25,0.26145697742268503,-2.4492935982947064e-16,1.0,0.48530196253108104,-0.8743466161445821,-0.9749279121818236,-0.2225209339563146
0.0,0.0,0.0,0.0,0.0,0.25,0.2615916333767225,-2.4492935982947064e-16,1.0,-0.10116832198743204,-0.9948693233918952,0.7818314824680298,0.6234898018587336
0.0,0.5108254711780884,0.0,0.0,5.0106352940962555,0.25,0.261636518694735,-2.4492935982947064e-16,1.0,-0.29936312297335776,-0.9541392564000489,0.9749279121818236,-0.22252093395631434
0.0,0.0,0.0,0.0,0.6931471805599453,0.25,0.2616814040127474,-2.4492935982947064e-16,1.0,-0.4853019625310808,-0.8743466161445822,0.43388373911755823,-0.900968867902419
0.0,-0.5108254711780884,0.0,0.0,-5.703782474656201,0.25,0.2617262893307599,-2.4492935982947064e-16,1.0,-0.6513724827222217,-0.7587581226927913,-0.433883739117558,-0.9009688679024191
0.0,0.0,0.0,0.0,0.0,0.25,0.2617711746487724,-2.4492935982947064e-16,1.0,-0.7907757369376986,-0.6121059825476627,-0.9749279121818236,-0.2225209339563146
0.0,0.0,0.0,0.0,0.0,0.25,0.26190583060280986,-2.4492935982947064e-16,1.0,-0.9987165071710528,-0.05064916883871355,0.7818314824680298,0.6234898018587336
0.0,0.0,0.0,0.0,0.0,0.25,0.2619507159208223,-2.4492935982947064e-16,1.0,-0.9884683243281114,0.15142777750457667,0.9749279121818236,-0.22252093395631434
0.0,0.0,0.0,0.0,0.0,0.25,0.26204048655684725,-2.4492935982947064e-16,1.0,-0.8486442574947509,0.5289640103269624,-0.433883739117558,-0.9009688679024191
0.0,0.6931471805599453,0.0,0.0,5.0106352940962555,0.25,0.26208537187485975,-2.4492935982947064e-16,1.0,-0.7247927872291207,0.6889669190756859,-0.9749279121818236,-0.2225209339563146
0.0,0.0,0.0,0.0,0.0,0.25,0.2622200278288972,-2.4492935982947064e-16,1.0,-0.20129852008866114,0.9795299412524943,0.7818314824680298,0.6234898018587336
0.0,0.0,0.0,0.0,2.151762203259462,0.25,0.26226491314690964,-2.4492935982947064e-16,1.0,-2.4492935982947064e-16,1.0,0.9749279121818236,-0.22252093395631434
0.0,-0.6931471805599453,0.0,0.0,-7.162397497355718,0.26666666666666666,0.26235468378293464,0.49999999999999994,0.8660254037844387,0.39435585511331855,0.9189578116202306,-0.433883739117558,-0.9009688679024191
0.0,0.0,0.0,0.0,0.0,0.26666666666666666,0.2623995691009471,0.49999999999999994,0.8660254037844387,0.5712682150947923,0.8207634412072763,-0.9749279121818236,-0.2225209339563146
0.0,0.0,0.0,0.0,0.0,0.26666666666666666,0.2625342250549845,0.49999999999999994,0.8660254037844387,0.9377521321470804,0.3473052528448203,0.7818314824680298,0.6234898018587336
0.0,0.0,0.0,0.0,0.0,0.26666666666666666,0.262579110372997,0.49999999999999994,0.8660254037844387,0.9884683243281114,0.1514277775045767,0.9749279121818236,-0.22252093395631434
0.0,0.0,0.0,0.0,0.0,0.26666666666666666,0.26262399569100947,0.49999999999999994,0.8660254037844387,0.9987165071710528,-0.05064916883871264,0.43388373911755823,-0.900968867902419
0.0,0.5108254711780884,0.0,0.0,5.703782474656201,0.26666666666666666,0.26266888100902197,0.49999999999999994,0.8660254037844387,0.9680771188662043,-0.2506525322587204,-0.433883739117558,-0.9009688679024191
0.0,0.0,0.0,0.0,0.26236426446749106,0.26666666666666666,0.26271376632703447,0.49999999999999994,0.8660254037844387,0.8978045395707416,-0.4403941515576344,-0.9749279121818236,-0.2225209339563146
0.0,0.0,0.0,0.0,0.43078291609245434,0.26666666666666666,0.26284842228107186,0.49999999999999994,0.8660254037844387,0.48530196253108104,-0.8743466161445821,0.7818314824680298,0.6234898018587336
0.0,-0.5108254711780884,0.0,0.0,-6.396929655216146,0.26666666666666666,0.26289330759908436,0.49999999999999994,0.8660254037844387,0.29936312297335804,-0.9541392564000488,0.9749279121818236,-0.22252093395631434
0.0,0.0,0.0,0.0,0.0,0.26666666666666666,0.26293819291709686,0.49999999999999994,0.8660254037844387,0.10116832198743272,-0.994869323391895,0.43388373911755823,-0.900968867902419
0.0,0.0,0.0,0.0,0.0,0.26666666666666666,0.2629830782351093,0.49999999999999994,0.8660254037844387,-0.10116832198743204,-0.9948693233918952,-0.433883739117558,-0.9009688679024191
0.0,0.0,0.0,0.0,0.0,0.26666666666666666,0.2630279635531218,0.49999999999999994,0.8660254037844387,-0.29936312297335776,-0.9541392564000489,-0.9749279121818236,-0.2225209339563146
0.0,0.0,0.0,0.0,0.0,0.26666666666666666,0.26316261950715925,0.49999999999999994,0.8660254037844387,-0.7907757369376986,-0.6121059825476627,0.7818314824680298,0.6234898018587336
0.0,0.0,0.0,0.0,0.0,0.26666666666666666,0.2632075048251717,0.49999999999999994,0.8660254037844387,-0.8978045395707417,-0.44039415155763423,0.9749279121818236,-0.22252093395631434
0.0,0.0,0.0,0.0,0.0,0.26666666666666666,0.2632523901431842,0.49999999999999994,0.8660254037844387,-0.9680771188662041,-0.2506525322587213,0.43388373911755823,-0.900968867902419
0.0,0.0,0.0,0.0,0.0,0.26666666666666666,0.26329727546119663,0.49999999999999994,0.8660254037844387,-0.9987165071710528,-0.05064916883871355,-0.433883739117558,-0.9009688679024191
0.0,0.0,0.0,0.0,0.0,0.26666666666666666,0.26334216077920913,0.49999999999999994,0.8660254037844387,-0.9884683243281114,0.15142777750457667,-0.9749279121818236,-0.2225209339563146
0.0,0.0,0.0,0.0,0.0,0.26666666666666666,0.2634768167332466,0.49999999999999994,0.8660254037844387,-0.7247927872291207,0.6889669190756859,0.7818314824680298,0.6234898018587336
0.0,0.0,0.0,0.0,0.0,0.26666666666666666,0.2635217020512591,0.49999999999999994,0.8660254037844387,-0.5712682150947924,0.8207634412072763,0.9749279121818236,-0.22252093395631434
0.0,0.0,0.0,0.0,0.0,0.26666666666666666,0.2635665873692715,0.49999999999999994,0.8660254037844387,-0.3943558551133187,0.9189578116202306,0.43388373911755823,-0.900968867902419
0.0,0.6931471805599453,0.0,0.0,6.396929655216146,0.26666666666666666,0.263611472687284,0.49999999999999994,0.8660254037844387,-0.20129852008866114,0.9795299412524943,-0.433883739117558,-0.9009688679024191
0.0,-0.6931471805599453,0.0,0.0,-6.396929655216146,0.26666666666666666,0.26365635800529647,0.49999999999999994,0.8660254037844387,-2.4492935982947064e-16,1.0,-0.9749279121818236,-0.2225209339563146
0.0,0.0,0.0,0.0,0.0,0.26666666666666666,0.2637910139593339,0.8660254037844386,0.5000000000000001,0.5712682150947923,0.8207634412072763,0.7818314824680298,0.6234898018587336
0.0,0.0,0.0,0.0,0.0,0.26666666666666666,0.2638358992773464,0.8660254037844386,0.5000000000000001,0.72479278722912,0.6889669190756866,0.9749279121818236,-0.22252093395631434
0.0,0.0,0.0,0.0,0.0,0.26666666666666666,0.26388078459535885,0.8660254037844386,0.5000000000000001,0.8486442574947509,0.5289640103269624,0.43388373911755823,-0.900968867902419
0.0,0.0,0.0,0.0,0.0,0.26666666666666666,0.26392566991337135,0.8660254037844386,0.5000000000000001,0.9377521321470804,0.3473052528448203,-0.433883739117558,-0.9009688679024191
0.0,0.0,0.0,0.0,0.0,0.26666666666666666,0.26397055523138385,0.8660254037844386,0.5000000000000001,0.9884683243281114,0.1514277775045767,-0.9749279121818236,-0.2225209339563146
0.0,0.0,0.0,0.0,0.0,0.26666666666666666,0.26410521118542124,0.8660254037844386,0.5000000000000001,0.8978045395707416,-0.4403941515576344,0.7818314824680298,0.6234898018587336
0.0,0.0,0.0,0.0,0.0,0.26666666666666666,0.26415009650343374,0.8660254037844386,0.5000000000000001,0.7907757369376989,-0.6121059825476626,0.9749279121818236,-0.22252093395631434
0.0,0.6931471805599453,0.0,0.0,5.0106352940962555,0.26666666666666666,0.26419498182144624,0.8660254037844386,0.5000000000000001,0.6513724827222223,-0.758758122692791,0.43388373911755823,-0.900968867902419
0.0,-0.6931471805599453,0.0,0.0,-5.0106352940962555,0.26666666666666666,0.2642398671394587,0.8660254037844386,0.5000000000000001,0.48530196253108104,-0.8743466161445821,-0.433883739117558,-0.9009688679024191
0.0,0.0,0.0,0.0,0.0,0.26666666666666666,0.2642847524574712,0.8660254037844386,0.5000000000000001,0.29936312297335804,-0.9541392564000488,-0.9749279121818236,-0.2225209339563146
0.0,0.6931471805599453,0.0,0.0,3.4011973816621555,0.26666666666666666,0.26446429372952107,0.8660254037844386,0.5000000000000001,-0.4853019625310808,-0.8743466161445822,0.9749279121818236,-0.22252093395631434
0.0,-0.6931471805599453,0.0,0.0,-3.4011973816621555,0.26666666666666666,0.26450917904753357,0.8660254037844386,0.5000000000000001,-0.6513724827222217,-0.7587581226927913,0.43388373911755823,-0.900968867902419
0.0,0.0,0.0,0.0,0.0,0.26666666666666666,0.26455406436554607,0.8660254037844386,0.5000000000000001,-0.7907757369376986,-0.6121059825476627,-0.433883739117558,-0.9009688679024191
0.0,0.0,0.0,0.0,0.0,0.26666666666666666,0.2645989496835585,0.8660254037844386,0.5000000000000001,-0.8978045395707417,-0.44039415155763423,-0.9749279121818236,-0.2225209339563146
0.0,0.0,0.0,0.0,0.0,0.26666666666666666,0.26473360563759596,0.8660254037844386,0.5000000000000001,-0.9884683243281114,0.15142777750457667,0.7818314824680298,0.6234898018587336
0.0,0.0,0.0,0.0,0.0,0.26666666666666666,0.26477849095560846,0.8660254037844386,0.5000000000000001,-0.9377521321470804,0.3473052528448203,0.9749279121818236,-0.22252093395631434
0.0,0.6931471805599453,0.0,0.0,5.703782474656201,0.26666666666666666,0.2648233762736209,0.8660254037844386,0.5000000000000001,-0.8486442574947509,0.5289640103269624,0.43388373911755823,-0.900968867902419
0.0,-0.6931471805599453,0.0,0.0,-5.703782474656201,0.26666666666666666,0.2648682615916334,0.8660254037844386,0.5000000000000001,-0.7247927872291207,0.6889669190756859,-0.433883739117558,-0.9009688679024191
0.0,0.0,0.0,0.0,0.0,0.26666666666666666,0.26491314690964585,0.8660254037844386,0.5000000000000001,-0.5712682150947924,0.8207634412072763,-0.9749279121818236,-0.2225209339563146
0.0,0.0,0.0,0.0,0.0,0.26666666666666666,0.2650478028636833,1.0,6.123233995736766e-17,0.5712682150947923,0.8207634412072763,0.7818314824680298,0.6234898018587336
0.0,0.0,0.0,0.0,0.0,0.26666666666666666,0.2650926881816958,1.0,6.123233995736766e-17,0.72479278722912,0.6889669190756866,0.9749279121818236,-0.22252093395631434
0.0,0.6931471805599453,0.0,0.0,5.598421958998375,0.26666666666666666,0.2651375734997083,1.0,6.123233995736766e-17,0.8486442574947509,0.5289640103269624,0.43388373911755823,-0.900968867902419
0.0,0.0,0.0,0.0,-0.587786664902119,0.26666666666666666,0.26518245881772073,1.0,6.123233995736766e-17,0.9377521321470804,0.3473052528448203,-0.433883739117558,-0.9009688679024191
0.0,-0.6931471805599453,0.0,0.0,-5.0106352940962555,0.26666666666666666,0.26522734413573323,1.0,6.123233995736766e-17,0.9884683243281114,0.1514277775045767,-0.9749279121818236,-0.2225209339563146
0.0,0.0,0.0,0.0,0.0,0.26666666666666666,0.2653620000897707,1.0,6.123233995736766e-17,0.8978045395707416,-0.4403941515576344,0.7818314824680298,0.6234898018587336
0.0,0.0,0.0,0.0,0.0,0.26666666666666666,0.2654068854077831,1.0,6.123233995736766e-17,0.7907757369376989,-0.6121059825476626,0.9749279121818236,-0.22252093395631434
0.0,0.0,0.0,0.0,0.0,0.26666666666666666,0.2654517707257956,1.0,6.123233995736766e-17,0.6513724827222223,-0.758758122692791,0.43388373911755823,-0.900968867902419
0.0,0.0,0.0,0.0,0.0,0.26666666666666666,0.26549665604380807,1.0,6.123233995736766e-17,0.48530196253108104,-0.8743466161445821,-0.433883739117558,-0.9009688679024191
0.0,0.0,0.0,0.0,0.0,0.26666666666666666,0.26554154136182057,1.0,6.123233995736766e-17,0.29936312297335804,-0.9541392564000488,-0.9749279121818236,-0.2225209339563146
0.0,0.6931471805599453,0.0,0.0,4.0943445622221,0.26666666666666666,0.265676197315858,1.0,6.123233995736766e-17,-0.29936312297335776,-0.9541392564000489,0.7818314824680298,0.6234898018587336
0.0,0.0,0.0,0.0,-0.6931471805599453,0.26666666666666666,0.26572108263387045,1.0,6.123233995736766e-17,-0.4853019625310808,-0.8743466161445822,0.9749279121818236,-0.22252093395631434
0.0,-0.6931471805599453,0.0,0.0,-3.4011973816621555,0.26666666666666666,0.26576596795188295,1.0,6.123233995736766e-17,-0.6513724827222217,-0.7587581226927913,0.43388373911755823,-0.900968867902419
0.0,0.0,0.0,0.0,0.0,0.26666666666666666,0.26581085326989545,1.0,6.123233995736766e-17,-0.7907757369376986,-0.6121059825476627,-0.433883739117558,-0.9009688679024191
0.0,0.0,0.0,0.0,0.0,0.26666666666666666,0.2658557385879079,1.0,6.123233995736766e-17,-0.8978045395707417,-0.44039415155763423,-0.9749279121818236,-0.2225209339563146
0.0,0.0,0.0,0.0,0.0,0.26666666666666666,0.26599039454194534,1.0,6.123233995736766e-17,-0.9884683243281114,0.15142777750457667,0.7818314824680298,0.6234898018587336
0.0,0.0,0.0,0.0,0.0,0.26666666666666666,0.26603527985995784,1.0,6.123233995736766e-17,-0.9377521321470804,0.3473052528448203,0.9749279121818236,-0.22252093395631434
0.0,0.6931471805599453,0.0,0.0,7.649692623711514,0.26666666666666666,0.2660801651779703,1.0,6.123233995736766e-17,-0.8486442574947509,0.5289640103269624,0.43388373911755823,-0.900968867902419
0.0,0.0,0.0,0.0,0.8266785731844679,0.26666666666666666,0.2661250504959828,1.0,6.123233995736766e-17,-0.7247927872291207,0.6889669190756859,-0.433883739117558,-0.9009688679024191
0.0,-0.6931471805599453,0.0,0.0,-8.476371196895983,0.26666666666666666,0.2663045917680327,1.0,6.123233995736766e-17,-2.4492935982947064e-16,1.0,0.7818314824680298,0.6234898018587336
0.0,0.0,0.0,0.0,0.0,0.26666666666666666,0.26634947708604517,0.8660254037844387,-0.4999999999999998,0.20129852008866006,0.9795299412524945,0.9749279121818236,-0.22252093395631434
0.0,0.6931471805599453,0.0,0.0,5.703782474656201,0.26666666666666666,0.26639436240405767,0.8660254037844387,-0.4999999999999998,0.39435585511331855,0.9189578116202306,0.43388373911755823,-0.900968867902419
0.0,-0.6931471805599453,0.0,0.0,-5.703782474656201,0.26666666666666666,0.2664392477220701,0.8660254037844387,-0.4999999999999998,0.5712682150947923,0.8207634412072763,-0.433883739117558,-0.9009688679024191
0.0,0.0,0.0,0.0,0.0,0.26666666666666666,0.2664841330400826,0.8660254037844387,-0.4999999999999998,0.72479278722912,0.6889669190756866,-0.9749279121818236,-0.2225209339563146
0.0,0.0,0.0,0.0,0.0,0.26666666666666666,0.26661878899412006,0.8660254037844387,-0.4999999999999998,0.9884683243281114,0.1514277775045767,0.7818314824680298,0.6234898018587336
0.0,0.0,0.0,0.0,0.0,0.26666666666666666,0.2666636743121325,0.8660254037844387,-0.4999999999999998,0.9987165071710528,-0.05064916883871264,0.9749279121818236,-0.22252093395631434
0.0,0.0,0.0,0.0,0.0,0.26666666666666666,0.266708559630145,0.8660254037844387,-0.4999999999999998,0.9680771188662043,-0.2506525322587204,0.43388373911755823,-0.900968867902419
0.0,0.6931471805599453,0.0,0.0,10.308952660644293,0.26666666666666666,0.26675344494815745,0.8660254037844387,-0.4999999999999998,0.8978045395707416,-0.4403941515576344,-0.433883739117558,-0.9009688679024191
0.0,-0.6931471805599453,0.0,0.0,-10.308952660644293,0.26666666666666666,0.26679833026616995,0.8660254037844387,-0.4999999999999998,0.7907757369376989,-0.6121059825476626,-0.9749279121818236,-0.2225209339563146
0.0,0.6931471805599453,0.0,0.0,4.0943445622221,0.26666666666666666,0.2669329862202074,0.8660254037844387,-0.4999999999999998,0.29936312297335804,-0.9541392564000488,0.7818314824680298,0.6234898018587336
0.0,0.0,0.0,0.0,-0.6931471805599453,0.26666666666666666,0.2669778715382199,0.8660254037844387,-0.4999999999999998,0.10116832198743272,-0.994869323391895,0.9749279121818236,-0.22252093395631434
0.0,-0.6931471805599453,0.0,0.0,-3.4011973816621555,0.26666666666666666,0.26702275685623234,0.8660254037844387,-0.4999999999999998,-0.10116832198743204,-0.9948693233918952,0.43388373911755823,-0.900968867902419
0.0,0.0,0.0,0.0,0.0,0.26666666666666666,0.26706764217424483,0.8660254037844387,-0.4999999999999998,-0.29936312297335776,-0.9541392564000489,-0.433883739117558,-0.9009688679024191
0.0,0.6931471805599453,0.0,0.0,3.4011973816621555,0.26666666666666666,0.2671125274922573,0.8660254037844387,-0.4999999999999998,-0.4853019625310808,-0.8743466161445822,-0.9749279121818236,-0.2225209339563146
0.0,-0.6931471805599453,0.0,0.0,-3.4011973816621555,0.26666666666666666,0.2672471834462947,0.8660254037844387,-0.4999999999999998,-0.8978045395707417,-0.44039415155763423,0.7818314824680298,0.6234898018587336
0.0,0.6931471805599453,0.0,0.0,5.19295685089021,0.26666666666666666,0.2672920687643072,0.8660254037844387,-0.4999999999999998,-0.9680771188662041,-0.2506525322587213,0.9749279121818236,-0.22252093395631434
0.0,-0.6931471805599453,0.0,0.0,-5.19295685089021,0.26666666666666666,0.26733695408231967,0.8660254037844387,-0.4999999999999998,-0.9987165071710528,-0.05064916883871355,0.43388373911755823,-0.900968867902419
0.0,0.6931471805599453,0.0,0.0,6.984716320118266,0.26666666666666666,0.26738183940033217,0.8660254037844387,-0.4999999999999998,-0.9884683243281114,0.15142777750457667,-0.433883739117558,-0.9009688679024191
0.0,0.0,0.0,0.0,1.0986122886681098,0.26666666666666666,0.26742672471834467,0.8660254037844387,-0.4999999999999998,-0.9377521321470804,0.3473052528448203,-0.9749279121818236,-0.2225209339563146
0.0,-0.6931471805599453,0.0,0.0,-8.083328608786376,0.26666666666666666,0.26756138067238205,0.8660254037844387,-0.4999999999999998,-0.5712682150947924,0.8207634412072763,0.7818314824680298,0.6234898018587336
0.0,0.0,0.0,0.0,0.0,0.26666666666666666,0.26760626599039455,0.8660254037844387,-0.4999999999999998,-0.3943558551133187,0.9189578116202306,0.9749279121818236,-0.22252093395631434
0.0,0.0,0.0,0.0,0.0,0.26666666666666666,0.26765115130840705,0.8660254037844387,-0.4999999999999998,-0.20129852008866114,0.9795299412524943,0.43388373911755823,-0.900968867902419
0.0,0.0,0.0,0.0,0.0,0.26666666666666666,0.2676960366264195,0.5000000000000003,-0.8660254037844385,0.20129852008866006,0.9795299412524945,-0.433883739117558,-0.9009688679024191
0.0,0.0,0.0,0.0,0.0,0.26666666666666666,0.267740921944432,0.5000000000000003,-0.8660254037844385,0.39435585511331855,0.9189578116202306,-0.9749279121818236,-0.2225209339563146
0.0,0.0,0.0,0.0,0.0,0.26666666666666666,0.26787557789846944,0.5000000000000003,-0.8660254037844385,0.8486442574947509,0.5289640103269624,0.7818314824680298,0.6234898018587336
0.0,0.0,0.0,0.0,0.0,0.26666666666666666,0.2679204632164819,0.5000000000000003,-0.8660254037844385,0.9377521321470804,0.3473052528448203,0.9749279121818236,-0.22252093395631434
0.0,0.0,0.0,0.0,0.0,0.26666666666666666,0.2679653485344944,0.5000000000000003,-0.8660254037844385,0.9884683243281114,0.1514277775045767,0.43388373911755823,-0.900968867902419
0.0,0.6931471805599453,0.0,0.0,4.0943445622221,0.26666666666666666,0.2680102338525069,0.5000000000000003,-0.8660254037844385,0.9987165071710528,-0.05064916883871264,-0.433883739117558,-0.9009688679024191
0.0,-0.6931471805599453,0.0,0.0,-4.0943445622221,0.26666666666666666,0.26805511917051933,0.5000000000000003,-0.8660254037844385,0.9680771188662043,-0.2506525322587204,-0.9749279121818236,-0.2225209339563146
0.0,0.0,0.0,0.0,0.0,0.26666666666666666,0.2681897751245568,0.5000000000000003,-0.8660254037844385,0.6513724827222223,-0.758758122692791,0.7818314824680298,0.6234898018587336
0.0,0.0,0.0,0.0,0.0,0.26666666666666666,0.2682346604425693,0.5000000000000003,-0.8660254037844385,0.48530196253108104,-0.8743466161445821,0.9749279121818236,-0.22252093395631434
0.0,0.0,0.0,0.0,0.0,0.26666666666666666,0.2682795457605817,0.5000000000000003,-0.8660254037844385,0.29936312297335804,-0.9541392564000488,0.43388373911755823,-0.900968867902419
0.0,0.0,0.0,0.0,0.0,0.26666666666666666,0.2683244310785942,0.5000000000000003,-0.8660254037844385,0.10116832198743272,-0.994869323391895,-0.433883739117558,-0.9009688679024191
0.0,0.0,0.0,0.0,0.0,0.26666666666666666,0.26836931639660666,0.5000000000000003,-0.8660254037844385,-0.10116832198743204,-0.9948693233918952,-0.9749279121818236,-0.2225209339563146
0.0,0.0,0.0,0.0,0.0,0.26666666666666666,0.2685039723506441,0.5000000000000003,-0.8660254037844385,-0.6513724827222217,-0.7587581226927913,0.7818314824680298,0.6234898018587336
0.0,0.0,0.0,0.0,0.0,0.26666666666666666,0.2685488576686566,0.5000000000000003,-0.8660254037844385,-0.7907757369376986,-0.6121059825476627,0.9749279121818236,-0.22252093395631434
0.0,0.6931471805599453,0.0,0.0,5.703782474656201,0.26666666666666666,0.2685937429866691,0.5000000000000003,-0.8660254037844385,-0.8978045395707417,-0.44039415155763423,0.43388373911755823,-0.900968867902419
0.0,-0.6931471805599453,0.0,0.0,-5.703782474656201,0.26666666666666666,0.26863862830468155,0.5000000000000003,-0.8660254037844385,-0.9680771188662041,-0.2506525322587213,-0.433883739117558,-0.9009688679024191
0.0,0.0,0.0,0.0,0.0,0.26666666666666666,0.26868351362269405,0.5000000000000003,-0.8660254037844385,-0.9987165071710528,-0.05064916883871355,-0.9749279121818236,-0.2225209339563146
0.0,0.0,0.0,0.0,0.0,0.26666666666666666,0.26886305489474394,0.5000000000000003,-0.8660254037844385,-0.7247927872291207,0.6889669190756859,0.9749279121818236,-0.22252093395631434
0.0,0.0,0.0,0.0,0.0,0.26666666666666666,0.26890794021275644,0.5000000000000003,-0.8660254037844385,-0.5712682150947924,0.8207634412072763,0.43388373911755823,-0.900968867902419
0.0,0.0,0.0,0.0,0.0,0.26666666666666666,0.2689528255307689,0.5000000000000003,-0.8660254037844385,-0.3943558551133187,0.9189578116202306,-0.433883739117558,-0.9009688679024191
0.0,0.0,0.0,0.0,0.0,0.26666666666666666,0.2689977108487814,0.5000000000000003,-0.8660254037844385,-0.20129852008866114,0.9795299412524943,-0.9749279121818236,-0.2225209339563146
0.0,0.0,0.0,0.0,0.0,0.26666666666666666,0.2691323668028188,1.2246467991473532e-16,-1.0,0.39435585511331855,0.9189578116202306,0.7818314824680298,0.6234898018587336
0.0,0.0,0.0,0.0,0.0,0.26666666666666666,0.26917725212083127,1.2246467991473532e-16,-1.0,0.5712682150947923,0.8207634412072763,0.9749279121818236,-0.22252093395631434
0.0,0.0,0.0,0.0,0.0,0.26666666666666666,0.26922213743884377,1.2246467991473532e-16,-1.0,0.72479278722912,0.6889669190756866,0.43388373911755823,-0.900968867902419
0.0,0.0,0.0,0.0,0.0,0.26666666666666666,0.26926702275685627,1.2246467991473532e-16,-1.0,0.8486442574947509,0.5289640103269624,-0.433883739117558,-0.9009688679024191
0.0,0.0,0.0,0.0,0.0,0.26666666666666666,0.2693119080748687,1.2246467991473532e-16,-1.0,0.9377521321470804,0.3473052528448203,-0.9749279121818236,-0.2225209339563146
0.0,0.0,0.0,0.0,0.0,0.26666666666666666,0.26944656402890615,1.2246467991473532e-16,-1.0,0.9680771188662043,-0.2506525322587204,0.7818314824680298,0.6234898018587336
0.0,0.0,0.0,0.0,0.0,0.26666666666666666,0.26949144934691865,1.2246467991473532e-16,-1.0,0.8978045395707416,-0.4403941515576344,0.9749279121818236,-0.22252093395631434
0.0,0.0,0.0,0.0,0.0,0.26666666666666666,0.2695363346649311,1.2246467991473532e-16,-1.0,0.7907757369376989,-0.6121059825476626,0.43388373911755823,-0.900968867902419
0.0,0.0,0.0,0.0,0.0,0.26666666666666666,0.2695812199829436,1.2246467991473532e-16,-1.0,0.6513724827222223,-0.758758122692791,-0.433883739117558,-0.9009688679024191
0.0,0.0,0.0,0.0,0.0,0.26666666666666666,0.2696261053009561,1.2246467991473532e-16,-1.0,0.48530196253108104,-0.8743466161445821,-0.9749279121818236,-0.2225209339563146
0.0,0.0,0.0,0.0,0.0,0.26666666666666666,0.2697607612549935,1.2246467991473532e-16,-1.0,-0.10116832198743204,-0.9948693233918952,0.7818314824680298,0.6234898018587336
0.0,0.0,0.0,0.0,0.0,0.26666666666666666,0.269805646573006,1.2246467991473532e-16,-1.0,-0.29936312297335776,-0.9541392564000489,0.9749279121818236,-0.22252093395631434
0.0,0.0,0.0,0.0,0.0,0.26666666666666666,0.2698505318910185,1.2246467991473532e-16,-1.0,-0.4853019625310808,-0.8743466161445822,0.43388373911755823,-0.900968867902419
0.0,0.0,0.0,0.0,0.0,0.26666666666666666,0.26989541720903093,1.2246467991473532e-16,-1.0,-0.6513724827222217,-0.7587581226927913,-0.433883739117558,-0.9009688679024191
0.0,0.0,0.0,0.0,0.0,0.26666666666666666,0.26994030252704343,1.2246467991473532e-16,-1.0,-0.7907757369376986,-0.6121059825476627,-0.9749279121818236,-0.2225209339563146
0.0,0.0,0.0,0.0,0.0,0.26666666666666666,0.2700749584810809,1.2246467991473532e-16,-1.0,-0.9987165071710528,-0.05064916883871355,0.7818314824680298,0.6234898018587336
0.0,0.0,0.0,0.0,0.0,0.26666666666666666,0.2701198437990933,1.2246467991473532e-16,-1.0,-0.9884683243281114,0.15142777750457667,0.9749279121818236,-0.22252093395631434
0.0,0.0,0.0,0.0,0.0,0.26666666666666666,0.2701647291171058,1.2246467991473532e-16,-1.0,-0.9377521321470804,0.3473052528448203,0.43388373911755823,-0.900968867902419
0.0,0.0,0.0,0.0,0.0,0.26666666666666666,0.2702096144351183,1.2246467991473532e-16,-1.0,-0.8486442574947509,0.5289640103269624,-0.433883739117558,-0.9009688679024191
0.0,0.6931471805599453,0.0,0.0,8.006367567650246,0.26666666666666666,0.27025449975313076,1.2246467991473532e-16,-1.0,-0.7247927872291207,0.6889669190756859,-0.9749279121818236,-0.2225209339563146
0.0,-0.6931471805599453,0.0,0.0,-8.006367567650246,0.26666666666666666,0.2703891557071682,1.2246467991473532e-16,-1.0,-0.20129852008866114,0.9795299412524943,0.7818314824680298,0.6234898018587336
0.0,0.0,0.0,0.0,0.0,0.26666666666666666,0.2704340410251807,-0.4999999999999997,-0.8660254037844388,0.20129852008866006,0.9795299412524945,0.9749279121818236,-0.22252093395631434
0.0,0.6931471805599453,0.0,0.0,5.703782474656201,0.26666666666666666,0.27047892634319315,-0.4999999999999997,-0.8660254037844388,0.39435585511331855,0.9189578116202306,0.43388373911755823,-0.900968867902419
0.0,-0.6931471805599453,0.0,0.0,-5.703782474656201,0.26666666666666666,0.27052381166120565,-0.4999999999999997,-0.8660254037844388,0.5712682150947923,0.8207634412072763,-0.433883739117558,-0.9009688679024191
0.0,0.0,0.0,0.0,0.0,0.26666666666666666,0.27070335293325554,-0.4999999999999997,-0.8660254037844388,0.9884683243281114,0.1514277775045767,0.7818314824680298,0.6234898018587336
0.0,0.0,0.0,0.0,0.0,0.26666666666666666,0.27074823825126804,-0.4999999999999997,-0.8660254037844388,0.9987165071710528,-0.05064916883871264,0.9749279121818236,-0.22252093395631434
0.0,0.0,0.0,0.0,0.0,0.26666666666666666,0.2707931235692805,-0.4999999999999997,-0.8660254037844388,0.9680771188662043,-0.2506525322587204,0.43388373911755823,-0.900968867902419
0.0,0.0,0.0,0.0,0.0,0.26666666666666666,0.270838008887293,-0.4999999999999997,-0.8660254037844388,0.8978045395707416,-0.4403941515576344,-0.433883739117558,-0.9009688679024191
0.0,0.0,0.0,0.0,0.0,0.26666666666666666,0.2708828942053055,-0.4999999999999997,-0.8660254037844388,0.7907757369376989,-0.6121059825476626,-0.9749279121818236,-0.2225209339563146
0.0,0.0,0.0,0.0,0.0,0.26666666666666666,0.2710175501593429,-0.4999999999999997,-0.8660254037844388,0.29936312297335804,-0.9541392564000488,0.7818314824680298,0.6234898018587336
0.0,0.0,0.0,0.0,0.0,0.26666666666666666,0.27106243547735537,-0.4999999999999997,-0.8660254037844388,0.10116832198743272,-0.994869323391895,0.9749279121818236,-0.22252093395631434
0.0,0.0,0.0,0.0,0.0,0.26666666666666666,0.27110732079536787,-0.4999999999999997,-0.8660254037844388,-0.10116832198743204,-0.9948693233918952,0.43388373911755823,-0.900968867902419
0.0,0.0,0.0,0.0,0.0,0.26666666666666666,0.2711522061133803,-0.4999999999999997,-0.8660254037844388,-0.29936312297335776,-0.9541392564000489,-0.433883739117558,-0.9009688679024191
0.0,0.0,0.0,0.0,0.0,0.26666666666666666,0.2711970914313928,-0.4999999999999997,-0.8660254037844388,-0.4853019625310808,-0.8743466161445822,-0.9749279121818236,-0.2225209339563146
0.0,0.0,0.0,0.0,0.0,0.26666666666666666,0.27133174738543026,-0.4999999999999997,-0.8660254037844388,-0.8978045395707417,-0.44039415155763423,0.7818314824680298,0.6234898018587336
0.0,0.0,0.0,0.0,0.0,0.26666666666666666,0.2713766327034427,-0.4999999999999997,-0.8660254037844388,-0.9680771188662041,-0.2506525322587213,0.9749279121818236,-0.22252093395631434
0.0,0.0,0.0,0.0,0.0,0.26666666666666666,0.2714215180214552,-0.4999999999999997,-0.8660254037844388,-0.9987165071710528,-0.05064916883871355,0.43388373911755823,-0.900968867902419
0.0,0.0,0.0,0.0,0.0,0.26666666666666666,0.2714664033394677,-0.4999999999999997,-0.8660254037844388,-0.9884683243281114,0.15142777750457667,-0.433883739117558,-0.9009688679024191
0.0,0.0,0.0,0.0,0.0,0.26666666666666666,0.27151128865748014,-0.4999999999999997,-0.8660254037844388,-0.9377521321470804,0.3473052528448203,-0.9749279121818236,-0.2225209339563146
0.0,0.0,0.0,0.0,0.0,0.26666666666666666,0.2716459446115176,-0.4999999999999997,-0.8660254037844388,-0.5712682150947924,0.8207634412072763,0.7818314824680298,0.6234898018587336
0.0,0.0,0.0,0.0,0.0,0.26666666666666666,0.2716908299295301,-0.4999999999999997,-0.8660254037844388,-0.3943558551133187,0.9189578116202306,0.9749279121818236,-0.22252093395631434
0.0,0.6931471805599453,0.0,0.0,5.703782474656201,0.26666666666666666,0.27173571524754253,-0.4999999999999997,-0.8660254037844388,-0.20129852008866114,0.9795299412524943,0.43388373911755823,-0.900968867902419
0.0,-0.6931471805599453,0.0,0.0,-5.703782474656201,0.26666666666666666,0.27178060056555503,-0.4999999999999997,-0.8660254037844388,-2.4492935982947064e-16,1.0,-0.433883739117558,-0.9009688679024191
0.0,0.0,0.0,0.0,0.0,0.26666666666666666,0.27182548588356753,-0.8660254037844385,-0.5000000000000004,0.20129852008866006,0.9795299412524945,-0.9749279121818236,-0.2225209339563146
0.0,0.0,0.0,0.0,0.0,0.26666666666666666,0.2719601418376049,-0.8660254037844385,-0.5000000000000004,0.72479278722912,0.6889669190756866,0.7818314824680298,0.6234898018587336
0.0,0.0,0.0,0.0,0.0,0.26666666666666666,0.2720050271556174,-0.8660254037844385,-0.5000000000000004,0.8486442574947509,0.5289640103269624,0.9749279121818236,-0.22252093395631434
0.0,0.0,0.0,0.0,0.0,0.26666666666666666,0.2720499124736299,-0.8660254037844385,-0.5000000000000004,0.9377521321470804,0.3473052528448203,0.43388373911755823,-0.900968867902419
0.0,0.0,0.0,0.0,0.0,0.26666666666666666,0.27209479779164236,-0.8660254037844385,-0.5000000000000004,0.9884683243281114,0.1514277775045767,-0.433883739117558,-0.9009688679024191
0.0,0.0,0.0,0.0,0.0,0.26666666666666666,0.27213968310965486,-0.8660254037844385,-0.5000000000000004,0.9987165071710528,-0.05064916883871264,-0.9749279121818236,-0.2225209339563146
0.0,0.0,0.0,0.0,0.0,0.26666666666666666,0.2722743390636923,-0.8660254037844385,-0.5000000000000004,0.7907757369376989,-0.6121059825476626,0.7818314824680298,0.6234898018587336
0.0,0.0,0.0,0.0,0.0,0.26666666666666666,0.27231922438170475,-0.8660254037844385,-0.5000000000000004,0.6513724827222223,-0.758758122692791,0.9749279121818236,-0.22252093395631434
0.0,0.0,0.0,0.0,0.0,0.26666666666666666,0.27236410969971725,-0.8660254037844385,-0.5000000000000004,0.48530196253108104,-0.8743466161445821,0.43388373911755823,-0.900968867902419
0.0,0.0,0.0,0.0,0.0,0.26666666666666666,0.2724089950177297,-0.8660254037844385,-0.5000000000000004,0.29936312297335804,-0.9541392564000488,-0.433883739117558,-0.9009688679024191
0.0,0.0,0.0,0.0,0.0,0.26666666666666666,0.2724538803357422,-0.8660254037844385,-0.5000000000000004,0.10116832198743272,-0.994869323391895,-0.9749279121818236,-0.2225209339563146
0.0,0.0,0.0,0.0,0.0,0.26666666666666666,0.27258853628977964,-0.8660254037844385,-0.5000000000000004,-0.4853019625310808,-0.8743466161445822,0.7818314824680298,0.6234898018587336
0.0,0.0,0.0,0.0,0.0,0.26666666666666666,0.2726334216077921,-0.8660254037844385,-0.5000000000000004,-0.6513724827222217,-0.7587581226927913,0.9749279121818236,-0.22252093395631434
0.0,0.0,0.0,0.0,0.0,0.26666666666666666,0.2726783069258046,-0.8660254037844385,-0.5000000000000004,-0.7907757369376986,-0.6121059825476627,0.43388373911755823,-0.900968867902419
0.0,0.0,0.0,0.0,0.0,0.26666666666666666,0.2727231922438171,-0.8660254037844385,-0.5000000000000004,-0.8978045395707417,-0.44039415155763423,-0.433883739117558,-0.9009688679024191
0.0,0.0,0.0,0.0,0.0,0.26666666666666666,0.2727680775618295,-0.8660254037844385,-0.5000000000000004,-0.9680771188662041,-0.2506525322587213,-0.9749279121818236,-0.2225209339563146
0.0,0.0,0.0,0.0,0.0,0.26666666666666666,0.27290273351586697,-0.8660254037844385,-0.5000000000000004,-0.9377521321470804,0.3473052528448203,0.7818314824680298,0.6234898018587336
0.0,0.0,0.0,0.0,0.0,0.26666666666666666,0.27294761883387947,-0.8660254037844385,-0.5000000000000004,-0.8486442574947509,0.5289640103269624,0.9749279121818236,-0.22252093395631434
0.0,0.6931471805599453,0.0,0.0,10.308952660644293,0.26666666666666666,0.2729925041518919,-0.8660254037844385,-0.5000000000000004,-0.7247927872291207,0.6889669190756859,0.43388373911755823,-0.900968867902419
0.0,-0.6931471805599453,0.0,0.0,-10.308952660644293,0.26666666666666666,0.2730373894699044,-0.8660254037844385,-0.5000000000000004,-0.5712682150947924,0.8207634412072763,-0.433883739117558,-0.9009688679024191
0.0,0.0,0.0,0.0,0.0,0.26666666666666666,0.2730822747879169,-0.8660254037844385,-0.5000000000000004,-0.3943558551133187,0.9189578116202306,-0.9749279121818236,-0.2225209339563146
0.0,0.6931471805599453,0.0,0.0,3.4011973816621555,0.26666666666666666,0.2732618160599668,-1.0,-1.8369701987210297e-16,0.39435585511331855,0.9189578116202306,0.9749279121818236,-0.22252093395631434
0.0,-0.6931471805599453,0.0,0.0,-3.4011973816621555,0.26666666666666666,0.2733067013779793,-1.0,-1.8369701987210297e-16,0.5712682150947923,0.8207634412072763,0.43388373911755823,-0.900968867902419
0.0,0.0,0.0,0.0,0.0,0.26666666666666666,0.27335158669599174,-1.0,-1.8369701987210297e-16,0.72479278722912,0.6889669190756866,-0.433883739117558,-0.9009688679024191
0.0,0.0,0.0,0.0,0.0,0.26666666666666666,0.27339647201400424,-1.0,-1.8369701987210297e-16,0.8486442574947509,0.5289640103269624,-0.9749279121818236,-0.2225209339563146
0.0,0.0,0.0,0.0,0.0,0.26666666666666666,0.2735311279680417,-1.0,-1.8369701987210297e-16,0.9987165071710528,-0.05064916883871264,0.7818314824680298,0.6234898018587336
0.0,0.0,0.0,0.0,0.0,0.26666666666666666,0.27357601328605413,-1.0,-1.8369701987210297e-16,0.9680771188662043,-0.2506525322587204,0.9749279121818236,-0.22252093395631434
0.0,0.0,0.0,0.0,0.0,0.26666666666666666,0.27362089860406663,-1.0,-1.8369701987210297e-16,0.8978045395707416,-0.4403941515576344,0.43388373911755823,-0.900968867902419
0.0,0.0,0.0,0.0,0.0,0.26666666666666666,0.27366578392207913,-1.0,-1.8369701987210297e-16,0.7907757369376989,-0.6121059825476626,-0.433883739117558,-0.9009688679024191
0.0,0.6931471805599453,0.0,0.0,8.006367567650246,0.26666666666666666,0.2737106692400916,-1.0,-1.8369701987210297e-16,0.6513724827222223,-0.758758122692791,-0.9749279121818236,-0.2225209339563146
0.0,-0.6931471805599453,0.0,0.0,-8.006367567650246,0.26666666666666666,0.273845325194129,-1.0,-1.8369701987210297e-16,0.10116832198743272,-0.994869323391895,0.7818314824680298,0.6234898018587336
0.0,0.0,0.0,0.0,0.0,0.26666666666666666,0.2738902105121415,-1.0,-1.8369701987210297e-16,-0.10116832198743204,-0.9948693233918952,0.9749279121818236,-0.22252093395631434
0.0,0.0,0.0,0.0,0.0,0.26666666666666666,0.27393509583015396,-1.0,-1.8369701987210297e-16,-0.29936312297335776,-0.9541392564000489,0.43388373911755823,-0.900968867902419
0.0,0.0,0.0,0.0,0.0,0.26666666666666666,0.27397998114816646,-1.0,-1.8369701987210297e-16,-0.4853019625310808,-0.8743466161445822,-0.433883739117558,-0.9009688679024191
0.0,0.0,0.0,0.0,0.0,0.26666666666666666,0.2740248664661789,-1.0,-1.8369701987210297e-16,-0.6513724827222217,-0.7587581226927913,-0.9749279121818236,-0.2225209339563146
0.0,0.0,0.0,0.0,0.0,0.26666666666666666,0.27415952242021635,-1.0,-1.8369701987210297e-16,-0.9680771188662041,-0.2506525322587213,0.7818314824680298,0.6234898018587336
0.0,0.0,0.0,0.0,0.0,0.26666666666666666,0.27420440773822885,-1.0,-1.8369701987210297e-16,-0.9987165071710528,-0.05064916883871355,0.9749279121818236,-0.22252093395631434
0.0,0.0,0.0,0.0,0.0,0.26666666666666666,0.2742492930562413,-1.0,-1.8369701987210297e-16,-0.9884683243281114,0.15142777750457667,0.43388373911755823,-0.900968867902419
0.0,0.0,0.0,0.0,0.0,0.26666666666666666,0.2742941783742538,-1.0,-1.8369701987210297e-16,-0.9377521321470804,0.3473052528448203,-0.433883739117558,-0.9009688679024191
0.0,0.0,0.0,0.0,0.0,0.26666666666666666,0.2743390636922663,-1.0,-1.8369701987210297e-16,-0.8486442574947509,0.5289640103269624,-0.9749279121818236,-0.2225209339563146
0.0,0.0,0.0,0.0,0.0,0.26666666666666666,0.27447371964630374,-1.0,-1.8369701987210297e-16,-0.3943558551133187,0.9189578116202306,0.7818314824680298,0.6234898018587336
0.0,0.6931471805599453,0.0,0.0,4.499809670330265,0.26666666666666666,0.2745186049643162,-1.0,-1.8369701987210297e-16,-0.20129852008866114,0.9795299412524943,0.9749279121818236,-0.22252093395631434
0.0,-0.6931471805599453,0.0,0.0,-4.499809670330265,0.26666666666666666,0.2745634902823287,-0.866025403784439,0.49999999999999933,0.20129852008866006,0.9795299412524945,0.43388373911755823,-0.900968867902419
0.0,0.0,0.0,0.0,0.0,0.26666666666666666,0.2746083756003411,-0.866025403784439,0.49999999999999933,0.39435585511331855,0.9189578116202306,-0.433883739117558,-0.9009688679024191
0.0,0.0,0.0,0.0,0.0,0.26666666666666666,0.2746532609183536,-0.866025403784439,0.49999999999999933,0.5712682150947923,0.8207634412072763,-0.9749279121818236,-0.2225209339563146
0.0,0.0,0.0,0.0,0.0,0.26666666666666666,0.27478791687239107,-0.866025403784439,0.49999999999999933,0.9377521321470804,0.3473052528448203,0.7818314824680298,0.6234898018587336
0.0,0.0,0.0,0.0,0.0,0.26666666666666666,0.2748328021904035,-0.866025403784439,0.49999999999999933,0.9884683243281114,0.1514277775045767,0.9749279121818236,-0.22252093395631434
0.0,0.0,0.0,0.0,0.0,0.26666666666666666,0.274877687508416,-0.866025403784439,0.49999999999999933,0.9987165071710528,-0.05064916883871264,0.43388373911755823,-0.900968867902419
0.0,0.6931471805599453,0.0,0.0,8.006367567650246,0.26666666666666666,0.2749225728264285,-0.866025403784439,0.49999999999999933,0.9680771188662043,-0.2506525322587204,-0.433883739117558,-0.9009688679024191
0.0,-0.6931471805599453,0.0,0.0,-8.006367567650246,0.26666666666666666,0.27496745814444096,-0.866025403784439,0.49999999999999933,0.8978045395707416,-0.4403941515576344,-0.9749279121818236,-0.2225209339563146
0.0,0.0,0.0,0.0,0.0,0.26666666666666666,0.2751021140984784,-0.866025403784439,0.49999999999999933,0.48530196253108104,-0.8743466161445821,0.7818314824680298,0.6234898018587336
0.0,0.6931471805599453,0.0,0.0,5.703782474656201,0.26666666666666666,0.2751469994164909,-0.866025403784439,0.49999999999999933,0.29936312297335804,-0.9541392564000488,0.9749279121818236,-0.22252093395631434
0.0,-0.6931471805599453,0.0,0.0,-5.703782474656201,0.26666666666666666,0.27519188473450334,-0.866025403784439,0.49999999999999933,0.10116832198743272,-0.994869323391895,0.43388373911755823,-0.900968867902419
0.0,0.0,0.0,0.0,0.0,0.26666666666666666,0.27523677005251584,-0.866025403784439,0.49999999999999933,-0.10116832198743204,-0.9948693233918952,-0.433883739117558,-0.9009688679024191
0.0,0.0,0.0,0.0,0.0,0.26666666666666666,0.27528165537052834,-0.866025403784439,0.49999999999999933,-0.29936312297335776,-0.9541392564000489,-0.9749279121818236,-0.2225209339563146
0.0,0.6931471805599453,0.0,0.0,5.703782474656201,0.26666666666666666,0.27541631132456573,-0.866025403784439,0.49999999999999933,-0.7907757369376986,-0.6121059825476627,0.7818314824680298,0.6234898018587336
0.0,0.0,0.0,0.0,0.6931471805599453,0.26666666666666666,0.27546119664257823,-0.866025403784439,0.49999999999999933,-0.8978045395707417,-0.44039415155763423,0.9749279121818236,-0.22252093395631434
0.0,-0.6931471805599453,0.0,0.0,-6.396929655216146,0.26666666666666666,0.27550608196059073,-0.866025403784439,0.49999999999999933,-0.9680771188662041,-0.2506525322587213,0.43388373911755823,-0.900968867902419
0.0,0.0,0.0,0.0,0.0,0.26666666666666666,0.2755509672786032,-0.866025403784439,0.49999999999999933,-0.9987165071710528,-0.05064916883871355,-0.433883739117558,-0.9009688679024191
0.0,0.0,0.0,0.0,0.0,0.26666666666666666,0.2755958525966157,-0.866025403784439,0.49999999999999933,-0.9884683243281114,0.15142777750457667,-0.9749279121818236,-0.2225209339563146
0.0,0.6931471805599453,0.0,0.0,9.392661928770137,0.26666666666666666,0.2757305085506531,-0.866025403784439,0.49999999999999933,-0.7247927872291207,0.6889669190756859,0.7818314824680298,0.6234898018587336
0.0,0.0,0.0,0.0,-1.3862943611198906,0.26666666666666666,0.27577539386866556,-0.866025403784439,0.49999999999999933,-0.5712682150947924,0.8207634412072763,0.9749279121818236,-0.22252093395631434
0.0,0.0,0.0,0.0,-2.995732273553991,0.26666666666666666,0.27582027918667806,-0.866025403784439,0.49999999999999933,-0.3943558551133187,0.9189578116202306,0.43388373911755823,-0.900968867902419
0.0,-0.6931471805599453,0.0,0.0,-5.0106352940962555,0.26666666666666666,0.2758651645046905,-0.866025403784439,0.49999999999999933,-0.20129852008866114,0.9795299412524943,-0.433883739117558,-0.9009688679024191
0.0,0.0,0.0,0.0,0.0,0.26666666666666666,0.275910049822703,-0.866025403784439,0.49999999999999933,-2.4492935982947064e-16,1.0,-0.9749279121818236,-0.2225209339563146
0.0,0.6931471805599453,0.0,0.0,3.4011973816621555,0.26666666666666666,0.27604470577674045,-0.5000000000000012,0.8660254037844379,0.5712682150947923,0.8207634412072763,0.7818314824680298,0.6234898018587336
0.0,-0.6931471805599453,0.0,0.0,-3.4011973816621555,0.26666666666666666,0.27608959109475295,-0.5000000000000012,0.8660254037844379,0.72479278722912,0.6889669190756866,0.9749279121818236,-0.22252093395631434
0.0,0.0,0.0,0.0,0.0,0.26666666666666666,0.2761344764127654,-0.5000000000000012,0.8660254037844379,0.8486442574947509,0.5289640103269624,0.43388373911755823,-0.900968867902419
0.0,0.0,0.0,0.0,0.0,0.26666666666666666,0.2761793617307779,-0.5000000000000012,0.8660254037844379,0.9377521321470804,0.3473052528448203,-0.433883739117558,-0.9009688679024191
0.0,0.0,0.0,0.0,0.0,0.26666666666666666,0.27622424704879034,-0.5000000000000012,0.8660254037844379,0.9884683243281114,0.1514277775045767,-0.9749279121818236,-0.2225209339563146
0.0,0.0,0.0,0.0,0.0,0.26666666666666666,0.2763589030028278,-0.5000000000000012,0.8660254037844379,0.8978045395707416,-0.4403941515576344,0.7818314824680298,0.6234898018587336
0.0,0.6931471805599453,0.0,0.0,5.0106352940962555,0.26666666666666666,0.2764037883208403,-0.5000000000000012,0.8660254037844379,0.7907757369376989,-0.6121059825476626,0.9749279121818236,-0.22252093395631434
0.0,-0.6931471805599453,0.0,0.0,-5.0106352940962555,0.26666666666666666,0.2764486736388527,-0.5000000000000012,0.8660254037844379,0.6513724827222223,-0.758758122692791,0.43388373911755823,-0.900968867902419
0.0,0.0,0.0,0.0,0.0,0.26666666666666666,0.2764935589568652,-0.5000000000000012,0.8660254037844379,0.48530196253108104,-0.8743466161445821,-0.433883739117558,-0.9009688679024191
0.0,0.6931471805599453,0.0,0.0,6.536691597591305,0.26666666666666666,0.2765384442748777,-0.5000000000000012,0.8660254037844379,0.29936312297335804,-0.9541392564000488,-0.9749279121818236,-0.2225209339563146
0.0,-0.6931471805599453,0.0,0.0,-6.536691597591305,0.26666666666666666,0.2766731002289151,-0.5000000000000012,0.8660254037844379,-0.29936312297335776,-0.9541392564000489,0.7818314824680298,0.6234898018587336
0.0,0.0,0.0,0.0,0.0,0.26666666666666666,0.2767179855469276,-0.5000000000000012,0.8660254037844379,-0.4853019625310808,-0.8743466161445822,0.9749279121818236,-0.22252093395631434
0.0,0.6931471805599453,0.0,0.0,8.268731832117737,0.26666666666666666,0.2767628708649401,-0.5000000000000012,0.8660254037844379,-0.6513724827222217,-0.7587581226927913,0.43388373911755823,-0.900968867902419
0.0,-0.6931471805599453,0.0,0.0,-8.268731832117737,0.26666666666666666,0.27680775618295256,-0.5000000000000012,0.8660254037844379,-0.7907757369376986,-0.6121059825476627,-0.433883739117558,-0.9009688679024191
0.0,0.0,0.0,0.0,0.0,0.26666666666666666,0.27685264150096506,-0.5000000000000012,0.8660254037844379,-0.8978045395707417,-0.44039415155763423,-0.9749279121818236,-0.2225209339563146
0.0,0.0,0.0,0.0,0.0,0.26666666666666666,0.2769872974550025,-0.5000000000000012,0.8660254037844379,-0.9884683243281114,0.15142777750457667,0.7818314824680298,0.6234898018587336
0.0,0.0,0.0,0.0,0.0,0.26666666666666666,0.27703218277301495,-0.5000000000000012,0.8660254037844379,-0.9377521321470804,0.3473052528448203,0.9749279121818236,-0.22252093395631434
0.0,0.0,0.0,0.0,0.0,0.26666666666666666,0.27707706809102745,-0.5000000000000012,0.8660254037844379,-0.8486442574947509,0.5289640103269624,0.43388373911755823,-0.900968867902419
0.0,0.0,0.0,0.0,0.0,0.26666666666666666,0.2771668387270524,-0.5000000000000012,0.8660254037844379,-0.5712682150947924,0.8207634412072763,-0.9749279121818236,-0.2225209339563146
0.0,0.6931471805599453,0.0,0.0,4.0943445622221,0.26666666666666666,0.27730149468108983,-2.4492935982947064e-16,1.0,0.20129852008866006,0.9795299412524945,0.7818314824680298,0.6234898018587336
0.0,0.0,0.0,0.0,3.2188758248682006,0.26666666666666666,0.27734637999910233,-2.4492935982947064e-16,1.0,0.39435585511331855,0.9189578116202306,0.9749279121818236,-0.22252093395631434
0.0,-0.6931471805599453,0.0,0.0,-7.313220387090301,0.26666666666666666,0.2773912653171148,-2.4492935982947064e-16,1.0,0.5712682150947923,0.8207634412072763,0.43388373911755823,-0.900968867902419
0.0,0.6931471805599453,0.0,0.0,8.196987927258897,0.26666666666666666,0.2774361506351273,-2.4492935982947064e-16,1.0,0.72479278722912,0.6889669190756866,-0.433883739117558,-0.9009688679024191
0.0,-0.6931471805599453,0.0,0.0,-8.196987927258897,0.26666666666666666,0.2774810359531397,-2.4492935982947064e-16,1.0,0.8486442574947509,0.5289640103269624,-0.9749279121818236,-0.2225209339563146
0.0,0.6931471805599453,0.0,0.0,6.802394763324311,0.26666666666666666,0.27761569190717716,-2.4492935982947064e-16,1.0,0.9987165071710528,-0.05064916883871264,0.7818314824680298,0.6234898018587336
0.0,-0.6931471805599453,0.0,0.0,-6.802394763324311,0.26666666666666666,0.27766057722518966,-2.4492935982947064e-16,1.0,0.9680771188662043,-0.2506525322587204,0.9749279121818236,-0.22252093395631434
0.0,0.6931471805599453,0.0,0.0,5.703782474656201,0.26666666666666666,0.27770546254320216,-2.4492935982947064e-16,1.0,0.8978045395707416,-0.4403941515576344,0.43388373911755823,-0.900968867902419
0.0,0.0,0.0,0.0,-1.6094379124341003,0.26666666666666666,0.2777503478612146,-2.4492935982947064e-16,1.0,0.7907757369376989,-0.6121059825476626,-0.433883739117558,-0.9009688679024191
0.0,0.0,0.0,0.0,0.4054651081081644,0.26666666666666666,0.2777952331792271,-2.4492935982947064e-16,1.0,0.6513724827222223,-0.758758122692791,-0.9749279121818236,-0.2225209339563146
0.0,0.0,0.0,0.0,1.2039728043259361,0.26666666666666666,0.27792988913326455,-2.4492935982947064e-16,1.0,0.10116832198743272,-0.994869323391895,0.7818314824680298,0.6234898018587336
0.0,0.0,0.0,0.0,-5.703782474656201,0.26666666666666666,0.277974774451277,-2.4492935982947064e-16,1.0,-0.10116832198743204,-0.9948693233918952,0.9749279121818236,-0.22252093395631434
0.0,0.0,0.0,0.0,6.956545443151569,0.26666666666666666,0.2780196597692895,-2.4492935982947064e-16,1.0,-0.29936312297335776,-0.9541392564000489,0.43388373911755823,-0.900968867902419
0.0,-0.6931471805599453,0.0,0.0,-6.956545443151569,0.26666666666666666,0.27806454508730194,-2.4492935982947064e-16,1.0,-0.4853019625310808,-0.8743466161445822,-0.433883739117558,-0.9009688679024191
0.0,0.0,0.0,0.0,0.0,0.26666666666666666,0.27810943040531444,-2.4492935982947064e-16,1.0,-0.6513724827222217,-0.7587581226927913,-0.9749279121818236,-0.2225209339563146
0.0,0.6931471805599453,0.0,0.0,4.0943445622221,0.26666666666666666,0.2782440863593519,-2.4492935982947064e-16,1.0,-0.9680771188662041,-0.2506525322587213,0.7818314824680298,0.6234898018587336
0.0,-0.6931471805599453,0.0,0.0,-4.0943445622221,0.26666666666666666,0.2782889716773643,-2.4492935982947064e-16,1.0,-0.9987165071710528,-0.05064916883871355,0.9749279121818236,-0.22252093395631434
0.0,0.6931471805599453,0.0,0.0,7.064759027791802,0.26666666666666666,0.2783338569953768,-2.4492935982947064e-16,1.0,-0.9884683243281114,0.15142777750457667,0.43388373911755823,-0.900968867902419
0.0,-0.6931471805599453,0.0,0.0,-7.064759027791802,0.26666666666666666,0.27842362763140177,-2.4492935982947064e-16,1.0,-0.8486442574947509,0.5289640103269624,-0.9749279121818236,-0.2225209339563146
0.0,0.0,0.0,0.0,0.0,0.26666666666666666,0.2785582835854392,-2.4492935982947064e-16,1.0,-0.3943558551133187,0.9189578116202306,0.7818314824680298,0.6234898018587336
0.0,0.6931471805599453,0.0,0.0,5.0106352940962555,0.26666666666666666,0.2786031689034517,-2.4492935982947064e-16,1.0,-0.20129852008866114,0.9795299412524943,0.9749279121818236,-0.22252093395631434
0.0,-0.6931471805599453,0.0,0.0,-5.0106352940962555,0.26666666666666666,0.27864805422146416,-2.4492935982947064e-16,1.0,-2.4492935982947064e-16,1.0,0.43388373911755823,-0.900968867902419
0.0,0.0,0.0,0.0,0.0,0.2833333333333333,0.27873782485748916,0.49999999999999994,0.8660254037844387,0.39435585511331855,0.9189578116202306,-0.9749279121818236,-0.2225209339563146
0.0,0.6931471805599453,0.0,0.0,3.4011973816621555,0.2833333333333333,0.27887248081152655,0.49999999999999994,0.8660254037844387,0.8486442574947509,0.5289640103269624,0.7818314824680298,0.6234898018587336
0.0,-0.6931471805599453,0.0,0.0,-3.4011973816621555,0.2833333333333333,0.27891736612953905,0.49999999999999994,0.8660254037844387,0.9377521321470804,0.3473052528448203,0.9749279121818236,-0.22252093395631434
0.0,0.6931471805599453,0.0,0.0,5.19295685089021,0.2833333333333333,0.27896225144755155,0.49999999999999994,0.8660254037844387,0.9884683243281114,0.1514277775045767,0.43388373911755823,-0.900968867902419
0.0,-0.6931471805599453,0.0,0.0,-5.19295685089021,0.2833333333333333,0.279007136765564,0.49999999999999994,0.8660254037844387,0.9987165071710528,-0.05064916883871264,-0.433883739117558,-0.9009688679024191
0.0,0.6931471805599453,0.0,0.0,4.0943445622221,0.2833333333333333,0.2790520220835765,0.49999999999999994,0.8660254037844387,0.9680771188662043,-0.2506525322587204,-0.9749279121818236,-0.2225209339563146
0.0,0.0,0.0,0.0,0.0,0.2833333333333333,0.27918667803761393,0.49999999999999994,0.8660254037844387,0.6513724827222223,-0.758758122692791,0.7818314824680298,0.6234898018587336
0.0,-0.6931471805599453,0.0,0.0,-4.0943445622221,0.2833333333333333,0.2792315633556264,0.49999999999999994,0.8660254037844387,0.48530196253108104,-0.8743466161445821,0.9749279121818236,-0.22252093395631434
0.0,0.0,0.0,0.0,0.0,0.2833333333333333,0.2792764486736389,0.49999999999999994,0.8660254037844387,0.29936312297335804,-0.9541392564000488,0.43388373911755823,-0.900968867902419
0.0,0.0,0.0,0.0,0.0,0.2833333333333333,0.2793213339916513,0.49999999999999994,0.8660254037844387,0.10116832198743272,-0.994869323391895,-0.433883739117558,-0.9009688679024191
0.0,0.6931471805599453,0.0,0.0,5.703782474656201,0.2833333333333333,0.2793662193096638,0.49999999999999994,0.8660254037844387,-0.10116832198743204,-0.9948693233918952,-0.9749279121818236,-0.2225209339563146
0.0,-0.6931471805599453,0.0,0.0,-5.703782474656201,0.2833333333333333,0.27950087526370127,0.49999999999999994,0.8660254037844387,-0.6513724827222217,-0.7587581226927913,0.7818314824680298,0.6234898018587336
0.0,0.6931471805599453,0.0,0.0,5.0106352940962555,0.2833333333333333,0.27954576058171376,0.49999999999999994,0.8660254037844387,-0.7907757369376986,-0.6121059825476627,0.9749279121818236,-0.22252093395631434
0.0,0.0,0.0,0.0,0.0,0.2833333333333333,0.2795906458997262,0.49999999999999994,0.8660254037844387,-0.8978045395707417,-0.44039415155763423,0.43388373911755823,-0.900968867902419
0.0,-0.6931471805599453,0.0,0.0,-5.0106352940962555,0.2833333333333333,0.2796355312177387,0.49999999999999994,0.8660254037844387,-0.9680771188662041,-0.2506525322587213,-0.433883739117558,-0.9009688679024191
0.0,0.0,0.0,0.0,0.0,0.2833333333333333,0.27968041653575115,0.49999999999999994,0.8660254037844387,-0.9987165071710528,-0.05064916883871355,-0.9749279121818236,-0.2225209339563146
0.0,0.6931471805599453,0.0,0.0,7.313220387090301,0.2833333333333333,0.2798150724897886,0.49999999999999994,0.8660254037844387,-0.8486442574947509,0.5289640103269624,0.7818314824680298,0.6234898018587336
0.0,-0.6931471805599453,0.0,0.0,-7.313220387090301,0.2833333333333333,0.2798599578078011,0.49999999999999994,0.8660254037844387,-0.7247927872291207,0.6889669190756859,0.9749279121818236,-0.22252093395631434
0.0,0.0,0.0,0.0,0.0,0.2833333333333333,0.27990484312581354,0.49999999999999994,0.8660254037844387,-0.5712682150947924,0.8207634412072763,0.43388373911755823,-0.900968867902419
0.0,0.0,0.0,0.0,0.0,0.2833333333333333,0.27994972844382604,0.49999999999999994,0.8660254037844387,-0.3943558551133187,0.9189578116202306,-0.433883739117558,-0.9009688679024191
0.0,0.0,0.0,0.0,0.0,0.2833333333333333,0.27999461376183854,0.49999999999999994,0.8660254037844387,-0.20129852008866114,0.9795299412524943,-0.9749279121818236,-0.2225209339563146
0.0,0.0,0.0,0.0,0.0,0.2833333333333333,0.28012926971587593,0.8660254037844386,0.5000000000000001,0.39435585511331855,0.9189578116202306,0.7818314824680298,0.6234898018587336
0.0,0.0,0.0,0.0,0.0,0.2833333333333333,0.28017415503388843,0.8660254037844386,0.5000000000000001,0.5712682150947923,0.8207634412072763,0.9749279121818236,-0.22252093395631434
0.0,0.6931471805599453,0.0,0.0,4.0943445622221,0.2833333333333333,0.2802190403519009,0.8660254037844386,0.5000000000000001,0.72479278722912,0.6889669190756866,0.43388373911755823,-0.900968867902419
0.0,-0.6931471805599453,0.0,0.0,-4.0943445622221,0.2833333333333333,0.28026392566991337,0.8660254037844386,0.5000000000000001,0.8486442574947509,0.5289640103269624,-0.433883739117558,-0.9009688679024191
0.0,0.0,0.0,0.0,0.0,0.2833333333333333,0.28030881098792587,0.8660254037844386,0.5000000000000001,0.9377521321470804,0.3473052528448203,-0.9749279121818236,-0.2225209339563146
0.0,0.0,0.0,0.0,0.0,0.2833333333333333,0.2804434669419633,0.8660254037844386,0.5000000000000001,0.9680771188662043,-0.2506525322587204,0.7818314824680298,0.6234898018587336
0.0,0.0,0.0,0.0,0.0,0.2833333333333333,0.28048835225997576,0.8660254037844386,0.5000000000000001,0.8978045395707416,-0.4403941515576344,0.9749279121818236,-0.22252093395631434
0.0,0.0,0.0,0.0,0.0,0.2833333333333333,0.28053323757798826,0.8660254037844386,0.5000000000000001,0.7907757369376989,-0.6121059825476626,0.43388373911755823,-0.900968867902419
0.0,0.0,0.0,0.0,0.0,0.2833333333333333,0.28057812289600076,0.8660254037844386,0.5000000000000001,0.6513724827222223,-0.758758122692791,-0.433883739117558,-0.9009688679024191
0.0,0.0,0.0,0.0,0.0,0.2833333333333333,0.2806230082140132,0.8660254037844386,0.5000000000000001,0.48530196253108104,-0.8743466161445821,-0.9749279121818236,-0.2225209339563146
0.0,0.6931471805599453,0.0,0.0,6.1092475827643655,0.2833333333333333,0.28080254948606315,0.8660254037844386,0.5000000000000001,-0.29936312297335776,-0.9541392564000489,0.9749279121818236,-0.22252093395631434
0.0,0.0,0.0,0.0,1.2039728043259361,0.2833333333333333,0.2808474348040756,0.8660254037844386,0.5000000000000001,-0.4853019625310808,-0.8743466161445822,0.43388373911755823,-0.900968867902419
0.0,-0.6931471805599453,0.0,0.0,-7.313220387090301,0.2833333333333333,0.2808923201220881,0.8660254037844386,0.5000000000000001,-0.6513724827222217,-0.7587581226927913,-0.433883739117558,-0.9009688679024191
0.0,0.0,0.0,0.0,0.0,0.2833333333333333,0.28093720544010053,0.8660254037844386,0.5000000000000001,-0.7907757369376986,-0.6121059825476627,-0.9749279121818236,-0.2225209339563146
0.0,0.0,0.0,0.0,0.0,0.2833333333333333,0.281071861394138,0.8660254037844386,0.5000000000000001,-0.9987165071710528,-0.05064916883871355,0.7818314824680298,0.6234898018587336
0.0,0.0,0.0,0.0,0.0,0.2833333333333333,0.2811167467121505,0.8660254037844386,0.5000000000000001,-0.9884683243281114,0.15142777750457667,0.9749279121818236,-0.22252093395631434
0.0,0.0,0.0,0.0,0.0,0.2833333333333333,0.281161632030163,0.8660254037844386,0.5000000000000001,-0.9377521321470804,0.3473052528448203,0.43388373911755823,-0.900968867902419
0.0,0.0,0.0,0.0,0.0,0.2833333333333333,0.2812065173481754,0.8660254037844386,0.5000000000000001,-0.8486442574947509,0.5289640103269624,-0.433883739117558,-0.9009688679024191
0.0,0.0,0.0,0.0,0.0,0.2833333333333333,0.2812514026661879,0.8660254037844386,0.5000000000000001,-0.7247927872291207,0.6889669190756859,-0.9749279121818236,-0.2225209339563146
0.0,0.0,0.0,0.0,0.0,0.2833333333333333,0.28138605862022537,1.0,6.123233995736766e-17,0.39435585511331855,0.9189578116202306,0.7818314824680298,0.6234898018587336
0.0,0.0,0.0,0.0,0.0,0.2833333333333333,0.2814309439382378,1.0,6.123233995736766e-17,0.5712682150947923,0.8207634412072763,0.9749279121818236,-0.22252093395631434
0.0,0.6931471805599453,0.0,0.0,6.659293919683638,0.2833333333333333,0.2814758292562503,1.0,6.123233995736766e-17,0.72479278722912,0.6889669190756866,0.43388373911755823,-0.900968867902419
0.0,0.0,0.0,0.0,-0.262364264467491,0.2833333333333333,0.28152071457426275,1.0,6.123233995736766e-17,0.8486442574947509,0.5289640103269624,-0.433883739117558,-0.9009688679024191
0.0,-0.6931471805599453,0.0,0.0,-6.396929655216146,0.2833333333333333,0.28156559989227525,1.0,6.123233995736766e-17,0.9377521321470804,0.3473052528448203,-0.9749279121818236,-0.2225209339563146
0.0,0.0,0.0,0.0,0.0,0.2833333333333333,0.2817002558463127,1.0,6.123233995736766e-17,0.9680771188662043,-0.2506525322587204,0.7818314824680298,0.6234898018587336
0.0,0.0,0.0,0.0,0.0,0.2833333333333333,0.28174514116432514,1.0,6.123233995736766e-17,0.8978045395707416,-0.4403941515576344,0.9749279121818236,-0.22252093395631434
0.0,0.0,0.0,0.0,0.0,0.2833333333333333,0.28179002648233764,1.0,6.123233995736766e-17,0.7907757369376989,-0.6121059825476626,0.43388373911755823,-0.900968867902419
0.0,0.6931471805599453,0.0,0.0,3.4011973816621555,0.2833333333333333,0.28183491180035014,1.0,6.123233995736766e-17,0.6513724827222223,-0.758758122692791,-0.433883739117558,-0.9009688679024191
0.0,-0.6931471805599453,0.0,0.0,-3.4011973816621555,0.2833333333333333,0.2818797971183626,1.0,6.123233995736766e-17,0.48530196253108104,-0.8743466161445821,-0.9749279121818236,-0.2225209339563146
0.0,0.0,0.0,0.0,0.0,0.2833333333333333,0.28201445307240003,1.0,6.123233995736766e-17,-0.10116832198743204,-0.9948693233918952,0.7818314824680298,0.6234898018587336
0.0,0.0,0.0,0.0,0.0,0.2833333333333333,0.28205933839041253,1.0,6.123233995736766e-17,-0.29936312297335776,-0.9541392564000489,0.9749279121818236,-0.22252093395631434
0.0,0.0,0.0,0.0,0.0,0.2833333333333333,0.282104223708425,1.0,6.123233995736766e-17,-0.4853019625310808,-0.8743466161445822,0.43388373911755823,-0.900968867902419
0.0,0.0,0.0,0.0,0.0,0.2833333333333333,0.2821491090264375,1.0,6.123233995736766e-17,-0.6513724827222217,-0.7587581226927913,-0.433883739117558,-0.9009688679024191
0.0,0.0,0.0,0.0,0.0,0.2833333333333333,0.28219399434444997,1.0,6.123233995736766e-17,-0.7907757369376986,-0.6121059825476627,-0.9749279121818236,-0.2225209339563146
0.0,0.0,0.0,0.0,0.0,0.2833333333333333,0.28232865029848736,1.0,6.123233995736766e-17,-0.9987165071710528,-0.05064916883871355,0.7818314824680298,0.6234898018587336
0.0,0.6931471805599453,0.0,0.0,5.0106352940962555,0.2833333333333333,0.28237353561649986,1.0,6.123233995736766e-17,-0.9884683243281114,0.15142777750457667,0.9749279121818236,-0.22252093395631434
0.0,-0.6931471805599453,0.0,0.0,-5.0106352940962555,0.2833333333333333,0.28241842093451236,1.0,6.123233995736766e-17,-0.9377521321470804,0.3473052528448203,0.43388373911755823,-0.900968867902419
0.0,0.0,0.0,0.0,0.0,0.2833333333333333,0.2824633062525248,1.0,6.123233995736766e-17,-0.8486442574947509,0.5289640103269624,-0.433883739117558,-0.9009688679024191
0.0,0.6931471805599453,0.0,0.0,4.499809670330265,0.2833333333333333,0.2825081915705373,1.0,6.123233995736766e-17,-0.7247927872291207,0.6889669190756859,-0.9749279121818236,-0.2225209339563146
0.0,-0.6931471805599453,0.0,0.0,-4.499809670330265,0.2833333333333333,0.28264284752457475,1.0,6.123233995736766e-17,-0.20129852008866114,0.9795299412524943,0.7818314824680298,0.6234898018587336
0.0,0.6931471805599453,0.0,0.0,8.411832675758411,0.2833333333333333,0.2826877328425872,1.0,6.123233995736766e-17,-2.4492935982947064e-16,1.0,0.9749279121818236,-0.22252093395631434
0.0,-0.6931471805599453,0.0,0.0,-8.411832675758411,0.2833333333333333,0.2827326181605997,0.8660254037844387,-0.4999999999999998,0.20129852008866006,0.9795299412524945,0.43388373911755823,-0.900968867902419
0.0,0.0,0.0,0.0,0.0,0.2833333333333333,0.2827775034786122,0.8660254037844387,-0.4999999999999998,0.39435585511331855,0.9189578116202306,-0.433883739117558,-0.9009688679024191
0.0,0.0,0.0,0.0,0.0,0.2833333333333333,0.28282238879662464,0.8660254037844387,-0.4999999999999998,0.5712682150947923,0.8207634412072763,-0.9749279121818236,-0.2225209339563146
0.0,0.0,0.0,0.0,0.0,0.2833333333333333,0.2829570447506621,0.8660254037844387,-0.4999999999999998,0.9377521321470804,0.3473052528448203,0.7818314824680298,0.6234898018587336
0.0,0.0,0.0,0.0,0.0,0.2833333333333333,0.2830019300686746,0.8660254037844387,-0.4999999999999998,0.9884683243281114,0.1514277775045767,0.9749279121818236,-0.22252093395631434
0.0,0.0,0.0,0.0,0.0,0.2833333333333333,0.283046815386687,0.8660254037844387,-0.4999999999999998,0.9987165071710528,-0.05064916883871264,0.43388373911755823,-0.900968867902419
0.0,0.0,0.0,0.0,0.0,0.2833333333333333,0.2830917007046995,0.8660254037844387,-0.4999999999999998,0.9680771188662043,-0.2506525322587204,-0.433883739117558,-0.9009688679024191
0.0,0.6931471805599453,0.0,0.0,8.07402621612406,0.2833333333333333,0.28313658602271197,0.8660254037844387,-0.4999999999999998,0.8978045395707416,-0.4403941515576344,-0.9749279121818236,-0.2225209339563146
0.0,-0.6931471805599453,0.0,0.0,-8.07402621612406,0.2833333333333333,0.2832712419767494,0.8660254037844387,-0.4999999999999998,0.48530196253108104,-0.8743466161445821,0.7818314824680298,0.6234898018587336
0.0,0.0,0.0,0.0,0.0,0.2833333333333333,0.2833161272947619,0.8660254037844387,-0.4999999999999998,0.29936312297335804,-0.9541392564000488,0.9749279121818236,-0.22252093395631434
0.0,0.6931471805599453,0.0,0.0,8.006367567650246,0.2833333333333333,0.28336101261277435,0.8660254037844387,-0.4999999999999998,0.10116832198743272,-0.994869323391895,0.43388373911755823,-0.900968867902419
0.0,0.0,0.0,0.0,0.0,0.2833333333333333,0.28340589793078685,0.8660254037844387,-0.4999999999999998,-0.10116832198743204,-0.9948693233918952,-0.433883739117558,-0.9009688679024191
0.0,-0.6931471805599453,0.0,0.0,-8.006367567650246,0.2833333333333333,0.2835854392028368,0.8660254037844387,-0.4999999999999998,-0.7907757369376986,-0.6121059825476627,0.7818314824680298,0.6234898018587336
0.0,0.0,0.0,0.0,0.0,0.2833333333333333,0.28363032452084924,0.8660254037844387,-0.4999999999999998,-0.8978045395707417,-0.44039415155763423,0.9749279121818236,-0.22252093395631434
0.0,0.0,0.0,0.0,0.0,0.2833333333333333,0.28367520983886174,0.8660254037844387,-0.4999999999999998,-0.9680771188662041,-0.2506525322587213,0.43388373911755823,-0.900968867902419
0.0,0.0,0.0,0.0,0.0,0.2833333333333333,0.2837200951568742,0.8660254037844387,-0.4999999999999998,-0.9987165071710528,-0.05064916883871355,-0.433883739117558,-0.9009688679024191
0.0,0.0,0.0,0.0,0.0,0.2833333333333333,0.2837649804748867,0.8660254037844387,-0.4999999999999998,-0.9884683243281114,0.15142777750457667,-0.9749279121818236,-0.2225209339563146
0.0,0.0,0.0,0.0,0.0,0.2833333333333333,0.28389963642892413,0.8660254037844387,-0.4999999999999998,-0.7247927872291207,0.6889669190756859,0.7818314824680298,0.6234898018587336
0.0,0.6931471805599453,0.0,0.0,7.313220387090301,0.2833333333333333,0.2839445217469366,0.8660254037844387,-0.4999999999999998,-0.5712682150947924,0.8207634412072763,0.9749279121818236,-0.22252093395631434
0.0,-0.40546491737331924,0.0,0.0,0.0,0.2833333333333333,0.2839894070649491,0.8660254037844387,-0.4999999999999998,-0.3943558551133187,0.9189578116202306,0.43388373911755823,-0.900968867902419
0.0,-0.287682263186626,0.0,0.0,-7.313220387090301,0.2833333333333333,0.2840342923829616,0.8660254037844387,-0.4999999999999998,-0.20129852008866114,0.9795299412524943,-0.433883739117558,-0.9009688679024191
0.0,0.0,0.0,0.0,0.0,0.2833333333333333,0.284079177700974,0.5000000000000003,-0.8660254037844385,0.20129852008866006,0.9795299412524945,-0.9749279121818236,-0.2225209339563146
0.0,0.0,0.0,0.0,0.0,0.2833333333333333,0.28421383365501146,0.5000000000000003,-0.8660254037844385,0.72479278722912,0.6889669190756866,0.7818314824680298,0.6234898018587336
0.0,0.0,0.0,0.0,0.0,0.2833333333333333,0.28425871897302396,0.5000000000000003,-0.8660254037844385,0.8486442574947509,0.5289640103269624,0.9749279121818236,-0.22252093395631434
0.0,0.0,0.0,0.0,0.0,0.2833333333333333,0.2843036042910364,0.5000000000000003,-0.8660254037844385,0.9377521321470804,0.3473052528448203,0.43388373911755823,-0.900968867902419
0.0,0.0,0.0,0.0,0.0,0.2833333333333333,0.2843484896090489,0.5000000000000003,-0.8660254037844385,0.9884683243281114,0.1514277775045767,-0.433883739117558,-0.9009688679024191
-0.4054654895779637,0.2876822631866261,0.0,-0.4054654895779637,8.714403360703942,0.2833333333333333,0.2843933749270614,0.5000000000000003,-0.8660254037844385,0.9987165071710528,-0.05064916883871264,-0.9749279121818236,-0.2225209339563146
0.0,-0.6931477527645897,-0.4054654895779637,0.0,-8.714403360703942,0.2833333333333333,0.2845280308810988,0.5000000000000003,-0.8660254037844385,0.7907757369376989,-0.6121059825476626,0.7818314824680298,0.6234898018587336
0.0,0.6931477527645898,0.0,0.0,5.703782474656201,0.2833333333333333,0.2845729161991113,0.5000000000000003,-0.8660254037844385,0.6513724827222223,-0.758758122692791,0.9749279121818236,-0.22252093395631434
0.0,-0.6931477527645897,0.0,0.0,-5.703782474656201,0.2833333333333333,0.2846178015171238,0.5000000000000003,-0.8660254037844385,0.48530196253108104,-0.8743466161445821,0.43388373911755823,-0.900968867902419
0.0,0.0,0.0,0.0,0.0,0.2833333333333333,0.28466268683513624,0.5000000000000003,-0.8660254037844385,0.29936312297335804,-0.9541392564000488,-0.433883739117558,-0.9009688679024191
0.0,0.6931477527645898,0.0,0.0,5.0106352940962555,0.2833333333333333,0.28470757215314874,0.5000000000000003,-0.8660254037844385,0.10116832198743272,-0.994869323391895,-0.9749279121818236,-0.2225209339563146
0.0,-0.6931477527645897,0.0,0.0,-5.0106352940962555,0.2833333333333333,0.2848422281071862,0.5000000000000003,-0.8660254037844385,-0.4853019625310808,-0.8743466161445822,0.7818314824680298,0.6234898018587336
0.0,0.0,0.0,0.0,0.0,0.2833333333333333,0.2848871134251986,0.5000000000000003,-0.8660254037844385,-0.6513724827222217,-0.7587581226927913,0.9749279121818236,-0.22252093395631434
0.0,0.0,0.0,0.0,0.0,0.2833333333333333,0.2849319987432111,0.5000000000000003,-0.8660254037844385,-0.7907757369376986,-0.6121059825476627,0.43388373911755823,-0.900968867902419
0.0,0.0,0.0,0.0,0.0,0.2833333333333333,0.28497688406122357,0.5000000000000003,-0.8660254037844385,-0.8978045395707417,-0.44039415155763423,-0.433883739117558,-0.9009688679024191
0.0,0.0,0.0,0.0,0.0,0.2833333333333333,0.28502176937923607,0.5000000000000003,-0.8660254037844385,-0.9680771188662041,-0.2506525322587213,-0.9749279121818236,-0.2225209339563146
0.0,0.0,0.0,0.0,0.0,0.2833333333333333,0.285201310651286,0.5000000000000003,-0.8660254037844385,-0.8486442574947509,0.5289640103269624,0.9749279121818236,-0.22252093395631434
0.0,0.6931477527645898,0.0,0.0,4.787491742782046,0.2833333333333333,0.28524619596929845,0.5000000000000003,-0.8660254037844385,-0.7247927872291207,0.6889669190756859,0.43388373911755823,-0.900968867902419
0.0,-0.6931477527645897,0.0,0.0,-4.787491742782046,0.2833333333333333,0.28529108128731095,0.5000000000000003,-0.8660254037844385,-0.5712682150947924,0.8207634412072763,-0.433883739117558,-0.9009688679024191
0.0,0.0,0.0,0.0,0.0,0.2833333333333333,0.2853359666053234,0.5000000000000003,-0.8660254037844385,-0.3943558551133187,0.9189578116202306,-0.9749279121818236,-0.2225209339563146
0.0,0.6931477527645898,0.0,0.0,6.835184586147301,0.2833333333333333,0.28547062255936084,1.2246467991473532e-16,-1.0,0.20129852008866006,0.9795299412524945,0.7818314824680298,0.6234898018587336
0.0,0.0,0.0,0.0,1.659762996321616,0.2833333333333333,0.28551550787737334,1.2246467991473532e-16,-1.0,0.39435585511331855,0.9189578116202306,0.9749279121818236,-0.22252093395631434
0.0,0.0,0.0,0.0,-2.791165107812717,0.2833333333333333,0.2855603931953858,1.2246467991473532e-16,-1.0,0.5712682150947923,0.8207634412072763,0.43388373911755823,-0.900968867902419
0.0,0.0,0.0,0.0,2.302585092994046,0.2833333333333333,0.2856052785133983,1.2246467991473532e-16,-1.0,0.72479278722912,0.6889669190756866,-0.433883739117558,-0.9009688679024191
0.0,0.0,0.0,0.0,0.14842000511827322,0.2833333333333333,0.2856501638314108,1.2246467991473532e-16,-1.0,0.8486442574947509,0.5289640103269624,-0.9749279121818236,-0.2225209339563146
0.0,-0.6931477527645897,0.0,0.0,-8.15478757276852,0.2833333333333333,0.2857848197854482,1.2246467991473532e-16,-1.0,0.9987165071710528,-0.05064916883871264,0.7818314824680298,0.6234898018587336
0.0,0.6931477527645898,0.0,0.0,7.138866999945524,0.2833333333333333,0.2858297051034607,1.2246467991473532e-16,-1.0,0.9680771188662043,-0.2506525322587204,0.9749279121818236,-0.22252093395631434
0.0,-0.6931477527645897,0.0,0.0,-7.138866999945524,0.2833333333333333,0.2858745904214732,1.2246467991473532e-16,-1.0,0.8978045395707416,-0.4403941515576344,0.43388373911755823,-0.900968867902419
0.0,0.0,0.0,0.0,0.0,0.2833333333333333,0.2859194757394856,1.2246467991473532e-16,-1.0,0.7907757369376989,-0.6121059825476626,-0.433883739117558,-0.9009688679024191
0.0,0.0,0.0,0.0,0.0,0.2833333333333333,0.2859643610574981,1.2246467991473532e-16,-1.0,0.6513724827222223,-0.758758122692791,-0.9749279121818236,-0.2225209339563146
0.0,0.0,0.0,0.0,0.0,0.2833333333333333,0.28609901701153556,1.2246467991473532e-16,-1.0,0.10116832198743272,-0.994869323391895,0.7818314824680298,0.6234898018587336
0.0,0.0,0.0,0.0,0.0,0.2833333333333333,0.286143902329548,1.2246467991473532e-16,-1.0,-0.10116832198743204,-0.9948693233918952,0.9749279121818236,-0.22252093395631434
0.0,0.6931477527645898,0.0,0.0,8.699514748210191,0.2833333333333333,0.2861887876475605,1.2246467991473532e-16,-1.0,-0.29936312297335776,-0.9541392564000489,0.43388373911755823,-0.900968867902419
0.0,-0.6931477527645897,0.0,0.0,-8.699514748210191,0.2833333333333333,0.286233672965573,1.2246467991473532e-16,-1.0,-0.4853019625310808,-0.8743466161445822,-0.433883739117558,-0.9009688679024191
0.0,0.0,0.0,0.0,0.0,0.2833333333333333,0.28627855828358545,1.2246467991473532e-16,-1.0,-0.6513724827222217,-0.7587581226927913,-0.9749279121818236,-0.2225209339563146
0.0,0.0,0.0,0.0,0.0,0.2833333333333333,0.2864132142376229,1.2246467991473532e-16,-1.0,-0.9680771188662041,-0.2506525322587213,0.7818314824680298,0.6234898018587336
0.0,0.0,0.0,0.0,0.0,0.2833333333333333,0.2864580995556354,1.2246467991473532e-16,-1.0,-0.9987165071710528,-0.05064916883871355,0.9749279121818236,-0.22252093395631434
0.0,0.0,0.0,0.0,0.0,0.2833333333333333,0.28650298487364784,1.2246467991473532e-16,-1.0,-0.9884683243281114,0.15142777750457667,0.43388373911755823,-0.900968867902419
0.0,0.6931477527645898,0.0,0.0,8.922658299524402,0.2833333333333333,0.28654787019166034,1.2246467991473532e-16,-1.0,-0.9377521321470804,0.3473052528448203,-0.433883739117558,-0.9009688679024191
0.0,0.0,0.0,0.0,-2.120263536200091,0.2833333333333333,0.2865927555096728,1.2246467991473532e-16,-1.0,-0.8486442574947509,0.5289640103269624,-0.9749279121818236,-0.2225209339563146
0.0,-0.6931477527645897,0.0,0.0,-6.802394763324311,0.2833333333333333,0.2867274114637102,1.2246467991473532e-16,-1.0,-0.3943558551133187,0.9189578116202306,0.7818314824680298,0.6234898018587336
0.0,0.0,0.0,0.0,0.0,0.2833333333333333,0.2867722967817227,1.2246467991473532e-16,-1.0,-0.20129852008866114,0.9795299412524943,0.9749279121818236,-0.22252093395631434
0.0,0.0,0.0,0.0,0.0,0.2833333333333333,0.28681718209973517,-0.4999999999999997,-0.8660254037844388,0.20129852008866006,0.9795299412524945,0.43388373911755823,-0.900968867902419
0.0,0.0,0.0,0.0,0.0,0.2833333333333333,0.28686206741774767,-0.4999999999999997,-0.8660254037844388,0.39435585511331855,0.9189578116202306,-0.433883739117558,-0.9009688679024191
0.0,0.0,0.0,0.0,0.0,0.2833333333333333,0.2870416086897976,-0.4999999999999997,-0.8660254037844388,0.9377521321470804,0.3473052528448203,0.7818314824680298,0.6234898018587336
0.0,0.0,0.0,0.0,0.0,0.2833333333333333,0.28708649400781006,-0.4999999999999997,-0.8660254037844388,0.9884683243281114,0.1514277775045767,0.9749279121818236,-0.22252093395631434
0.0,0.0,0.0,0.0,0.0,0.2833333333333333,0.28713137932582256,-0.4999999999999997,-0.8660254037844388,0.9987165071710528,-0.05064916883871264,0.43388373911755823,-0.900968867902419
0.0,0.0,0.0,0.0,0.0,0.2833333333333333,0.287176264643835,-0.4999999999999997,-0.8660254037844388,0.9680771188662043,-0.2506525322587204,-0.433883739117558,-0.9009688679024191
0.0,0.6931477527645898,0.0,0.0,5.0106352940962555,0.2833333333333333,0.2872211499618475,-0.4999999999999997,-0.8660254037844388,0.8978045395707416,-0.4403941515576344,-0.9749279121818236,-0.2225209339563146
0.0,0.0,0.0,0.0,0.6931471805599453,0.2833333333333333,0.28735580591588494,-0.4999999999999997,-0.8660254037844388,0.48530196253108104,-0.8743466161445821,0.7818314824680298,0.6234898018587336
0.0,-0.6931477527645897,0.0,0.0,-5.703782474656201,0.2833333333333333,0.2874006912338974,-0.4999999999999997,-0.8660254037844388,0.29936312297335804,-0.9541392564000488,0.9749279121818236,-0.22252093395631434
0.0,0.0,0.0,0.0,0.0,0.2833333333333333,0.2874455765519099,-0.4999999999999997,-0.8660254037844388,0.10116832198743272,-0.994869323391895,0.43388373911755823,-0.900968867902419
0.0,0.0,0.0,0.0,0.0,0.2833333333333333,0.2874904618699224,-0.4999999999999997,-0.8660254037844388,-0.10116832198743204,-0.9948693233918952,-0.433883739117558,-0.9009688679024191
0.0,0.6931477527645898,0.0,0.0,5.3471075307174685,0.2833333333333333,0.28753534718793483,-0.4999999999999997,-0.8660254037844388,-0.29936312297335776,-0.9541392564000489,-0.9749279121818236,-0.2225209339563146
0.0,0.0,0.0,0.0,2.659260036932778,0.2833333333333333,0.2876700031419723,-0.4999999999999997,-0.8660254037844388,-0.7907757369376986,-0.6121059825476627,0.7818314824680298,0.6234898018587336
0.0,0.0,0.0,0.0,-4.605170185988091,0.2833333333333333,0.2877148884599848,-0.4999999999999997,-0.8660254037844388,-0.8978045395707417,-0.44039415155763423,0.9749279121818236,-0.22252093395631434
0.0,-0.6931477527645897,0.0,0.0,-3.4011973816621555,0.2833333333333333,0.2877597737779972,-0.4999999999999997,-0.8660254037844388,-0.9680771188662041,-0.2506525322587213,0.43388373911755823,-0.900968867902419
0.0,0.0,0.0,0.0,0.0,0.2833333333333333,0.2878046590960097,-0.4999999999999997,-0.8660254037844388,-0.9987165071710528,-0.05064916883871355,-0.433883739117558,-0.9009688679024191
0.0,0.0,0.0,0.0,0.0,0.2833333333333333,0.2878495444140222,-0.4999999999999997,-0.8660254037844388,-0.9884683243281114,0.15142777750457667,-0.9749279121818236,-0.2225209339563146
0.0,0.0,0.0,0.0,0.0,0.2833333333333333,0.2879842003680596,-0.4999999999999997,-0.8660254037844388,-0.7247927872291207,0.6889669190756859,0.7818314824680298,0.6234898018587336
0.5596159514224973,0.9162909607560521,0.5596159514224973,0.5596159514224973,8.83927669058535,0.2833333333333333,0.2880290856860721,-0.4999999999999997,-0.8660254037844388,-0.5712682150947924,0.8207634412072763,0.9749279121818236,-0.22252093395631434
0.0,-0.3566750093335548,0.0,0.0,-8.83927669058535,0.2833333333333333,0.2880739710040846,-0.4999999999999997,-0.8660254037844388,-0.3943558551133187,0.9189578116202306,0.43388373911755823,-0.900968867902419
0.0,0.0,0.0,0.0,0.0,0.2833333333333333,0.28811885632209705,-0.4999999999999997,-0.8660254037844388,-0.20129852008866114,0.9795299412524943,-0.433883739117558,-0.9009688679024191
-0.15415046184453368,0.25131464626363065,0.0,-0.15415046184453368,6.802394763324311,0.2833333333333333,0.28816374164010955,-0.4999999999999997,-0.8660254037844388,-2.4492935982947064e-16,1.0,-0.9749279121818236,-0.2225209339563146
0.0,0.0,-0.15415046184453368,0.0,0.0,0.2833333333333333,0.288298397594147,-0.8660254037844385,-0.5000000000000004,0.5712682150947923,0.8207634412072763,0.7818314824680298,0.6234898018587336
0.0,0.0,0.0,0.0,-2.70805020110221,0.2833333333333333,0.28834328291215944,-0.8660254037844385,-0.5000000000000004,0.72479278722912,0.6889669190756866,0.9749279121818236,-0.22252093395631434
0.0,-0.40546510810816444,0.0,0.0,-4.0943445622221,0.2833333333333333,0.28838816823017194,-0.8660254037844385,-0.5000000000000004,0.8486442574947509,0.5289640103269624,0.43388373911755823,-0.900968867902419
0.0,0.4054651081081644,0.0,0.0,5.0106352940962555,0.2833333333333333,0.2884330535481844,-0.8660254037844385,-0.5000000000000004,0.9377521321470804,0.3473052528448203,-0.433883739117558,-0.9009688679024191
0.0,-0.40546510810816444,0.0,0.0,-5.0106352940962555,0.2833333333333333,0.2884779388661969,-0.8660254037844385,-0.5000000000000004,0.9884683243281114,0.1514277775045767,-0.9749279121818236,-0.2225209339563146
0.0,0.0,0.0,0.0,0.0,0.2833333333333333,0.2886125948202343,-0.8660254037844385,-0.5000000000000004,0.8978045395707416,-0.4403941515576344,0.7818314824680298,0.6234898018587336
0.0,0.0,0.0,0.0,0.0,0.2833333333333333,0.2886574801382468,-0.8660254037844385,-0.5000000000000004,0.7907757369376989,-0.6121059825476626,0.9749279121818236,-0.22252093395631434
0.0,0.0,0.0,0.0,0.0,0.2833333333333333,0.28870236545625927,-0.8660254037844385,-0.5000000000000004,0.6513724827222223,-0.758758122692791,0.43388373911755823,-0.900968867902419
0.0,0.5108254711780884,0.0,0.0,8.006367567650246,0.2833333333333333,0.28874725077427177,-0.8660254037844385,-0.5000000000000004,0.48530196253108104,-0.8743466161445821,-0.433883739117558,-0.9009688679024191
0.0,0.0,0.0,0.0,-3.912023005428146,0.2833333333333333,0.2887921360922842,-0.8660254037844385,-0.5000000000000004,0.29936312297335804,-0.9541392564000488,-0.9749279121818236,-0.2225209339563146
0.15415046184453357,0.0,0.15415046184453357,0.15415046184453357,2.0149030205422647,0.2833333333333333,0.28892679204632166,-0.8660254037844385,-0.5000000000000004,-0.29936312297335776,-0.9541392564000489,0.7818314824680298,0.6234898018587336
0.0,-0.3566750093335548,0.0,0.0,-6.1092475827643655,0.2833333333333333,0.28897167736433416,-0.8660254037844385,-0.5000000000000004,-0.4853019625310808,-0.8743466161445822,0.9749279121818236,-0.22252093395631434
0.0,0.0,0.0,0.0,0.0,0.2833333333333333,0.2890165626823466,-0.8660254037844385,-0.5000000000000004,-0.6513724827222217,-0.7587581226927913,0.43388373911755823,-0.900968867902419
0.1335318013420924,0.3566750093335548,0.1335318013420924,0.1335318013420924,5.0106352940962555,0.2833333333333333,0.2890614480003591,-0.8660254037844385,-0.5000000000000004,-0.7907757369376986,-0.6121059825476627,-0.433883739117558,-0.9009688679024191
0.0,-0.22314320799146234,0.0,0.0,-5.0106352940962555,0.2833333333333333,0.2891063333183716,-0.8660254037844385,-0.5000000000000004,-0.8978045395707417,-0.44039415155763423,-0.9749279121818236,-0.2225209339563146
0.0,0.2231432079914623,0.0,0.0,4.787491742782046,0.2833333333333333,0.289240989272409,-0.8660254037844385,-0.5000000000000004,-0.9884683243281114,0.15142777750457667,0.7818314824680298,0.6234898018587336
0.0,0.0,0.0,0.0,5.926926025970411,0.2833333333333333,0.2892858745904215,-0.8660254037844385,-0.5000000000000004,-0.9377521321470804,0.3473052528448203,0.9749279121818236,-0.22252093395631434
0.0,0.0,0.0,0.0,-3.912023005428146,0.2833333333333333,0.289330759908434,-0.8660254037844385,-0.5000000000000004,-0.8486442574947509,0.5289640103269624,0.43388373911755823,-0.900968867902419
0.11778284492153841,0.1823217093818569,0.11778284492153841,0.11778284492153841,3.9206523321262003,0.2833333333333333,0.28937564522644643,-0.8660254037844385,-0.5000000000000004,-0.7247927872291207,0.6889669190756859,-0.433883739117558,-0.9009688679024191
0.0,0.0,0.0,0.0,-1.269760544863939,0.2833333333333333,0.28942053054445893,-0.8660254037844385,-0.5000000000000004,-0.5712682150947924,0.8207634412072763,-0.9749279121818236,-0.2225209339563146
0.0,0.0,0.0,0.0,-1.3335902976293221,0.2833333333333333,0.2895551864984964,-0.8660254037844385,-0.5000000000000004,-2.4492935982947064e-16,1.0,0.7818314824680298,0.6234898018587336
0.0,0.0,0.0,0.0,0.24434575896481267,0.2833333333333333,0.2896000718165088,-1.0,-1.8369701987210297e-16,0.20129852008866006,0.9795299412524945,0.9749279121818236,-0.22252093395631434
0.10536036306992398,0.0,0.10536036306992398,0.10536036306992398,1.3470736479666094,0.2833333333333333,0.2896449571345213,-1.0,-1.8369701987210297e-16,0.39435585511331855,0.9189578116202306,0.43388373911755823,-0.900968867902419
0.0,0.0,0.0,0.0,-0.9580601447504502,0.2833333333333333,0.2896898424525338,-1.0,-1.8369701987210297e-16,0.5712682150947923,0.8207634412072763,-0.433883739117558,-0.9009688679024191
0.0,0.0,0.0,0.0,-2.6438079323738566,0.2833333333333333,0.28973472777054626,-1.0,-1.8369701987210297e-16,0.72479278722912,0.6889669190756866,-0.9749279121818236,-0.2225209339563146
0.0,0.0,0.0,0.0,-0.40546510810816444,0.2833333333333333,0.2899142690425962,-1.0,-1.8369701987210297e-16,0.9987165071710528,-0.05064916883871264,0.9749279121818236,-0.22252093395631434
0.0,0.0,0.0,0.0,3.068052935133617,0.2833333333333333,0.28995915436060865,-1.0,-1.8369701987210297e-16,0.9680771188662043,-0.2506525322587204,0.43388373911755823,-0.900968867902419
0.09531047110848166,0.08004259029822902,0.09531047110848166,0.09531047110848166,-1.9694406464655074,0.2833333333333333,0.29000403967862115,-1.0,-1.8369701987210297e-16,0.8978045395707416,-0.4403941515576344,-0.433883739117558,-0.9009688679024191
0.0,-0.16705382857160425,0.0,0.0,-6.802394763324311,0.2833333333333333,0.2900489249966336,-1.0,-1.8369701987210297e-16,0.7907757369376989,-0.6121059825476626,-0.9749279121818236,-0.2225209339563146
0.0,0.1670538285716042,0.0,0.0,8.083328608786376,0.2833333333333333,0.29018358095067104,-1.0,-1.8369701987210297e-16,0.29936312297335804,-0.9541392564000488,0.7818314824680298,0.6234898018587336
0.0,0.07410819852037367,0.0,0.0,-2.379546134130174,0.2833333333333333,0.29022846626868354,-1.0,-1.8369701987210297e-16,0.10116832198743272,-0.994869323391895,0.9749279121818236,-0.22252093395631434
0.0,0.0,0.0,0.0,1.6094379124341003,0.2833333333333333,0.29027335158669604,-1.0,-1.8369701987210297e-16,-0.10116832198743204,-0.9948693233918952,0.43388373911755823,-0.900968867902419
0.0,-0.07410819852037376,0.0,0.0,-0.916290731874155,0.2833333333333333,0.2903182369047085,-1.0,-1.8369701987210297e-16,-0.29936312297335776,-0.9541392564000489,-0.433883739117558,-0.9009688679024191
0.0,-0.08004259029822901,0.0,0.0,1.80005827204275,0.2833333333333333,0.290363122222721,-1.0,-1.8369701987210297e-16,-0.4853019625310808,-0.8743466161445822,-0.9749279121818236,-0.2225209339563146
0.0,0.15415078881860286,0.0,0.0,0.4772090129670057,0.2833333333333333,0.2904977781767584,-1.0,-1.8369701987210297e-16,-0.8978045395707417,-0.44039415155763423,0.7818314824680298,0.6234898018587336
0.0,0.0,0.0,0.0,-1.05349185338764,0.2833333333333333,0.29054266349477087,-1.0,-1.8369701987210297e-16,-0.9680771188662041,-0.2506525322587213,0.9749279121818236,-0.22252093395631434
0.0,-0.24116202709197804,0.0,0.0,-7.620705086838262,0.2833333333333333,0.29058754881278337,-1.0,-1.8369701987210297e-16,-0.9987165071710528,-0.05064916883871355,0.43388373911755823,-0.900968867902419
0.0,0.0,0.0,0.0,0.0,0.2833333333333333,0.2906324341307958,-1.0,-1.8369701987210297e-16,-0.9884683243281114,0.15142777750457667,-0.433883739117558,-0.9009688679024191
0.0,0.24116202709197804,0.0,0.0,7.575584651557793,0.2833333333333333,0.2906773194488083,-1.0,-1.8369701987210297e-16,-0.9377521321470804,0.3473052528448203,-0.9749279121818236,-0.2225209339563146
-0.0953104711084817,0.0,0.0,-0.0953104711084817,0.4795730802618863,0.2833333333333333,0.29081197540284576,-1.0,-1.8369701987210297e-16,-0.5712682150947924,0.8207634412072763,0.7818314824680298,0.6234898018587336
0.0,-0.15415078881860278,-0.0953104711084817,0.0,-0.3364722366212129,0.2833333333333333,0.2908568607208582,-1.0,-1.8369701987210297e-16,-0.3943558551133187,0.9189578116202306,0.9749279121818236,-0.22252093395631434
0.0,0.0,0.0,0.0,1.0986122886681098,0.2833333333333333,0.2909017460388707,-1.0,-1.8369701987210297e-16,-0.20129852008866114,0.9795299412524943,0.43388373911755823,-0.900968867902419
0.0,0.0,0.0,0.0,-2.1972245773362196,0.2833333333333333,0.2909466313568832,-0.866025403784439,0.49999999999999933,0.20129852008866006,0.9795299412524945,-0.433883739117558,-0.9009688679024191
0.0,0.0,0.0,0.0,0.1823215567939546,0.2833333333333333,0.29099151667489564,-0.866025403784439,0.49999999999999933,0.39435585511331855,0.9189578116202306,-0.9749279121818236,-0.2225209339563146
0.0,0.0,0.0,0.0,-1.0986122886681098,0.2833333333333333,0.2911261726289331,-0.866025403784439,0.49999999999999933,0.8486442574947509,0.5289640103269624,0.7818314824680298,0.6234898018587336
0.0,0.0,0.0,0.0,2.0149030205422647,0.2833333333333333,0.2911710579469456,-0.866025403784439,0.49999999999999933,0.9377521321470804,0.3473052528448203,0.9749279121818236,-0.22252093395631434
0.0,0.0,0.0,0.0,0.4783024320604306,0.2833333333333333,0.29121594326495803,-0.866025403784439,0.49999999999999933,0.9884683243281114,0.1514277775045767,0.43388373911755823,-0.900968867902419
0.0,0.0,0.0,0.0,-2.0232018233569597,0.2833333333333333,0.29126082858297053,-0.866025403784439,0.49999999999999933,0.9987165071710528,-0.05064916883871264,-0.433883739117558,-0.9009688679024191
0.0,0.0,0.0,0.0,0.22314355131420976,0.2833333333333333,0.29130571390098303,-0.866025403784439,0.49999999999999933,0.9680771188662043,-0.2506525322587204,-0.9749279121818236,-0.2225209339563146
0.0,-0.18232170938185693,0.0,0.0,-6.396929655216146,0.2833333333333333,0.2914403698550204,-0.866025403784439,0.49999999999999933,0.6513724827222223,-0.758758122692791,0.7818314824680298,0.6234898018587336
0.0,0.1823217093818569,0.0,0.0,6.620073206530356,0.2833333333333333,0.2914852551730329,-0.866025403784439,0.49999999999999933,0.48530196253108104,-0.8743466161445821,0.9749279121818236,-0.22252093395631434
0.0,-0.18232170938185693,0.0,0.0,-6.620073206530356,0.2833333333333333,0.2915301404910454,-0.866025403784439,0.49999999999999933,0.29936312297335804,-0.9541392564000488,0.43388373911755823,-0.900968867902419
0.0,0.0,0.0,0.0,0.0,0.2833333333333333,0.29157502580905786,-0.866025403784439,0.49999999999999933,0.10116832198743272,-0.994869323391895,-0.433883739117558,-0.9009688679024191
0.0,0.1823217093818569,0.0,0.0,8.1886891244442,0.2833333333333333,0.29161991112707036,-0.866025403784439,0.49999999999999933,-0.10116832198743204,-0.9948693233918952,-0.9749279121818236,-0.2225209339563146
-0.22314320799146234,0.0,0.0,-0.22314320799146234,0.0,0.2833333333333333,0.2917545670811078,-0.866025403784439,0.49999999999999933,-0.6513724827222217,-0.7587581226927913,0.7818314824680298,0.6234898018587336
0.0,0.0,-0.22314320799146234,0.0,-2.4849066497880004,0.2833333333333333,0.29179945239912025,-0.866025403784439,0.49999999999999933,-0.7907757369376986,-0.6121059825476627,0.9749279121818236,-0.22252093395631434
0.0,-0.40546491737331924,0.0,0.0,-5.703782474656201,0.2833333333333333,0.29184433771713275,-0.866025403784439,0.49999999999999933,-0.8978045395707417,-0.44039415155763423,0.43388373911755823,-0.900968867902419
0.0,0.4054649173733193,0.0,0.0,6.234410725718371,0.2833333333333333,0.2918892230351452,-0.866025403784439,0.49999999999999933,-0.9680771188662041,-0.2506525322587213,-0.433883739117558,-0.9009688679024191
0.0,0.0,0.0,0.0,0.995428052432879,0.2833333333333333,0.2919341083531577,-0.866025403784439,0.49999999999999933,-0.9987165071710528,-0.05064916883871355,-0.9749279121818236,-0.2225209339563146
-0.287682263186626,-0.40546491737331924,0.0,-0.287682263186626,-1.5260563034950494,0.2833333333333333,0.29206876430719514,-0.866025403784439,0.49999999999999933,-0.8486442574947509,0.5289640103269624,0.7818314824680298,0.6234898018587336
0.0,-0.287682263186626,-0.287682263186626,0.0,-5.703782474656201,0.2833333333333333,0.29211364962520764,-0.866025403784439,0.49999999999999933,-0.7247927872291207,0.6889669190756859,0.9749279121818236,-0.22252093395631434
0.0,0.0,0.0,0.0,0.0,0.2833333333333333,0.2921585349432201,-0.866025403784439,0.49999999999999933,-0.5712682150947924,0.8207634412072763,0.43388373911755823,-0.900968867902419
0.0,0.0,0.0,0.0,0.0,0.2833333333333333,0.2922034202612326,-0.866025403784439,0.49999999999999933,-0.3943558551133187,0.9189578116202306,-0.433883739117558,-0.9009688679024191
0.0,0.5108254711780884,0.0,0.0,7.495541943884256,0.2833333333333333,0.292248305579245,-0.866025403784439,0.49999999999999933,-0.20129852008866114,0.9795299412524943,-0.9749279121818236,-0.2225209339563146
0.0,-0.5108254711780884,0.0,0.0,-7.495541943884256,0.2833333333333333,0.29238296153328247,-0.5000000000000012,0.8660254037844379,0.39435585511331855,0.9189578116202306,0.7818314824680298,0.6234898018587336
0.0,0.5108254711780884,0.0,0.0,4.499809670330265,0.2833333333333333,0.29242784685129497,-0.5000000000000012,0.8660254037844379,0.5712682150947923,0.8207634412072763,0.9749279121818236,-0.22252093395631434
0.2876822631866261,0.0,0.2876822631866261,0.2876822631866261,3.7689221617874726,0.2833333333333333,0.2924727321693074,-0.5000000000000012,0.8660254037844379,0.72479278722912,0.6889669190756866,0.43388373911755823,-0.900968867902419
0.0,-0.22314320799146234,0.0,0.0,-8.268731832117737,0.2833333333333333,0.2925176174873199,-0.5000000000000012,0.8660254037844379,0.8486442574947509,0.5289640103269624,-0.433883739117558,-0.9009688679024191
0.0,0.2231432079914623,0.0,0.0,6.4457198193855785,0.2833333333333333,0.2925625028053324,-0.5000000000000012,0.8660254037844379,0.9377521321470804,0.3473052528448203,-0.9749279121818236,-0.2225209339563146
0.0,0.0,0.0,0.0,0.6931471805599453,0.2833333333333333,0.2926971587593698,-0.5000000000000012,0.8660254037844379,0.9680771188662043,-0.2506525322587204,0.7818314824680298,0.6234898018587336
0.0,-0.22314320799146234,0.0,0.0,-7.138866999945524,0.2833333333333333,0.2927420440773823,-0.5000000000000012,0.8660254037844379,0.8978045395707416,-0.4403941515576344,0.9749279121818236,-0.22252093395631434
0.0,0.2231432079914623,0.0,0.0,5.703782474656201,0.2833333333333333,0.2927869293953948,-0.5000000000000012,0.8660254037844379,0.7907757369376989,-0.6121059825476626,0.43388373911755823,-0.900968867902419
0.0,0.0,0.0,0.0,2.4849066497880004,0.2833333333333333,0.29283181471340725,-0.5000000000000012,0.8660254037844379,0.6513724827222223,-0.758758122692791,-0.433883739117558,-0.9009688679024191
0.0,-0.22314320799146234,0.0,0.0,-8.1886891244442,0.2833333333333333,0.29287670003141975,-0.5000000000000012,0.8660254037844379,0.48530196253108104,-0.8743466161445821,-0.9749279121818236,-0.2225209339563146
0.0,0.0,0.0,0.0,0.0,0.2833333333333333,0.2930113559854572,-0.5000000000000012,0.8660254037844379,-0.10116832198743204,-0.9948693233918952,0.7818314824680298,0.6234898018587336
0.0,0.2231432079914623,0.0,0.0,7.731930721948486,0.2833333333333333,0.29305624130346963,-0.5000000000000012,0.8660254037844379,-0.29936312297335776,-0.9541392564000489,0.9749279121818236,-0.22252093395631434
0.0,0.0,0.0,0.0,0.5965203448708737,0.2833333333333333,0.29310112662148213,-0.5000000000000012,0.8660254037844379,-0.4853019625310808,-0.8743466161445822,0.43388373911755823,-0.900968867902419
0.0,0.0,0.0,0.0,-1.9315214116032136,0.2833333333333333,0.29314601193949463,-0.5000000000000012,0.8660254037844379,-0.6513724827222217,-0.7587581226927913,-0.433883739117558,-0.9009688679024191
0.0,0.0,0.0,0.0,2.6390573296152584,0.2833333333333333,0.2931908972575071,-0.5000000000000012,0.8660254037844379,-0.7907757369376986,-0.6121059825476627,-0.9749279121818236,-0.2225209339563146
0.0,-0.22314320799146234,0.0,0.0,-9.035986984831405,0.2833333333333333,0.2933255532115445,-0.5000000000000012,0.8660254037844379,-0.9987165071710528,-0.05064916883871355,0.7818314824680298,0.6234898018587336
0.0,0.0,0.0,0.0,0.0,0.2833333333333333,0.293370438529557,-0.5000000000000012,0.8660254037844379,-0.9884683243281114,0.15142777750457667,0.9749279121818236,-0.22252093395631434
0.0,0.2231432079914623,0.0,0.0,5.703782474656201,0.2833333333333333,0.29341532384756946,-0.5000000000000012,0.8660254037844379,-0.9377521321470804,0.3473052528448203,0.43388373911755823,-0.900968867902419
0.0,-0.22314320799146234,0.0,0.0,-5.703782474656201,0.2833333333333333,0.2935050944835944,-0.5000000000000012,0.8660254037844379,-0.7247927872291207,0.6889669190756859,-0.9749279121818236,-0.2225209339563146
0.0,0.2231432079914623,0.0,0.0,7.313220387090301,0.2833333333333333,0.29363975043763185,-0.5000000000000012,0.8660254037844379,-0.20129852008866114,0.9795299412524943,0.7818314824680298,0.6234898018587336
0.0,-0.22314320799146234,0.0,0.0,-7.313220387090301,0.2833333333333333,0.29368463575564435,-2.4492935982947064e-16,1.0,0.20129852008866006,0.9795299412524945,0.9749279121818236,-0.22252093395631434
0.0,0.2231432079914623,0.0,0.0,7.333023014386481,0.2833333333333333,0.29372952107365685,-2.4492935982947064e-16,1.0,0.39435585511331855,0.9189578116202306,0.43388373911755823,-0.900968867902419
0.0,0.0,0.0,0.0,-0.9360933591703348,0.2833333333333333,0.2937744063916693,-2.4492935982947064e-16,1.0,0.5712682150947923,0.8207634412072763,-0.433883739117558,-0.9009688679024191
-0.287682263186626,0.0,0.0,-0.287682263186626,-1.8971199848858813,0.2833333333333333,0.2938192917096818,-2.4492935982947064e-16,1.0,0.72479278722912,0.6889669190756866,-0.9749279121818236,-0.2225209339563146
0.0,-0.5108254711780884,-0.287682263186626,0.0,-4.499809670330265,0.2833333333333333,0.29395394766371924,-2.4492935982947064e-16,1.0,0.9884683243281114,0.1514277775045767,0.7818314824680298,0.6234898018587336
0.0,0.0,0.0,0.0,0.0,0.2833333333333333,0.2939988329817317,-2.4492935982947064e-16,1.0,0.9987165071710528,-0.05064916883871264,0.9749279121818236,-0.22252093395631434
0.0,0.5108254711780884,0.0,0.0,5.703782474656201,0.2833333333333333,0.2940437182997442,-2.4492935982947064e-16,1.0,0.9680771188662043,-0.2506525322587204,0.43388373911755823,-0.900968867902419
0.0,0.0,0.0,0.0,1.0296194171811581,0.2833333333333333,0.2940886036177566,-2.4492935982947064e-16,1.0,0.8978045395707416,-0.4403941515576344,-0.433883739117558,-0.9009688679024191
0.0,-0.5108254711780884,0.0,0.0,-6.733401891837359,0.2833333333333333,0.2941334889357691,-2.4492935982947064e-16,1.0,0.7907757369376989,-0.6121059825476626,-0.9749279121818236,-0.2225209339563146
0.0,0.5108254711780884,0.0,0.0,5.0106352940962555,0.2833333333333333,0.29426814488980657,-2.4492935982947064e-16,1.0,0.29936312297335804,-0.9541392564000488,0.7818314824680298,0.6234898018587336
0.0,0.0,0.0,0.0,1.0986122886681098,0.2833333333333333,0.294313030207819,-2.4492935982947064e-16,1.0,0.10116832198743272,-0.994869323391895,0.9749279121818236,-0.22252093395631434
0.0,-0.5108254711780884,0.0,0.0,-6.1092475827643655,0.2833333333333333,0.2943579155258315,-2.4492935982947064e-16,1.0,-0.10116832198743204,-0.9948693233918952,0.43388373911755823,-0.900968867902419
0.0,0.5108254711780884,0.0,0.0,6.173786103901937,0.2833333333333333,0.294402800843844,-2.4492935982947064e-16,1.0,-0.29936312297335776,-0.9541392564000489,-0.433883739117558,-0.9009688679024191
0.0,-0.5108254711780884,0.0,0.0,-6.173786103901937,0.2833333333333333,0.29444768616185646,-2.4492935982947064e-16,1.0,-0.4853019625310808,-0.8743466161445822,-0.9749279121818236,-0.2225209339563146
0.0,0.2876822631866261,0.0,0.0,7.478734825567875,0.2833333333333333,0.2945823421158939,-2.4492935982947064e-16,1.0,-0.8978045395707417,-0.44039415155763423,0.7818314824680298,0.6234898018587336
-0.4054654895779637,0.0,0.0,-0.4054654895779637,0.726483600827537,0.2833333333333333,0.2946272274339064,-2.4492935982947064e-16,1.0,-0.9680771188662041,-0.2506525322587213,0.9749279121818236,-0.22252093395631434
0.0,0.0,-0.4054654895779637,0.0,0.5525652299387559,0.2833333333333333,0.29467211275191885,-2.4492935982947064e-16,1.0,-0.9987165071710528,-0.05064916883871355,0.43388373911755823,-0.900968867902419
0.0,-0.6931477527645897,0.0,0.0,-8.757783656334167,0.2833333333333333,0.29471699806993135,-2.4492935982947064e-16,1.0,-0.9884683243281114,0.15142777750457667,-0.433883739117558,-0.9009688679024191
0.0,0.6931477527645898,0.0,0.0,6.4457198193855785,0.2833333333333333,0.29489653934198123,-2.4492935982947064e-16,1.0,-0.5712682150947924,0.8207634412072763,0.7818314824680298,0.6234898018587336
0.0,-0.13353180134209242,0.0,0.0,0.7621400520468967,0.2833333333333333,0.29494142465999373,-2.4492935982947064e-16,1.0,-0.3943558551133187,0.9189578116202306,0.9749279121818236,-0.22252093395631434
0.0,0.0,0.0,0.0,0.36772478012531734,0.2833333333333333,0.29498630997800623,-2.4492935982947064e-16,1.0,-0.20129852008866114,0.9795299412524943,0.43388373911755823,-0.900968867902419
0.0,0.0,0.0,0.0,-0.262364264467491,0.2833333333333333,0.2950311952960187,-2.4492935982947064e-16,1.0,-2.4492935982947064e-16,1.0,-0.433883739117558,-0.9009688679024191
0.0,-0.5596159514224974,0.0,0.0,-7.313220387090301,0.3,0.2952107365680686,0.49999999999999994,0.8660254037844387,0.72479278722912,0.6889669190756866,0.7818314824680298,0.6234898018587336
0.0,0.5596159514224973,0.0,0.0,6.620073206530356,0.3,0.29525562188608107,0.49999999999999994,0.8660254037844387,0.8486442574947509,0.5289640103269624,0.9749279121818236,-0.22252093395631434
0.22314423795974378,0.0,0.22314423795974378,0.22314423795974378,3.1780538303479458,0.3,0.29530050720409357,0.49999999999999994,0.8660254037844387,0.9377521321470804,0.3473052528448203,0.43388373911755823,-0.900968867902419
0.0,0.0,0.0,0.0,-3.138833117194664,0.3,0.29534539252210606,0.49999999999999994,0.8660254037844387,0.9884683243281114,0.1514277775045767,-0.433883739117558,-0.9009688679024191
0.0,0.0,0.0,0.0,-0.9555114450274363,0.3,0.2953902778401185,0.49999999999999994,0.8660254037844387,0.9987165071710528,-0.05064916883871264,-0.9749279121818236,-0.2225209339563146
0.0,0.0,0.0,0.0,-2.3025850929940455,0.3,0.29552493379415595,0.49999999999999994,0.8660254037844387,0.7907757369376989,-0.6121059825476626,0.7818314824680298,0.6234898018587336
0.0,0.0,0.0,0.0,2.995732273553991,0.3,0.29556981911216845,0.49999999999999994,0.8660254037844387,0.6513724827222223,-0.758758122692791,0.9749279121818236,-0.22252093395631434
0.0,0.0,0.0,0.0,0.0,0.3,0.2956147044301809,0.49999999999999994,0.8660254037844387,0.48530196253108104,-0.8743466161445821,0.43388373911755823,-0.900968867902419
0.0,-0.3364717134627536,0.0,0.0,-6.396929655216146,0.3,0.2956595897481934,0.49999999999999994,0.8660254037844387,0.29936312297335804,-0.9541392564000488,-0.433883739117558,-0.9009688679024191
0.0,0.3364717134627536,0.0,0.0,7.090076835776092,0.3,0.29570447506620584,0.49999999999999994,0.8660254037844387,0.10116832198743272,-0.994869323391895,-0.9749279121818236,-0.2225209339563146
0.0,0.0,0.0,0.0,-0.6443570163905132,0.3,0.2958391310202433,0.49999999999999994,0.8660254037844387,-0.4853019625310808,-0.8743466161445822,0.7818314824680298,0.6234898018587336
0.0,-0.3364717134627536,0.0,0.0,-6.4457198193855785,0.3,0.2958840163382558,0.49999999999999994,0.8660254037844387,-0.6513724827222217,-0.7587581226927913,0.9749279121818236,-0.22252093395631434
0.0,0.0,0.0,0.0,0.0,0.3,0.29592890165626823,0.49999999999999994,0.8660254037844387,-0.7907757369376986,-0.6121059825476627,0.43388373911755823,-0.900968867902419
0.0,0.3364717134627536,0.0,0.0,6.956545443151569,0.3,0.29597378697428073,0.49999999999999994,0.8660254037844387,-0.8978045395707417,-0.44039415155763423,-0.433883739117558,-0.9009688679024191
0.0,0.0,0.0,0.0,1.2321436812926323,0.3,0.29601867229229323,0.49999999999999994,0.8660254037844387,-0.9680771188662041,-0.2506525322587213,-0.9749279121818236,-0.2225209339563146
0.0,0.0,0.0,0.0,-0.8754687373538999,0.3,0.29615332824633067,0.49999999999999994,0.8660254037844387,-0.9377521321470804,0.3473052528448203,0.7818314824680298,0.6234898018587336
0.0,0.0,0.0,0.0,-2.120263536200091,0.3,0.2961982135643431,0.49999999999999994,0.8660254037844387,-0.8486442574947509,0.5289640103269624,0.9749279121818236,-0.22252093395631434
0.18232125161821996,0.0,0.18232125161821996,0.18232125161821996,2.995732273553991,0.3,0.2962430988823556,0.49999999999999994,0.8660254037844387,-0.7247927872291207,0.6889669190756859,0.43388373911755823,-0.900968867902419
0.0,0.0,0.0,0.0,-0.5978370007556204,0.3,0.29628798420036806,0.49999999999999994,0.8660254037844387,-0.5712682150947924,0.8207634412072763,-0.433883739117558,-0.9009688679024191
0.0,0.1335318013420924,0.0,0.0,-2.580216829592325,0.3,0.29633286951838056,0.49999999999999994,0.8660254037844387,-0.3943558551133187,0.9189578116202306,-0.9749279121818236,-0.2225209339563146
0.0,-0.287682263186626,0.0,0.0,-5.0106352940962555,0.3,0.296467525472418,0.8660254037844386,0.5000000000000001,0.20129852008866006,0.9795299412524945,0.7818314824680298,0.6234898018587336
0.0,0.2876822631866261,0.0,0.0,8.006367567650246,0.3,0.29651241079043045,0.8660254037844386,0.5000000000000001,0.39435585511331855,0.9189578116202306,0.9749279121818236,-0.22252093395631434
0.0,0.0,0.0,0.0,0.09531017980432493,0.3,0.29655729610844295,0.8660254037844386,0.5000000000000001,0.5712682150947923,0.8207634412072763,0.43388373911755823,-0.900968867902419
0.0,-0.287682263186626,0.0,0.0,-8.101677747454572,0.3,0.29660218142645545,0.8660254037844386,0.5000000000000001,0.72479278722912,0.6889669190756866,-0.433883739117558,-0.9009688679024191
0.0,0.0,0.0,0.0,0.0,0.3,0.2966470667444679,0.8660254037844386,0.5000000000000001,0.8486442574947509,0.5289640103269624,-0.9749279121818236,-0.2225209339563146
0.0,0.0,0.0,0.0,0.0,0.3,0.29678172269850533,0.8660254037844386,0.5000000000000001,0.9987165071710528,-0.05064916883871264,0.7818314824680298,0.6234898018587336
0.0,0.0,0.0,0.0,0.0,0.3,0.29682660801651783,0.8660254037844386,0.5000000000000001,0.9680771188662043,-0.2506525322587204,0.9749279121818236,-0.22252093395631434
0.0,0.15415046184453357,0.0,0.0,0.0,0.3,0.2968714933345303,0.8660254037844386,0.5000000000000001,0.8978045395707416,-0.4403941515576344,0.43388373911755823,-0.900968867902419
0.0,0.0,0.0,0.0,6.29156913955832,0.3,0.2969163786525428,0.8660254037844386,0.5000000000000001,0.7907757369376989,-0.6121059825476626,-0.433883739117558,-0.9009688679024191
0.0,-0.15415046184453368,0.0,0.0,-6.29156913955832,0.3,0.2969612639705553,0.8660254037844386,0.5000000000000001,0.6513724827222223,-0.758758122692791,-0.9749279121818236,-0.2225209339563146
0.0,0.0,0.0,0.0,0.0,0.3,0.29714080524260517,0.8660254037844386,0.5000000000000001,-0.10116832198743204,-0.9948693233918952,0.9749279121818236,-0.22252093395631434
0.0,0.0,0.0,0.0,0.0,0.3,0.29718569056061767,0.8660254037844386,0.5000000000000001,-0.29936312297335776,-0.9541392564000489,0.43388373911755823,-0.900968867902419
0.0,0.15415046184453357,0.0,0.0,8.101677747454572,0.3,0.2972305758786301,0.8660254037844386,0.5000000000000001,-0.4853019625310808,-0.8743466161445822,-0.433883739117558,-0.9009688679024191
0.0,0.0,0.0,0.0,0.4756693667814129,0.3,0.2972754611966426,0.8660254037844386,0.5000000000000001,-0.6513724827222217,-0.7587581226927913,-0.9749279121818236,-0.2225209339563146
0.0,-0.15415046184453368,0.0,0.0,-8.577347114235984,0.3,0.29741011715068005,0.8660254037844386,0.5000000000000001,-0.9680771188662041,-0.2506525322587213,0.7818314824680298,0.6234898018587336
0.0,0.0,0.0,0.0,0.0,0.3,0.2974550024686925,0.8660254037844386,0.5000000000000001,-0.9987165071710528,-0.05064916883871355,0.9749279121818236,-0.22252093395631434
0.0,0.15415046184453357,0.0,0.0,5.703782474656201,0.3,0.297499887786705,0.8660254037844386,0.5000000000000001,-0.9884683243281114,0.15142777750457667,0.43388373911755823,-0.900968867902419
0.0,-0.15415046184453368,0.0,0.0,-5.703782474656201,0.3,0.29754477310471744,0.8660254037844386,0.5000000000000001,-0.9377521321470804,0.3473052528448203,-0.433883739117558,-0.9009688679024191
-0.4054654895779637,0.15415046184453357,0.0,-0.4054654895779637,8.371010681238156,0.3,0.29758965842272994,0.8660254037844386,0.5000000000000001,-0.8486442574947509,0.5289640103269624,-0.9749279121818236,-0.2225209339563146
0.0,-0.5596159514224974,-0.4054654895779637,0.0,-8.371010681238156,0.3,0.2977243143767674,0.8660254037844386,0.5000000000000001,-0.3943558551133187,0.9189578116202306,0.7818314824680298,0.6234898018587336
0.0,0.5596159514224973,0.0,0.0,6.396929655216146,0.3,0.2977691996947799,1.0,6.123233995736766e-17,0.20129852008866006,0.9795299412524945,0.9749279121818236,-0.22252093395631434
0.0,0.0,0.0,0.0,-0.16251892949777494,0.3,0.29781408501279233,1.0,6.123233995736766e-17,0.39435585511331855,0.9189578116202306,0.43388373911755823,-0.900968867902419
0.0,-0.5596159514224974,0.0,0.0,-6.234410725718371,0.3,0.29785897033080483,1.0,6.123233995736766e-17,0.5712682150947923,0.8207634412072763,-0.433883739117558,-0.9009688679024191
0.0,0.0,0.0,0.0,0.0,0.3,0.2979038556488173,1.0,6.123233995736766e-17,0.72479278722912,0.6889669190756866,-0.9749279121818236,-0.2225209339563146
0.0,0.5596159514224973,0.0,0.0,7.090076835776092,0.3,0.2980385116028547,1.0,6.123233995736766e-17,0.9884683243281114,0.1514277775045767,0.7818314824680298,0.6234898018587336
0.0,-0.5596159514224974,0.0,0.0,-7.090076835776092,0.3,0.2980833969208672,1.0,6.123233995736766e-17,0.9987165071710528,-0.05064916883871264,0.9749279121818236,-0.22252093395631434
0.0,0.0,0.0,0.0,0.0,0.3,0.29812828223887966,1.0,6.123233995736766e-17,0.9680771188662043,-0.2506525322587204,0.43388373911755823,-0.900968867902419
0.0,0.40546548957796374,0.0,0.0,5.0106352940962555,0.3,0.29817316755689216,1.0,6.123233995736766e-17,0.8978045395707416,-0.4403941515576344,-0.433883739117558,-0.9009688679024191
0.0,0.0,0.0,0.0,2.995732273553991,0.3,0.29821805287490466,1.0,6.123233995736766e-17,0.7907757369376989,-0.6121059825476626,-0.9749279121818236,-0.2225209339563146
0.0,0.0,0.0,0.0,0.7419373447293773,0.3,0.29835270882894205,1.0,6.123233995736766e-17,0.29936312297335804,-0.9541392564000488,0.7818314824680298,0.6234898018587336
0.0,-0.4054654895779637,0.0,0.0,-8.748304912379623,0.3,0.29839759414695455,1.0,6.123233995736766e-17,0.10116832198743272,-0.994869323391895,0.9749279121818236,-0.22252093395631434
0.22314423795974378,0.40546548957796374,0.22314423795974378,0.22314423795974378,8.006367567650246,0.3,0.29844247946496705,1.0,6.123233995736766e-17,-0.10116832198743204,-0.9948693233918952,0.43388373911755823,-0.900968867902419
0.18232125161821996,0.2876822631866261,0.18232125161821996,0.18232125161821996,0.4054651081081644,0.3,0.2984873647829795,1.0,6.123233995736766e-17,-0.29936312297335776,-0.9541392564000489,-0.433883739117558,-0.9009688679024191
0.0,0.0,0.0,0.0,-2.70805020110221,0.3,0.298532250100992,1.0,6.123233995736766e-17,-0.4853019625310808,-0.8743466161445822,-0.9749279121818236,-0.2225209339563146
0.0,-0.287682263186626,0.0,0.0,-5.703782474656201,0.3,0.29866690605502944,1.0,6.123233995736766e-17,-0.8978045395707417,-0.44039415155763423,0.7818314824680298,0.6234898018587336
0.0,0.0,0.0,0.0,0.0,0.3,0.2987117913730419,1.0,6.123233995736766e-17,-0.9680771188662041,-0.2506525322587213,0.9749279121818236,-0.22252093395631434
0.0,0.0,0.0,0.0,0.0,0.3,0.2987566766910544,1.0,6.123233995736766e-17,-0.9987165071710528,-0.05064916883871355,0.43388373911755823,-0.900968867902419
0.0,0.2876822631866261,0.0,0.0,4.0943445622221,0.3,0.2988015620090669,1.0,6.123233995736766e-17,-0.9884683243281114,0.15142777750457667,-0.433883739117558,-0.9009688679024191
0.0,0.0,0.0,0.0,2.70805020110221,0.3,0.2988464473270793,1.0,6.123233995736766e-17,-0.9377521321470804,0.3473052528448203,-0.9749279121818236,-0.2225209339563146
0.0,0.0,0.0,0.0,2.4849066497880004,0.3,0.29898110328111677,1.0,6.123233995736766e-17,-0.5712682150947924,0.8207634412072763,0.7818314824680298,0.6234898018587336
0.15415046184453357,0.0,0.15415046184453357,0.15415046184453357,-0.3646431135879093,0.3,0.29902598859912927,1.0,6.123233995736766e-17,-0.3943558551133187,0.9189578116202306,0.9749279121818236,-0.22252093395631434
0.0,0.0,0.0,0.0,-2.3025850929940455,0.3,0.2990708739171417,1.0,6.123233995736766e-17,-0.20129852008866114,0.9795299412524943,0.43388373911755823,-0.900968867902419
0.0,0.0,0.0,0.0,3.3032169733019514,0.3,0.2991157592351542,1.0,6.123233995736766e-17,-2.4492935982947064e-16,1.0,-0.433883739117558,-0.9009688679024191
0.0,0.0,0.0,0.0,-2.0912759993268386,0.3,0.2992953005072041,0.8660254037844387,-0.4999999999999998,0.72479278722912,0.6889669190756866,0.7818314824680298,0.6234898018587336
0.0,-0.13353180134209242,0.0,0.0,-7.832014180505469,0.3,0.2993401858252166,0.8660254037844387,-0.4999999999999998,0.8486442574947509,0.5289640103269624,0.9749279121818236,-0.22252093395631434
0.0,0.0,0.0,0.0,0.0,0.3,0.29938507114322904,0.8660254037844387,-0.4999999999999998,0.9377521321470804,0.3473052528448203,0.43388373911755823,-0.900968867902419
0.0,0.0,0.0,0.0,0.0,0.3,0.29942995646124154,0.8660254037844387,-0.4999999999999998,0.9884683243281114,0.1514277775045767,-0.433883739117558,-0.9009688679024191
0.0,0.0,0.0,0.0,0.0,0.3,0.29947484177925404,0.8660254037844387,-0.4999999999999998,0.9987165071710528,-0.05064916883871264,-0.9749279121818236,-0.2225209339563146
0.0,0.0,0.0,0.0,0.0,0.3,0.2996094977332915,0.8660254037844387,-0.4999999999999998,0.7907757369376989,-0.6121059825476626,0.7818314824680298,0.6234898018587336
0.0,0.1335318013420924,0.0,0.0,8.571681376700306,0.3,0.29965438305130393,0.8660254037844387,-0.4999999999999998,0.6513724827222223,-0.758758122692791,0.9749279121818236,-0.22252093395631434
0.0,0.0,0.0,0.0,-2.772588722239781,0.3,0.29969926836931643,0.8660254037844387,-0.4999999999999998,0.48530196253108104,-0.8743466161445821,0.43388373911755823,-0.900968867902419
0.0,-0.13353180134209242,0.0,0.0,-5.799092654460526,0.3,0.2997441536873289,0.8660254037844387,-0.4999999999999998,0.29936312297335804,-0.9541392564000488,-0.433883739117558,-0.9009688679024191
0.0,0.0,0.0,0.0,0.0,0.3,0.2997890390053414,0.8660254037844387,-0.4999999999999998,0.10116832198743272,-0.994869323391895,-0.9749279121818236,-0.2225209339563146
0.0,0.0,0.0,0.0,0.0,0.3,0.2999236949593788,0.8660254037844387,-0.4999999999999998,-0.4853019625310808,-0.8743466161445822,0.7818314824680298,0.6234898018587336
0.0,0.1335318013420924,0.0,0.0,6.659293919683638,0.3,0.29996858027739126,0.8660254037844387,-0.4999999999999998,-0.6513724827222217,-0.7587581226927913,0.9749279121818236,-0.22252093395631434
0.0,0.0,0.0,0.0,-0.9555114450274363,0.3,0.30001346559540376,0.8660254037844387,-0.4999999999999998,-0.7907757369376986,-0.6121059825476627,0.43388373911755823,-0.900968867902419
0.0,-0.13353180134209242,0.0,0.0,-5.703782474656201,0.3,0.30005835091341626,0.8660254037844387,-0.4999999999999998,-0.8978045395707417,-0.44039415155763423,-0.433883739117558,-0.9009688679024191
-0.15415046184453368,0.1335318013420924,0.0,-0.15415046184453368,9.579141495712756,0.3,0.3001032362314287,0.8660254037844387,-0.4999999999999998,-0.9680771188662041,-0.2506525322587213,-0.9749279121818236,-0.2225209339563146
0.0,0.0,-0.15415046184453368,0.0,-3.8753590210565547,0.3,0.30023789218546615,0.8660254037844387,-0.4999999999999998,-0.9377521321470804,0.3473052528448203,0.7818314824680298,0.6234898018587336
0.0,-0.287682263186626,0.0,0.0,-5.703782474656201,0.3,0.30028277750347865,0.8660254037844387,-0.4999999999999998,-0.8486442574947509,0.5289640103269624,0.9749279121818236,-0.22252093395631434
0.0,0.0,0.0,0.0,0.0,0.3,0.3003276628214911,0.8660254037844387,-0.4999999999999998,-0.7247927872291207,0.6889669190756859,0.43388373911755823,-0.900968867902419
0.0,0.0,0.0,0.0,0.0,0.3,0.3003725481395036,0.8660254037844387,-0.4999999999999998,-0.5712682150947924,0.8207634412072763,-0.433883739117558,-0.9009688679024191
0.0,0.0,0.0,0.0,0.0,0.3,0.3004174334575161,0.8660254037844387,-0.4999999999999998,-0.3943558551133187,0.9189578116202306,-0.9749279121818236,-0.2225209339563146
0.0,0.2876822631866261,0.0,0.0,5.703782474656201,0.3,0.3005520894115535,0.5000000000000003,-0.8660254037844385,0.39435585511331855,0.9189578116202306,0.7818314824680298,0.6234898018587336
0.0,0.0,0.0,0.0,-1.6094379124341003,0.3,0.300596974729566,0.5000000000000003,-0.8660254037844385,0.5712682150947923,0.8207634412072763,0.9749279121818236,-0.22252093395631434
0.0,-0.287682263186626,0.0,0.0,-4.0943445622221,0.3,0.3006418600475785,0.5000000000000003,-0.8660254037844385,0.72479278722912,0.6889669190756866,0.43388373911755823,-0.900968867902419
0.0,0.0,0.0,0.0,0.0,0.3,0.3006867453655909,0.5000000000000003,-0.8660254037844385,0.8486442574947509,0.5289640103269624,-0.433883739117558,-0.9009688679024191
0.0,0.0,0.0,0.0,0.0,0.3,0.3007316306836034,0.5000000000000003,-0.8660254037844385,0.9377521321470804,0.3473052528448203,-0.9749279121818236,-0.2225209339563146
0.0,0.2876822631866261,0.0,0.0,4.0943445622221,0.3,0.30086628663764087,0.5000000000000003,-0.8660254037844385,0.9680771188662043,-0.2506525322587204,0.7818314824680298,0.6234898018587336
0.0,-0.287682263186626,0.0,0.0,-4.0943445622221,0.3,0.3009111719556533,0.5000000000000003,-0.8660254037844385,0.8978045395707416,-0.4403941515576344,0.9749279121818236,-0.22252093395631434
0.0,0.2876822631866261,0.0,0.0,6.802394763324311,0.3,0.3009560572736658,0.5000000000000003,-0.8660254037844385,0.7907757369376989,-0.6121059825476626,0.43388373911755823,-0.900968867902419
0.0,-0.287682263186626,0.0,0.0,-6.802394763324311,0.3,0.30100094259167826,0.5000000000000003,-0.8660254037844385,0.6513724827222223,-0.758758122692791,-0.433883739117558,-0.9009688679024191
0.0,0.0,0.0,0.0,0.0,0.3,0.30104582790969076,0.5000000000000003,-0.8660254037844385,0.48530196253108104,-0.8743466161445821,-0.9749279121818236,-0.2225209339563146
0.0,0.0,0.0,0.0,0.0,0.3,0.3011804838637282,0.5000000000000003,-0.8660254037844385,-0.10116832198743204,-0.9948693233918952,0.7818314824680298,0.6234898018587336
0.0,0.0,0.0,0.0,0.0,0.3,0.3012253691817407,0.5000000000000003,-0.8660254037844385,-0.29936312297335776,-0.9541392564000489,0.9749279121818236,-0.22252093395631434
0.0,0.0,0.0,0.0,0.0,0.3,0.30127025449975314,0.5000000000000003,-0.8660254037844385,-0.4853019625310808,-0.8743466161445822,0.43388373911755823,-0.900968867902419
0.0,0.0,0.0,0.0,0.0,0.3,0.30131513981776564,0.5000000000000003,-0.8660254037844385,-0.6513724827222217,-0.7587581226927913,-0.433883739117558,-0.9009688679024191
0.0,0.2876822631866261,0.0,0.0,7.313220387090301,0.3,0.3013600251357781,0.5000000000000003,-0.8660254037844385,-0.7907757369376986,-0.6121059825476627,-0.9749279121818236,-0.2225209339563146
0.0,0.0,0.0,0.0,-2.3025850929940455,0.3,0.30149468108981553,0.5000000000000003,-0.8660254037844385,-0.9987165071710528,-0.05064916883871355,0.7818314824680298,0.6234898018587336
0.0,-0.287682263186626,0.0,0.0,-5.0106352940962555,0.3,0.30153956640782803,0.5000000000000003,-0.8660254037844385,-0.9884683243281114,0.15142777750457667,0.9749279121818236,-0.22252093395631434
0.0,0.0,0.0,0.0,0.0,0.3,0.3015844517258405,0.5000000000000003,-0.8660254037844385,-0.9377521321470804,0.3473052528448203,0.43388373911755823,-0.900968867902419
0.0,0.0,0.0,0.0,0.0,0.3,0.301629337043853,0.5000000000000003,-0.8660254037844385,-0.8486442574947509,0.5289640103269624,-0.433883739117558,-0.9009688679024191
0.0,0.2876822631866261,0.0,0.0,6.659293919683638,0.3,0.3016742223618655,0.5000000000000003,-0.8660254037844385,-0.7247927872291207,0.6889669190756859,-0.9749279121818236,-0.2225209339563146
0.0,0.0,0.0,0.0,-0.21357410029805904,0.3,0.30185376363391536,0.5000000000000003,-0.8660254037844385,-2.4492935982947064e-16,1.0,0.9749279121818236,-0.22252093395631434
0.0,-0.13353180134209242,0.0,0.0,1.2039728043259361,0.3,0.30189864895192786,1.2246467991473532e-16,-1.0,0.20129852008866006,0.9795299412524945,0.43388373911755823,-0.900968867902419
0.0,0.0,0.0,0.0,-0.419853845560264,0.3,0.3019435342699403,1.2246467991473532e-16,-1.0,0.39435585511331855,0.9189578116202306,-0.433883739117558,-0.9009688679024191
0.0,0.0,0.0,0.0,2.5064128550089637,0.3,0.3019884195879528,1.2246467991473532e-16,-1.0,0.5712682150947923,0.8207634412072763,-0.9749279121818236,-0.2225209339563146
0.0,0.0,0.0,0.0,-3.6959969218828004,0.3,0.30212307554199025,1.2246467991473532e-16,-1.0,0.9377521321470804,0.3473052528448203,0.7818314824680298,0.6234898018587336
0.0,0.0,0.0,0.0,2.228477120840324,0.3,0.3021679608600027,1.2246467991473532e-16,-1.0,0.9884683243281114,0.1514277775045767,0.9749279121818236,-0.22252093395631434
0.0,0.0,0.0,0.0,-4.174387269895637,0.3,0.3022128461780152,1.2246467991473532e-16,-1.0,0.9987165071710528,-0.05064916883871264,0.43388373911755823,-0.900968867902419
0.0,0.0,0.0,0.0,1.9459101490553132,0.3,0.3022577314960277,1.2246467991473532e-16,-1.0,0.9680771188662043,-0.2506525322587204,-0.433883739117558,-0.9009688679024191
0.0,0.0,0.0,0.0,-0.3364722366212129,0.3,0.30230261681404014,1.2246467991473532e-16,-1.0,0.8978045395707416,-0.4403941515576344,-0.9749279121818236,-0.2225209339563146
0.0,-0.15415046184453368,0.0,0.0,-5.703782474656201,0.3,0.3024372727680776,1.2246467991473532e-16,-1.0,0.48530196253108104,-0.8743466161445821,0.7818314824680298,0.6234898018587336
0.0,0.0,0.0,0.0,0.0,0.3,0.3024821580860901,1.2246467991473532e-16,-1.0,0.29936312297335804,-0.9541392564000488,0.9749279121818236,-0.22252093395631434
0.0,0.0,0.0,0.0,0.0,0.3,0.3025270434041025,1.2246467991473532e-16,-1.0,0.10116832198743272,-0.994869323391895,0.43388373911755823,-0.900968867902419
0.0,0.15415046184453357,0.0,0.0,7.352441100243583,0.3,0.302571928722115,1.2246467991473532e-16,-1.0,-0.10116832198743204,-0.9948693233918952,-0.433883739117558,-0.9009688679024191
0.0,0.0,0.0,0.0,0.702716631576096,0.3,0.30261681404012747,1.2246467991473532e-16,-1.0,-0.29936312297335776,-0.9541392564000489,-0.9749279121818236,-0.2225209339563146
0.0,0.0,0.0,0.0,-2.3513752571634776,0.3,0.3027514699941649,1.2246467991473532e-16,-1.0,-0.7907757369376986,-0.6121059825476627,0.7818314824680298,0.6234898018587336
0.0,0.0,0.0,0.0,1.6094379124341003,0.3,0.3027963553121774,1.2246467991473532e-16,-1.0,-0.8978045395707417,-0.44039415155763423,0.9749279121818236,-0.22252093395631434
0.0,0.1335318013420924,0.0,0.0,-0.6931471805599453,0.3,0.3028412406301899,1.2246467991473532e-16,-1.0,-0.9680771188662041,-0.2506525322587213,0.43388373911755823,-0.900968867902419
0.0,0.0,0.0,0.0,-2.5257286443082556,0.3,0.30288612594820236,1.2246467991473532e-16,-1.0,-0.9987165071710528,-0.05064916883871355,-0.433883739117558,-0.9009688679024191
0.0,0.0,0.0,0.0,5.703782474656201,0.3,0.30293101126621486,1.2246467991473532e-16,-1.0,-0.9884683243281114,0.15142777750457667,-0.9749279121818236,-0.2225209339563146
0.0,0.0,0.0,0.0,-2.4849066497880004,0.3,0.3030656672202523,1.2246467991473532e-16,-1.0,-0.7247927872291207,0.6889669190756859,0.7818314824680298,0.6234898018587336
0.0,-0.287682263186626,0.0,0.0,-7.313220387090301,0.3,0.30311055253826474,1.2246467991473532e-16,-1.0,-0.5712682150947924,0.8207634412072763,0.9749279121818236,-0.22252093395631434
0.0,0.0,0.0,0.0,0.0,0.3,0.30315543785627724,1.2246467991473532e-16,-1.0,-0.3943558551133187,0.9189578116202306,0.43388373911755823,-0.900968867902419
0.0,0.0,0.0,0.0,0.0,0.3,0.3032003231742897,1.2246467991473532e-16,-1.0,-0.20129852008866114,0.9795299412524943,-0.433883739117558,-0.9009688679024191
0.0,0.0,0.0,0.0,0.0,0.3,0.3032452084923022,-0.4999999999999997,-0.8660254037844388,0.20129852008866006,0.9795299412524945,-0.9749279121818236,-0.2225209339563146
0.0,0.0,0.0,0.0,0.0,0.3,0.3034247497643521,-0.4999999999999997,-0.8660254037844388,0.8486442574947509,0.5289640103269624,0.9749279121818236,-0.22252093395631434
0.0,0.0,0.0,0.0,0.0,0.3,0.3034696350823646,-0.4999999999999997,-0.8660254037844388,0.9377521321470804,0.3473052528448203,0.43388373911755823,-0.900968867902419
0.0,0.0,0.0,0.0,0.0,0.3,0.3035145204003771,-0.4999999999999997,-0.8660254037844388,0.9884683243281114,0.1514277775045767,-0.433883739117558,-0.9009688679024191
0.0,0.0,0.0,0.0,0.0,0.3,0.3035594057183895,-0.4999999999999997,-0.8660254037844388,0.9987165071710528,-0.05064916883871264,-0.9749279121818236,-0.2225209339563146
0.0,0.2876822631866261,0.0,0.0,4.0943445622221,0.3,0.30369406167242696,-0.4999999999999997,-0.8660254037844388,0.7907757369376989,-0.6121059825476626,0.7818314824680298,0.6234898018587336
0.0,0.0,0.0,0.0,3.2386784521643803,0.3,0.30373894699043946,-0.4999999999999997,-0.8660254037844388,0.6513724827222223,-0.758758122692791,0.9749279121818236,-0.22252093395631434
0.0,-0.287682263186626,0.0,0.0,-7.333023014386481,0.3,0.3037838323084519,-0.4999999999999997,-0.8660254037844388,0.48530196253108104,-0.8743466161445821,0.43388373911755823,-0.900968867902419
0.0,0.2876822631866261,0.0,0.0,6.4457198193855785,0.3,0.3038287176264644,-0.4999999999999997,-0.8660254037844388,0.29936312297335804,-0.9541392564000488,-0.433883739117558,-0.9009688679024191
0.0,-0.287682263186626,0.0,0.0,-6.4457198193855785,0.3,0.3038736029444769,-0.4999999999999997,-0.8660254037844388,0.10116832198743272,-0.994869323391895,-0.9749279121818236,-0.2225209339563146
0.0,0.2876822631866261,0.0,0.0,5.703782474656201,0.3,0.3040082588985143,-0.4999999999999997,-0.8660254037844388,-0.4853019625310808,-0.8743466161445822,0.7818314824680298,0.6234898018587336
0.0,0.0,0.0,0.0,0.0,0.3,0.3040531442165268,-0.4999999999999997,-0.8660254037844388,-0.6513724827222217,-0.7587581226927913,0.9749279121818236,-0.22252093395631434
0.0,0.0,0.0,0.0,1.2237754316221157,0.3,0.3040980295345393,-0.4999999999999997,-0.8660254037844388,-0.7907757369376986,-0.6121059825476627,0.43388373911755823,-0.900968867902419
0.0,-0.287682263186626,0.0,0.0,-6.927557906278317,0.3,0.30414291485255174,-0.4999999999999997,-0.8660254037844388,-0.8978045395707417,-0.44039415155763423,-0.433883739117558,-0.9009688679024191
0.0,0.0,0.0,0.0,0.0,0.3,0.30418780017056424,-0.4999999999999997,-0.8660254037844388,-0.9680771188662041,-0.2506525322587213,-0.9749279121818236,-0.2225209339563146
0.0,0.0,0.0,0.0,0.0,0.3,0.3043224561246017,-0.4999999999999997,-0.8660254037844388,-0.9377521321470804,0.3473052528448203,0.7818314824680298,0.6234898018587336
0.0,0.2876822631866261,0.0,0.0,4.0943445622221,0.3,0.3043673414426141,-0.4999999999999997,-0.8660254037844388,-0.8486442574947509,0.5289640103269624,0.9749279121818236,-0.22252093395631434
0.0,-0.287682263186626,0.0,0.0,-4.0943445622221,0.3,0.3044122267606266,-0.4999999999999997,-0.8660254037844388,-0.7247927872291207,0.6889669190756859,0.43388373911755823,-0.900968867902419
0.0,0.0,0.0,0.0,0.0,0.3,0.30445711207863907,-0.4999999999999997,-0.8660254037844388,-0.5712682150947924,0.8207634412072763,-0.433883739117558,-0.9009688679024191
0.0,0.0,0.0,0.0,0.0,0.3,0.30450199739665157,-0.4999999999999997,-0.8660254037844388,-0.3943558551133187,0.9189578116202306,-0.9749279121818236,-0.2225209339563146
0.0,0.0,0.0,0.0,0.0,0.3,0.304636653350689,-0.8660254037844385,-0.5000000000000004,0.20129852008866006,0.9795299412524945,0.7818314824680298,0.6234898018587336
0.0,0.0,0.0,0.0,0.0,0.3,0.3046815386687015,-0.8660254037844385,-0.5000000000000004,0.39435585511331855,0.9189578116202306,0.9749279121818236,-0.22252093395631434
0.0,0.0,0.0,0.0,0.0,0.3,0.30472642398671396,-0.8660254037844385,-0.5000000000000004,0.5712682150947923,0.8207634412072763,0.43388373911755823,-0.900968867902419
0.0,0.0,0.0,0.0,0.0,0.3,0.30477130930472646,-0.8660254037844385,-0.5000000000000004,0.72479278722912,0.6889669190756866,-0.433883739117558,-0.9009688679024191
0.0,0.0,0.0,0.0,0.0,0.3,0.3048161946227389,-0.8660254037844385,-0.5000000000000004,0.8486442574947509,0.5289640103269624,-0.9749279121818236,-0.2225209339563146
0.0,0.0,0.0,0.0,0.0,0.3,0.30495085057677634,-0.8660254037844385,-0.5000000000000004,0.9987165071710528,-0.05064916883871264,0.7818314824680298,0.6234898018587336
0.0,0.0,0.0,0.0,0.0,0.3,0.30499573589478884,-0.8660254037844385,-0.5000000000000004,0.9680771188662043,-0.2506525322587204,0.9749279121818236,-0.22252093395631434
0.0,0.0,0.0,0.0,0.0,0.3,0.3050406212128013,-0.8660254037844385,-0.5000000000000004,0.8978045395707416,-0.4403941515576344,0.43388373911755823,-0.900968867902419
0.0,0.0,0.0,0.0,0.0,0.3,0.3050855065308138,-0.8660254037844385,-0.5000000000000004,0.7907757369376989,-0.6121059825476626,-0.433883739117558,-0.9009688679024191
0.0,0.2876822631866261,0.0,0.0,6.897704943128636,0.3,0.3051303918488263,-0.8660254037844385,-0.5000000000000004,0.6513724827222223,-0.758758122692791,-0.9749279121818236,-0.2225209339563146
0.0,0.0,0.0,0.0,-1.1939224684724346,0.3,0.3052650478028637,-0.8660254037844385,-0.5000000000000004,0.10116832198743272,-0.994869323391895,0.7818314824680298,0.6234898018587336
0.0,0.0,0.0,0.0,1.6094379124341003,0.3,0.3053099331208762,-0.8660254037844385,-0.5000000000000004,-0.10116832198743204,-0.9948693233918952,0.9749279121818236,-0.22252093395631434
0.0,0.0,0.0,0.0,-2.3025850929940455,0.3,0.3053548184388887,-0.8660254037844385,-0.5000000000000004,-0.29936312297335776,-0.9541392564000489,0.43388373911755823,-0.900968867902419
0.0,0.0,0.0,0.0,2.8903717578961645,0.3,0.3053997037569011,-0.8660254037844385,-0.5000000000000004,-0.4853019625310808,-0.8743466161445822,-0.433883739117558,-0.9009688679024191
0.0,-0.287682263186626,0.0,0.0,-7.901007051992421,0.3,0.3054445890749136,-0.8660254037844385,-0.5000000000000004,-0.6513724827222217,-0.7587581226927913,-0.9749279121818236,-0.2225209339563146
0.0,0.0,0.0,0.0,0.0,0.3,0.30557924502895106,-0.8660254037844385,-0.5000000000000004,-0.9680771188662041,-0.2506525322587213,0.7818314824680298,0.6234898018587336
0.0,0.0,0.0,0.0,0.0,0.3,0.3056241303469635,-0.8660254037844385,-0.5000000000000004,-0.9987165071710528,-0.05064916883871355,0.9749279121818236,-0.22252093395631434
0.0,0.0,0.0,0.0,0.0,0.3,0.305669015664976,-0.8660254037844385,-0.5000000000000004,-0.9884683243281114,0.15142777750457667,0.43388373911755823,-0.900968867902419
0.0,0.0,0.0,0.0,0.0,0.3,0.3057139009829885,-0.8660254037844385,-0.5000000000000004,-0.9377521321470804,0.3473052528448203,-0.433883739117558,-0.9009688679024191
0.0,0.0,0.0,0.0,0.0,0.3,0.30575878630100095,-0.8660254037844385,-0.5000000000000004,-0.8486442574947509,0.5289640103269624,-0.9749279121818236,-0.2225209339563146
0.0,0.2876822631866261,0.0,0.0,5.703782474656201,0.3,0.3058934422550384,-0.8660254037844385,-0.5000000000000004,-0.3943558551133187,0.9189578116202306,0.7818314824680298,0.6234898018587336
0.0,-0.287682263186626,0.0,0.0,-5.703782474656201,0.3,0.3059383275730509,-0.8660254037844385,-0.5000000000000004,-0.20129852008866114,0.9795299412524943,0.9749279121818236,-0.22252093395631434
0.0,0.0,0.0,0.0,0.0,0.3,0.30598321289106334,-0.8660254037844385,-0.5000000000000004,-2.4492935982947064e-16,1.0,0.43388373911755823,-0.900968867902419
0.0,0.2876822631866261,0.0,0.0,3.4011973816621555,0.3,0.30602809820907584,-1.0,-1.8369701987210297e-16,0.20129852008866006,0.9795299412524945,-0.433883739117558,-0.9009688679024191
0.0,-0.287682263186626,0.0,0.0,-3.4011973816621555,0.3,0.3060729835270883,-1.0,-1.8369701987210297e-16,0.39435585511331855,0.9189578116202306,-0.9749279121818236,-0.2225209339563146
0.0,0.0,0.0,0.0,0.0,0.3,0.3062525247991382,-1.0,-1.8369701987210297e-16,0.9377521321470804,0.3473052528448203,0.9749279121818236,-0.22252093395631434
0.0,0.0,0.0,0.0,0.0,0.3,0.3062974101171507,-1.0,-1.8369701987210297e-16,0.9884683243281114,0.1514277775045767,0.43388373911755823,-0.900968867902419
0.0,0.0,0.0,0.0,0.0,0.3,0.30634229543516317,-1.0,-1.8369701987210297e-16,0.9987165071710528,-0.05064916883871264,-0.433883739117558,-0.9009688679024191
0.0,0.0,0.0,0.0,0.0,0.3,0.30638718075317567,-1.0,-1.8369701987210297e-16,0.9680771188662043,-0.2506525322587204,-0.9749279121818236,-0.2225209339563146
0.0,0.0,0.0,0.0,0.0,0.3,0.3065218367072131,-1.0,-1.8369701987210297e-16,0.6513724827222223,-0.758758122692791,0.7818314824680298,0.6234898018587336
0.0,0.0,0.0,0.0,0.0,0.3,0.30656672202522556,-1.0,-1.8369701987210297e-16,0.48530196253108104,-0.8743466161445821,0.9749279121818236,-0.22252093395631434
0.0,0.0,0.0,0.0,0.0,0.3,0.30661160734323806,-1.0,-1.8369701987210297e-16,0.29936312297335804,-0.9541392564000488,0.43388373911755823,-0.900968867902419
0.0,0.2876822631866261,0.0,0.0,3.4011973816621555,0.3,0.3066564926612505,-1.0,-1.8369701987210297e-16,0.10116832198743272,-0.994869323391895,-0.433883739117558,-0.9009688679024191
0.0,-0.287682263186626,0.0,0.0,-3.4011973816621555,0.3,0.306701377979263,-1.0,-1.8369701987210297e-16,-0.10116832198743204,-0.9948693233918952,-0.9749279121818236,-0.2225209339563146
0.0,0.0,0.0,0.0,0.0,0.3,0.30683603393330044,-1.0,-1.8369701987210297e-16,-0.6513724827222217,-0.7587581226927913,0.7818314824680298,0.6234898018587336
0.0,0.0,0.0,0.0,0.0,0.3,0.3068809192513129,-1.0,-1.8369701987210297e-16,-0.7907757369376986,-0.6121059825476627,0.9749279121818236,-0.22252093395631434
0.0,0.0,0.0,0.0,0.0,0.3,0.3069258045693254,-1.0,-1.8369701987210297e-16,-0.8978045395707417,-0.44039415155763423,0.43388373911755823,-0.900968867902419
0.0,0.0,0.0,0.0,0.0,0.3,0.3069706898873379,-1.0,-1.8369701987210297e-16,-0.9680771188662041,-0.2506525322587213,-0.433883739117558,-0.9009688679024191
0.0,0.2876822631866261,0.0,0.0,4.499809670330265,0.3,0.30701557520535033,-1.0,-1.8369701987210297e-16,-0.9987165071710528,-0.05064916883871355,-0.9749279121818236,-0.2225209339563146
0.0,-0.287682263186626,0.0,0.0,-4.499809670330265,0.3,0.3071502311593878,-1.0,-1.8369701987210297e-16,-0.8486442574947509,0.5289640103269624,0.7818314824680298,0.6234898018587336
0.0,0.0,0.0,0.0,0.0,0.3,0.3071951164774003,-1.0,-1.8369701987210297e-16,-0.7247927872291207,0.6889669190756859,0.9749279121818236,-0.22252093395631434
0.0,0.0,0.0,0.0,0.0,0.3,0.3072400017954127,-1.0,-1.8369701987210297e-16,-0.5712682150947924,0.8207634412072763,0.43388373911755823,-0.900968867902419
0.0,0.2876822631866261,0.0,0.0,5.0106352940962555,0.3,0.3072848871134252,-1.0,-1.8369701987210297e-16,-0.3943558551133187,0.9189578116202306,-0.433883739117558,-0.9009688679024191
0.0,-0.287682263186626,0.0,0.0,-5.0106352940962555,0.3,0.3073297724314377,-1.0,-1.8369701987210297e-16,-0.20129852008866114,0.9795299412524943,-0.9749279121818236,-0.2225209339563146
0.0,0.0,0.0,0.0,0.0,0.3,0.3074644283854751,-0.866025403784439,0.49999999999999933,0.5712682150947923,0.8207634412072763,0.7818314824680298,0.6234898018587336
0.0,0.2876822631866261,0.0,0.0,4.0943445622221,0.3,0.3075093137034876,-0.866025403784439,0.49999999999999933,0.72479278722912,0.6889669190756866,0.9749279121818236,-0.22252093395631434
0.0,0.0,0.0,0.0,2.0149030205422647,0.3,0.3075541990215001,-0.866025403784439,0.49999999999999933,0.8486442574947509,0.5289640103269624,0.43388373911755823,-0.900968867902419
0.0,-0.287682263186626,0.0,0.0,-6.1092475827643655,0.3,0.30759908433951255,-0.866025403784439,0.49999999999999933,0.9377521321470804,0.3473052528448203,-0.433883739117558,-0.9009688679024191
0.0,0.2876822631866261,0.0,0.0,5.703782474656201,0.3,0.30764396965752505,-0.866025403784439,0.49999999999999933,0.9884683243281114,0.1514277775045767,-0.9749279121818236,-0.2225209339563146
0.0,-0.287682263186626,0.0,0.0,-5.703782474656201,0.3,0.3077786256115625,-0.866025403784439,0.49999999999999933,0.8978045395707416,-0.4403941515576344,0.7818314824680298,0.6234898018587336
0.0,0.0,0.0,0.0,0.0,0.3,0.30782351092957494,-0.866025403784439,0.49999999999999933,0.7907757369376989,-0.6121059825476626,0.9749279121818236,-0.22252093395631434
0.0,0.0,0.0,0.0,0.0,0.3,0.30786839624758744,-0.866025403784439,0.49999999999999933,0.6513724827222223,-0.758758122692791,0.43388373911755823,-0.900968867902419
0.0,0.0,0.0,0.0,0.0,0.3,0.30791328156559994,-0.866025403784439,0.49999999999999933,0.48530196253108104,-0.8743466161445821,-0.433883739117558,-0.9009688679024191
0.0,0.0,0.0,0.0,0.0,0.3,0.3079581668836124,-0.866025403784439,0.49999999999999933,0.29936312297335804,-0.9541392564000488,-0.9749279121818236,-0.2225209339563146
0.0,0.0,0.0,0.0,0.0,0.3,0.3080928228376498,-0.866025403784439,0.49999999999999933,-0.29936312297335776,-0.9541392564000489,0.7818314824680298,0.6234898018587336
0.0,0.2876822631866261,0.0,0.0,5.703782474656201,0.3,0.3081377081556623,-0.866025403784439,0.49999999999999933,-0.4853019625310808,-0.8743466161445822,0.9749279121818236,-0.22252093395631434
0.0,0.0,0.0,0.0,-0.6931471805599453,0.3,0.30818259347367477,-0.866025403784439,0.49999999999999933,-0.6513724827222217,-0.7587581226927913,0.43388373911755823,-0.900968867902419
0.0,-0.287682263186626,0.0,0.0,-5.0106352940962555,0.3,0.30822747879168727,-0.866025403784439,0.49999999999999933,-0.7907757369376986,-0.6121059825476627,-0.433883739117558,-0.9009688679024191
0.0,0.0,0.0,0.0,0.0,0.3,0.3082723641096997,-0.866025403784439,0.49999999999999933,-0.8978045395707417,-0.44039415155763423,-0.9749279121818236,-0.2225209339563146
0.0,0.2876822631866261,0.0,0.0,4.499809670330265,0.3,0.30840702006373716,-0.866025403784439,0.49999999999999933,-0.9884683243281114,0.15142777750457667,0.7818314824680298,0.6234898018587336
0.0,-0.287682263186626,0.0,0.0,-4.499809670330265,0.3,0.30845190538174966,-0.866025403784439,0.49999999999999933,-0.9377521321470804,0.3473052528448203,0.9749279121818236,-0.22252093395631434
0.0,0.2876822631866261,0.0,0.0,3.4011973816621555,0.3,0.3084967906997621,-0.866025403784439,0.49999999999999933,-0.8486442574947509,0.5289640103269624,0.43388373911755823,-0.900968867902419
0.0,-0.287682263186626,0.0,0.0,-3.4011973816621555,0.3,0.3085416760177746,-0.866025403784439,0.49999999999999933,-0.7247927872291207,0.6889669190756859,-0.433883739117558,-0.9009688679024191
0.0,0.0,0.0,0.0,0.0,0.3,0.3085865613357871,-0.866025403784439,0.49999999999999933,-0.5712682150947924,0.8207634412072763,-0.9749279121818236,-0.2225209339563146
0.0,0.2876822631866261,0.0,0.0,5.703782474656201,0.3,0.30872121728982455,-0.866025403784439,0.49999999999999933,-2.4492935982947064e-16,1.0,0.7818314824680298,0.6234898018587336
0.0,0.0,0.0,0.0,0.1823215567939546,0.3,0.308766102607837,-0.5000000000000012,0.8660254037844379,0.20129852008866006,0.9795299412524945,0.9749279121818236,-0.22252093395631434
0.0,-0.287682263186626,0.0,0.0,-5.886104031450156,0.3,0.3088109879258495,-0.5000000000000012,0.8660254037844379,0.39435585511331855,0.9189578116202306,0.43388373911755823,-0.900968867902419
0.0,0.0,0.0,0.0,0.0,0.3,0.30885587324386193,-0.5000000000000012,0.8660254037844379,0.5712682150947923,0.8207634412072763,-0.433883739117558,-0.9009688679024191
0.0,0.0,0.0,0.0,0.0,0.3,0.30890075856187443,-0.5000000000000012,0.8660254037844379,0.72479278722912,0.6889669190756866,-0.9749279121818236,-0.2225209339563146
0.0,0.2876822631866261,0.0,0.0,6.1092475827643655,0.3,0.3090354145159119,-0.5000000000000012,0.8660254037844379,0.9884683243281114,0.1514277775045767,0.7818314824680298,0.6234898018587336
0.0,-0.287682263186626,0.0,0.0,-6.1092475827643655,0.3,0.3090802998339243,-0.5000000000000012,0.8660254037844379,0.9987165071710528,-0.05064916883871264,0.9749279121818236,-0.22252093395631434
0.0,0.2876822631866261,0.0,0.0,5.0106352940962555,0.3,0.3091251851519368,-0.5000000000000012,0.8660254037844379,0.9680771188662043,-0.2506525322587204,0.43388373911755823,-0.900968867902419
0.0,0.0,0.0,0.0,0.0,0.3,0.3091700704699493,-0.5000000000000012,0.8660254037844379,0.8978045395707416,-0.4403941515576344,-0.433883739117558,-0.9009688679024191
0.0,-0.287682263186626,0.0,0.0,-5.0106352940962555,0.3,0.30921495578796176,-0.5000000000000012,0.8660254037844379,0.7907757369376989,-0.6121059825476626,-0.9749279121818236,-0.2225209339563146
0.0,0.0,0.0,0.0,0.0,0.3,0.3093496117419992,-0.5000000000000012,0.8660254037844379,0.29936312297335804,-0.9541392564000488,0.7818314824680298,0.6234898018587336
0.0,0.0,0.0,0.0,0.0,0.3,0.3093944970600117,-0.5000000000000012,0.8660254037844379,0.10116832198743272,-0.994869323391895,0.9749279121818236,-0.22252093395631434
0.0,0.0,0.0,0.0,0.0,0.3,0.30943938237802415,-0.5000000000000012,0.8660254037844379,-0.10116832198743204,-0.9948693233918952,0.43388373911755823,-0.900968867902419
0.0,0.2876822631866261,0.0,0.0,5.799092654460526,0.3,0.30948426769603665,-0.5000000000000012,0.8660254037844379,-0.29936312297335776,-0.9541392564000489,-0.433883739117558,-0.9009688679024191
0.0,-0.287682263186626,0.0,0.0,-5.799092654460526,0.3,0.30952915301404915,-0.5000000000000012,0.8660254037844379,-0.4853019625310808,-0.8743466161445822,-0.9749279121818236,-0.2225209339563146
0.0,0.0,0.0,0.0,0.0,0.3,0.30966380896808654,-0.5000000000000012,0.8660254037844379,-0.8978045395707417,-0.44039415155763423,0.7818314824680298,0.6234898018587336
0.0,0.2876822631866261,0.0,0.0,5.703782474656201,0.3,0.30970869428609904,-0.5000000000000012,0.8660254037844379,-0.9680771188662041,-0.2506525322587213,0.9749279121818236,-0.22252093395631434
0.0,-0.287682263186626,0.0,0.0,-5.703782474656201,0.3,0.30975357960411154,-0.5000000000000012,0.8660254037844379,-0.9987165071710528,-0.05064916883871355,0.43388373911755823,-0.900968867902419
0.0,0.0,0.0,0.0,0.0,0.3,0.3098433502401365,-0.5000000000000012,0.8660254037844379,-0.9377521321470804,0.3473052528448203,-0.9749279121818236,-0.2225209339563146
0.0,0.2876822631866261,0.0,0.0,5.703782474656201,0.3,0.3099780061941739,-0.5000000000000012,0.8660254037844379,-0.5712682150947924,0.8207634412072763,0.7818314824680298,0.6234898018587336
0.0,0.0,0.0,0.0,-1.6094379124341003,0.3,0.31002289151218637,-0.5000000000000012,0.8660254037844379,-0.3943558551133187,0.9189578116202306,0.9749279121818236,-0.22252093395631434
0.0,0.0,0.0,0.0,1.791759469228055,0.3,0.31006777683019887,-0.5000000000000012,0.8660254037844379,-0.20129852008866114,0.9795299412524943,0.43388373911755823,-0.900968867902419
0.0,0.0,0.0,0.0,-0.8754687373538999,0.3,0.3101126621482113,-2.4492935982947064e-16,1.0,0.20129852008866006,0.9795299412524945,-0.433883739117558,-0.9009688679024191
0.0,0.0,0.0,0.0,0.9555114450274363,0.3,0.3101575474662238,-2.4492935982947064e-16,1.0,0.39435585511331855,0.9189578116202306,-0.9749279121818236,-0.2225209339563146
0.0,0.0,0.0,0.0,0.990398704027877,0.3,0.31029220342026126,-2.4492935982947064e-16,1.0,0.8486442574947509,0.5289640103269624,0.7818314824680298,0.6234898018587336
0.0,0.0,0.0,0.0,-2.8622008809294686,0.3,0.31033708873827376,-2.4492935982947064e-16,1.0,0.9377521321470804,0.3473052528448203,0.9749279121818236,-0.22252093395631434
0.0,0.0,0.0,0.0,0.9162907318741551,0.3,0.3103819740562862,-2.4492935982947064e-16,1.0,0.9884683243281114,0.1514277775045767,0.43388373911755823,-0.900968867902419
0.0,-0.287682263186626,0.0,0.0,-5.0106352940962555,0.3,0.3104268593742987,-2.4492935982947064e-16,1.0,0.9987165071710528,-0.05064916883871264,-0.433883739117558,-0.9009688679024191
0.0,0.2876822631866261,0.0,0.0,5.703782474656201,0.3,0.31047174469231115,-2.4492935982947064e-16,1.0,0.9680771188662043,-0.2506525322587204,-0.9749279121818236,-0.2225209339563146
0.0,0.0,0.0,0.0,0.6418538861723947,0.3,0.3106064006463486,-2.4492935982947064e-16,1.0,0.6513724827222223,-0.758758122692791,0.7818314824680298,0.6234898018587336
0.0,-0.287682263186626,0.0,0.0,-6.345636360828596,0.3,0.3106512859643611,-2.4492935982947064e-16,1.0,0.48530196253108104,-0.8743466161445821,0.9749279121818236,-0.22252093395631434
0.0,0.0,0.0,0.0,0.0,0.3,0.31069617128237353,-2.4492935982947064e-16,1.0,0.29936312297335804,-0.9541392564000488,0.43388373911755823,-0.900968867902419
0.0,0.0,0.0,0.0,0.0,0.3,0.31074105660038603,-2.4492935982947064e-16,1.0,0.10116832198743272,-0.994869323391895,-0.433883739117558,-0.9009688679024191
0.0,0.2876822631866261,0.0,0.0,5.703782474656201,0.3,0.31078594191839853,-2.4492935982947064e-16,1.0,-0.10116832198743204,-0.9948693233918952,-0.9749279121818236,-0.2225209339563146
0.0,0.0,0.0,0.0,0.6931471805599453,0.3,0.3109205978724359,-2.4492935982947064e-16,1.0,-0.6513724827222217,-0.7587581226927913,0.7818314824680298,0.6234898018587336
0.0,0.0,0.0,0.0,0.7884573603642703,0.3,0.3109654831904484,-2.4492935982947064e-16,1.0,-0.7907757369376986,-0.6121059825476627,0.9749279121818236,-0.22252093395631434
0.0,-0.287682263186626,0.0,0.0,-7.1853870155804165,0.3,0.3110103685084609,-2.4492935982947064e-16,1.0,-0.8978045395707417,-0.44039415155763423,0.43388373911755823,-0.900968867902419
0.0,0.0,0.0,0.0,0.0,0.3,0.31105525382647337,-2.4492935982947064e-16,1.0,-0.9680771188662041,-0.2506525322587213,-0.433883739117558,-0.9009688679024191
0.0,0.0,0.0,0.0,0.0,0.3,0.31110013914448587,-2.4492935982947064e-16,1.0,-0.9987165071710528,-0.05064916883871355,-0.9749279121818236,-0.2225209339563146
0.0,0.2876822631866261,0.0,0.0,5.703782474656201,0.3,0.31127968041653575,-2.4492935982947064e-16,1.0,-0.7247927872291207,0.6889669190756859,0.9749279121818236,-0.22252093395631434
0.0,0.0,0.0,0.0,0.0,0.3,0.31132456573454825,-2.4492935982947064e-16,1.0,-0.5712682150947924,0.8207634412072763,0.43388373911755823,-0.900968867902419
0.0,0.0,0.0,0.0,-0.10536051565782628,0.3,0.31136945105256075,-2.4492935982947064e-16,1.0,-0.3943558551133187,0.9189578116202306,-0.433883739117558,-0.9009688679024191
0.0,-0.287682263186626,0.0,0.0,-5.598421958998375,0.3,0.3114143363705732,-2.4492935982947064e-16,1.0,-0.20129852008866114,0.9795299412524943,-0.9749279121818236,-0.2225209339563146
0.0,0.0,0.0,0.0,0.0,0.31666666666666665,0.31159387764262314,0.49999999999999994,0.8660254037844387,0.5712682150947923,0.8207634412072763,0.9749279121818236,-0.22252093395631434
0.0,0.0,0.0,0.0,0.0,0.31666666666666665,0.3116387629606356,0.49999999999999994,0.8660254037844387,0.72479278722912,0.6889669190756866,0.43388373911755823,-0.900968867902419
0.0,0.0,0.0,0.0,0.0,0.31666666666666665,0.3116836482786481,0.49999999999999994,0.8660254037844387,0.8486442574947509,0.5289640103269624,-0.433883739117558,-0.9009688679024191
0.0,0.0,0.0,0.0,0.0,0.31666666666666665,0.31172853359666053,0.49999999999999994,0.8660254037844387,0.9377521321470804,0.3473052528448203,-0.9749279121818236,-0.2225209339563146
0.0,0.2876822631866261,0.0,0.0,4.499809670330265,0.31666666666666665,0.311863189550698,0.49999999999999994,0.8660254037844387,0.9680771188662043,-0.2506525322587204,0.7818314824680298,0.6234898018587336
0.0,0.0,0.0,0.0,0.28768207245178085,0.31666666666666665,0.31190807486871047,0.49999999999999994,0.8660254037844387,0.8978045395707416,-0.4403941515576344,0.9749279121818236,-0.22252093395631434
0.0,0.0,0.0,0.0,1.8325814637483102,0.31666666666666665,0.3119529601867229,0.49999999999999994,0.8660254037844387,0.7907757369376989,-0.6121059825476626,0.43388373911755823,-0.900968867902419
0.0,-0.287682263186626,0.0,0.0,-6.620073206530356,0.31666666666666665,0.3119978455047354,0.49999999999999994,0.8660254037844387,0.6513724827222223,-0.758758122692791,-0.433883739117558,-0.9009688679024191
0.0,0.0,0.0,0.0,0.0,0.31666666666666665,0.3120427308227479,0.49999999999999994,0.8660254037844387,0.48530196253108104,-0.8743466161445821,-0.9749279121818236,-0.2225209339563146
0.0,0.0,0.0,0.0,0.0,0.31666666666666665,0.31217738677678536,0.49999999999999994,0.8660254037844387,-0.10116832198743204,-0.9948693233918952,0.7818314824680298,0.6234898018587336
0.0,0.0,0.0,0.0,0.0,0.31666666666666665,0.3122222720947978,0.49999999999999994,0.8660254037844387,-0.29936312297335776,-0.9541392564000489,0.9749279121818236,-0.22252093395631434
0.0,0.0,0.0,0.0,0.0,0.31666666666666665,0.3122671574128103,0.49999999999999994,0.8660254037844387,-0.4853019625310808,-0.8743466161445822,0.43388373911755823,-0.900968867902419
0.0,0.0,0.0,0.0,0.0,0.31666666666666665,0.31231204273082275,0.49999999999999994,0.8660254037844387,-0.6513724827222217,-0.7587581226927913,-0.433883739117558,-0.9009688679024191
0.0,0.0,0.0,0.0,0.0,0.31666666666666665,0.31235692804883525,0.49999999999999994,0.8660254037844387,-0.7907757369376986,-0.6121059825476627,-0.9749279121818236,-0.2225209339563146
0.0,0.0,0.0,0.0,0.0,0.31666666666666665,0.3124915840028727,0.49999999999999994,0.8660254037844387,-0.9987165071710528,-0.05064916883871355,0.7818314824680298,0.6234898018587336
0.0,0.0,0.0,0.0,0.0,0.31666666666666665,0.31253646932088514,0.49999999999999994,0.8660254037844387,-0.9884683243281114,0.15142777750457667,0.9749279121818236,-0.22252093395631434
0.0,0.0,0.0,0.0,0.0,0.31666666666666665,0.31258135463889763,0.49999999999999994,0.8660254037844387,-0.9377521321470804,0.3473052528448203,0.43388373911755823,-0.900968867902419
0.0,0.0,0.0,0.0,0.0,0.31666666666666665,0.31262623995691013,0.49999999999999994,0.8660254037844387,-0.8486442574947509,0.5289640103269624,-0.433883739117558,-0.9009688679024191
0.0,0.2876822631866261,0.0,0.0,5.703782474656201,0.31666666666666665,0.3126711252749226,0.49999999999999994,0.8660254037844387,-0.7247927872291207,0.6889669190756859,-0.9749279121818236,-0.2225209339563146
0.0,-0.287682263186626,0.0,0.0,-5.703782474656201,0.31666666666666665,0.31280578122896,0.49999999999999994,0.8660254037844387,-0.20129852008866114,0.9795299412524943,0.7818314824680298,0.6234898018587336
0.0,0.0,0.0,0.0,0.0,0.31666666666666665,0.3128506665469725,0.49999999999999994,0.8660254037844387,-2.4492935982947064e-16,1.0,0.9749279121818236,-0.22252093395631434
0.0,0.0,0.0,0.0,0.0,0.31666666666666665,0.31289555186498497,0.8660254037844386,0.5000000000000001,0.20129852008866006,0.9795299412524945,0.43388373911755823,-0.900968867902419
0.0,0.0,0.0,0.0,0.0,0.31666666666666665,0.31294043718299747,0.8660254037844386,0.5000000000000001,0.39435585511331855,0.9189578116202306,-0.433883739117558,-0.9009688679024191
0.0,0.2876822631866261,0.0,0.0,5.703782474656201,0.31666666666666665,0.31298532250100997,0.8660254037844386,0.5000000000000001,0.5712682150947923,0.8207634412072763,-0.9749279121818236,-0.2225209339563146
0.0,0.0,0.0,0.0,0.6931471805599453,0.31666666666666665,0.31311997845504735,0.8660254037844386,0.5000000000000001,0.9377521321470804,0.3473052528448203,0.7818314824680298,0.6234898018587336
0.0,0.0,0.0,0.0,1.252762968495368,0.31666666666666665,0.31316486377305985,0.8660254037844386,0.5000000000000001,0.9884683243281114,0.1514277775045767,0.9749279121818236,-0.22252093395631434
0.0,0.0,0.0,0.0,-2.8622008809294686,0.31666666666666665,0.31320974909107235,0.8660254037844386,0.5000000000000001,0.9987165071710528,-0.05064916883871264,0.43388373911755823,-0.900968867902419
0.0,-0.287682263186626,0.0,0.0,-4.787491742782046,0.31666666666666665,0.3132546344090848,0.8660254037844386,0.5000000000000001,0.9680771188662043,-0.2506525322587204,-0.433883739117558,-0.9009688679024191
0.0,0.2876822631866261,0.0,0.0,5.19295685089021,0.31666666666666665,0.3132995197270973,0.8660254037844386,0.5000000000000001,0.8978045395707416,-0.4403941515576344,-0.9749279121818236,-0.2225209339563146
0.0,0.0,0.0,0.0,-1.0986122886681098,0.31666666666666665,0.31343417568113474,0.8660254037844386,0.5000000000000001,0.48530196253108104,-0.8743466161445821,0.7818314824680298,0.6234898018587336
0.0,-0.287682263186626,0.0,0.0,-4.0943445622221,0.31666666666666665,0.3134790609991472,0.8660254037844386,0.5000000000000001,0.29936312297335804,-0.9541392564000488,0.9749279121818236,-0.22252093395631434
0.0,0.2876822631866261,0.0,0.0,3.4011973816621555,0.31666666666666665,0.3135239463171597,0.8660254037844386,0.5000000000000001,0.10116832198743272,-0.994869323391895,0.43388373911755823,-0.900968867902419
0.0,-0.287682263186626,0.0,0.0,-3.4011973816621555,0.31666666666666665,0.31356883163517213,0.8660254037844386,0.5000000000000001,-0.10116832198743204,-0.9948693233918952,-0.433883739117558,-0.9009688679024191
0.0,0.0,0.0,0.0,0.0,0.31666666666666665,0.31361371695318463,0.8660254037844386,0.5000000000000001,-0.29936312297335776,-0.9541392564000489,-0.9749279121818236,-0.2225209339563146
0.0,0.2876822631866261,0.0,0.0,8.268731832117737,0.31666666666666665,0.3137932582252346,0.8660254037844386,0.5000000000000001,-0.8978045395707417,-0.44039415155763423,0.9749279121818236,-0.22252093395631434
0.0,-0.287682263186626,0.0,0.0,-8.268731832117737,0.31666666666666665,0.313838143543247,0.8660254037844386,0.5000000000000001,-0.9680771188662041,-0.2506525322587213,0.43388373911755823,-0.900968867902419
0.0,0.2876822631866261,0.0,0.0,3.4011973816621555,0.31666666666666665,0.3138830288612595,0.8660254037844386,0.5000000000000001,-0.9987165071710528,-0.05064916883871355,-0.433883739117558,-0.9009688679024191
0.0,-0.287682263186626,0.0,0.0,-3.4011973816621555,0.31666666666666665,0.31392791417927196,0.8660254037844386,0.5000000000000001,-0.9884683243281114,0.15142777750457667,-0.9749279121818236,-0.2225209339563146
0.0,0.0,0.0,0.0,0.0,0.31666666666666665,0.3140625701333094,0.8660254037844386,0.5000000000000001,-0.7247927872291207,0.6889669190756859,0.7818314824680298,0.6234898018587336
0.0,0.2876822631866261,0.0,0.0,7.313220387090301,0.31666666666666665,0.3141074554513219,0.8660254037844386,0.5000000000000001,-0.5712682150947924,0.8207634412072763,0.9749279121818236,-0.22252093395631434
0.0,-0.287682263186626,0.0,0.0,-7.313220387090301,0.31666666666666665,0.31415234076933435,1.0,6.123233995736766e-17,0.20129852008866006,0.9795299412524945,0.43388373911755823,-0.900968867902419
0.0,0.2876822631866261,0.0,0.0,4.0943445622221,0.31666666666666665,0.31419722608734685,1.0,6.123233995736766e-17,0.39435585511331855,0.9189578116202306,-0.433883739117558,-0.9009688679024191
0.0,-0.287682263186626,0.0,0.0,-4.0943445622221,0.31666666666666665,0.31424211140535935,1.0,6.123233995736766e-17,0.5712682150947923,0.8207634412072763,-0.9749279121818236,-0.2225209339563146
0.0,0.0,0.0,0.0,0.0,0.31666666666666665,0.31437676735939674,1.0,6.123233995736766e-17,0.9377521321470804,0.3473052528448203,0.7818314824680298,0.6234898018587336
0.0,0.0,0.0,0.0,0.0,0.31666666666666665,0.31442165267740924,1.0,6.123233995736766e-17,0.9884683243281114,0.1514277775045767,0.9749279121818236,-0.22252093395631434
0.0,0.0,0.0,0.0,0.0,0.31666666666666665,0.31446653799542174,1.0,6.123233995736766e-17,0.9987165071710528,-0.05064916883871264,0.43388373911755823,-0.900968867902419
0.0,0.0,0.0,0.0,0.0,0.31666666666666665,0.3145114233134342,1.0,6.123233995736766e-17,0.9680771188662043,-0.2506525322587204,-0.433883739117558,-0.9009688679024191
0.0,0.0,0.0,0.0,0.0,0.31666666666666665,0.3145563086314467,1.0,6.123233995736766e-17,0.8978045395707416,-0.4403941515576344,-0.9749279121818236,-0.2225209339563146
0.0,0.2876822631866261,0.0,0.0,7.313220387090301,0.31666666666666665,0.3146909645854841,1.0,6.123233995736766e-17,0.48530196253108104,-0.8743466161445821,0.7818314824680298,0.6234898018587336
0.0,-0.287682263186626,0.0,0.0,-7.313220387090301,0.31666666666666665,0.31473584990349657,1.0,6.123233995736766e-17,0.29936312297335804,-0.9541392564000488,0.9749279121818236,-0.22252093395631434
0.0,0.2876822631866261,0.0,0.0,7.114769448366463,0.31666666666666665,0.31478073522150907,1.0,6.123233995736766e-17,0.10116832198743272,-0.994869323391895,0.43388373911755823,-0.900968867902419
0.0,0.0,0.0,0.0,1.297063227391948,0.31666666666666665,0.31482562053952157,1.0,6.123233995736766e-17,-0.10116832198743204,-0.9948693233918952,-0.433883739117558,-0.9009688679024191
0.0,-0.287682263186626,0.0,0.0,-8.411832675758411,0.31666666666666665,0.314870505857534,1.0,6.123233995736766e-17,-0.29936312297335776,-0.9541392564000489,-0.9749279121818236,-0.2225209339563146
0.0,0.0,0.0,0.0,0.0,0.31666666666666665,0.31500516181157145,1.0,6.123233995736766e-17,-0.7907757369376986,-0.6121059825476627,0.7818314824680298,0.6234898018587336
0.0,0.0,0.0,0.0,0.0,0.31666666666666665,0.31505004712958395,1.0,6.123233995736766e-17,-0.8978045395707417,-0.44039415155763423,0.9749279121818236,-0.22252093395631434
0.0,0.0,0.0,0.0,0.0,0.31666666666666665,0.3150949324475964,1.0,6.123233995736766e-17,-0.9680771188662041,-0.2506525322587213,0.43388373911755823,-0.900968867902419
0.0,0.0,0.0,0.0,0.0,0.31666666666666665,0.3151398177656089,1.0,6.123233995736766e-17,-0.9987165071710528,-0.05064916883871355,-0.433883739117558,-0.9009688679024191
0.0,0.0,0.0,0.0,0.0,0.31666666666666665,0.3153193590376588,1.0,6.123233995736766e-17,-0.7247927872291207,0.6889669190756859,0.7818314824680298,0.6234898018587336
0.0,0.0,0.0,0.0,0.0,0.31666666666666665,0.3153642443556713,1.0,6.123233995736766e-17,-0.5712682150947924,0.8207634412072763,0.9749279121818236,-0.22252093395631434
0.0,0.2876822631866261,0.0,0.0,7.783224016336037,0.31666666666666665,0.3154091296736838,1.0,6.123233995736766e-17,-0.3943558551133187,0.9189578116202306,0.43388373911755823,-0.900968867902419
0.0,-0.287682263186626,0.0,0.0,-7.783224016336037,0.31666666666666665,0.31545401499169623,1.0,6.123233995736766e-17,-0.20129852008866114,0.9795299412524943,-0.433883739117558,-0.9009688679024191
0.0,0.0,0.0,0.0,0.0,0.31666666666666665,0.31549890030970873,1.0,6.123233995736766e-17,-2.4492935982947064e-16,1.0,-0.9749279121818236,-0.2225209339563146
0.0,0.0,0.0,0.0,0.0,0.31666666666666665,0.3156335562637462,0.8660254037844387,-0.4999999999999998,0.5712682150947923,0.8207634412072763,0.7818314824680298,0.6234898018587336
0.0,0.0,0.0,0.0,0.0,0.31666666666666665,0.3156784415817586,0.8660254037844387,-0.4999999999999998,0.72479278722912,0.6889669190756866,0.9749279121818236,-0.22252093395631434
0.0,0.0,0.0,0.0,0.0,0.31666666666666665,0.3157233268997711,0.8660254037844387,-0.4999999999999998,0.8486442574947509,0.5289640103269624,0.43388373911755823,-0.900968867902419
0.0,0.2876822631866261,0.0,0.0,5.886104031450156,0.31666666666666665,0.31576821221778356,0.8660254037844387,-0.4999999999999998,0.9377521321470804,0.3473052528448203,-0.433883739117558,-0.9009688679024191
0.0,-0.287682263186626,0.0,0.0,-5.886104031450156,0.31666666666666665,0.31581309753579606,0.8660254037844387,-0.4999999999999998,0.9884683243281114,0.1514277775045767,-0.9749279121818236,-0.2225209339563146
0.0,0.0,0.0,0.0,0.0,0.31666666666666665,0.3159477534898335,0.8660254037844387,-0.4999999999999998,0.8978045395707416,-0.4403941515576344,0.7818314824680298,0.6234898018587336
0.0,0.2876822631866261,0.0,0.0,5.703782474656201,0.31666666666666665,0.31599263880784595,0.8660254037844387,-0.4999999999999998,0.7907757369376989,-0.6121059825476626,0.9749279121818236,-0.22252093395631434
0.0,-0.287682263186626,0.0,0.0,-5.703782474656201,0.31666666666666665,0.31603752412585845,0.8660254037844387,-0.4999999999999998,0.6513724827222223,-0.758758122692791,0.43388373911755823,-0.900968867902419
0.0,0.0,0.0,0.0,0.0,0.31666666666666665,0.31608240944387095,0.8660254037844387,-0.4999999999999998,0.48530196253108104,-0.8743466161445821,-0.433883739117558,-0.9009688679024191
0.0,0.0,0.0,0.0,0.0,0.31666666666666665,0.3161272947618834,0.8660254037844387,-0.4999999999999998,0.29936312297335804,-0.9541392564000488,-0.9749279121818236,-0.2225209339563146
0.0,0.0,0.0,0.0,0.0,0.31666666666666665,0.31626195071592084,0.8660254037844387,-0.4999999999999998,-0.29936312297335776,-0.9541392564000489,0.7818314824680298,0.6234898018587336
0.0,0.2876822631866261,0.0,0.0,8.268731832117737,0.31666666666666665,0.31630683603393334,0.8660254037844387,-0.4999999999999998,-0.4853019625310808,-0.8743466161445822,0.9749279121818236,-0.22252093395631434
0.0,-0.287682263186626,0.0,0.0,-8.268731832117737,0.31666666666666665,0.3163517213519458,0.8660254037844387,-0.4999999999999998,-0.6513724827222217,-0.7587581226927913,0.43388373911755823,-0.900968867902419
0.0,0.0,0.0,0.0,0.0,0.31666666666666665,0.3163966066699583,0.8660254037844387,-0.4999999999999998,-0.7907757369376986,-0.6121059825476627,-0.433883739117558,-0.9009688679024191
0.0,0.0,0.0,0.0,0.0,0.31666666666666665,0.3164414919879708,0.8660254037844387,-0.4999999999999998,-0.8978045395707417,-0.44039415155763423,-0.9749279121818236,-0.2225209339563146
0.0,0.0,0.0,0.0,0.0,0.31666666666666665,0.31657614794200817,0.8660254037844387,-0.4999999999999998,-0.9884683243281114,0.15142777750457667,0.7818314824680298,0.6234898018587336
0.0,0.2876822631866261,0.0,0.0,4.0943445622221,0.31666666666666665,0.31662103326002067,0.8660254037844387,-0.4999999999999998,-0.9377521321470804,0.3473052528448203,0.9749279121818236,-0.22252093395631434
0.0,-0.287682263186626,0.0,0.0,-4.0943445622221,0.31666666666666665,0.31666591857803317,0.8660254037844387,-0.4999999999999998,-0.8486442574947509,0.5289640103269624,0.43388373911755823,-0.900968867902419
0.0,0.2876822631866261,0.0,0.0,6.396929655216146,0.31666666666666665,0.3167108038960456,0.8660254037844387,-0.4999999999999998,-0.7247927872291207,0.6889669190756859,-0.433883739117558,-0.9009688679024191
0.0,-0.287682263186626,0.0,0.0,-6.396929655216146,0.31666666666666665,0.3167556892140581,0.8660254037844387,-0.4999999999999998,-0.5712682150947924,0.8207634412072763,-0.9749279121818236,-0.2225209339563146
0.0,0.0,0.0,0.0,0.0,0.31666666666666665,0.31689034516809556,0.5000000000000003,-0.8660254037844385,0.20129852008866006,0.9795299412524945,0.7818314824680298,0.6234898018587336
0.0,0.0,0.0,0.0,0.0,0.31666666666666665,0.316935230486108,0.5000000000000003,-0.8660254037844385,0.39435585511331855,0.9189578116202306,0.9749279121818236,-0.22252093395631434
0.0,0.0,0.0,0.0,0.0,0.31666666666666665,0.3169801158041205,0.5000000000000003,-0.8660254037844385,0.5712682150947923,0.8207634412072763,0.43388373911755823,-0.900968867902419
0.0,0.0,0.0,0.0,0.0,0.31666666666666665,0.31702500112213294,0.5000000000000003,-0.8660254037844385,0.72479278722912,0.6889669190756866,-0.433883739117558,-0.9009688679024191
0.0,0.2876822631866261,0.0,0.0,5.703782474656201,0.31666666666666665,0.31706988644014544,0.5000000000000003,-0.8660254037844385,0.8486442574947509,0.5289640103269624,-0.9749279121818236,-0.2225209339563146
0.0,-0.287682263186626,0.0,0.0,-5.703782474656201,0.31666666666666665,0.3172045423941829,0.5000000000000003,-0.8660254037844385,0.9987165071710528,-0.05064916883871264,0.7818314824680298,0.6234898018587336
0.0,0.2876822631866261,0.0,0.0,6.396929655216146,0.31666666666666665,0.3172494277121954,0.5000000000000003,-0.8660254037844385,0.9680771188662043,-0.2506525322587204,0.9749279121818236,-0.22252093395631434
0.0,-0.287682263186626,0.0,0.0,-6.396929655216146,0.31666666666666665,0.31729431303020783,0.5000000000000003,-0.8660254037844385,0.8978045395707416,-0.4403941515576344,0.43388373911755823,-0.900968867902419
0.0,0.0,0.0,0.0,0.0,0.31666666666666665,0.31733919834822033,0.5000000000000003,-0.8660254037844385,0.7907757369376989,-0.6121059825476626,-0.433883739117558,-0.9009688679024191
0.0,0.2876822631866261,0.0,0.0,6.396929655216146,0.31666666666666665,0.3173840836662328,0.5000000000000003,-0.8660254037844385,0.6513724827222223,-0.758758122692791,-0.9749279121818236,-0.2225209339563146
0.0,0.0,0.0,0.0,1.0818051703517284,0.31666666666666665,0.3175187396202702,0.5000000000000003,-0.8660254037844385,0.10116832198743272,-0.994869323391895,0.7818314824680298,0.6234898018587336
-0.18232125161821996,0.0,0.0,-0.18232125161821996,-1.3694872428035094,0.31666666666666665,0.3175636249382827,0.5000000000000003,-0.8660254037844385,-0.10116832198743204,-0.9948693233918952,0.9749279121818236,-0.22252093395631434
0.0,-0.47000351480484587,-0.18232125161821996,0.0,-6.1092475827643655,0.31666666666666665,0.31760851025629516,0.5000000000000003,-0.8660254037844385,-0.29936312297335776,-0.9541392564000489,0.43388373911755823,-0.900968867902419
0.0,0.4700035148048459,0.0,0.0,3.4011973816621555,0.31666666666666665,0.31765339557430766,0.5000000000000003,-0.8660254037844385,-0.4853019625310808,-0.8743466161445822,-0.433883739117558,-0.9009688679024191
0.0,-0.47000351480484587,0.0,0.0,-3.4011973816621555,0.31666666666666665,0.31769828089232016,0.5000000000000003,-0.8660254037844385,-0.6513724827222217,-0.7587581226927913,-0.9749279121818236,-0.2225209339563146
0.0,0.0,0.0,0.0,0.0,0.31666666666666665,0.31783293684635755,0.5000000000000003,-0.8660254037844385,-0.9680771188662041,-0.2506525322587213,0.7818314824680298,0.6234898018587336
0.0,0.0,0.0,0.0,0.0,0.31666666666666665,0.31787782216437005,0.5000000000000003,-0.8660254037844385,-0.9987165071710528,-0.05064916883871355,0.9749279121818236,-0.22252093395631434
0.0,0.0,0.0,0.0,0.0,0.31666666666666665,0.31792270748238255,0.5000000000000003,-0.8660254037844385,-0.9884683243281114,0.15142777750457667,0.43388373911755823,-0.900968867902419
0.0,0.0,0.0,0.0,0.0,0.31666666666666665,0.317967592800395,0.5000000000000003,-0.8660254037844385,-0.9377521321470804,0.3473052528448203,-0.433883739117558,-0.9009688679024191
0.0,0.4700035148048459,0.0,0.0,5.703782474656201,0.31666666666666665,0.3180124781184075,0.5000000000000003,-0.8660254037844385,-0.8486442574947509,0.5289640103269624,-0.9749279121818236,-0.2225209339563146
0.0,0.0,0.0,0.0,0.0,0.31666666666666665,0.3181920193904574,0.5000000000000003,-0.8660254037844385,-0.20129852008866114,0.9795299412524943,0.9749279121818236,-0.22252093395631434
0.0,0.2231432079914623,0.0,0.0,1.8082887711792655,0.31666666666666665,0.3182369047084699,0.5000000000000003,-0.8660254037844385,-2.4492935982947064e-16,1.0,0.43388373911755823,-0.900968867902419
0.0,-0.6931467227963083,0.0,0.0,-7.512071245835466,0.31666666666666665,0.3182817900264824,1.2246467991473532e-16,-1.0,0.20129852008866006,0.9795299412524945,-0.433883739117558,-0.9009688679024191
0.0,0.0,0.0,0.0,0.0,0.31666666666666665,0.3183266753444948,1.2246467991473532e-16,-1.0,0.39435585511331855,0.9189578116202306,-0.9749279121818236,-0.2225209339563146
0.0,0.0,0.0,0.0,0.0,0.31666666666666665,0.31846133129853227,1.2246467991473532e-16,-1.0,0.8486442574947509,0.5289640103269624,0.7818314824680298,0.6234898018587336
0.0,0.0,0.0,0.0,0.0,0.31666666666666665,0.31850621661654477,1.2246467991473532e-16,-1.0,0.9377521321470804,0.3473052528448203,0.9749279121818236,-0.22252093395631434
0.0,0.0,0.0,0.0,0.0,0.31666666666666665,0.3185511019345572,1.2246467991473532e-16,-1.0,0.9884683243281114,0.1514277775045767,0.43388373911755823,-0.900968867902419
0.0,0.0,0.0,0.0,0.0,0.31666666666666665,0.3185959872525697,1.2246467991473532e-16,-1.0,0.9987165071710528,-0.05064916883871264,-0.433883739117558,-0.9009688679024191
0.0,0.0,0.0,0.0,0.0,0.31666666666666665,0.31864087257058216,1.2246467991473532e-16,-1.0,0.9680771188662043,-0.2506525322587204,-0.9749279121818236,-0.2225209339563146
0.0,0.0,0.0,0.0,0.0,0.31666666666666665,0.3187755285246196,1.2246467991473532e-16,-1.0,0.6513724827222223,-0.758758122692791,0.7818314824680298,0.6234898018587336
0.0,0.0,0.0,0.0,0.0,0.31666666666666665,0.3188204138426321,1.2246467991473532e-16,-1.0,0.48530196253108104,-0.8743466161445821,0.9749279121818236,-0.22252093395631434
0.0,0.0,0.0,0.0,0.0,0.31666666666666665,0.3188652991606446,1.2246467991473532e-16,-1.0,0.29936312297335804,-0.9541392564000488,0.43388373911755823,-0.900968867902419
0.0,0.0,0.0,0.0,0.0,0.31666666666666665,0.31891018447865704,1.2246467991473532e-16,-1.0,0.10116832198743272,-0.994869323391895,-0.433883739117558,-0.9009688679024191
0.0,0.0,0.0,0.0,0.0,0.31666666666666665,0.31895506979666954,1.2246467991473532e-16,-1.0,-0.10116832198743204,-0.9948693233918952,-0.9749279121818236,-0.2225209339563146
0.0,0.0,0.0,0.0,0.0,0.31666666666666665,0.319089725750707,1.2246467991473532e-16,-1.0,-0.6513724827222217,-0.7587581226927913,0.7818314824680298,0.6234898018587336
0.0,0.6931467227963083,0.0,0.0,5.3471075307174685,0.31666666666666665,0.31913461106871943,1.2246467991473532e-16,-1.0,-0.7907757369376986,-0.6121059825476627,0.9749279121818236,-0.22252093395631434
0.0,-0.6931467227963083,0.0,0.0,-5.3471075307174685,0.31666666666666665,0.31917949638673193,1.2246467991473532e-16,-1.0,-0.8978045395707417,-0.44039415155763423,0.43388373911755823,-0.900968867902419
0.0,0.0,0.0,0.0,0.0,0.31666666666666665,0.3192243817047444,1.2246467991473532e-16,-1.0,-0.9680771188662041,-0.2506525322587213,-0.433883739117558,-0.9009688679024191
0.0,0.6931467227963083,0.0,0.0,4.0943445622221,0.31666666666666665,0.3192692670227569,1.2246467991473532e-16,-1.0,-0.9987165071710528,-0.05064916883871355,-0.9749279121818236,-0.2225209339563146
0.0,-0.6931467227963083,0.0,0.0,-4.0943445622221,0.31666666666666665,0.3194039229767943,1.2246467991473532e-16,-1.0,-0.8486442574947509,0.5289640103269624,0.7818314824680298,0.6234898018587336
0.0,0.6931467227963083,0.0,0.0,4.787491742782046,0.31666666666666665,0.31944880829480676,1.2246467991473532e-16,-1.0,-0.7247927872291207,0.6889669190756859,0.9749279121818236,-0.22252093395631434
0.0,-0.6931467227963083,0.0,0.0,-4.787491742782046,0.31666666666666665,0.31949369361281926,1.2246467991473532e-16,-1.0,-0.5712682150947924,0.8207634412072763,0.43388373911755823,-0.900968867902419
0.0,0.6931467227963083,0.0,0.0,5.0106352940962555,0.31666666666666665,0.31953857893083176,1.2246467991473532e-16,-1.0,-0.3943558551133187,0.9189578116202306,-0.433883739117558,-0.9009688679024191
0.0,-0.6931467227963083,0.0,0.0,-5.0106352940962555,0.31666666666666665,0.3195834642488442,1.2246467991473532e-16,-1.0,-0.20129852008866114,0.9795299412524943,-0.9749279121818236,-0.2225209339563146
0.0,0.0,0.0,0.0,0.0,0.31666666666666665,0.31971812020288165,-0.4999999999999997,-0.8660254037844388,0.5712682150947923,0.8207634412072763,0.7818314824680298,0.6234898018587336
0.0,0.0,0.0,0.0,0.0,0.31666666666666665,0.3198078908389066,-0.4999999999999997,-0.8660254037844388,0.8486442574947509,0.5289640103269624,0.43388373911755823,-0.900968867902419
0.0,0.0,0.0,0.0,0.0,0.31666666666666665,0.3198527761569191,-0.4999999999999997,-0.8660254037844388,0.9377521321470804,0.3473052528448203,-0.433883739117558,-0.9009688679024191
0.0,0.0,0.0,0.0,0.0,0.31666666666666665,0.3198976614749316,-0.4999999999999997,-0.8660254037844388,0.9884683243281114,0.1514277775045767,-0.9749279121818236,-0.2225209339563146
0.0,0.6931467227963083,0.0,0.0,5.703782474656201,0.31666666666666665,0.320032317428969,-0.4999999999999997,-0.8660254037844388,0.8978045395707416,-0.4403941515576344,0.7818314824680298,0.6234898018587336
0.0,0.0,0.0,0.0,-5.703782474656201,0.31666666666666665,0.3200772027469815,-0.4999999999999997,-0.8660254037844388,0.7907757369376989,-0.6121059825476626,0.9749279121818236,-0.22252093395631434
0.0,-0.6931467227963083,0.0,0.0,0.0,0.31666666666666665,0.320122088064994,-0.4999999999999997,-0.8660254037844388,0.6513724827222223,-0.758758122692791,0.43388373911755823,-0.900968867902419
0.0,0.6931467227963083,0.0,0.0,6.234410725718371,0.31666666666666665,0.3201669733830064,-0.4999999999999997,-0.8660254037844388,0.48530196253108104,-0.8743466161445821,-0.433883739117558,-0.9009688679024191
0.0,-0.6931467227963083,0.0,0.0,-6.234410725718371,0.31666666666666665,0.3202118587010189,-0.4999999999999997,-0.8660254037844388,0.29936312297335804,-0.9541392564000488,-0.9749279121818236,-0.2225209339563146
0.0,0.0,0.0,0.0,0.0,0.31666666666666665,0.32034651465505637,-0.4999999999999997,-0.8660254037844388,-0.29936312297335776,-0.9541392564000489,0.7818314824680298,0.6234898018587336
0.0,0.6931467227963083,0.0,0.0,7.313220387090301,0.31666666666666665,0.3203913999730688,-0.4999999999999997,-0.8660254037844388,-0.4853019625310808,-0.8743466161445822,0.9749279121818236,-0.22252093395631434
0.0,-0.6931467227963083,0.0,0.0,-7.313220387090301,0.31666666666666665,0.3204362852910813,-0.4999999999999997,-0.8660254037844388,-0.6513724827222217,-0.7587581226927913,0.43388373911755823,-0.900968867902419
0.0,0.0,0.0,0.0,0.0,0.31666666666666665,0.3204811706090938,-0.4999999999999997,-0.8660254037844388,-0.7907757369376986,-0.6121059825476627,-0.433883739117558,-0.9009688679024191
0.0,0.0,0.0,0.0,0.0,0.31666666666666665,0.32052605592710626,-0.4999999999999997,-0.8660254037844388,-0.8978045395707417,-0.44039415155763423,-0.9749279121818236,-0.2225209339563146
0.0,0.0,0.0,0.0,0.0,0.31666666666666665,0.3206607118811437,-0.4999999999999997,-0.8660254037844388,-0.9884683243281114,0.15142777750457667,0.7818314824680298,0.6234898018587336
0.0,0.0,0.0,0.0,0.0,0.31666666666666665,0.3207055971991562,-0.4999999999999997,-0.8660254037844388,-0.9377521321470804,0.3473052528448203,0.9749279121818236,-0.22252093395631434
0.0,0.0,0.0,0.0,0.0,0.31666666666666665,0.32075048251716864,-0.4999999999999997,-0.8660254037844388,-0.8486442574947509,0.5289640103269624,0.43388373911755823,-0.900968867902419
0.0,0.0,0.0,0.0,0.0,0.31666666666666665,0.32079536783518114,-0.4999999999999997,-0.8660254037844388,-0.7247927872291207,0.6889669190756859,-0.433883739117558,-0.9009688679024191
0.0,0.0,0.0,0.0,0.0,0.31666666666666665,0.3208402531531936,-0.4999999999999997,-0.8660254037844388,-0.5712682150947924,0.8207634412072763,-0.9749279121818236,-0.2225209339563146
0.0,0.0,0.0,0.0,0.0,0.31666666666666665,0.32097490910723103,-0.4999999999999997,-0.8660254037844388,-2.4492935982947064e-16,1.0,0.7818314824680298,0.6234898018587336
0.0,0.0,0.0,0.0,0.0,0.31666666666666665,0.32101979442524353,-0.8660254037844385,-0.5000000000000004,0.20129852008866006,0.9795299412524945,0.9749279121818236,-0.22252093395631434
0.0,0.0,0.0,0.0,0.0,0.31666666666666665,0.321064679743256,-0.8660254037844385,-0.5000000000000004,0.39435585511331855,0.9189578116202306,0.43388373911755823,-0.900968867902419
0.0,0.0,0.0,0.0,0.0,0.31666666666666665,0.3211095650612685,-0.8660254037844385,-0.5000000000000004,0.5712682150947923,0.8207634412072763,-0.433883739117558,-0.9009688679024191
0.0,0.6931467227963083,0.0,0.0,5.0106352940962555,0.31666666666666665,0.321154450379281,-0.8660254037844385,-0.5000000000000004,0.72479278722912,0.6889669190756866,-0.9749279121818236,-0.2225209339563146
0.0,-0.6931467227963083,0.0,0.0,-5.0106352940962555,0.31666666666666665,0.3212891063333184,-0.8660254037844385,-0.5000000000000004,0.9884683243281114,0.1514277775045767,0.7818314824680298,0.6234898018587336
0.0,0.0,0.0,0.0,0.0,0.31666666666666665,0.32133399165133086,-0.8660254037844385,-0.5000000000000004,0.9987165071710528,-0.05064916883871264,0.9749279121818236,-0.22252093395631434
0.0,0.0,0.0,0.0,0.0,0.31666666666666665,0.32137887696934336,-0.8660254037844385,-0.5000000000000004,0.9680771188662043,-0.2506525322587204,0.43388373911755823,-0.900968867902419
0.0,0.0,0.0,0.0,0.0,0.31666666666666665,0.3214237622873558,-0.8660254037844385,-0.5000000000000004,0.8978045395707416,-0.4403941515576344,-0.433883739117558,-0.9009688679024191
0.0,0.0,0.0,0.0,0.0,0.31666666666666665,0.3214686476053683,-0.8660254037844385,-0.5000000000000004,0.7907757369376989,-0.6121059825476626,-0.9749279121818236,-0.2225209339563146
0.0,0.0,0.0,0.0,0.0,0.31666666666666665,0.32160330355940575,-0.8660254037844385,-0.5000000000000004,0.29936312297335804,-0.9541392564000488,0.7818314824680298,0.6234898018587336
0.0,0.0,0.0,0.0,0.0,0.31666666666666665,0.3216481888774182,-0.8660254037844385,-0.5000000000000004,0.10116832198743272,-0.994869323391895,0.9749279121818236,-0.22252093395631434
0.0,0.0,0.0,0.0,0.0,0.31666666666666665,0.3216930741954307,-0.8660254037844385,-0.5000000000000004,-0.10116832198743204,-0.9948693233918952,0.43388373911755823,-0.900968867902419
0.0,0.0,0.0,0.0,0.0,0.31666666666666665,0.3217379595134432,-0.8660254037844385,-0.5000000000000004,-0.29936312297335776,-0.9541392564000489,-0.433883739117558,-0.9009688679024191
0.0,0.0,0.0,0.0,0.0,0.31666666666666665,0.32178284483145564,-0.8660254037844385,-0.5000000000000004,-0.4853019625310808,-0.8743466161445822,-0.9749279121818236,-0.2225209339563146
0.0,0.6931467227963083,0.0,0.0,4.787491742782046,0.31666666666666665,0.3219175007854931,-0.8660254037844385,-0.5000000000000004,-0.8978045395707417,-0.44039415155763423,0.7818314824680298,0.6234898018587336
0.0,-0.6931467227963083,0.0,0.0,-4.787491742782046,0.31666666666666665,0.3219623861035056,-0.8660254037844385,-0.5000000000000004,-0.9680771188662041,-0.2506525322587213,0.9749279121818236,-0.22252093395631434
0.0,0.0,0.0,0.0,0.0,0.31666666666666665,0.322007271421518,-0.8660254037844385,-0.5000000000000004,-0.9987165071710528,-0.05064916883871355,0.43388373911755823,-0.900968867902419
0.0,0.0,0.0,0.0,0.0,0.31666666666666665,0.3220521567395305,-0.8660254037844385,-0.5000000000000004,-0.9884683243281114,0.15142777750457667,-0.433883739117558,-0.9009688679024191
0.0,0.0,0.0,0.0,0.0,0.31666666666666665,0.322097042057543,-0.8660254037844385,-0.5000000000000004,-0.9377521321470804,0.3473052528448203,-0.9749279121818236,-0.2225209339563146
0.0,0.6931467227963083,0.0,0.0,8.748304912379623,0.31666666666666665,0.3222316980115804,-0.8660254037844385,-0.5000000000000004,-0.5712682150947924,0.8207634412072763,0.7818314824680298,0.6234898018587336
0.0,0.0,0.0,0.0,-2.3513752571634776,0.31666666666666665,0.3222765833295929,-0.8660254037844385,-0.5000000000000004,-0.3943558551133187,0.9189578116202306,0.9749279121818236,-0.22252093395631434
0.0,-0.6931467227963083,0.0,0.0,-6.396929655216146,0.31666666666666665,0.3223214686476054,-0.8660254037844385,-0.5000000000000004,-0.20129852008866114,0.9795299412524943,0.43388373911755823,-0.900968867902419
0.0,0.0,0.0,0.0,0.0,0.31666666666666665,0.32236635396561786,-0.8660254037844385,-0.5000000000000004,-2.4492935982947064e-16,1.0,-0.433883739117558,-0.9009688679024191
0.0,0.0,0.0,0.0,0.0,0.31666666666666665,0.32241123928363036,-1.0,-1.8369701987210297e-16,0.20129852008866006,0.9795299412524945,-0.9749279121818236,-0.2225209339563146
0.0,0.6931467227963083,0.0,0.0,5.703782474656201,0.31666666666666665,0.32259078055568025,-1.0,-1.8369701987210297e-16,0.8486442574947509,0.5289640103269624,0.9749279121818236,-0.22252093395631434
0.0,-0.6931467227963083,0.0,0.0,-5.703782474656201,0.31666666666666665,0.32263566587369275,-1.0,-1.8369701987210297e-16,0.9377521321470804,0.3473052528448203,0.43388373911755823,-0.900968867902419
0.0,0.0,0.0,0.0,0.0,0.31666666666666665,0.3226805511917052,-1.0,-1.8369701987210297e-16,0.9884683243281114,0.1514277775045767,-0.433883739117558,-0.9009688679024191
0.0,0.0,0.0,0.0,0.0,0.31666666666666665,0.3227254365097177,-1.0,-1.8369701987210297e-16,0.9987165071710528,-0.05064916883871264,-0.9749279121818236,-0.2225209339563146
0.0,0.0,0.0,0.0,0.0,0.31666666666666665,0.32286009246375513,-1.0,-1.8369701987210297e-16,0.7907757369376989,-0.6121059825476626,0.7818314824680298,0.6234898018587336
0.0,0.0,0.0,0.0,0.0,0.31666666666666665,0.32290497778176763,-1.0,-1.8369701987210297e-16,0.6513724827222223,-0.758758122692791,0.9749279121818236,-0.22252093395631434
0.0,0.6931467227963083,0.0,0.0,4.499809670330265,0.31666666666666665,0.3229498630997801,-1.0,-1.8369701987210297e-16,0.48530196253108104,-0.8743466161445821,0.43388373911755823,-0.900968867902419
0.0,0.0,0.0,0.0,1.3862943611198906,0.31666666666666665,0.3229947484177926,-1.0,-1.8369701987210297e-16,0.29936312297335804,-0.9541392564000488,-0.433883739117558,-0.9009688679024191
0.0,-0.6931467227963083,0.0,0.0,-5.886104031450156,0.31666666666666665,0.323039633735805,-1.0,-1.8369701987210297e-16,0.10116832198743272,-0.994869323391895,-0.9749279121818236,-0.2225209339563146
0.0,0.0,0.0,0.0,0.0,0.31666666666666665,0.32317428968984246,-1.0,-1.8369701987210297e-16,-0.4853019625310808,-0.8743466161445822,0.7818314824680298,0.6234898018587336
0.0,0.0,0.0,0.0,0.0,0.31666666666666665,0.32321917500785496,-1.0,-1.8369701987210297e-16,-0.6513724827222217,-0.7587581226927913,0.9749279121818236,-0.22252093395631434
0.0,0.0,0.0,0.0,0.0,0.31666666666666665,0.3232640603258674,-1.0,-1.8369701987210297e-16,-0.7907757369376986,-0.6121059825476627,0.43388373911755823,-0.900968867902419
0.0,0.6931467227963083,0.0,0.0,4.0943445622221,0.31666666666666665,0.3233089456438799,-1.0,-1.8369701987210297e-16,-0.8978045395707417,-0.44039415155763423,-0.433883739117558,-0.9009688679024191
0.0,-0.6931467227963083,0.0,0.0,-4.0943445622221,0.31666666666666665,0.3233538309618924,-1.0,-1.8369701987210297e-16,-0.9680771188662041,-0.2506525322587213,-0.9749279121818236,-0.2225209339563146
0.0,0.0,0.0,0.0,0.0,0.31666666666666665,0.3234884869159298,-1.0,-1.8369701987210297e-16,-0.9377521321470804,0.3473052528448203,0.7818314824680298,0.6234898018587336
0.0,0.0,0.0,0.0,0.0,0.31666666666666665,0.3235333722339423,-1.0,-1.8369701987210297e-16,-0.8486442574947509,0.5289640103269624,0.9749279121818236,-0.22252093395631434
0.0,0.0,0.0,0.0,0.0,0.31666666666666665,0.3235782575519548,-1.0,-1.8369701987210297e-16,-0.7247927872291207,0.6889669190756859,0.43388373911755823,-0.900968867902419
0.0,0.0,0.0,0.0,0.0,0.31666666666666665,0.32362314286996724,-1.0,-1.8369701987210297e-16,-0.5712682150947924,0.8207634412072763,-0.433883739117558,-0.9009688679024191
0.0,0.6931467227963083,0.0,0.0,5.703782474656201,0.31666666666666665,0.32366802818797974,-1.0,-1.8369701987210297e-16,-0.3943558551133187,0.9189578116202306,-0.9749279121818236,-0.2225209339563146
0.0,-0.6931467227963083,0.0,0.0,-5.703782474656201,0.31666666666666665,0.3238026841420172,-0.866025403784439,0.49999999999999933,0.39435585511331855,0.9189578116202306,0.7818314824680298,0.6234898018587336
0.0,0.6931467227963083,0.0,0.0,5.703782474656201,0.31666666666666665,0.3238475694600296,-0.866025403784439,0.49999999999999933,0.5712682150947923,0.8207634412072763,0.9749279121818236,-0.22252093395631434
0.0,-0.6931467227963083,0.0,0.0,-5.703782474656201,0.31666666666666665,0.3238924547780421,-0.866025403784439,0.49999999999999933,0.72479278722912,0.6889669190756866,0.43388373911755823,-0.900968867902419
0.0,0.0,0.0,0.0,0.0,0.31666666666666665,0.3239373400960546,-0.866025403784439,0.49999999999999933,0.8486442574947509,0.5289640103269624,-0.433883739117558,-0.9009688679024191
0.0,0.0,0.0,0.0,0.0,0.31666666666666665,0.32398222541406707,-0.866025403784439,0.49999999999999933,0.9377521321470804,0.3473052528448203,-0.9749279121818236,-0.2225209339563146
0.0,0.0,0.0,0.0,0.0,0.31666666666666665,0.3241168813681045,-0.866025403784439,0.49999999999999933,0.9680771188662043,-0.2506525322587204,0.7818314824680298,0.6234898018587336
0.0,0.0,0.0,0.0,0.0,0.31666666666666665,0.324161766686117,-0.866025403784439,0.49999999999999933,0.8978045395707416,-0.4403941515576344,0.9749279121818236,-0.22252093395631434
0.0,0.0,0.0,0.0,0.0,0.31666666666666665,0.32420665200412946,-0.866025403784439,0.49999999999999933,0.7907757369376989,-0.6121059825476626,0.43388373911755823,-0.900968867902419
0.0,0.0,0.0,0.0,0.0,0.31666666666666665,0.32425153732214196,-0.866025403784439,0.49999999999999933,0.6513724827222223,-0.758758122692791,-0.433883739117558,-0.9009688679024191
0.0,0.0,0.0,0.0,0.0,0.31666666666666665,0.3242964226401544,-0.866025403784439,0.49999999999999933,0.48530196253108104,-0.8743466161445821,-0.9749279121818236,-0.2225209339563146
0.0,0.0,0.0,0.0,0.0,0.31666666666666665,0.32443107859419185,-0.866025403784439,0.49999999999999933,-0.10116832198743204,-0.9948693233918952,0.7818314824680298,0.6234898018587336
0.0,0.0,0.0,0.0,0.0,0.31666666666666665,0.32447596391220435,-0.866025403784439,0.49999999999999933,-0.29936312297335776,-0.9541392564000489,0.9749279121818236,-0.22252093395631434
0.0,0.0,0.0,0.0,0.0,0.31666666666666665,0.3245208492302168,-0.866025403784439,0.49999999999999933,-0.4853019625310808,-0.8743466161445822,0.43388373911755823,-0.900968867902419
0.0,0.0,0.0,0.0,0.0,0.31666666666666665,0.3245657345482293,-0.866025403784439,0.49999999999999933,-0.6513724827222217,-0.7587581226927913,-0.433883739117558,-0.9009688679024191
0.0,0.4700035148048459,0.0,0.0,5.703782474656201,0.31666666666666665,0.3246106198662418,-0.866025403784439,0.49999999999999933,-0.7907757369376986,-0.6121059825476627,-0.9749279121818236,-0.2225209339563146
0.0,-0.47000351480484587,0.0,0.0,-5.703782474656201,0.31666666666666665,0.32474527582027923,-0.866025403784439,0.49999999999999933,-0.9987165071710528,-0.05064916883871355,0.7818314824680298,0.6234898018587336
0.0,0.0,0.0,0.0,0.0,0.31666666666666665,0.3247901611382917,-0.866025403784439,0.49999999999999933,-0.9884683243281114,0.15142777750457667,0.9749279121818236,-0.22252093395631434
0.0,0.4700035148048459,0.0,0.0,4.787491742782046,0.31666666666666665,0.3248350464563042,-0.866025403784439,0.49999999999999933,-0.9377521321470804,0.3473052528448203,0.43388373911755823,-0.900968867902419
0.0,-0.47000351480484587,0.0,0.0,-4.787491742782046,0.31666666666666665,0.3248799317743166,-0.866025403784439,0.49999999999999933,-0.8486442574947509,0.5289640103269624,-0.433883739117558,-0.9009688679024191
0.0,0.0,0.0,0.0,0.0,0.31666666666666665,0.3249248170923291,-0.866025403784439,0.49999999999999933,-0.7247927872291207,0.6889669190756859,-0.9749279121818236,-0.2225209339563146
0.0,0.0,0.0,0.0,0.0,0.31666666666666665,0.32505947304636656,-0.866025403784439,0.49999999999999933,-0.20129852008866114,0.9795299412524943,0.7818314824680298,0.6234898018587336
0.0,0.0,0.0,0.0,0.0,0.31666666666666665,0.325104358364379,-0.866025403784439,0.49999999999999933,-2.4492935982947064e-16,1.0,0.9749279121818236,-0.22252093395631434
0.0,0.0,0.0,0.0,0.0,0.31666666666666665,0.3251492436823915,-0.5000000000000012,0.8660254037844379,0.20129852008866006,0.9795299412524945,0.43388373911755823,-0.900968867902419
0.0,0.4700035148048459,0.0,0.0,3.4011973816621555,0.31666666666666665,0.325194129000404,-0.5000000000000012,0.8660254037844379,0.39435585511331855,0.9189578116202306,-0.433883739117558,-0.9009688679024191
0.0,0.0,0.0,0.0,1.3862943611198906,0.31666666666666665,0.32523901431841645,-0.5000000000000012,0.8660254037844379,0.5712682150947923,0.8207634412072763,-0.9749279121818236,-0.2225209339563146
0.0,0.0,0.0,0.0,3.844814255734696,0.31666666666666665,0.3253736702724539,-0.5000000000000012,0.8660254037844379,0.9377521321470804,0.3473052528448203,0.7818314824680298,0.6234898018587336
0.0,-0.47000351480484587,0.0,0.0,-8.632305998516742,0.31666666666666665,0.3254185555904664,-0.5000000000000012,0.8660254037844379,0.9884683243281114,0.1514277775045767,0.9749279121818236,-0.22252093395631434
0.0,0.0,0.0,0.0,0.0,0.31666666666666665,0.32546344090847884,-0.5000000000000012,0.8660254037844379,0.9987165071710528,-0.05064916883871264,0.43388373911755823,-0.900968867902419
0.0,0.4700035148048459,0.0,0.0,4.0943445622221,0.31666666666666665,0.32550832622649134,-0.5000000000000012,0.8660254037844379,0.9680771188662043,-0.2506525322587204,-0.433883739117558,-0.9009688679024191
0.0,-0.47000351480484587,0.0,0.0,-4.0943445622221,0.31666666666666665,0.32555321154450384,-0.5000000000000012,0.8660254037844379,0.8978045395707416,-0.4403941515576344,-0.9749279121818236,-0.2225209339563146
0.0,0.4700035148048459,0.0,0.0,5.703782474656201,0.31666666666666665,0.32568786749854123,-0.5000000000000012,0.8660254037844379,0.48530196253108104,-0.8743466161445821,0.7818314824680298,0.6234898018587336
0.0,-0.47000351480484587,0.0,0.0,-5.703782474656201,0.31666666666666665,0.32573275281655373,-0.5000000000000012,0.8660254037844379,0.29936312297335804,-0.9541392564000488,0.9749279121818236,-0.22252093395631434
0.0,0.0,0.0,0.0,0.0,0.31666666666666665,0.3257776381345662,-0.5000000000000012,0.8660254037844379,0.10116832198743272,-0.994869323391895,0.43388373911755823,-0.900968867902419
0.0,0.0,0.0,0.0,0.0,0.31666666666666665,0.32582252345257867,-0.5000000000000012,0.8660254037844379,-0.10116832198743204,-0.9948693233918952,-0.433883739117558,-0.9009688679024191
0.0,0.4700035148048459,0.0,0.0,8.371010681238156,0.31666666666666665,0.32586740877059117,-0.5000000000000012,0.8660254037844379,-0.29936312297335776,-0.9541392564000489,-0.9749279121818236,-0.2225209339563146
0.0,-0.47000351480484587,0.0,0.0,-8.371010681238156,0.31666666666666665,0.3260020647246286,-0.5000000000000012,0.8660254037844379,-0.7907757369376986,-0.6121059825476627,0.7818314824680298,0.6234898018587336
0.0,0.4700035148048459,0.0,0.0,3.4011973816621555,0.31666666666666665,0.32604695004264106,-0.5000000000000012,0.8660254037844379,-0.8978045395707417,-0.44039415155763423,0.9749279121818236,-0.22252093395631434
0.0,-0.47000351480484587,0.0,0.0,-3.4011973816621555,0.31666666666666665,0.32609183536065356,-0.5000000000000012,0.8660254037844379,-0.9680771188662041,-0.2506525322587213,0.43388373911755823,-0.900968867902419
0.0,0.4700035148048459,0.0,0.0,5.0106352940962555,0.31666666666666665,0.3261816059966785,-0.5000000000000012,0.8660254037844379,-0.9884683243281114,0.15142777750457667,-0.9749279121818236,-0.2225209339563146
0.0,-0.47000351480484587,0.0,0.0,-5.0106352940962555,0.31666666666666665,0.32631626195071595,-0.5000000000000012,0.8660254037844379,-0.7247927872291207,0.6889669190756859,0.7818314824680298,0.6234898018587336
0.0,0.4700035148048459,0.0,0.0,8.34283980427146,0.31666666666666665,0.32636114726872845,-0.5000000000000012,0.8660254037844379,-0.5712682150947924,0.8207634412072763,0.9749279121818236,-0.22252093395631434
0.0,-0.47000351480484587,0.0,0.0,-8.34283980427146,0.31666666666666665,0.3264060325867409,-0.5000000000000012,0.8660254037844379,-0.3943558551133187,0.9189578116202306,0.43388373911755823,-0.900968867902419
0.0,0.0,0.0,0.0,0.0,0.31666666666666665,0.3264509179047534,-0.5000000000000012,0.8660254037844379,-0.20129852008866114,0.9795299412524943,-0.433883739117558,-0.9009688679024191
0.0,0.4700035148048459,0.0,0.0,5.703782474656201,0.31666666666666665,0.32649580322276583,-2.4492935982947064e-16,1.0,0.20129852008866006,0.9795299412524945,-0.9749279121818236,-0.2225209339563146
0.0,0.0,0.0,0.0,2.8390784635086144,0.31666666666666665,0.3266304591768033,-2.4492935982947064e-16,1.0,0.72479278722912,0.6889669190756866,0.7818314824680298,0.6234898018587336
0.0,0.0,0.0,0.0,-0.13102826240640414,0.31666666666666665,0.3266753444948158,-2.4492935982947064e-16,1.0,0.8486442574947509,0.5289640103269624,0.9749279121818236,-0.22252093395631434
0.0,0.0,0.0,0.0,-1.6094379124341003,0.31666666666666665,0.3267202298128282,-2.4492935982947064e-16,1.0,0.9377521321470804,0.3473052528448203,0.43388373911755823,-0.900968867902419
0.0,0.0,0.0,0.0,0.8754687373538999,0.31666666666666665,0.3267651151308407,-2.4492935982947064e-16,1.0,0.9884683243281114,0.1514277775045767,-0.433883739117558,-0.9009688679024191
0.0,-0.47000351480484587,0.0,0.0,-7.67786350067821,0.31666666666666665,0.3268100004488532,-2.4492935982947064e-16,1.0,0.9987165071710528,-0.05064916883871264,-0.9749279121818236,-0.2225209339563146
0.0,0.4700035148048459,0.0,0.0,4.0943445622221,0.31666666666666665,0.3269446564028906,-2.4492935982947064e-16,1.0,0.7907757369376989,-0.6121059825476626,0.7818314824680298,0.6234898018587336
0.0,0.0,0.0,0.0,-4.0943445622221,0.31666666666666665,0.3269895417209031,-2.4492935982947064e-16,1.0,0.6513724827222223,-0.758758122692791,0.9749279121818236,-0.22252093395631434
0.0,-0.47000351480484587,0.0,0.0,0.0,0.31666666666666665,0.3270344270389156,-2.4492935982947064e-16,1.0,0.48530196253108104,-0.8743466161445821,0.43388373911755823,-0.900968867902419
0.0,0.3364717134627536,0.0,0.0,7.843848638152472,0.31666666666666665,0.32707931235692805,-2.4492935982947064e-16,1.0,0.29936312297335804,-0.9541392564000488,-0.433883739117558,-0.9009688679024191
0.0,0.1335318013420924,0.0,0.0,-0.8873031950009028,0.31666666666666665,0.32712419767494055,-2.4492935982947064e-16,1.0,0.10116832198743272,-0.994869323391895,-0.9749279121818236,-0.2225209339563146
0.0,-0.47000351480484587,0.0,0.0,-6.956545443151569,0.31666666666666665,0.327258853628978,-2.4492935982947064e-16,1.0,-0.4853019625310808,-0.8743466161445822,0.7818314824680298,0.6234898018587336
0.0,0.4700035148048459,0.0,0.0,5.0106352940962555,0.31666666666666665,0.32730373894699044,-2.4492935982947064e-16,1.0,-0.6513724827222217,-0.7587581226927913,0.9749279121818236,-0.22252093395631434
0.0,-0.47000351480484587,0.0,0.0,-5.0106352940962555,0.31666666666666665,0.32734862426500294,-2.4492935982947064e-16,1.0,-0.7907757369376986,-0.6121059825476627,0.43388373911755823,-0.900968867902419
0.0,0.4700035148048459,0.0,0.0,3.4011973816621555,0.31666666666666665,0.32739350958301544,-2.4492935982947064e-16,1.0,-0.8978045395707417,-0.44039415155763423,-0.433883739117558,-0.9009688679024191
0.0,0.0,0.0,0.0,0.0,0.31666666666666665,0.3274383949010279,-2.4492935982947064e-16,1.0,-0.9680771188662041,-0.2506525322587213,-0.9749279121818236,-0.2225209339563146
0.0,-0.47000351480484587,0.0,0.0,-3.4011973816621555,0.31666666666666665,0.32761793617307783,-2.4492935982947064e-16,1.0,-0.8486442574947509,0.5289640103269624,0.9749279121818236,-0.22252093395631434
0.0,0.4700035148048459,0.0,0.0,8.083328608786376,0.31666666666666665,0.3276628214910903,-2.4492935982947064e-16,1.0,-0.7247927872291207,0.6889669190756859,0.43388373911755823,-0.900968867902419
0.0,0.0,0.0,0.0,-3.58351893845611,0.31666666666666665,0.3277077068091028,-2.4492935982947064e-16,1.0,-0.5712682150947924,0.8207634412072763,-0.433883739117558,-0.9009688679024191
0.0,0.0,0.0,0.0,2.3353749158170367,0.31666666666666665,0.3277525921271152,-2.4492935982947064e-16,1.0,-0.3943558551133187,0.9189578116202306,-0.9749279121818236,-0.2225209339563146
0.0,-0.47000351480484587,0.0,0.0,-6.835184586147301,0.3333333333333333,0.32793213339916516,0.49999999999999994,0.8660254037844387,0.39435585511331855,0.9189578116202306,0.9749279121818236,-0.22252093395631434
0.0,0.0,0.0,0.0,0.0,0.3333333333333333,0.32797701871717766,0.49999999999999994,0.8660254037844387,0.5712682150947923,0.8207634412072763,0.43388373911755823,-0.900968867902419
0.0,0.0,0.0,0.0,0.0,0.3333333333333333,0.3280219040351901,0.49999999999999994,0.8660254037844387,0.72479278722912,0.6889669190756866,-0.433883739117558,-0.9009688679024191
0.0,0.0,0.0,0.0,0.0,0.3333333333333333,0.3280667893532026,0.49999999999999994,0.8660254037844387,0.8486442574947509,0.5289640103269624,-0.9749279121818236,-0.2225209339563146
0.0,0.0,0.0,0.0,0.0,0.3333333333333333,0.32820144530724005,0.49999999999999994,0.8660254037844387,0.9987165071710528,-0.05064916883871264,0.7818314824680298,0.6234898018587336
0.0,0.0,0.0,0.0,0.0,0.3333333333333333,0.3282463306252525,0.49999999999999994,0.8660254037844387,0.9680771188662043,-0.2506525322587204,0.9749279121818236,-0.22252093395631434
0.0,0.0,0.0,0.0,0.0,0.3333333333333333,0.328291215943265,0.49999999999999994,0.8660254037844387,0.8978045395707416,-0.4403941515576344,0.43388373911755823,-0.900968867902419
0.0,0.4700035148048459,0.0,0.0,6.897704943128636,0.3333333333333333,0.32833610126127744,0.49999999999999994,0.8660254037844387,0.7907757369376989,-0.6121059825476626,-0.433883739117558,-0.9009688679024191
0.0,-0.47000351480484587,0.0,0.0,-6.897704943128636,0.3333333333333333,0.32838098657928994,0.49999999999999994,0.8660254037844387,0.6513724827222223,-0.758758122692791,-0.9749279121818236,-0.2225209339563146
-0.916290202585211,0.18232125161821996,0.0,-0.916290202585211,7.495541943884256,0.3333333333333333,0.3285156425333274,0.49999999999999994,0.8660254037844387,0.10116832198743272,-0.994869323391895,0.7818314824680298,0.6234898018587336
0.0,-1.098611454203431,-0.916290202585211,0.0,-7.495541943884256,0.3333333333333333,0.3285605278513398,0.49999999999999994,0.8660254037844387,-0.10116832198743204,-0.9948693233918952,0.9749279121818236,-0.22252093395631434
0.0,0.0,0.0,0.0,0.0,0.3333333333333333,0.3286054131693523,0.49999999999999994,0.8660254037844387,-0.29936312297335776,-0.9541392564000489,0.43388373911755823,-0.900968867902419
0.0,0.0,0.0,0.0,0.0,0.3333333333333333,0.3286502984873648,0.49999999999999994,0.8660254037844387,-0.4853019625310808,-0.8743466161445822,-0.433883739117558,-0.9009688679024191
0.0,0.0,0.0,0.0,0.0,0.3333333333333333,0.32869518380537727,0.49999999999999994,0.8660254037844387,-0.6513724827222217,-0.7587581226927913,-0.9749279121818236,-0.2225209339563146
0.0,0.0,0.0,0.0,0.0,0.3333333333333333,0.3288298397594147,0.49999999999999994,0.8660254037844387,-0.9680771188662041,-0.2506525322587213,0.7818314824680298,0.6234898018587336
0.0,0.0,0.0,0.0,0.0,0.3333333333333333,0.3288747250774272,0.49999999999999994,0.8660254037844387,-0.9987165071710528,-0.05064916883871355,0.9749279121818236,-0.22252093395631434
0.0,0.0,0.0,0.0,0.0,0.3333333333333333,0.32891961039543965,0.49999999999999994,0.8660254037844387,-0.9884683243281114,0.15142777750457667,0.43388373911755823,-0.900968867902419
0.0,0.0,0.0,0.0,0.0,0.3333333333333333,0.32896449571345215,0.49999999999999994,0.8660254037844387,-0.9377521321470804,0.3473052528448203,-0.433883739117558,-0.9009688679024191
0.0,0.0,0.0,0.0,0.0,0.3333333333333333,0.32900938103146465,0.49999999999999994,0.8660254037844387,-0.8486442574947509,0.5289640103269624,-0.9749279121818236,-0.2225209339563146
0.0,0.0,0.0,0.0,0.0,0.3333333333333333,0.32914403698550204,0.49999999999999994,0.8660254037844387,-0.3943558551133187,0.9189578116202306,0.7818314824680298,0.6234898018587336
0.0,0.0,0.0,0.0,0.0,0.3333333333333333,0.32918892230351454,0.49999999999999994,0.8660254037844387,-0.20129852008866114,0.9795299412524943,0.9749279121818236,-0.22252093395631434
0.0,0.0,0.0,0.0,0.0,0.3333333333333333,0.32923380762152704,0.49999999999999994,0.8660254037844387,-2.4492935982947064e-16,1.0,0.43388373911755823,-0.900968867902419
0.0,0.0,0.0,0.0,0.0,0.3333333333333333,0.3292786929395395,0.8660254037844386,0.5000000000000001,0.20129852008866006,0.9795299412524945,-0.433883739117558,-0.9009688679024191
0.0,0.0,0.0,0.0,0.0,0.3333333333333333,0.329323578257552,0.8660254037844386,0.5000000000000001,0.39435585511331855,0.9189578116202306,-0.9749279121818236,-0.2225209339563146
0.0,0.0,0.0,0.0,0.0,0.3333333333333333,0.32945823421158943,0.8660254037844386,0.5000000000000001,0.8486442574947509,0.5289640103269624,0.7818314824680298,0.6234898018587336
0.0,0.0,0.0,0.0,0.0,0.3333333333333333,0.3295031195296019,0.8660254037844386,0.5000000000000001,0.9377521321470804,0.3473052528448203,0.9749279121818236,-0.22252093395631434
0.0,0.0,0.0,0.0,0.0,0.3333333333333333,0.3295480048476144,0.8660254037844386,0.5000000000000001,0.9884683243281114,0.1514277775045767,0.43388373911755823,-0.900968867902419
0.0,1.098611454203431,0.0,0.0,3.4011973816621555,0.3333333333333333,0.3295928901656269,0.8660254037844386,0.5000000000000001,0.9987165071710528,-0.05064916883871264,-0.433883739117558,-0.9009688679024191
0.0,-1.098611454203431,0.0,0.0,-3.4011973816621555,0.3333333333333333,0.3296377754836393,0.8660254037844386,0.5000000000000001,0.9680771188662043,-0.2506525322587204,-0.9749279121818236,-0.2225209339563146
0.0,0.0,0.0,0.0,0.0,0.3333333333333333,0.32977243143767676,0.8660254037844386,0.5000000000000001,0.6513724827222223,-0.758758122692791,0.7818314824680298,0.6234898018587336
0.0,1.0115997997812343,0.0,0.0,5.598421958998375,0.3333333333333333,0.32981731675568926,0.8660254037844386,0.5000000000000001,0.48530196253108104,-0.8743466161445821,0.9749279121818236,-0.22252093395631434
0.0,-1.0115997997812343,0.0,0.0,-5.598421958998375,0.3333333333333333,0.3298622020737017,0.8660254037844386,0.5000000000000001,0.29936312297335804,-0.9541392564000488,0.43388373911755823,-0.900968867902419
0.0,0.0,0.0,0.0,0.0,0.3333333333333333,0.3299070873917142,0.8660254037844386,0.5000000000000001,0.10116832198743272,-0.994869323391895,-0.433883739117558,-0.9009688679024191
0.0,0.0,0.0,0.0,0.0,0.3333333333333333,0.32995197270972665,0.8660254037844386,0.5000000000000001,-0.10116832198743204,-0.9948693233918952,-0.9749279121818236,-0.2225209339563146
0.0,0.0,0.0,0.0,0.0,0.3333333333333333,0.3301315139817766,0.8660254037844386,0.5000000000000001,-0.7907757369376986,-0.6121059825476627,0.9749279121818236,-0.22252093395631434
0.0,0.0,0.0,0.0,0.0,0.3333333333333333,0.33017639929978904,0.8660254037844386,0.5000000000000001,-0.8978045395707417,-0.44039415155763423,0.43388373911755823,-0.900968867902419
0.0,0.0,0.0,0.0,0.0,0.3333333333333333,0.33022128461780154,0.8660254037844386,0.5000000000000001,-0.9680771188662041,-0.2506525322587213,-0.433883739117558,-0.9009688679024191
0.0,1.0115997997812343,0.0,0.0,5.703782474656201,0.3333333333333333,0.33026616993581404,0.8660254037844386,0.5000000000000001,-0.9987165071710528,-0.05064916883871355,-0.9749279121818236,-0.2225209339563146
0.0,-1.0115997997812343,0.0,0.0,-5.703782474656201,0.3333333333333333,0.3304008258898514,0.8660254037844386,0.5000000000000001,-0.8486442574947509,0.5289640103269624,0.7818314824680298,0.6234898018587336
0.0,0.0,0.0,0.0,0.0,0.3333333333333333,0.3304457112078639,0.8660254037844386,0.5000000000000001,-0.7247927872291207,0.6889669190756859,0.9749279121818236,-0.22252093395631434
0.0,0.0,0.0,0.0,0.0,0.3333333333333333,0.3304905965258764,0.8660254037844386,0.5000000000000001,-0.5712682150947924,0.8207634412072763,0.43388373911755823,-0.900968867902419
0.0,0.0,0.0,0.0,0.0,0.3333333333333333,0.33053548184388887,1.0,6.123233995736766e-17,0.20129852008866006,0.9795299412524945,-0.433883739117558,-0.9009688679024191
0.0,0.0,0.0,0.0,0.0,0.3333333333333333,0.33058036716190137,1.0,6.123233995736766e-17,0.39435585511331855,0.9189578116202306,-0.9749279121818236,-0.2225209339563146
0.0,0.0,0.0,0.0,0.0,0.3333333333333333,0.3307150231159388,1.0,6.123233995736766e-17,0.8486442574947509,0.5289640103269624,0.7818314824680298,0.6234898018587336
0.0,0.0,0.0,0.0,0.0,0.3333333333333333,0.33075990843395126,1.0,6.123233995736766e-17,0.9377521321470804,0.3473052528448203,0.9749279121818236,-0.22252093395631434
0.0,0.0,0.0,0.0,0.0,0.3333333333333333,0.33080479375196375,1.0,6.123233995736766e-17,0.9884683243281114,0.1514277775045767,0.43388373911755823,-0.900968867902419
0.0,1.098611454203431,0.0,0.0,7.90100705199242,0.3333333333333333,0.33084967906997625,1.0,6.123233995736766e-17,0.9987165071710528,-0.05064916883871264,-0.433883739117558,-0.9009688679024191
0.0,-1.098611454203431,0.0,0.0,-7.901007051992421,0.3333333333333333,0.3308945643879887,1.0,6.123233995736766e-17,0.9680771188662043,-0.2506525322587204,-0.9749279121818236,-0.2225209339563146
0.0,0.0,0.0,0.0,0.0,0.3333333333333333,0.33102922034202614,1.0,6.123233995736766e-17,0.6513724827222223,-0.758758122692791,0.7818314824680298,0.6234898018587336
0.0,0.0,0.0,0.0,0.0,0.3333333333333333,0.33107410566003864,1.0,6.123233995736766e-17,0.48530196253108104,-0.8743466161445821,0.9749279121818236,-0.22252093395631434
0.0,0.0,0.0,0.0,0.0,0.3333333333333333,0.3311189909780511,1.0,6.123233995736766e-17,0.29936312297335804,-0.9541392564000488,0.43388373911755823,-0.900968867902419
0.0,0.0,0.0,0.0,0.0,0.3333333333333333,0.3311638762960636,1.0,6.123233995736766e-17,0.10116832198743272,-0.994869323391895,-0.433883739117558,-0.9009688679024191
0.0,0.0,0.0,0.0,0.0,0.3333333333333333,0.33120876161407603,1.0,6.123233995736766e-17,-0.10116832198743204,-0.9948693233918952,-0.9749279121818236,-0.2225209339563146
0.0,0.0,0.0,0.0,0.0,0.3333333333333333,0.3313434175681135,1.0,6.123233995736766e-17,-0.6513724827222217,-0.7587581226927913,0.7818314824680298,0.6234898018587336
0.0,0.0,0.0,0.0,0.0,0.3333333333333333,0.331388302886126,1.0,6.123233995736766e-17,-0.7907757369376986,-0.6121059825476627,0.9749279121818236,-0.22252093395631434
0.0,0.0,0.0,0.0,0.0,0.3333333333333333,0.3314331882041385,1.0,6.123233995736766e-17,-0.8978045395707417,-0.44039415155763423,0.43388373911755823,-0.900968867902419
0.0,1.098611454203431,0.0,0.0,3.4011973816621555,0.3333333333333333,0.3314780735221509,1.0,6.123233995736766e-17,-0.9680771188662041,-0.2506525322587213,-0.433883739117558,-0.9009688679024191
0.0,-1.098611454203431,0.0,0.0,-3.4011973816621555,0.3333333333333333,0.3315229588401634,1.0,6.123233995736766e-17,-0.9987165071710528,-0.05064916883871355,-0.9749279121818236,-0.2225209339563146
0.0,0.0,0.0,0.0,0.0,0.3333333333333333,0.33165761479420086,1.0,6.123233995736766e-17,-0.8486442574947509,0.5289640103269624,0.7818314824680298,0.6234898018587336
0.0,0.0,0.0,0.0,0.0,0.3333333333333333,0.3317025001122133,1.0,6.123233995736766e-17,-0.7247927872291207,0.6889669190756859,0.9749279121818236,-0.22252093395631434
0.0,1.098611454203431,0.0,0.0,3.4011973816621555,0.3333333333333333,0.3317473854302258,1.0,6.123233995736766e-17,-0.5712682150947924,0.8207634412072763,0.43388373911755823,-0.900968867902419
0.0,-1.098611454203431,0.0,0.0,-3.4011973816621555,0.3333333333333333,0.33179227074823825,1.0,6.123233995736766e-17,-0.3943558551133187,0.9189578116202306,-0.433883739117558,-0.9009688679024191
0.0,0.0,0.0,0.0,0.0,0.3333333333333333,0.33183715606625075,1.0,6.123233995736766e-17,-0.20129852008866114,0.9795299412524943,-0.9749279121818236,-0.2225209339563146
0.0,0.0,0.0,0.0,0.0,0.3333333333333333,0.3319718120202882,0.8660254037844387,-0.4999999999999998,0.39435585511331855,0.9189578116202306,0.7818314824680298,0.6234898018587336
0.0,0.0,0.0,0.0,0.0,0.3333333333333333,0.33201669733830064,0.8660254037844387,-0.4999999999999998,0.5712682150947923,0.8207634412072763,0.9749279121818236,-0.22252093395631434
0.0,0.0,0.0,0.0,0.0,0.3333333333333333,0.33206158265631314,0.8660254037844387,-0.4999999999999998,0.72479278722912,0.6889669190756866,0.43388373911755823,-0.900968867902419
0.0,0.0,0.0,0.0,0.0,0.3333333333333333,0.33210646797432564,0.8660254037844387,-0.4999999999999998,0.8486442574947509,0.5289640103269624,-0.433883739117558,-0.9009688679024191
0.0,0.0,0.0,0.0,0.0,0.3333333333333333,0.3321513532923381,0.8660254037844387,-0.4999999999999998,0.9377521321470804,0.3473052528448203,-0.9749279121818236,-0.2225209339563146
0.0,0.0,0.0,0.0,0.0,0.3333333333333333,0.3322860092463755,0.8660254037844387,-0.4999999999999998,0.9680771188662043,-0.2506525322587204,0.7818314824680298,0.6234898018587336
0.0,0.0,0.0,0.0,0.0,0.3333333333333333,0.332330894564388,0.8660254037844387,-0.4999999999999998,0.8978045395707416,-0.4403941515576344,0.9749279121818236,-0.22252093395631434
0.0,0.0,0.0,0.0,0.0,0.3333333333333333,0.33237577988240047,0.8660254037844387,-0.4999999999999998,0.7907757369376989,-0.6121059825476626,0.43388373911755823,-0.900968867902419
0.0,0.0,0.0,0.0,0.0,0.3333333333333333,0.33242066520041297,0.8660254037844387,-0.4999999999999998,0.6513724827222223,-0.758758122692791,-0.433883739117558,-0.9009688679024191
0.0,0.0,0.0,0.0,0.0,0.3333333333333333,0.33260020647246286,0.8660254037844387,-0.4999999999999998,-0.10116832198743204,-0.9948693233918952,0.7818314824680298,0.6234898018587336
0.0,0.0,0.0,0.0,0.0,0.3333333333333333,0.33264509179047536,0.8660254037844387,-0.4999999999999998,-0.29936312297335776,-0.9541392564000489,0.9749279121818236,-0.22252093395631434
0.0,0.0,0.0,0.0,0.0,0.3333333333333333,0.33268997710848786,0.8660254037844387,-0.4999999999999998,-0.4853019625310808,-0.8743466161445822,0.43388373911755823,-0.900968867902419
0.0,0.0,0.0,0.0,0.0,0.3333333333333333,0.3327348624265003,0.8660254037844387,-0.4999999999999998,-0.6513724827222217,-0.7587581226927913,-0.433883739117558,-0.9009688679024191
0.0,1.098611454203431,0.0,0.0,4.787491742782046,0.3333333333333333,0.3327797477445128,0.8660254037844387,-0.4999999999999998,-0.7907757369376986,-0.6121059825476627,-0.9749279121818236,-0.2225209339563146
0.0,-1.098611454203431,0.0,0.0,-4.787491742782046,0.3333333333333333,0.33291440369855024,0.8660254037844387,-0.4999999999999998,-0.9987165071710528,-0.05064916883871355,0.7818314824680298,0.6234898018587336
0.0,0.0,0.0,0.0,0.0,0.3333333333333333,0.3329592890165627,0.8660254037844387,-0.4999999999999998,-0.9884683243281114,0.15142777750457667,0.9749279121818236,-0.22252093395631434
0.0,0.0,0.0,0.0,0.0,0.3333333333333333,0.3330041743345752,0.8660254037844387,-0.4999999999999998,-0.9377521321470804,0.3473052528448203,0.43388373911755823,-0.900968867902419
0.0,0.0,0.0,0.0,0.0,0.3333333333333333,0.3330490596525877,0.8660254037844387,-0.4999999999999998,-0.8486442574947509,0.5289640103269624,-0.433883739117558,-0.9009688679024191
0.0,0.0,0.0,0.0,0.0,0.3333333333333333,0.33309394497060013,0.8660254037844387,-0.4999999999999998,-0.7247927872291207,0.6889669190756859,-0.9749279121818236,-0.2225209339563146
0.0,0.0,0.0,0.0,0.0,0.3333333333333333,0.3332286009246376,0.8660254037844387,-0.4999999999999998,-0.20129852008866114,0.9795299412524943,0.7818314824680298,0.6234898018587336
0.0,0.0,0.0,0.0,0.0,0.3333333333333333,0.3332734862426501,0.5000000000000003,-0.8660254037844385,0.20129852008866006,0.9795299412524945,0.9749279121818236,-0.22252093395631434
0.0,0.0,0.0,0.0,0.0,0.3333333333333333,0.3333183715606625,0.5000000000000003,-0.8660254037844385,0.39435585511331855,0.9189578116202306,0.43388373911755823,-0.900968867902419
0.0,0.0,0.0,0.0,0.0,0.3333333333333333,0.333363256878675,0.5000000000000003,-0.8660254037844385,0.5712682150947923,0.8207634412072763,-0.433883739117558,-0.9009688679024191
0.0,0.0,0.0,0.0,0.0,0.3333333333333333,0.33340814219668746,0.5000000000000003,-0.8660254037844385,0.72479278722912,0.6889669190756866,-0.9749279121818236,-0.2225209339563146
0.0,0.0,0.0,0.0,0.0,0.3333333333333333,0.3335427981507249,0.5000000000000003,-0.8660254037844385,0.9884683243281114,0.1514277775045767,0.7818314824680298,0.6234898018587336
0.0,1.098611454203431,0.0,0.0,5.703782474656201,0.3333333333333333,0.3335876834687374,0.5000000000000003,-0.8660254037844385,0.9987165071710528,-0.05064916883871264,0.9749279121818236,-0.22252093395631434
0.0,-1.098611454203431,0.0,0.0,-5.703782474656201,0.3333333333333333,0.33363256878674985,0.5000000000000003,-0.8660254037844385,0.9680771188662043,-0.2506525322587204,0.43388373911755823,-0.900968867902419
0.0,0.0,0.0,0.0,0.0,0.3333333333333333,0.33367745410476235,0.5000000000000003,-0.8660254037844385,0.8978045395707416,-0.4403941515576344,-0.433883739117558,-0.9009688679024191
0.0,1.098611454203431,0.0,0.0,6.1092475827643655,0.3333333333333333,0.33372233942277485,0.5000000000000003,-0.8660254037844385,0.7907757369376989,-0.6121059825476626,-0.9749279121818236,-0.2225209339563146
0.0,-1.098611454203431,0.0,0.0,-6.1092475827643655,0.3333333333333333,0.3338569953768123,0.5000000000000003,-0.8660254037844385,0.29936312297335804,-0.9541392564000488,0.7818314824680298,0.6234898018587336
0.0,0.0,0.0,0.0,0.0,0.3333333333333333,0.33390188069482474,0.5000000000000003,-0.8660254037844385,0.10116832198743272,-0.994869323391895,0.9749279121818236,-0.22252093395631434
0.0,0.0,0.0,0.0,0.0,0.3333333333333333,0.33394676601283724,0.5000000000000003,-0.8660254037844385,-0.10116832198743204,-0.9948693233918952,0.43388373911755823,-0.900968867902419
0.0,0.0,0.0,0.0,0.0,0.3333333333333333,0.3339916513308497,0.5000000000000003,-0.8660254037844385,-0.29936312297335776,-0.9541392564000489,-0.433883739117558,-0.9009688679024191
0.0,0.0,0.0,0.0,0.0,0.3333333333333333,0.3340365366488622,0.5000000000000003,-0.8660254037844385,-0.4853019625310808,-0.8743466161445822,-0.9749279121818236,-0.2225209339563146
0.0,0.0,0.0,0.0,0.0,0.3333333333333333,0.3341711926028996,0.5000000000000003,-0.8660254037844385,-0.8978045395707417,-0.44039415155763423,0.7818314824680298,0.6234898018587336
0.0,0.0,0.0,0.0,0.0,0.3333333333333333,0.33421607792091207,0.5000000000000003,-0.8660254037844385,-0.9680771188662041,-0.2506525322587213,0.9749279121818236,-0.22252093395631434
0.0,1.098611454203431,0.0,0.0,3.4011973816621555,0.3333333333333333,0.33426096323892457,0.5000000000000003,-0.8660254037844385,-0.9987165071710528,-0.05064916883871355,0.43388373911755823,-0.900968867902419
0.0,-1.098611454203431,0.0,0.0,-3.4011973816621555,0.3333333333333333,0.33430584855693707,0.5000000000000003,-0.8660254037844385,-0.9884683243281114,0.15142777750457667,-0.433883739117558,-0.9009688679024191
0.0,0.0,0.0,0.0,0.0,0.3333333333333333,0.3343507338749495,0.5000000000000003,-0.8660254037844385,-0.9377521321470804,0.3473052528448203,-0.9749279121818236,-0.2225209339563146
0.0,0.0,0.0,0.0,0.0,0.3333333333333333,0.33453027514699946,0.5000000000000003,-0.8660254037844385,-0.3943558551133187,0.9189578116202306,0.9749279121818236,-0.22252093395631434
0.0,0.0,0.0,0.0,0.0,0.3333333333333333,0.3345751604650119,0.5000000000000003,-0.8660254037844385,-0.20129852008866114,0.9795299412524943,0.43388373911755823,-0.900968867902419
0.0,0.0,0.0,0.0,0.0,0.3333333333333333,0.3346200457830244,0.5000000000000003,-0.8660254037844385,-2.4492935982947064e-16,1.0,-0.433883739117558,-0.9009688679024191
0.0,0.0,0.0,0.0,0.0,0.3333333333333333,0.3346649311010369,1.2246467991473532e-16,-1.0,0.20129852008866006,0.9795299412524945,-0.9749279121818236,-0.2225209339563146
0.0,0.0,0.0,0.0,0.0,0.3333333333333333,0.3347995870550743,1.2246467991473532e-16,-1.0,0.72479278722912,0.6889669190756866,0.7818314824680298,0.6234898018587336
0.0,0.0,0.0,0.0,0.0,0.3333333333333333,0.3348444723730868,1.2246467991473532e-16,-1.0,0.8486442574947509,0.5289640103269624,0.9749279121818236,-0.22252093395631434
0.0,0.0,0.0,0.0,0.0,0.3333333333333333,0.3348893576910993,1.2246467991473532e-16,-1.0,0.9377521321470804,0.3473052528448203,0.43388373911755823,-0.900968867902419
0.0,0.0,0.0,0.0,0.0,0.3333333333333333,0.33493424300911173,1.2246467991473532e-16,-1.0,0.9884683243281114,0.1514277775045767,-0.433883739117558,-0.9009688679024191
0.0,0.0,0.0,0.0,0.0,0.3333333333333333,0.33497912832712423,1.2246467991473532e-16,-1.0,0.9987165071710528,-0.05064916883871264,-0.9749279121818236,-0.2225209339563146
0.0,0.0,0.0,0.0,0.0,0.3333333333333333,0.3351137842811617,1.2246467991473532e-16,-1.0,0.7907757369376989,-0.6121059825476626,0.7818314824680298,0.6234898018587336
0.0,0.0,0.0,0.0,0.0,0.3333333333333333,0.3351586695991741,1.2246467991473532e-16,-1.0,0.6513724827222223,-0.758758122692791,0.9749279121818236,-0.22252093395631434
0.0,0.0,0.0,0.0,0.0,0.3333333333333333,0.3352035549171866,1.2246467991473532e-16,-1.0,0.48530196253108104,-0.8743466161445821,0.43388373911755823,-0.900968867902419
0.0,0.0,0.0,0.0,0.0,0.3333333333333333,0.33524844023519906,1.2246467991473532e-16,-1.0,0.29936312297335804,-0.9541392564000488,-0.433883739117558,-0.9009688679024191
0.0,0.0,0.0,0.0,0.0,0.3333333333333333,0.33529332555321156,1.2246467991473532e-16,-1.0,0.10116832198743272,-0.994869323391895,-0.9749279121818236,-0.2225209339563146
0.0,0.0,0.0,0.0,0.0,0.3333333333333333,0.335427981507249,1.2246467991473532e-16,-1.0,-0.4853019625310808,-0.8743466161445822,0.7818314824680298,0.6234898018587336
0.0,0.0,0.0,0.0,0.0,0.3333333333333333,0.3354728668252615,1.2246467991473532e-16,-1.0,-0.6513724827222217,-0.7587581226927913,0.9749279121818236,-0.22252093395631434
0.0,1.098611454203431,0.0,0.0,6.396929655216146,0.3333333333333333,0.33551775214327395,1.2246467991473532e-16,-1.0,-0.7907757369376986,-0.6121059825476627,0.43388373911755823,-0.900968867902419
0.0,-1.098611454203431,0.0,0.0,-6.396929655216146,0.3333333333333333,0.33556263746128645,1.2246467991473532e-16,-1.0,-0.8978045395707417,-0.44039415155763423,-0.433883739117558,-0.9009688679024191
0.0,0.0,0.0,0.0,0.0,0.3333333333333333,0.3356075227792989,1.2246467991473532e-16,-1.0,-0.9680771188662041,-0.2506525322587213,-0.9749279121818236,-0.2225209339563146
0.0,0.0,0.0,0.0,0.0,0.3333333333333333,0.33574217873333634,1.2246467991473532e-16,-1.0,-0.9377521321470804,0.3473052528448203,0.7818314824680298,0.6234898018587336
0.0,0.0,0.0,0.0,0.0,0.3333333333333333,0.33578706405134884,1.2246467991473532e-16,-1.0,-0.8486442574947509,0.5289640103269624,0.9749279121818236,-0.22252093395631434
0.0,0.0,0.0,0.0,0.0,0.3333333333333333,0.3358319493693613,1.2246467991473532e-16,-1.0,-0.7247927872291207,0.6889669190756859,0.43388373911755823,-0.900968867902419
0.0,0.0,0.0,0.0,0.0,0.3333333333333333,0.3358768346873738,1.2246467991473532e-16,-1.0,-0.5712682150947924,0.8207634412072763,-0.433883739117558,-0.9009688679024191
0.0,0.0,0.0,0.0,0.0,0.3333333333333333,0.3359217200053863,1.2246467991473532e-16,-1.0,-0.3943558551133187,0.9189578116202306,-0.9749279121818236,-0.2225209339563146
0.0,0.0,0.0,0.0,0.0,0.3333333333333333,0.33605637595942367,-0.4999999999999997,-0.8660254037844388,0.39435585511331855,0.9189578116202306,0.7818314824680298,0.6234898018587336
0.0,0.0,0.0,0.0,0.0,0.3333333333333333,0.33610126127743617,-0.4999999999999997,-0.8660254037844388,0.5712682150947923,0.8207634412072763,0.9749279121818236,-0.22252093395631434
0.0,0.0,0.0,0.0,0.0,0.3333333333333333,0.3361910319134611,-0.4999999999999997,-0.8660254037844388,0.8486442574947509,0.5289640103269624,-0.433883739117558,-0.9009688679024191
0.4054642736434857,1.098611454203431,0.4054642736434857,0.4054642736434857,4.787491742782046,0.3333333333333333,0.3362359172314736,-0.4999999999999997,-0.8660254037844388,0.9377521321470804,0.3473052528448203,-0.9749279121818236,-0.2225209339563146
0.0,-0.6931471805599453,0.0,0.0,-4.787491742782046,0.3333333333333333,0.33637057318551106,-0.4999999999999997,-0.8660254037844388,0.9680771188662043,-0.2506525322587204,0.7818314824680298,0.6234898018587336
0.0,0.0,0.0,0.0,0.0,0.3333333333333333,0.3364154585035235,-0.4999999999999997,-0.8660254037844388,0.8978045395707416,-0.4403941515576344,0.9749279121818236,-0.22252093395631434
0.0,0.0,0.0,0.0,0.0,0.3333333333333333,0.336460343821536,-0.4999999999999997,-0.8660254037844388,0.7907757369376989,-0.6121059825476626,0.43388373911755823,-0.900968867902419
0.0,0.0,0.0,0.0,0.0,0.3333333333333333,0.3365052291395485,-0.4999999999999997,-0.8660254037844388,0.6513724827222223,-0.758758122692791,-0.433883739117558,-0.9009688679024191
0.0,0.6931471805599453,0.0,0.0,8.699514748210191,0.3333333333333333,0.33655011445756094,-0.4999999999999997,-0.8660254037844388,0.48530196253108104,-0.8743466161445821,-0.9749279121818236,-0.2225209339563146
0.0,-0.6931471805599453,0.0,0.0,-8.699514748210191,0.3333333333333333,0.3366847704115984,-0.4999999999999997,-0.8660254037844388,-0.10116832198743204,-0.9948693233918952,0.7818314824680298,0.6234898018587336
0.0,0.0,0.0,0.0,0.0,0.3333333333333333,0.3367296557296109,-0.4999999999999997,-0.8660254037844388,-0.29936312297335776,-0.9541392564000489,0.9749279121818236,-0.22252093395631434
0.0,0.0,0.0,0.0,0.0,0.3333333333333333,0.33677454104762333,-0.4999999999999997,-0.8660254037844388,-0.4853019625310808,-0.8743466161445822,0.43388373911755823,-0.900968867902419
0.0,0.0,0.0,0.0,0.0,0.3333333333333333,0.33681942636563583,-0.4999999999999997,-0.8660254037844388,-0.6513724827222217,-0.7587581226927913,-0.433883739117558,-0.9009688679024191
0.0,0.6931471805599453,0.0,0.0,3.4011973816621555,0.3333333333333333,0.3368643116836483,-0.4999999999999997,-0.8660254037844388,-0.7907757369376986,-0.6121059825476627,-0.9749279121818236,-0.2225209339563146
0.0,-0.6931471805599453,0.0,0.0,-3.4011973816621555,0.3333333333333333,0.3369989676376857,-0.4999999999999997,-0.8660254037844388,-0.9987165071710528,-0.05064916883871355,0.7818314824680298,0.6234898018587336
0.0,0.6931471805599453,0.0,0.0,7.718685495198466,0.3333333333333333,0.3370438529556982,-0.4999999999999997,-0.8660254037844388,-0.9884683243281114,0.15142777750457667,0.9749279121818236,-0.22252093395631434
0.0,-0.6931471805599453,0.0,0.0,-7.718685495198466,0.3333333333333333,0.33708873827371066,-0.4999999999999997,-0.8660254037844388,-0.9377521321470804,0.3473052528448203,0.43388373911755823,-0.900968867902419
0.0,0.0,0.0,0.0,0.0,0.3333333333333333,0.33713362359172316,-0.4999999999999997,-0.8660254037844388,-0.8486442574947509,0.5289640103269624,-0.433883739117558,-0.9009688679024191
0.0,0.0,0.0,0.0,0.0,0.3333333333333333,0.33717850890973566,-0.4999999999999997,-0.8660254037844388,-0.7247927872291207,0.6889669190756859,-0.9749279121818236,-0.2225209339563146
0.0,0.0,0.0,0.0,0.0,0.3333333333333333,0.3373131648637731,-0.4999999999999997,-0.8660254037844388,-0.20129852008866114,0.9795299412524943,0.7818314824680298,0.6234898018587336
0.0,0.0,0.0,0.0,0.0,0.3333333333333333,0.33735805018178555,-0.4999999999999997,-0.8660254037844388,-2.4492935982947064e-16,1.0,0.9749279121818236,-0.22252093395631434
0.0,0.0,0.0,0.0,0.0,0.3333333333333333,0.33740293549979805,-0.8660254037844385,-0.5000000000000004,0.20129852008866006,0.9795299412524945,0.43388373911755823,-0.900968867902419
0.0,0.0,0.0,0.0,0.0,0.3333333333333333,0.3374478208178105,-0.8660254037844385,-0.5000000000000004,0.39435585511331855,0.9189578116202306,-0.433883739117558,-0.9009688679024191
0.0,0.0,0.0,0.0,0.0,0.3333333333333333,0.337492706135823,-0.8660254037844385,-0.5000000000000004,0.5712682150947923,0.8207634412072763,-0.9749279121818236,-0.2225209339563146
0.0,0.0,0.0,0.0,0.0,0.3333333333333333,0.33762736208986044,-0.8660254037844385,-0.5000000000000004,0.9377521321470804,0.3473052528448203,0.7818314824680298,0.6234898018587336
0.0,0.0,0.0,0.0,0.0,0.3333333333333333,0.3376722474078729,-0.8660254037844385,-0.5000000000000004,0.9884683243281114,0.1514277775045767,0.9749279121818236,-0.22252093395631434
0.0,0.0,0.0,0.0,0.0,0.3333333333333333,0.3377171327258854,-0.8660254037844385,-0.5000000000000004,0.9987165071710528,-0.05064916883871264,0.43388373911755823,-0.900968867902419
0.0,0.0,0.0,0.0,0.0,0.3333333333333333,0.3377620180438979,-0.8660254037844385,-0.5000000000000004,0.9680771188662043,-0.2506525322587204,-0.433883739117558,-0.9009688679024191
0.0,0.0,0.0,0.0,0.0,0.3333333333333333,0.3378069033619103,-0.8660254037844385,-0.5000000000000004,0.8978045395707416,-0.4403941515576344,-0.9749279121818236,-0.2225209339563146
0.0,0.0,0.0,0.0,0.0,0.3333333333333333,0.33794155931594777,-0.8660254037844385,-0.5000000000000004,0.48530196253108104,-0.8743466161445821,0.7818314824680298,0.6234898018587336
0.15415111579256502,0.8472976424044789,0.15415111579256502,0.15415111579256502,7.090076835776092,0.3333333333333333,0.33798644463396027,-0.8660254037844385,-0.5000000000000004,0.29936312297335804,-0.9541392564000488,0.9749279121818236,-0.22252093395631434
0.0,-0.6931465266119138,0.0,0.0,-7.090076835776092,0.3333333333333333,0.3380313299519727,-0.8660254037844385,-0.5000000000000004,0.10116832198743272,-0.994869323391895,0.43388373911755823,-0.900968867902419
0.0,0.6931465266119139,0.0,0.0,4.0943445622221,0.3333333333333333,0.3380762152699852,-0.8660254037844385,-0.5000000000000004,-0.10116832198743204,-0.9948693233918952,-0.433883739117558,-0.9009688679024191
0.0,0.0,0.0,0.0,2.302585092994046,0.3333333333333333,0.3381211005879977,-0.8660254037844385,-0.5000000000000004,-0.29936312297335776,-0.9541392564000489,-0.9749279121818236,-0.2225209339563146
0.0,-0.6931465266119138,0.0,0.0,-6.396929655216146,0.3333333333333333,0.3382557565420351,-0.8660254037844385,-0.5000000000000004,-0.7907757369376986,-0.6121059825476627,0.7818314824680298,0.6234898018587336
0.0,0.0,0.0,0.0,0.0,0.3333333333333333,0.3383006418600476,-0.8660254037844385,-0.5000000000000004,-0.8978045395707417,-0.44039415155763423,0.9749279121818236,-0.22252093395631434
0.0,0.0,0.0,0.0,0.0,0.3333333333333333,0.3383455271780601,-0.8660254037844385,-0.5000000000000004,-0.9680771188662041,-0.2506525322587213,0.43388373911755823,-0.900968867902419
0.0,0.0,0.0,0.0,0.0,0.3333333333333333,0.33839041249607255,-0.8660254037844385,-0.5000000000000004,-0.9987165071710528,-0.05064916883871355,-0.433883739117558,-0.9009688679024191
0.0,0.0,0.0,0.0,0.0,0.3333333333333333,0.33843529781408505,-0.8660254037844385,-0.5000000000000004,-0.9884683243281114,0.15142777750457667,-0.9749279121818236,-0.2225209339563146
0.0,0.0,0.0,0.0,0.0,0.3333333333333333,0.3385699537681225,-0.8660254037844385,-0.5000000000000004,-0.7247927872291207,0.6889669190756859,0.7818314824680298,0.6234898018587336
0.0,0.0,0.0,0.0,0.0,0.3333333333333333,0.33861483908613493,-0.8660254037844385,-0.5000000000000004,-0.5712682150947924,0.8207634412072763,0.9749279121818236,-0.22252093395631434
0.0,0.0,0.0,0.0,0.0,0.3333333333333333,0.33865972440414743,-0.8660254037844385,-0.5000000000000004,-0.3943558551133187,0.9189578116202306,0.43388373911755823,-0.900968867902419
0.0,0.0,0.0,0.0,0.0,0.3333333333333333,0.3387046097221599,-0.8660254037844385,-0.5000000000000004,-0.20129852008866114,0.9795299412524943,-0.433883739117558,-0.9009688679024191
0.0,0.0,0.0,0.0,0.0,0.3333333333333333,0.3387494950401724,-0.8660254037844385,-0.5000000000000004,-2.4492935982947064e-16,1.0,-0.9749279121818236,-0.2225209339563146
0.1335305751894165,0.6190390071914902,0.1335305751894165,0.1335305751894165,8.283999304248526,0.3333333333333333,0.3389290363122223,-1.0,-1.8369701987210297e-16,0.72479278722912,0.6889669190756866,0.9749279121818236,-0.22252093395631434
0.0,-0.4855084320020735,0.0,0.0,-8.283999304248526,0.3333333333333333,0.33897392163023476,-1.0,-1.8369701987210297e-16,0.8486442574947509,0.5289640103269624,0.43388373911755823,-0.900968867902419
0.0,0.0,0.0,0.0,0.0,0.3333333333333333,0.33901880694824726,-1.0,-1.8369701987210297e-16,0.9377521321470804,0.3473052528448203,-0.433883739117558,-0.9009688679024191
0.0,0.0,0.0,0.0,0.0,0.3333333333333333,0.3390636922662597,-1.0,-1.8369701987210297e-16,0.9884683243281114,0.1514277775045767,-0.9749279121818236,-0.2225209339563146
0.0,0.0,0.0,0.0,0.0,0.3333333333333333,0.33919834822029715,-1.0,-1.8369701987210297e-16,0.8978045395707416,-0.4403941515576344,0.7818314824680298,0.6234898018587336
0.0,0.0,0.0,0.0,0.0,0.3333333333333333,0.33924323353830965,-1.0,-1.8369701987210297e-16,0.7907757369376989,-0.6121059825476626,0.9749279121818236,-0.22252093395631434
0.0,0.0,0.0,0.0,0.0,0.3333333333333333,0.3392881188563221,-1.0,-1.8369701987210297e-16,0.6513724827222223,-0.758758122692791,0.43388373911755823,-0.900968867902419
0.0,0.4855084320020735,0.0,0.0,9.338733586744581,0.3333333333333333,0.3393330041743346,-1.0,-1.8369701987210297e-16,0.48530196253108104,-0.8743466161445821,-0.433883739117558,-0.9009688679024191
0.0,-0.4855084320020735,0.0,0.0,-9.338733586744581,0.3333333333333333,0.3393778894923471,-1.0,-1.8369701987210297e-16,0.29936312297335804,-0.9541392564000488,-0.9749279121818236,-0.2225209339563146
0.0,0.0,0.0,0.0,0.0,0.3333333333333333,0.3395125454463845,-1.0,-1.8369701987210297e-16,-0.29936312297335776,-0.9541392564000489,0.7818314824680298,0.6234898018587336
0.0,0.0,0.0,0.0,0.0,0.3333333333333333,0.339557430764397,-1.0,-1.8369701987210297e-16,-0.4853019625310808,-0.8743466161445822,0.9749279121818236,-0.22252093395631434
0.0,0.0,0.0,0.0,0.0,0.3333333333333333,0.3396023160824095,-1.0,-1.8369701987210297e-16,-0.6513724827222217,-0.7587581226927913,0.43388373911755823,-0.900968867902419
0.0,0.0,0.0,0.0,0.0,0.3333333333333333,0.3396472014004219,-1.0,-1.8369701987210297e-16,-0.7907757369376986,-0.6121059825476627,-0.433883739117558,-0.9009688679024191
0.0,0.4855084320020735,0.0,0.0,8.006367567650246,0.3333333333333333,0.3396920867184344,-1.0,-1.8369701987210297e-16,-0.8978045395707417,-0.44039415155763423,-0.9749279121818236,-0.2225209339563146
0.0,-0.4855084320020735,0.0,0.0,-8.006367567650246,0.3333333333333333,0.33982674267247187,-1.0,-1.8369701987210297e-16,-0.9884683243281114,0.15142777750457667,0.7818314824680298,0.6234898018587336
0.0,0.0,0.0,0.0,0.0,0.3333333333333333,0.3398716279904843,-1.0,-1.8369701987210297e-16,-0.9377521321470804,0.3473052528448203,0.9749279121818236,-0.22252093395631434
0.0,0.4855084320020735,0.0,0.0,5.0106352940962555,0.3333333333333333,0.3399165133084968,-1.0,-1.8369701987210297e-16,-0.8486442574947509,0.5289640103269624,0.43388373911755823,-0.900968867902419
0.0,-0.4855084320020735,0.0,0.0,-5.0106352940962555,0.3333333333333333,0.3399613986265093,-1.0,-1.8369701987210297e-16,-0.7247927872291207,0.6889669190756859,-0.433883739117558,-0.9009688679024191
0.0,0.4855084320020735,0.0,0.0,5.0106352940962555,0.3333333333333333,0.34000628394452176,-1.0,-1.8369701987210297e-16,-0.5712682150947924,0.8207634412072763,-0.9749279121818236,-0.2225209339563146
0.0,-0.4855084320020735,0.0,0.0,-5.0106352940962555,0.3333333333333333,0.3401409398985592,-0.866025403784439,0.49999999999999933,0.20129852008866006,0.9795299412524945,0.7818314824680298,0.6234898018587336
0.0,0.0,0.0,0.0,0.0,0.3333333333333333,0.3401858252165717,-0.866025403784439,0.49999999999999933,0.39435585511331855,0.9189578116202306,0.9749279121818236,-0.22252093395631434
0.0,0.0,0.0,0.0,0.0,0.3333333333333333,0.34023071053458415,-0.866025403784439,0.49999999999999933,0.5712682150947923,0.8207634412072763,0.43388373911755823,-0.900968867902419
0.0,0.0,0.0,0.0,0.0,0.3333333333333333,0.34027559585259665,-0.866025403784439,0.49999999999999933,0.72479278722912,0.6889669190756866,-0.433883739117558,-0.9009688679024191
0.0,0.0,0.0,0.0,0.0,0.3333333333333333,0.3403204811706091,-0.866025403784439,0.49999999999999933,0.8486442574947509,0.5289640103269624,-0.9749279121818236,-0.2225209339563146
0.0,0.0,0.0,0.0,0.0,0.3333333333333333,0.34045513712464653,-0.866025403784439,0.49999999999999933,0.9987165071710528,-0.05064916883871264,0.7818314824680298,0.6234898018587336
0.0,0.0,0.0,0.0,0.0,0.3333333333333333,0.34050002244265903,-0.866025403784439,0.49999999999999933,0.9680771188662043,-0.2506525322587204,0.9749279121818236,-0.22252093395631434
0.0,0.0,0.0,0.0,0.0,0.3333333333333333,0.34054490776067153,-0.866025403784439,0.49999999999999933,0.8978045395707416,-0.4403941515576344,0.43388373911755823,-0.900968867902419
0.0,0.0,0.0,0.0,0.0,0.3333333333333333,0.340589793078684,-0.866025403784439,0.49999999999999933,0.7907757369376989,-0.6121059825476626,-0.433883739117558,-0.9009688679024191
0.0,0.0,0.0,0.0,0.0,0.3333333333333333,0.3406346783966965,-0.866025403784439,0.49999999999999933,0.6513724827222223,-0.758758122692791,-0.9749279121818236,-0.2225209339563146
0.0,0.0,0.0,0.0,0.0,0.3333333333333333,0.3407693343507339,-0.866025403784439,0.49999999999999933,0.10116832198743272,-0.994869323391895,0.7818314824680298,0.6234898018587336
0.0,0.4855084320020735,0.0,0.0,3.4011973816621555,0.3333333333333333,0.34081421966874637,-0.866025403784439,0.49999999999999933,-0.10116832198743204,-0.9948693233918952,0.9749279121818236,-0.22252093395631434
0.0,-0.4855084320020735,0.0,0.0,-3.4011973816621555,0.3333333333333333,0.34085910498675887,-0.866025403784439,0.49999999999999933,-0.29936312297335776,-0.9541392564000489,0.43388373911755823,-0.900968867902419
0.0,0.0,0.0,0.0,0.0,0.3333333333333333,0.3409039903047713,-0.866025403784439,0.49999999999999933,-0.4853019625310808,-0.8743466161445822,-0.433883739117558,-0.9009688679024191
0.0,0.0,0.0,0.0,0.0,0.3333333333333333,0.3409488756227838,-0.866025403784439,0.49999999999999933,-0.6513724827222217,-0.7587581226927913,-0.9749279121818236,-0.2225209339563146
0.0,0.0,0.0,0.0,0.0,0.3333333333333333,0.34108353157682125,-0.866025403784439,0.49999999999999933,-0.9680771188662041,-0.2506525322587213,0.7818314824680298,0.6234898018587336
0.0,0.0,0.0,0.0,0.0,0.3333333333333333,0.3411284168948337,-0.866025403784439,0.49999999999999933,-0.9987165071710528,-0.05064916883871355,0.9749279121818236,-0.22252093395631434
-0.6931459646254674,-0.28768169098198154,-0.28768169098198154,-0.6931459646254674,12.419165860990882,0.3333333333333333,0.3411733022128462,-0.866025403784439,0.49999999999999933,-0.9884683243281114,0.15142777750457667,0.43388373911755823,-0.900968867902419
-0.6931496124303798,0.0,-0.4054642736434857,-0.6931496124303798,-3.71965111278069,0.3333333333333333,0.3412181875308587,-0.866025403784439,0.49999999999999933,-0.9377521321470804,0.3473052528448203,-0.433883739117558,-0.9009688679024191
0.0,-1.0986138860738655,-0.6931496124303798,0.0,-8.699514748210191,0.3333333333333333,0.34126307284887114,-0.866025403784439,0.49999999999999933,-0.8486442574947509,0.5289640103269624,-0.9749279121818236,-0.2225209339563146
0.0,0.0,0.0,0.0,0.0,0.3333333333333333,0.3413977288029086,-0.866025403784439,0.49999999999999933,-0.3943558551133187,0.9189578116202306,0.7818314824680298,0.6234898018587336
0.0,0.0,0.0,0.0,0.0,0.3333333333333333,0.3414426141209211,-0.866025403784439,0.49999999999999933,-0.20129852008866114,0.9795299412524943,0.9749279121818236,-0.22252093395631434
0.4054667055139202,1.0986138860738655,0.4054667055139202,0.4054667055139202,5.703782474656201,0.3333333333333333,0.34148749943893353,-0.866025403784439,0.49999999999999933,-2.4492935982947064e-16,1.0,0.43388373911755823,-0.900968867902419
0.0,-0.6931471805599453,0.0,0.0,-5.703782474656201,0.3333333333333333,0.34153238475694603,-0.5000000000000012,0.8660254037844379,0.20129852008866006,0.9795299412524945,-0.433883739117558,-0.9009688679024191
0.0,0.0,0.0,0.0,0.0,0.3333333333333333,0.34157727007495853,-0.5000000000000012,0.8660254037844379,0.39435585511331855,0.9189578116202306,-0.9749279121818236,-0.2225209339563146
0.0,0.0,0.0,0.0,0.0,0.3333333333333333,0.3417119260289959,-0.5000000000000012,0.8660254037844379,0.8486442574947509,0.5289640103269624,0.7818314824680298,0.6234898018587336
0.0,0.0,0.0,0.0,0.0,0.3333333333333333,0.3417568113470084,-0.5000000000000012,0.8660254037844379,0.9377521321470804,0.3473052528448203,0.9749279121818236,-0.22252093395631434
0.2876829069164596,0.6931471805599453,0.2876829069164596,0.2876829069164596,8.411832675758411,0.3333333333333333,0.3418016966650209,-0.5000000000000012,0.8660254037844379,0.9884683243281114,0.1514277775045767,0.43388373911755823,-0.900968867902419
0.0,0.0,0.0,0.0,0.9808292530117262,0.3333333333333333,0.34184658198303336,-0.5000000000000012,0.8660254037844379,0.9987165071710528,-0.05064916883871264,-0.433883739117558,-0.9009688679024191
0.0,-0.4054642736434857,0.0,0.0,-9.392661928770137,0.3333333333333333,0.34189146730104586,-0.5000000000000012,0.8660254037844379,0.9680771188662043,-0.2506525322587204,-0.9749279121818236,-0.2225209339563146
0.0,0.4054642736434857,0.0,0.0,5.0106352940962555,0.3333333333333333,0.3420261232550833,-0.5000000000000012,0.8660254037844379,0.6513724827222223,-0.758758122692791,0.7818314824680298,0.6234898018587336
0.0,-0.4054642736434857,0.0,0.0,-5.0106352940962555,0.3333333333333333,0.34207100857309575,-0.5000000000000012,0.8660254037844379,0.48530196253108104,-0.8743466161445821,0.9749279121818236,-0.22252093395631434
0.0,0.0,0.0,0.0,0.0,0.3333333333333333,0.34211589389110825,-0.5000000000000012,0.8660254037844379,0.29936312297335804,-0.9541392564000488,0.43388373911755823,-0.900968867902419
0.0,0.4054642736434857,0.0,0.0,5.703782474656201,0.3333333333333333,0.34216077920912075,-0.5000000000000012,0.8660254037844379,0.10116832198743272,-0.994869323391895,-0.433883739117558,-0.9009688679024191
0.0,-0.4054642736434857,0.0,0.0,-5.703782474656201,0.3333333333333333,0.3422056645271332,-0.5000000000000012,0.8660254037844379,-0.10116832198743204,-0.9948693233918952,-0.9749279121818236,-0.2225209339563146
0.0,0.0,0.0,0.0,0.0,0.3333333333333333,0.34234032048117063,-0.5000000000000012,0.8660254037844379,-0.6513724827222217,-0.7587581226927913,0.7818314824680298,0.6234898018587336
0.0,0.0,0.0,0.0,0.0,0.3333333333333333,0.34238520579918313,-0.5000000000000012,0.8660254037844379,-0.7907757369376986,-0.6121059825476627,0.9749279121818236,-0.22252093395631434
0.0,0.0,0.0,0.0,0.0,0.3333333333333333,0.3424300911171956,-0.5000000000000012,0.8660254037844379,-0.8978045395707417,-0.44039415155763423,0.43388373911755823,-0.900968867902419
0.0,0.0,0.0,0.0,0.0,0.3333333333333333,0.3425198617532205,-0.5000000000000012,0.8660254037844379,-0.9987165071710528,-0.05064916883871355,-0.9749279121818236,-0.2225209339563146
0.0,0.4054642736434857,0.0,0.0,9.108307646411031,0.3333333333333333,0.34265451770725797,-0.5000000000000012,0.8660254037844379,-0.8486442574947509,0.5289640103269624,0.7818314824680298,0.6234898018587336
0.0,-0.4054642736434857,0.0,0.0,-9.108307646411031,0.3333333333333333,0.34269940302527047,-0.5000000000000012,0.8660254037844379,-0.7247927872291207,0.6889669190756859,0.9749279121818236,-0.22252093395631434
0.0,0.0,0.0,0.0,0.0,0.3333333333333333,0.3427442883432829,-0.5000000000000012,0.8660254037844379,-0.5712682150947924,0.8207634412072763,0.43388373911755823,-0.900968867902419
0.0,0.0,0.0,0.0,0.0,0.3333333333333333,0.3427891736612954,-0.5000000000000012,0.8660254037844379,-0.3943558551133187,0.9189578116202306,-0.433883739117558,-0.9009688679024191
0.0,0.0,0.0,0.0,0.0,0.3333333333333333,0.3428340589793079,-0.5000000000000012,0.8660254037844379,-0.20129852008866114,0.9795299412524943,-0.9749279121818236,-0.2225209339563146
0.0,0.0,0.0,0.0,0.0,0.3333333333333333,0.3429687149333453,-2.4492935982947064e-16,1.0,0.5712682150947923,0.8207634412072763,0.7818314824680298,0.6234898018587336
0.0,0.0,0.0,0.0,0.0,0.3333333333333333,0.3430136002513578,-2.4492935982947064e-16,1.0,0.72479278722912,0.6889669190756866,0.9749279121818236,-0.22252093395631434
0.0,0.0,0.0,0.0,0.0,0.3333333333333333,0.3430584855693703,-2.4492935982947064e-16,1.0,0.8486442574947509,0.5289640103269624,0.43388373911755823,-0.900968867902419
0.0,0.0,0.0,0.0,0.0,0.3333333333333333,0.34310337088738274,-2.4492935982947064e-16,1.0,0.9377521321470804,0.3473052528448203,-0.433883739117558,-0.9009688679024191
0.0,0.0,0.0,0.0,0.0,0.3333333333333333,0.34314825620539524,-2.4492935982947064e-16,1.0,0.9884683243281114,0.1514277775045767,-0.9749279121818236,-0.2225209339563146
0.0,0.0,0.0,0.0,0.0,0.3333333333333333,0.3432829121594327,-2.4492935982947064e-16,1.0,0.8978045395707416,-0.4403941515576344,0.7818314824680298,0.6234898018587336
0.0,0.0,0.0,0.0,0.0,0.3333333333333333,0.34332779747744513,-2.4492935982947064e-16,1.0,0.7907757369376989,-0.6121059825476626,0.9749279121818236,-0.22252093395631434
0.0,0.6931459646254673,0.0,0.0,9.392661928770137,0.3333333333333333,0.34337268279545763,-2.4492935982947064e-16,1.0,0.6513724827222223,-0.758758122692791,0.43388373911755823,-0.900968867902419
0.0,-0.6931459646254674,0.0,0.0,-9.392661928770137,0.3333333333333333,0.34341756811347013,-2.4492935982947064e-16,1.0,0.48530196253108104,-0.8743466161445821,-0.433883739117558,-0.9009688679024191
0.0,0.0,0.0,0.0,0.0,0.3333333333333333,0.3434624534314826,-2.4492935982947064e-16,1.0,0.29936312297335804,-0.9541392564000488,-0.9749279121818236,-0.2225209339563146
0.0,0.4054642736434857,0.0,0.0,3.4011973816621555,0.3333333333333333,0.34359710938552,-2.4492935982947064e-16,1.0,-0.29936312297335776,-0.9541392564000489,0.7818314824680298,0.6234898018587336
0.0,0.0,0.0,0.0,0.6931471805599453,0.3333333333333333,0.3436419947035325,-2.4492935982947064e-16,1.0,-0.4853019625310808,-0.8743466161445822,0.9749279121818236,-0.22252093395631434
0.0,0.28768169098198165,0.0,0.0,2.302585092994046,0.3333333333333333,0.34368688002154496,-2.4492935982947064e-16,1.0,-0.6513724827222217,-0.7587581226927913,0.43388373911755823,-0.900968867902419
0.0,-0.6931459646254674,0.0,0.0,-6.396929655216146,0.3333333333333333,0.34373176533955746,-2.4492935982947064e-16,1.0,-0.7907757369376986,-0.6121059825476627,-0.433883739117558,-0.9009688679024191
0.0,0.0,0.0,0.0,0.0,0.3333333333333333,0.3437766506575699,-2.4492935982947064e-16,1.0,-0.8978045395707417,-0.44039415155763423,-0.9749279121818236,-0.2225209339563146
0.0,0.6931459646254673,0.0,0.0,4.787491742782046,0.3333333333333333,0.34391130661160735,-2.4492935982947064e-16,1.0,-0.9884683243281114,0.15142777750457667,0.7818314824680298,0.6234898018587336
0.0,-0.6931459646254674,0.0,0.0,-4.787491742782046,0.3333333333333333,0.34400107724763235,-2.4492935982947064e-16,1.0,-0.8486442574947509,0.5289640103269624,0.43388373911755823,-0.900968867902419
0.0,0.6931459646254673,0.0,0.0,0.0,0.3333333333333333,0.3440459625656448,-2.4492935982947064e-16,1.0,-0.7247927872291207,0.6889669190756859,-0.433883739117558,-0.9009688679024191
0.0,0.0,0.0,0.0,7.90100705199242,0.3333333333333333,0.3440908478836573,-2.4492935982947064e-16,1.0,-0.5712682150947924,0.8207634412072763,-0.9749279121818236,-0.2225209339563146
0.0,-0.28768169098198154,0.0,0.0,-2.1019143975318944,0.3333333333333333,0.34422550383769474,-2.4492935982947064e-16,1.0,-2.4492935982947064e-16,1.0,0.7818314824680298,0.6234898018587336
0.0,-0.4054642736434857,0.0,0.0,-5.799092654460526,0.35,0.3443152744737197,0.49999999999999994,0.8660254037844387,0.39435585511331855,0.9189578116202306,0.43388373911755823,-0.900968867902419
0.0,0.0,0.0,0.0,0.0,0.35,0.3443601597917321,0.49999999999999994,0.8660254037844387,0.5712682150947923,0.8207634412072763,-0.433883739117558,-0.9009688679024191
0.0,0.0,0.0,0.0,0.0,0.35,0.3444050451097446,0.49999999999999994,0.8660254037844387,0.72479278722912,0.6889669190756866,-0.9749279121818236,-0.2225209339563146
0.0,0.0,0.0,0.0,0.0,0.35,0.34453970106378207,0.49999999999999994,0.8660254037844387,0.9884683243281114,0.1514277775045767,0.7818314824680298,0.6234898018587336
0.0,0.0,0.0,0.0,0.0,0.35,0.3445845863817945,0.49999999999999994,0.8660254037844387,0.9987165071710528,-0.05064916883871264,0.9749279121818236,-0.22252093395631434
0.0,0.0,0.0,0.0,0.0,0.35,0.344629471699807,0.49999999999999994,0.8660254037844387,0.9680771188662043,-0.2506525322587204,0.43388373911755823,-0.900968867902419
0.0,0.0,0.0,0.0,0.0,0.35,0.3446743570178195,0.49999999999999994,0.8660254037844387,0.8978045395707416,-0.4403941515576344,-0.433883739117558,-0.9009688679024191
0.0,0.0,0.0,0.0,0.0,0.35,0.34471924233583195,0.49999999999999994,0.8660254037844387,0.7907757369376989,-0.6121059825476626,-0.9749279121818236,-0.2225209339563146
0.0,0.4054642736434857,0.0,0.0,9.395158808968725,0.35,0.3448538982898694,0.49999999999999994,0.8660254037844387,0.29936312297335804,-0.9541392564000488,0.7818314824680298,0.6234898018587336
0.0,-0.4054642736434857,0.0,0.0,-9.395158808968725,0.35,0.3448987836078819,0.49999999999999994,0.8660254037844387,0.10116832198743272,-0.994869323391895,0.9749279121818236,-0.22252093395631434
0.0,0.0,0.0,0.0,0.0,0.35,0.34494366892589434,0.49999999999999994,0.8660254037844387,-0.10116832198743204,-0.9948693233918952,0.43388373911755823,-0.900968867902419
0.0,0.0,0.0,0.0,0.0,0.35,0.34498855424390684,0.49999999999999994,0.8660254037844387,-0.29936312297335776,-0.9541392564000489,-0.433883739117558,-0.9009688679024191
0.0,0.0,0.0,0.0,0.0,0.35,0.34503343956191934,0.49999999999999994,0.8660254037844387,-0.4853019625310808,-0.8743466161445822,-0.9749279121818236,-0.2225209339563146
0.0,0.0,0.0,0.0,0.0,0.35,0.34516809551595673,0.49999999999999994,0.8660254037844387,-0.8978045395707417,-0.44039415155763423,0.7818314824680298,0.6234898018587336
0.0,0.0,0.0,0.0,0.0,0.35,0.34521298083396923,0.49999999999999994,0.8660254037844387,-0.9680771188662041,-0.2506525322587213,0.9749279121818236,-0.22252093395631434
0.0,0.0,0.0,0.0,0.0,0.35,0.34525786615198173,0.49999999999999994,0.8660254037844387,-0.9987165071710528,-0.05064916883871355,0.43388373911755823,-0.900968867902419
0.0,0.6931459646254673,0.0,0.0,0.0,0.35,0.3453027514699942,0.49999999999999994,0.8660254037844387,-0.9884683243281114,0.15142777750457667,-0.433883739117558,-0.9009688679024191
0.0,-0.6931459646254674,0.0,0.0,0.0,0.35,0.3453476367880067,0.49999999999999994,0.8660254037844387,-0.9377521321470804,0.3473052528448203,-0.9749279121818236,-0.2225209339563146
0.0,0.0,0.0,0.0,0.0,0.35,0.3454822927420441,0.49999999999999994,0.8660254037844387,-0.5712682150947924,0.8207634412072763,0.7818314824680298,0.6234898018587336
0.0,0.0,0.0,0.0,0.0,0.35,0.34552717806005656,0.49999999999999994,0.8660254037844387,-0.3943558551133187,0.9189578116202306,0.9749279121818236,-0.22252093395631434
0.0,0.0,0.0,0.0,0.0,0.35,0.34557206337806906,0.49999999999999994,0.8660254037844387,-0.20129852008866114,0.9795299412524943,0.43388373911755823,-0.900968867902419
0.0,0.0,0.0,0.0,0.0,0.35,0.34561694869608156,0.49999999999999994,0.8660254037844387,-2.4492935982947064e-16,1.0,-0.433883739117558,-0.9009688679024191
0.0,0.0,0.0,0.0,0.0,0.35,0.345661834014094,0.8660254037844386,0.5000000000000001,0.20129852008866006,0.9795299412524945,-0.9749279121818236,-0.2225209339563146
0.0,0.6931459646254673,0.0,0.0,6.1092475827643655,0.35,0.34579648996813145,0.8660254037844386,0.5000000000000001,0.72479278722912,0.6889669190756866,0.7818314824680298,0.6234898018587336
0.0,-0.6931459646254674,0.0,0.0,-6.1092475827643655,0.35,0.34584137528614395,0.8660254037844386,0.5000000000000001,0.8486442574947509,0.5289640103269624,0.9749279121818236,-0.22252093395631434
0.0,0.0,0.0,0.0,0.0,0.35,0.3458862606041564,0.8660254037844386,0.5000000000000001,0.9377521321470804,0.3473052528448203,0.43388373911755823,-0.900968867902419
0.0,0.0,0.0,0.0,0.0,0.35,0.3459311459221689,0.8660254037844386,0.5000000000000001,0.9884683243281114,0.1514277775045767,-0.433883739117558,-0.9009688679024191
0.0,0.0,0.0,0.0,0.0,0.35,0.34597603124018134,0.8660254037844386,0.5000000000000001,0.9987165071710528,-0.05064916883871264,-0.9749279121818236,-0.2225209339563146
0.0,0.0,0.0,0.0,0.0,0.35,0.3461106871942188,0.8660254037844386,0.5000000000000001,0.7907757369376989,-0.6121059825476626,0.7818314824680298,0.6234898018587336
0.0,0.4054642736434857,0.0,0.0,9.392661928770137,0.35,0.3461555725122313,0.8660254037844386,0.5000000000000001,0.6513724827222223,-0.758758122692791,0.9749279121818236,-0.22252093395631434
0.0,0.28768169098198165,0.0,0.0,-0.2876820724517809,0.35,0.3462004578302437,0.8660254037844386,0.5000000000000001,0.48530196253108104,-0.8743466161445821,0.43388373911755823,-0.900968867902419
0.0,-0.6931459646254674,0.0,0.0,-9.104979856318357,0.35,0.3462453431482562,0.8660254037844386,0.5000000000000001,0.29936312297335804,-0.9541392564000488,-0.433883739117558,-0.9009688679024191
0.0,0.0,0.0,0.0,0.0,0.35,0.3462902284662687,0.8660254037844386,0.5000000000000001,0.10116832198743272,-0.994869323391895,-0.9749279121818236,-0.2225209339563146
0.0,0.0,0.0,0.0,0.0,0.35,0.3464697697383186,0.8660254037844386,0.5000000000000001,-0.6513724827222217,-0.7587581226927913,0.9749279121818236,-0.22252093395631434
0.0,0.6931459646254673,0.0,0.0,6.1092475827643655,0.35,0.3465146550563311,0.8660254037844386,0.5000000000000001,-0.7907757369376986,-0.6121059825476627,0.43388373911755823,-0.900968867902419
0.0,-0.6931459646254674,0.0,0.0,-6.1092475827643655,0.35,0.34655954037434356,0.8660254037844386,0.5000000000000001,-0.8978045395707417,-0.44039415155763423,-0.433883739117558,-0.9009688679024191
0.0,0.0,0.0,0.0,0.0,0.35,0.34660442569235606,0.8660254037844386,0.5000000000000001,-0.9680771188662041,-0.2506525322587213,-0.9749279121818236,-0.2225209339563146
0.0,0.0,0.0,0.0,0.0,0.35,0.3467390816463935,0.8660254037844386,0.5000000000000001,-0.9377521321470804,0.3473052528448203,0.7818314824680298,0.6234898018587336
0.0,0.0,0.0,0.0,0.0,0.35,0.34678396696440594,0.8660254037844386,0.5000000000000001,-0.8486442574947509,0.5289640103269624,0.9749279121818236,-0.22252093395631434
0.0,0.0,0.0,0.0,0.0,0.35,0.34682885228241844,0.8660254037844386,0.5000000000000001,-0.7247927872291207,0.6889669190756859,0.43388373911755823,-0.900968867902419
0.0,0.0,0.0,0.0,0.0,0.35,0.34687373760043094,0.8660254037844386,0.5000000000000001,-0.5712682150947924,0.8207634412072763,-0.433883739117558,-0.9009688679024191
0.0,0.0,0.0,0.0,0.0,0.35,0.3469186229184434,1.0,6.123233995736766e-17,0.20129852008866006,0.9795299412524945,-0.9749279121818236,-0.2225209339563146
0.0,0.0,0.0,0.0,0.0,0.35,0.34705327887248083,1.0,6.123233995736766e-17,0.72479278722912,0.6889669190756866,0.7818314824680298,0.6234898018587336
0.22314210649778224,0.9162902025852111,0.22314210649778224,0.22314210649778224,9.405084448768694,0.35,0.34709816419049333,1.0,6.123233995736766e-17,0.8486442574947509,0.5289640103269624,0.9749279121818236,-0.22252093395631434
0.0,-0.6931480960874288,0.0,0.0,-9.405084448768694,0.35,0.3471430495085058,1.0,6.123233995736766e-17,0.9377521321470804,0.3473052528448203,0.43388373911755823,-0.900968867902419
0.0,0.0,0.0,0.0,0.0,0.35,0.3471879348265183,1.0,6.123233995736766e-17,0.9884683243281114,0.1514277775045767,-0.433883739117558,-0.9009688679024191
0.0,0.0,0.0,0.0,0.0,0.35,0.3472328201445308,1.0,6.123233995736766e-17,0.9987165071710528,-0.05064916883871264,-0.9749279121818236,-0.2225209339563146
0.0,0.0,0.0,0.0,0.0,0.35,0.34736747609856816,1.0,6.123233995736766e-17,0.7907757369376989,-0.6121059825476626,0.7818314824680298,0.6234898018587336
0.0,0.0,0.0,0.0,0.0,0.35,0.34741236141658066,1.0,6.123233995736766e-17,0.6513724827222223,-0.758758122692791,0.9749279121818236,-0.22252093395631434
0.0,0.0,0.0,0.0,0.0,0.35,0.34745724673459316,1.0,6.123233995736766e-17,0.48530196253108104,-0.8743466161445821,0.43388373911755823,-0.900968867902419
0.0,0.0,0.0,0.0,0.0,0.35,0.3475021320526056,1.0,6.123233995736766e-17,0.29936312297335804,-0.9541392564000488,-0.433883739117558,-0.9009688679024191
0.0,0.0,0.0,0.0,0.0,0.35,0.3475470173706181,1.0,6.123233995736766e-17,0.10116832198743272,-0.994869323391895,-0.9749279121818236,-0.2225209339563146
0.0,0.0,0.0,0.0,0.0,0.35,0.34768167332465555,1.0,6.123233995736766e-17,-0.4853019625310808,-0.8743466161445822,0.7818314824680298,0.6234898018587336
0.0,0.0,0.0,0.0,0.0,0.35,0.347726558642668,1.0,6.123233995736766e-17,-0.6513724827222217,-0.7587581226927913,0.9749279121818236,-0.22252093395631434
0.0,0.0,0.0,0.0,0.0,0.35,0.3477714439606805,1.0,6.123233995736766e-17,-0.7907757369376986,-0.6121059825476627,0.43388373911755823,-0.900968867902419
0.0,0.0,0.0,0.0,0.0,0.35,0.34781632927869294,1.0,6.123233995736766e-17,-0.8978045395707417,-0.44039415155763423,-0.433883739117558,-0.9009688679024191
0.0,0.0,0.0,0.0,0.0,0.35,0.34786121459670544,1.0,6.123233995736766e-17,-0.9680771188662041,-0.2506525322587213,-0.9749279121818236,-0.2225209339563146
0.0,0.0,0.0,0.0,0.0,0.35,0.3479958705507429,1.0,6.123233995736766e-17,-0.9377521321470804,0.3473052528448203,0.7818314824680298,0.6234898018587336
0.18232216714570343,0.8754693477056488,0.18232216714570343,0.18232216714570343,6.802394763324311,0.35,0.3480407558687554,1.0,6.123233995736766e-17,-0.8486442574947509,0.5289640103269624,0.9749279121818236,-0.22252093395631434
0.28768169098198165,0.0,0.28768169098198165,0.28768169098198165,0.5108256237659907,0.35,0.3480856411867678,1.0,6.123233995736766e-17,-0.7247927872291207,0.6889669190756859,0.43388373911755823,-0.900968867902419
0.22314423795974378,0.15415046184453357,0.22314423795974378,0.22314423795974378,1.252762968495368,0.35,0.3481305265047803,1.0,6.123233995736766e-17,-0.5712682150947924,0.8207634412072763,-0.433883739117558,-0.9009688679024191
0.0,-0.3364717134627536,0.0,0.0,-8.565983355585669,0.35,0.3483100677768302,0.8660254037844387,-0.4999999999999998,0.20129852008866006,0.9795299412524945,0.7818314824680298,0.6234898018587336
0.0,0.0,0.0,0.0,0.0,0.35,0.3483549530948427,0.8660254037844387,-0.4999999999999998,0.39435585511331855,0.9189578116202306,0.9749279121818236,-0.22252093395631434
0.0,0.3364717134627536,0.0,0.0,8.229511118964457,0.35,0.34839983841285516,0.8660254037844387,-0.4999999999999998,0.5712682150947923,0.8207634412072763,0.43388373911755823,-0.900968867902419
0.0,-0.3364717134627536,0.0,0.0,-8.229511118964457,0.35,0.34844472373086766,0.8660254037844387,-0.4999999999999998,0.72479278722912,0.6889669190756866,-0.433883739117558,-0.9009688679024191
0.0,0.0,0.0,0.0,0.0,0.35,0.34848960904888016,0.8660254037844387,-0.4999999999999998,0.8486442574947509,0.5289640103269624,-0.9749279121818236,-0.2225209339563146
0.0,0.0,0.0,0.0,0.0,0.35,0.34862426500291754,0.8660254037844387,-0.4999999999999998,0.9987165071710528,-0.05064916883871264,0.7818314824680298,0.6234898018587336
0.0,0.0,0.0,0.0,0.0,0.35,0.34866915032093004,0.8660254037844387,-0.4999999999999998,0.9680771188662043,-0.2506525322587204,0.9749279121818236,-0.22252093395631434
0.0,0.0,0.0,0.0,0.0,0.35,0.34871403563894254,0.8660254037844387,-0.4999999999999998,0.8978045395707416,-0.4403941515576344,0.43388373911755823,-0.900968867902419
0.0,0.0,0.0,0.0,0.0,0.35,0.348758920956955,0.8660254037844387,-0.4999999999999998,0.7907757369376989,-0.6121059825476626,-0.433883739117558,-0.9009688679024191
0.0,0.0,0.0,0.0,0.0,0.35,0.3488038062749675,0.8660254037844387,-0.4999999999999998,0.6513724827222223,-0.758758122692791,-0.9749279121818236,-0.2225209339563146
0.0,0.0,0.0,0.0,0.0,0.35,0.34893846222900493,0.8660254037844387,-0.4999999999999998,0.10116832198743272,-0.994869323391895,0.7818314824680298,0.6234898018587336
0.0,0.0,0.0,0.0,0.0,0.35,0.3489833475470174,0.8660254037844387,-0.4999999999999998,-0.10116832198743204,-0.9948693233918952,0.9749279121818236,-0.22252093395631434
0.0,0.18232125161821996,0.0,0.0,0.0,0.35,0.3490282328650299,0.8660254037844387,-0.4999999999999998,-0.29936312297335776,-0.9541392564000489,0.43388373911755823,-0.900968867902419
0.0,-0.18232125161821996,0.0,0.0,0.0,0.35,0.3490731181830424,0.8660254037844387,-0.4999999999999998,-0.4853019625310808,-0.8743466161445822,-0.433883739117558,-0.9009688679024191
-0.5108259289417253,0.18232125161821996,0.0,-0.5108259289417253,9.696463383101802,0.35,0.3491180035010548,0.8660254037844387,-0.4999999999999998,-0.6513724827222217,-0.7587581226927913,-0.9749279121818236,-0.2225209339563146
0.0,-0.6931471805599453,-0.5108259289417253,0.0,-9.696463383101802,0.35,0.34925265945509226,0.8660254037844387,-0.4999999999999998,-0.9680771188662041,-0.2506525322587213,0.7818314824680298,0.6234898018587336
0.0,0.0,0.0,0.0,0.0,0.35,0.34929754477310476,0.8660254037844387,-0.4999999999999998,-0.9987165071710528,-0.05064916883871355,0.9749279121818236,-0.22252093395631434
0.0,0.6931471805599453,0.0,0.0,10.778956289890028,0.35,0.3493424300911172,0.8660254037844387,-0.4999999999999998,-0.9884683243281114,0.15142777750457667,0.43388373911755823,-0.900968867902419
0.0,-0.6931471805599453,0.0,0.0,-10.778956289890028,0.35,0.3493873154091297,0.8660254037844387,-0.4999999999999998,-0.9377521321470804,0.3473052528448203,-0.433883739117558,-0.9009688679024191
0.0,0.0,0.0,0.0,0.0,0.35,0.34943220072714215,0.8660254037844387,-0.4999999999999998,-0.8486442574947509,0.5289640103269624,-0.9749279121818236,-0.2225209339563146
0.0,0.0,0.0,0.0,0.0,0.35,0.3495668566811796,0.8660254037844387,-0.4999999999999998,-0.3943558551133187,0.9189578116202306,0.7818314824680298,0.6234898018587336
0.0,0.0,0.0,0.0,0.0,0.35,0.3496117419991921,0.8660254037844387,-0.4999999999999998,-0.20129852008866114,0.9795299412524943,0.9749279121818236,-0.22252093395631434
0.0,0.6931471805599453,0.0,0.0,0.0,0.35,0.34965662731720454,0.5000000000000003,-0.8660254037844385,0.20129852008866006,0.9795299412524945,0.43388373911755823,-0.900968867902419
0.0,-0.6931471805599453,0.0,0.0,0.0,0.35,0.34970151263521704,0.5000000000000003,-0.8660254037844385,0.39435585511331855,0.9189578116202306,-0.433883739117558,-0.9009688679024191
0.0,0.0,0.0,0.0,0.0,0.35,0.34974639795322954,0.5000000000000003,-0.8660254037844385,0.5712682150947923,0.8207634412072763,-0.9749279121818236,-0.2225209339563146
0.0,0.0,0.0,0.0,0.0,0.35,0.349881053907267,0.5000000000000003,-0.8660254037844385,0.9377521321470804,0.3473052528448203,0.7818314824680298,0.6234898018587336
0.0,0.0,0.0,0.0,0.0,0.35,0.3499259392252794,0.5000000000000003,-0.8660254037844385,0.9884683243281114,0.1514277775045767,0.9749279121818236,-0.22252093395631434
0.0,0.0,0.0,0.0,0.0,0.35,0.3499708245432919,0.5000000000000003,-0.8660254037844385,0.9987165071710528,-0.05064916883871264,0.43388373911755823,-0.900968867902419
0.0,0.6931471805599453,0.0,0.0,6.1092475827643655,0.35,0.35001570986130437,0.5000000000000003,-0.8660254037844385,0.9680771188662043,-0.2506525322587204,-0.433883739117558,-0.9009688679024191
0.0,0.0,0.0,0.0,3.288401887516811,0.35,0.35006059517931687,0.5000000000000003,-0.8660254037844385,0.8978045395707416,-0.4403941515576344,-0.9749279121818236,-0.2225209339563146
0.0,0.0,0.0,0.0,-4.61015772749913,0.35,0.3501952511333543,0.5000000000000003,-0.8660254037844385,0.48530196253108104,-0.8743466161445821,0.7818314824680298,0.6234898018587336
0.0,-0.6931471805599453,0.0,0.0,-4.787491742782046,0.35,0.35024013645136676,0.5000000000000003,-0.8660254037844385,0.29936312297335804,-0.9541392564000488,0.9749279121818236,-0.22252093395631434
0.0,0.0,0.0,0.0,0.0,0.35,0.35028502176937926,0.5000000000000003,-0.8660254037844385,0.10116832198743272,-0.994869323391895,0.43388373911755823,-0.900968867902419
0.0,0.6931471805599453,0.0,0.0,4.787491742782046,0.35,0.35032990708739176,0.5000000000000003,-0.8660254037844385,-0.10116832198743204,-0.9948693233918952,-0.433883739117558,-0.9009688679024191
0.0,0.0,0.0,0.0,3.834061463958434,0.35,0.3503747924054042,0.5000000000000003,-0.8660254037844385,-0.29936312297335776,-0.9541392564000489,-0.9749279121818236,-0.2225209339563146
0.0,-0.6931471805599453,0.0,0.0,-8.62155320674048,0.35,0.35050944835944164,0.5000000000000003,-0.8660254037844385,-0.7907757369376986,-0.6121059825476627,0.7818314824680298,0.6234898018587336
0.0,0.0,0.0,0.0,0.0,0.35,0.35055433367745414,0.5000000000000003,-0.8660254037844385,-0.8978045395707417,-0.44039415155763423,0.9749279121818236,-0.22252093395631434
0.0,0.0,0.0,0.0,0.0,0.35,0.3505992189954666,0.5000000000000003,-0.8660254037844385,-0.9680771188662041,-0.2506525322587213,0.43388373911755823,-0.900968867902419
0.0,0.0,0.0,0.0,0.0,0.35,0.3506441043134791,0.5000000000000003,-0.8660254037844385,-0.9987165071710528,-0.05064916883871355,-0.433883739117558,-0.9009688679024191
0.0,0.0,0.0,0.0,0.0,0.35,0.3506889896314916,0.5000000000000003,-0.8660254037844385,-0.9884683243281114,0.15142777750457667,-0.9749279121818236,-0.2225209339563146
0.0,0.0,0.0,0.0,0.0,0.35,0.3508685309035415,0.5000000000000003,-0.8660254037844385,-0.5712682150947924,0.8207634412072763,0.9749279121818236,-0.22252093395631434
0.0,0.0,0.0,0.0,0.0,0.35,0.350913416221554,0.5000000000000003,-0.8660254037844385,-0.3943558551133187,0.9189578116202306,0.43388373911755823,-0.900968867902419
0.0,0.0,0.0,0.0,0.0,0.35,0.3509583015395664,0.5000000000000003,-0.8660254037844385,-0.20129852008866114,0.9795299412524943,-0.433883739117558,-0.9009688679024191
0.0,0.0,0.0,0.0,0.0,0.35,0.3510031868575789,0.5000000000000003,-0.8660254037844385,-2.4492935982947064e-16,1.0,-0.9749279121818236,-0.2225209339563146
0.0,0.0,0.0,0.0,0.0,0.35,0.35113784281161636,1.2246467991473532e-16,-1.0,0.5712682150947923,0.8207634412072763,0.7818314824680298,0.6234898018587336
0.0,0.0,0.0,0.0,0.0,0.35,0.3511827281296288,1.2246467991473532e-16,-1.0,0.72479278722912,0.6889669190756866,0.9749279121818236,-0.22252093395631434
0.0,0.0,0.0,0.0,0.0,0.35,0.3512276134476413,1.2246467991473532e-16,-1.0,0.8486442574947509,0.5289640103269624,0.43388373911755823,-0.900968867902419
0.0,0.0,0.0,0.0,0.0,0.35,0.35127249876565375,1.2246467991473532e-16,-1.0,0.9377521321470804,0.3473052528448203,-0.433883739117558,-0.9009688679024191
0.0,0.6931471805599453,0.0,0.0,9.392661928770137,0.35,0.35131738408366625,1.2246467991473532e-16,-1.0,0.9884683243281114,0.1514277775045767,-0.9749279121818236,-0.2225209339563146
0.0,-0.6931471805599453,0.0,0.0,-9.392661928770137,0.35,0.3514520400377037,1.2246467991473532e-16,-1.0,0.8978045395707416,-0.4403941515576344,0.7818314824680298,0.6234898018587336
0.0,0.0,0.0,0.0,0.0,0.35,0.3514969253557162,1.2246467991473532e-16,-1.0,0.7907757369376989,-0.6121059825476626,0.9749279121818236,-0.22252093395631434
0.0,0.0,0.0,0.0,0.0,0.35,0.35154181067372864,1.2246467991473532e-16,-1.0,0.6513724827222223,-0.758758122692791,0.43388373911755823,-0.900968867902419
0.0,0.0,0.0,0.0,0.0,0.35,0.35158669599174114,1.2246467991473532e-16,-1.0,0.48530196253108104,-0.8743466161445821,-0.433883739117558,-0.9009688679024191
0.0,0.0,0.0,0.0,0.0,0.35,0.3516315813097536,1.2246467991473532e-16,-1.0,0.29936312297335804,-0.9541392564000488,-0.9749279121818236,-0.2225209339563146
0.0,0.0,0.0,0.0,0.0,0.35,0.351766237263791,1.2246467991473532e-16,-1.0,-0.29936312297335776,-0.9541392564000489,0.7818314824680298,0.6234898018587336
0.0,0.0,0.0,0.0,0.0,0.35,0.3518111225818035,1.2246467991473532e-16,-1.0,-0.4853019625310808,-0.8743466161445822,0.9749279121818236,-0.22252093395631434
0.0,0.0,0.0,0.0,0.0,0.35,0.35185600789981597,1.2246467991473532e-16,-1.0,-0.6513724827222217,-0.7587581226927913,0.43388373911755823,-0.900968867902419
0.0,0.0,0.0,0.0,0.0,0.35,0.35190089321782847,1.2246467991473532e-16,-1.0,-0.7907757369376986,-0.6121059825476627,-0.433883739117558,-0.9009688679024191
0.0,0.0,0.0,0.0,0.0,0.35,0.35194577853584097,1.2246467991473532e-16,-1.0,-0.8978045395707417,-0.44039415155763423,-0.9749279121818236,-0.2225209339563146
0.0,0.5108259289417253,0.0,0.0,5.703782474656201,0.35,0.35208043448987836,1.2246467991473532e-16,-1.0,-0.9884683243281114,0.15142777750457667,0.7818314824680298,0.6234898018587336
0.0,-0.5108259289417253,0.0,0.0,-5.703782474656201,0.35,0.35212531980789086,1.2246467991473532e-16,-1.0,-0.9377521321470804,0.3473052528448203,0.9749279121818236,-0.22252093395631434
0.0,0.0,0.0,0.0,0.0,0.35,0.35217020512590336,1.2246467991473532e-16,-1.0,-0.8486442574947509,0.5289640103269624,0.43388373911755823,-0.900968867902419
0.0,0.0,0.0,0.0,0.0,0.35,0.3522150904439158,1.2246467991473532e-16,-1.0,-0.7247927872291207,0.6889669190756859,-0.433883739117558,-0.9009688679024191
0.0,0.5108259289417253,0.0,0.0,5.703782474656201,0.35,0.3522599757619283,1.2246467991473532e-16,-1.0,-0.5712682150947924,0.8207634412072763,-0.9749279121818236,-0.2225209339563146
0.0,-0.5108259289417253,0.0,0.0,-5.703782474656201,0.35,0.35239463171596574,-0.4999999999999997,-0.8660254037844388,0.20129852008866006,0.9795299412524945,0.7818314824680298,0.6234898018587336
0.0,0.0,0.0,0.0,0.0,0.35,0.3524395170339782,-0.4999999999999997,-0.8660254037844388,0.39435585511331855,0.9189578116202306,0.9749279121818236,-0.22252093395631434
0.0,0.0,0.0,0.0,0.0,0.35,0.3524844023519907,-0.4999999999999997,-0.8660254037844388,0.5712682150947923,0.8207634412072763,0.43388373911755823,-0.900968867902419
0.0,0.0,0.0,0.0,0.0,0.35,0.35257417298801563,-0.4999999999999997,-0.8660254037844388,0.8486442574947509,0.5289640103269624,-0.9749279121818236,-0.2225209339563146
0.0,0.6931471805599453,0.0,0.0,9.392661928770137,0.35,0.3527088289420531,-0.4999999999999997,-0.8660254037844388,0.9987165071710528,-0.05064916883871264,0.7818314824680298,0.6234898018587336
0.0,-0.6931471805599453,0.0,0.0,-9.392661928770137,0.35,0.3527537142600656,-0.4999999999999997,-0.8660254037844388,0.9680771188662043,-0.2506525322587204,0.9749279121818236,-0.22252093395631434
0.0,0.0,0.0,0.0,0.0,0.35,0.352798599578078,-0.4999999999999997,-0.8660254037844388,0.8978045395707416,-0.4403941515576344,0.43388373911755823,-0.900968867902419
0.0,0.0,0.0,0.0,0.0,0.35,0.3528434848960905,-0.4999999999999997,-0.8660254037844388,0.7907757369376989,-0.6121059825476626,-0.433883739117558,-0.9009688679024191
0.0,0.0,0.0,0.0,0.0,0.35,0.35288837021410296,-0.4999999999999997,-0.8660254037844388,0.6513724827222223,-0.758758122692791,-0.9749279121818236,-0.2225209339563146
0.0,0.0,0.0,0.0,0.0,0.35,0.3530230261681404,-0.4999999999999997,-0.8660254037844388,0.10116832198743272,-0.994869323391895,0.7818314824680298,0.6234898018587336
0.0,0.5108259289417253,0.0,0.0,8.006367567650246,0.35,0.3530679114861529,-0.4999999999999997,-0.8660254037844388,-0.10116832198743204,-0.9948693233918952,0.9749279121818236,-0.22252093395631434
0.0,-0.5108259289417253,0.0,0.0,-8.006367567650246,0.35,0.3531127968041654,-0.4999999999999997,-0.8660254037844388,-0.29936312297335776,-0.9541392564000489,0.43388373911755823,-0.900968867902419
0.0,0.0,0.0,0.0,0.0,0.35,0.35315768212217785,-0.4999999999999997,-0.8660254037844388,-0.4853019625310808,-0.8743466161445822,-0.433883739117558,-0.9009688679024191
0.0,0.0,0.0,0.0,0.0,0.35,0.35320256744019035,-0.4999999999999997,-0.8660254037844388,-0.6513724827222217,-0.7587581226927913,-0.9749279121818236,-0.2225209339563146
0.0,0.0,0.0,0.0,0.0,0.35,0.3533372233942278,-0.4999999999999997,-0.8660254037844388,-0.9680771188662041,-0.2506525322587213,0.7818314824680298,0.6234898018587336
0.0,0.0,0.0,0.0,0.0,0.35,0.35338210871224024,-0.4999999999999997,-0.8660254037844388,-0.9987165071710528,-0.05064916883871355,0.9749279121818236,-0.22252093395631434
0.0,0.0,0.0,0.0,0.0,0.35,0.35342699403025274,-0.4999999999999997,-0.8660254037844388,-0.9884683243281114,0.15142777750457667,0.43388373911755823,-0.900968867902419
0.0,0.0,0.0,0.0,0.0,0.35,0.3534718793482652,-0.4999999999999997,-0.8660254037844388,-0.9377521321470804,0.3473052528448203,-0.433883739117558,-0.9009688679024191
0.0,0.0,0.0,0.0,0.0,0.35,0.3535167646662777,-0.4999999999999997,-0.8660254037844388,-0.8486442574947509,0.5289640103269624,-0.9749279121818236,-0.2225209339563146
0.0,0.0,0.0,0.0,0.0,0.35,0.3536514206203151,-0.4999999999999997,-0.8660254037844388,-0.3943558551133187,0.9189578116202306,0.7818314824680298,0.6234898018587336
0.0,0.0,0.0,0.0,0.0,0.35,0.35369630593832757,-0.4999999999999997,-0.8660254037844388,-0.20129852008866114,0.9795299412524943,0.9749279121818236,-0.22252093395631434
0.0,0.5108259289417253,0.0,0.0,0.0,0.35,0.35374119125634007,-0.4999999999999997,-0.8660254037844388,-2.4492935982947064e-16,1.0,0.43388373911755823,-0.900968867902419
0.0,-0.5108259289417253,0.0,0.0,0.0,0.35,0.35378607657435257,-0.8660254037844385,-0.5000000000000004,0.20129852008866006,0.9795299412524945,-0.433883739117558,-0.9009688679024191
0.0,0.0,0.0,0.0,0.0,0.35,0.353830961892365,-0.8660254037844385,-0.5000000000000004,0.39435585511331855,0.9189578116202306,-0.9749279121818236,-0.2225209339563146
0.0,0.0,0.0,0.0,0.0,0.35,0.35396561784640246,-0.8660254037844385,-0.5000000000000004,0.8486442574947509,0.5289640103269624,0.7818314824680298,0.6234898018587336
0.0,0.0,0.0,0.0,0.0,0.35,0.35401050316441496,-0.8660254037844385,-0.5000000000000004,0.9377521321470804,0.3473052528448203,0.9749279121818236,-0.22252093395631434
0.0,0.0,0.0,0.0,0.0,0.35,0.3540553884824274,-0.8660254037844385,-0.5000000000000004,0.9884683243281114,0.1514277775045767,0.43388373911755823,-0.900968867902419
0.0,0.5108259289417253,0.0,0.0,6.396929655216146,0.35,0.3541002738004399,-0.8660254037844385,-0.5000000000000004,0.9987165071710528,-0.05064916883871264,-0.433883739117558,-0.9009688679024191
0.0,0.0,0.0,0.0,-0.6931471805599453,0.35,0.3541451591184524,-0.8660254037844385,-0.5000000000000004,0.9680771188662043,-0.2506525322587204,-0.9749279121818236,-0.2225209339563146
0.0,0.0,0.0,0.0,3.912023005428146,0.35,0.3542798150724898,-0.8660254037844385,-0.5000000000000004,0.6513724827222223,-0.758758122692791,0.7818314824680298,0.6234898018587336
0.0,-0.5108259289417253,0.0,0.0,-9.615805480084347,0.35,0.3543247003905023,-0.8660254037844385,-0.5000000000000004,0.48530196253108104,-0.8743466161445821,0.9749279121818236,-0.22252093395631434
0.0,0.0,0.0,0.0,0.0,0.35,0.3543695857085148,-0.8660254037844385,-0.5000000000000004,0.29936312297335804,-0.9541392564000488,0.43388373911755823,-0.900968867902419
0.0,0.0,0.0,0.0,0.0,0.35,0.35441447102652723,-0.8660254037844385,-0.5000000000000004,0.10116832198743272,-0.994869323391895,-0.433883739117558,-0.9009688679024191
0.0,0.0,0.0,0.0,0.0,0.35,0.35445935634453973,-0.8660254037844385,-0.5000000000000004,-0.10116832198743204,-0.9948693233918952,-0.9749279121818236,-0.2225209339563146
0.0,0.0,0.0,0.0,0.0,0.35,0.3545940122985772,-0.8660254037844385,-0.5000000000000004,-0.6513724827222217,-0.7587581226927913,0.7818314824680298,0.6234898018587336
0.0,0.0,0.0,0.0,0.0,0.35,0.3546388976165896,-0.8660254037844385,-0.5000000000000004,-0.7907757369376986,-0.6121059825476627,0.9749279121818236,-0.22252093395631434
0.0,0.0,0.0,0.0,0.0,0.35,0.3546837829346021,-0.8660254037844385,-0.5000000000000004,-0.8978045395707417,-0.44039415155763423,0.43388373911755823,-0.900968867902419
0.0,0.0,0.0,0.0,0.0,0.35,0.3547286682526146,-0.8660254037844385,-0.5000000000000004,-0.9680771188662041,-0.2506525322587213,-0.433883739117558,-0.9009688679024191
0.0,0.0,0.0,0.0,0.0,0.35,0.35477355357062706,-0.8660254037844385,-0.5000000000000004,-0.9987165071710528,-0.05064916883871355,-0.9749279121818236,-0.2225209339563146
0.0,0.0,0.0,0.0,0.0,0.35,0.3549082095246645,-0.8660254037844385,-0.5000000000000004,-0.8486442574947509,0.5289640103269624,0.7818314824680298,0.6234898018587336
0.0,0.0,0.0,0.0,0.0,0.35,0.354953094842677,-0.8660254037844385,-0.5000000000000004,-0.7247927872291207,0.6889669190756859,0.9749279121818236,-0.22252093395631434
0.0,0.0,0.0,0.0,0.0,0.35,0.35499798016068945,-0.8660254037844385,-0.5000000000000004,-0.5712682150947924,0.8207634412072763,0.43388373911755823,-0.900968867902419
0.0,0.0,0.0,0.0,0.0,0.35,0.35504286547870195,-0.8660254037844385,-0.5000000000000004,-0.3943558551133187,0.9189578116202306,-0.433883739117558,-0.9009688679024191
0.0,0.6931471805599453,0.0,0.0,7.090076835776092,0.35,0.3550877507967144,-0.8660254037844385,-0.5000000000000004,-0.20129852008866114,0.9795299412524943,-0.9749279121818236,-0.2225209339563146
0.0,-0.6931471805599453,0.0,0.0,-7.090076835776092,0.35,0.35526729206876434,-1.0,-1.8369701987210297e-16,0.5712682150947923,0.8207634412072763,0.9749279121818236,-0.22252093395631434
0.0,0.0,0.0,0.0,0.0,0.35,0.3553121773867768,-1.0,-1.8369701987210297e-16,0.72479278722912,0.6889669190756866,0.43388373911755823,-0.900968867902419
0.0,0.0,0.0,0.0,0.0,0.35,0.3553570627047893,-1.0,-1.8369701987210297e-16,0.8486442574947509,0.5289640103269624,-0.433883739117558,-0.9009688679024191
0.0,0.0,0.0,0.0,0.0,0.35,0.3554019480228018,-1.0,-1.8369701987210297e-16,0.9377521321470804,0.3473052528448203,-0.9749279121818236,-0.2225209339563146
0.0,0.6931471805599453,0.0,0.0,9.615805480084347,0.35,0.35553660397683917,-1.0,-1.8369701987210297e-16,0.9680771188662043,-0.2506525322587204,0.7818314824680298,0.6234898018587336
0.0,-0.6931471805599453,0.0,0.0,-9.615805480084347,0.35,0.35558148929485167,-1.0,-1.8369701987210297e-16,0.8978045395707416,-0.4403941515576344,0.9749279121818236,-0.22252093395631434
0.0,0.0,0.0,0.0,0.0,0.35,0.35562637461286417,-1.0,-1.8369701987210297e-16,0.7907757369376989,-0.6121059825476626,0.43388373911755823,-0.900968867902419
0.0,0.0,0.0,0.0,0.0,0.35,0.3556712599308766,-1.0,-1.8369701987210297e-16,0.6513724827222223,-0.758758122692791,-0.433883739117558,-0.9009688679024191
0.0,0.6061355261377487,0.0,0.0,0.0,0.35,0.3557161452488891,-1.0,-1.8369701987210297e-16,0.48530196253108104,-0.8743466161445821,-0.9749279121818236,-0.2225209339563146
0.0,-0.6061355261377487,0.0,0.0,0.0,0.35,0.35585080120292656,-1.0,-1.8369701987210297e-16,-0.10116832198743204,-0.9948693233918952,0.7818314824680298,0.6234898018587336
0.0,0.0,0.0,0.0,0.0,0.35,0.355895686520939,-1.0,-1.8369701987210297e-16,-0.29936312297335776,-0.9541392564000489,0.9749279121818236,-0.22252093395631434
0.0,0.0,0.0,0.0,0.0,0.35,0.3559405718389515,-1.0,-1.8369701987210297e-16,-0.4853019625310808,-0.8743466161445822,0.43388373911755823,-0.900968867902419
0.0,0.0,0.0,0.0,0.0,0.35,0.355985457156964,-1.0,-1.8369701987210297e-16,-0.6513724827222217,-0.7587581226927913,-0.433883739117558,-0.9009688679024191
0.0,0.0,0.0,0.0,0.0,0.35,0.35603034247497645,-1.0,-1.8369701987210297e-16,-0.7907757369376986,-0.6121059825476627,-0.9749279121818236,-0.2225209339563146
0.0,0.0,0.0,0.0,0.0,0.35,0.3561649984290139,-1.0,-1.8369701987210297e-16,-0.9987165071710528,-0.05064916883871355,0.7818314824680298,0.6234898018587336
0.0,0.0,0.0,0.0,0.0,0.35,0.3562098837470264,-1.0,-1.8369701987210297e-16,-0.9884683243281114,0.15142777750457667,0.9749279121818236,-0.22252093395631434
0.0,0.0,0.0,0.0,0.0,0.35,0.35625476906503883,-1.0,-1.8369701987210297e-16,-0.9377521321470804,0.3473052528448203,0.43388373911755823,-0.900968867902419
0.0,0.0,0.0,0.0,0.0,0.35,0.35629965438305133,-1.0,-1.8369701987210297e-16,-0.8486442574947509,0.5289640103269624,-0.433883739117558,-0.9009688679024191
0.0,0.6061355261377487,0.0,0.0,3.4011973816621555,0.35,0.3563445397010638,-1.0,-1.8369701987210297e-16,-0.7247927872291207,0.6889669190756859,-0.9749279121818236,-0.2225209339563146
0.0,-0.6061355261377487,0.0,0.0,-3.4011973816621555,0.35,0.3564791956551012,-1.0,-1.8369701987210297e-16,-0.20129852008866114,0.9795299412524943,0.7818314824680298,0.6234898018587336
0.0,0.0,0.0,0.0,0.0,0.35,0.3565240809731137,-0.866025403784439,0.49999999999999933,0.20129852008866006,0.9795299412524945,0.9749279121818236,-0.22252093395631434
0.0,0.0,0.0,0.0,0.0,0.35,0.3565689662911262,-0.866025403784439,0.49999999999999933,0.39435585511331855,0.9189578116202306,0.43388373911755823,-0.900968867902419
0.0,0.0,0.0,0.0,0.0,0.35,0.35661385160913867,-0.866025403784439,0.49999999999999933,0.5712682150947923,0.8207634412072763,-0.433883739117558,-0.9009688679024191
0.0,0.0,0.0,0.0,0.0,0.35,0.35665873692715117,-0.866025403784439,0.49999999999999933,0.72479278722912,0.6889669190756866,-0.9749279121818236,-0.2225209339563146
0.0,0.6931471805599453,0.0,0.0,9.615805480084347,0.35,0.3567933928811886,-0.866025403784439,0.49999999999999933,0.9884683243281114,0.1514277775045767,0.7818314824680298,0.6234898018587336
0.0,-0.6931471805599453,0.0,0.0,-9.615805480084347,0.35,0.35683827819920105,-0.866025403784439,0.49999999999999933,0.9987165071710528,-0.05064916883871264,0.9749279121818236,-0.22252093395631434
0.0,0.0,0.0,0.0,0.0,0.35,0.35688316351721355,-0.866025403784439,0.49999999999999933,0.9680771188662043,-0.2506525322587204,0.43388373911755823,-0.900968867902419
0.0,0.6931471805599453,0.0,0.0,5.3471075307174685,0.35,0.356928048835226,-0.866025403784439,0.49999999999999933,0.8978045395707416,-0.4403941515576344,-0.433883739117558,-0.9009688679024191
0.0,-0.6931471805599453,0.0,0.0,-5.3471075307174685,0.35,0.3569729341532385,-0.866025403784439,0.49999999999999933,0.7907757369376989,-0.6121059825476626,-0.9749279121818236,-0.2225209339563146
0.0,0.0,0.0,0.0,0.0,0.35,0.35710759010727594,-0.866025403784439,0.49999999999999933,0.29936312297335804,-0.9541392564000488,0.7818314824680298,0.6234898018587336
0.0,0.0,0.0,0.0,0.0,0.35,0.3571524754252884,-0.866025403784439,0.49999999999999933,0.10116832198743272,-0.994869323391895,0.9749279121818236,-0.22252093395631434
0.0,0.0,0.0,0.0,0.0,0.35,0.3571973607433009,-0.866025403784439,0.49999999999999933,-0.10116832198743204,-0.9948693233918952,0.43388373911755823,-0.900968867902419
0.0,0.0,0.0,0.0,0.0,0.35,0.3572422460613134,-0.866025403784439,0.49999999999999933,-0.29936312297335776,-0.9541392564000489,-0.433883739117558,-0.9009688679024191
0.0,0.0,0.0,0.0,0.0,0.35,0.35728713137932583,-0.866025403784439,0.49999999999999933,-0.4853019625310808,-0.8743466161445822,-0.9749279121818236,-0.2225209339563146
0.0,0.0,0.0,0.0,0.0,0.35,0.35742178733336327,-0.866025403784439,0.49999999999999933,-0.8978045395707417,-0.44039415155763423,0.7818314824680298,0.6234898018587336
0.0,0.0,0.0,0.0,0.0,0.35,0.35746667265137577,-0.866025403784439,0.49999999999999933,-0.9680771188662041,-0.2506525322587213,0.9749279121818236,-0.22252093395631434
0.0,0.0,0.0,0.0,0.0,0.35,0.3575115579693882,-0.866025403784439,0.49999999999999933,-0.9987165071710528,-0.05064916883871355,0.43388373911755823,-0.900968867902419
0.0,0.0,0.0,0.0,0.0,0.35,0.3575564432874007,-0.866025403784439,0.49999999999999933,-0.9884683243281114,0.15142777750457667,-0.433883739117558,-0.9009688679024191
0.0,0.0,0.0,0.0,0.0,0.35,0.3576013286054132,-0.866025403784439,0.49999999999999933,-0.9377521321470804,0.3473052528448203,-0.9749279121818236,-0.2225209339563146
0.0,0.0,0.0,0.0,0.0,0.35,0.3577359845594506,-0.866025403784439,0.49999999999999933,-0.5712682150947924,0.8207634412072763,0.7818314824680298,0.6234898018587336
0.0,0.0,0.0,0.0,0.0,0.35,0.3577808698774631,-0.866025403784439,0.49999999999999933,-0.3943558551133187,0.9189578116202306,0.9749279121818236,-0.22252093395631434
0.0,0.0,0.0,0.0,0.0,0.35,0.3578257551954756,-0.866025403784439,0.49999999999999933,-0.20129852008866114,0.9795299412524943,0.43388373911755823,-0.900968867902419
0.0,0.0,0.0,0.0,0.0,0.35,0.35787064051348805,-0.866025403784439,0.49999999999999933,-2.4492935982947064e-16,1.0,-0.433883739117558,-0.9009688679024191
0.0,0.0,0.0,0.0,0.0,0.35,0.35791552583150055,-0.5000000000000012,0.8660254037844379,0.20129852008866006,0.9795299412524945,-0.9749279121818236,-0.2225209339563146
0.0,0.0,0.0,0.0,0.0,0.35,0.358050181785538,-0.5000000000000012,0.8660254037844379,0.72479278722912,0.6889669190756866,0.7818314824680298,0.6234898018587336
0.0,0.0,0.0,0.0,0.0,0.35,0.35809506710355044,-0.5000000000000012,0.8660254037844379,0.8486442574947509,0.5289640103269624,0.9749279121818236,-0.22252093395631434
0.0,0.0,0.0,0.0,0.0,0.35,0.35813995242156293,-0.5000000000000012,0.8660254037844379,0.9377521321470804,0.3473052528448203,0.43388373911755823,-0.900968867902419
0.0,0.0,0.0,0.0,0.0,0.35,0.35818483773957543,-0.5000000000000012,0.8660254037844379,0.9884683243281114,0.1514277775045767,-0.433883739117558,-0.9009688679024191
0.0,0.6931471805599453,0.0,0.0,3.4011973816621555,0.35,0.3582297230575879,-0.5000000000000012,0.8660254037844379,0.9987165071710528,-0.05064916883871264,-0.9749279121818236,-0.2225209339563146
0.0,0.0,0.0,0.0,6.214608098422191,0.35,0.3583643790116253,-0.5000000000000012,0.8660254037844379,0.7907757369376989,-0.6121059825476626,0.7818314824680298,0.6234898018587336
0.0,-0.6931471805599453,0.0,0.0,-9.615805480084347,0.35,0.3584092643296378,-0.5000000000000012,0.8660254037844379,0.6513724827222223,-0.758758122692791,0.9749279121818236,-0.22252093395631434
0.0,0.0,0.0,0.0,0.0,0.35,0.35845414964765027,-0.5000000000000012,0.8660254037844379,0.48530196253108104,-0.8743466161445821,0.43388373911755823,-0.900968867902419
0.0,0.0,0.0,0.0,0.0,0.35,0.35849903496566277,-0.5000000000000012,0.8660254037844379,0.29936312297335804,-0.9541392564000488,-0.433883739117558,-0.9009688679024191
0.0,0.0,0.0,0.0,0.0,0.35,0.3585439202836752,-0.5000000000000012,0.8660254037844379,0.10116832198743272,-0.994869323391895,-0.9749279121818236,-0.2225209339563146
0.0,0.0,0.0,0.0,0.0,0.35,0.35867857623771265,-0.5000000000000012,0.8660254037844379,-0.4853019625310808,-0.8743466161445822,0.7818314824680298,0.6234898018587336
0.0,0.6931471805599453,0.0,0.0,3.4011973816621555,0.35,0.35872346155572515,-0.5000000000000012,0.8660254037844379,-0.6513724827222217,-0.7587581226927913,0.9749279121818236,-0.22252093395631434
0.0,-0.6931471805599453,0.0,0.0,-3.4011973816621555,0.35,0.3587683468737376,-0.5000000000000012,0.8660254037844379,-0.7907757369376986,-0.6121059825476627,0.43388373911755823,-0.900968867902419
0.0,0.0,0.0,0.0,0.0,0.35,0.3588132321917501,-0.5000000000000012,0.8660254037844379,-0.8978045395707417,-0.44039415155763423,-0.433883739117558,-0.9009688679024191
0.0,0.0,0.0,0.0,0.0,0.35,0.3588581175097626,-0.5000000000000012,0.8660254037844379,-0.9680771188662041,-0.2506525322587213,-0.9749279121818236,-0.2225209339563146
0.0,0.0,0.0,0.0,0.0,0.35,0.35899277346380004,-0.5000000000000012,0.8660254037844379,-0.9377521321470804,0.3473052528448203,0.7818314824680298,0.6234898018587336
0.0,0.0,0.0,0.0,0.0,0.35,0.3590376587818125,-0.5000000000000012,0.8660254037844379,-0.8486442574947509,0.5289640103269624,0.9749279121818236,-0.22252093395631434
0.28768169098198165,0.6931471805599453,0.28768169098198165,0.28768169098198165,4.0943445622221,0.35,0.359082544099825,-0.5000000000000012,0.8660254037844379,-0.7247927872291207,0.6889669190756859,0.43388373911755823,-0.900968867902419
0.0,0.0,0.0,0.0,3.2188758248682006,0.35,0.35917231473584993,-0.5000000000000012,0.8660254037844379,-0.3943558551133187,0.9189578116202306,-0.9749279121818236,-0.2225209339563146
0.0,0.0,0.0,0.0,-2.3025850929940455,0.35,0.3593069706898874,-2.4492935982947064e-16,1.0,0.39435585511331855,0.9189578116202306,0.7818314824680298,0.6234898018587336
0.0,-0.4054654895779637,0.0,0.0,-5.0106352940962555,0.35,0.3593518560078998,-2.4492935982947064e-16,1.0,0.5712682150947923,0.8207634412072763,0.9749279121818236,-0.22252093395631434
0.0,0.0,0.0,0.0,0.0,0.35,0.3593967413259123,-2.4492935982947064e-16,1.0,0.72479278722912,0.6889669190756866,0.43388373911755823,-0.900968867902419
0.0,0.0,0.0,0.0,0.0,0.35,0.3594416266439248,-2.4492935982947064e-16,1.0,0.8486442574947509,0.5289640103269624,-0.433883739117558,-0.9009688679024191
0.0,0.0,0.0,0.0,0.0,0.35,0.35948651196193726,-2.4492935982947064e-16,1.0,0.9377521321470804,0.3473052528448203,-0.9749279121818236,-0.2225209339563146
0.0,0.0,0.0,0.0,0.0,0.35,0.3596211679159747,-2.4492935982947064e-16,1.0,0.9680771188662043,-0.2506525322587204,0.7818314824680298,0.6234898018587336
0.0,0.40546548957796374,0.0,0.0,4.0943445622221,0.35,0.3596660532339872,-2.4492935982947064e-16,1.0,0.8978045395707416,-0.4403941515576344,0.9749279121818236,-0.22252093395631434
0.0,0.0,0.0,0.0,2.4423470353692043,0.35,0.35971093855199965,-2.4492935982947064e-16,1.0,0.7907757369376989,-0.6121059825476626,0.43388373911755823,-0.900968867902419
0.0,-0.4054654895779637,0.0,0.0,-6.536691597591305,0.35,0.35975582387001215,-2.4492935982947064e-16,1.0,0.6513724827222223,-0.758758122692791,-0.433883739117558,-0.9009688679024191
0.0,0.40546548957796374,0.0,0.0,4.787491742782046,0.35,0.35980070918802465,-2.4492935982947064e-16,1.0,0.48530196253108104,-0.8743466161445821,-0.9749279121818236,-0.2225209339563146
0.0,0.0,0.0,0.0,-0.6931471805599453,0.35,0.35993536514206204,-2.4492935982947064e-16,1.0,-0.10116832198743204,-0.9948693233918952,0.7818314824680298,0.6234898018587336
0.0,-0.4054654895779637,0.0,0.0,-4.0943445622221,0.35,0.35998025046007454,-2.4492935982947064e-16,1.0,-0.29936312297335776,-0.9541392564000489,0.9749279121818236,-0.22252093395631434
0.0,0.40546548957796374,0.0,0.0,6.29156913955832,0.35,0.36002513577808704,-2.4492935982947064e-16,1.0,-0.4853019625310808,-0.8743466161445822,0.43388373911755823,-0.900968867902419
0.0,0.0,0.0,0.0,1.0216512475319812,0.35,0.3600700210960995,-2.4492935982947064e-16,1.0,-0.6513724827222217,-0.7587581226927913,-0.433883739117558,-0.9009688679024191
0.0,0.0,0.0,0.0,-2.3025850929940455,0.35,0.360114906414112,-2.4492935982947064e-16,1.0,-0.7907757369376986,-0.6121059825476627,-0.9749279121818236,-0.2225209339563146
0.0,0.0,0.0,0.0,0.47000362924573563,0.35,0.3602495623681494,-2.4492935982947064e-16,1.0,-0.9987165071710528,-0.05064916883871355,0.7818314824680298,0.6234898018587336
0.0,-0.4054654895779637,0.0,0.0,-5.480638923341991,0.35,0.36029444768616187,-2.4492935982947064e-16,1.0,-0.9884683243281114,0.15142777750457667,0.9749279121818236,-0.22252093395631434
0.0,0.0,0.0,0.0,0.0,0.35,0.3603842183221868,-2.4492935982947064e-16,1.0,-0.8486442574947509,0.5289640103269624,-0.433883739117558,-0.9009688679024191
0.0,0.40546548957796374,0.0,0.0,4.0943445622221,0.35,0.3604291036401993,-2.4492935982947064e-16,1.0,-0.7247927872291207,0.6889669190756859,-0.9749279121818236,-0.2225209339563146
0.0,0.0,0.0,0.0,0.9162907318741551,0.35,0.36056375959423675,-2.4492935982947064e-16,1.0,-0.20129852008866114,0.9795299412524943,0.7818314824680298,0.6234898018587336
0.0,0.0,0.0,0.0,0.6931471805599453,0.35,0.36060864491224925,-2.4492935982947064e-16,1.0,-2.4492935982947064e-16,1.0,0.9749279121818236,-0.22252093395631434
0.0,-0.4054654895779637,0.0,0.0,-5.703782474656201,0.36666666666666664,0.3606984155482742,0.49999999999999994,0.8660254037844387,0.39435585511331855,0.9189578116202306,-0.433883739117558,-0.9009688679024191
0.0,0.0,0.0,0.0,0.0,0.36666666666666664,0.36074330086628664,0.49999999999999994,0.8660254037844387,0.5712682150947923,0.8207634412072763,-0.9749279121818236,-0.2225209339563146
0.0,0.40546548957796374,0.0,0.0,9.615805480084347,0.36666666666666664,0.3608779568203241,0.49999999999999994,0.8660254037844387,0.9377521321470804,0.3473052528448203,0.7818314824680298,0.6234898018587336
0.0,-0.4054654895779637,0.0,0.0,-9.615805480084347,0.36666666666666664,0.3609228421383366,0.49999999999999994,0.8660254037844387,0.9884683243281114,0.1514277775045767,0.9749279121818236,-0.22252093395631434
0.0,0.0,0.0,0.0,0.0,0.36666666666666664,0.36096772745634903,0.49999999999999994,0.8660254037844387,0.9987165071710528,-0.05064916883871264,0.43388373911755823,-0.900968867902419
0.0,0.0,0.0,0.0,0.0,0.36666666666666664,0.36101261277436153,0.49999999999999994,0.8660254037844387,0.9680771188662043,-0.2506525322587204,-0.433883739117558,-0.9009688679024191
0.0,0.0,0.0,0.0,0.0,0.36666666666666664,0.36105749809237403,0.49999999999999994,0.8660254037844387,0.8978045395707416,-0.4403941515576344,-0.9749279121818236,-0.2225209339563146
0.0,0.0,0.0,0.0,0.0,0.36666666666666664,0.3611921540464114,0.49999999999999994,0.8660254037844387,0.48530196253108104,-0.8743466161445821,0.7818314824680298,0.6234898018587336
0.0,0.0,0.0,0.0,0.0,0.36666666666666664,0.3612370393644239,0.49999999999999994,0.8660254037844387,0.29936312297335804,-0.9541392564000488,0.9749279121818236,-0.22252093395631434
0.0,0.0,0.0,0.0,0.0,0.36666666666666664,0.3612819246824364,0.49999999999999994,0.8660254037844387,0.10116832198743272,-0.994869323391895,0.43388373911755823,-0.900968867902419
0.0,0.0,0.0,0.0,0.0,0.36666666666666664,0.36132681000044886,0.49999999999999994,0.8660254037844387,-0.10116832198743204,-0.9948693233918952,-0.433883739117558,-0.9009688679024191
0.0,0.0,0.0,0.0,0.0,0.36666666666666664,0.36137169531846136,0.49999999999999994,0.8660254037844387,-0.29936312297335776,-0.9541392564000489,-0.9749279121818236,-0.2225209339563146
0.0,0.0,0.0,0.0,0.0,0.36666666666666664,0.3615063512724988,0.49999999999999994,0.8660254037844387,-0.7907757369376986,-0.6121059825476627,0.7818314824680298,0.6234898018587336
0.0,0.0,0.0,0.0,0.0,0.36666666666666664,0.36155123659051125,0.49999999999999994,0.8660254037844387,-0.8978045395707417,-0.44039415155763423,0.9749279121818236,-0.22252093395631434
0.0,0.40546548957796374,0.0,0.0,6.396929655216146,0.36666666666666664,0.36159612190852375,0.49999999999999994,0.8660254037844387,-0.9680771188662041,-0.2506525322587213,0.43388373911755823,-0.900968867902419
0.0,-0.4054654895779637,0.0,0.0,-6.396929655216146,0.36666666666666664,0.36164100722653625,0.49999999999999994,0.8660254037844387,-0.9987165071710528,-0.05064916883871355,-0.433883739117558,-0.9009688679024191
0.0,0.0,0.0,0.0,0.0,0.36666666666666664,0.3616858925445487,0.49999999999999994,0.8660254037844387,-0.9884683243281114,0.15142777750457667,-0.9749279121818236,-0.2225209339563146
0.0,0.0,0.0,0.0,0.0,0.36666666666666664,0.36182054849858614,0.49999999999999994,0.8660254037844387,-0.7247927872291207,0.6889669190756859,0.7818314824680298,0.6234898018587336
0.0,0.0,0.0,0.0,0.0,0.36666666666666664,0.36186543381659864,0.49999999999999994,0.8660254037844387,-0.5712682150947924,0.8207634412072763,0.9749279121818236,-0.22252093395631434
0.0,0.40546548957796374,0.0,0.0,8.699514748210191,0.36666666666666664,0.3619103191346111,0.49999999999999994,0.8660254037844387,-0.3943558551133187,0.9189578116202306,0.43388373911755823,-0.900968867902419
0.0,-0.4054654895779637,0.0,0.0,-8.699514748210191,0.36666666666666664,0.3619552044526236,0.49999999999999994,0.8660254037844387,-0.20129852008866114,0.9795299412524943,-0.433883739117558,-0.9009688679024191
0.0,0.0,0.0,0.0,0.0,0.36666666666666664,0.362000089770636,0.49999999999999994,0.8660254037844387,-2.4492935982947064e-16,1.0,-0.9749279121818236,-0.2225209339563146
0.0,0.0,0.0,0.0,0.0,0.36666666666666664,0.36213474572467347,0.8660254037844386,0.5000000000000001,0.5712682150947923,0.8207634412072763,0.7818314824680298,0.6234898018587336
0.0,0.0,0.0,0.0,0.0,0.36666666666666664,0.36217963104268597,0.8660254037844386,0.5000000000000001,0.72479278722912,0.6889669190756866,0.9749279121818236,-0.22252093395631434
0.0,0.40546548957796374,0.0,0.0,5.0106352940962555,0.36666666666666664,0.3622245163606984,0.8660254037844386,0.5000000000000001,0.8486442574947509,0.5289640103269624,0.43388373911755823,-0.900968867902419
0.0,0.0,0.0,0.0,2.995732273553991,0.36666666666666664,0.3622694016787109,0.8660254037844386,0.5000000000000001,0.9377521321470804,0.3473052528448203,-0.433883739117558,-0.9009688679024191
0.0,0.0,0.0,0.0,-2.3025850929940455,0.36666666666666664,0.3623142869967234,0.8660254037844386,0.5000000000000001,0.9884683243281114,0.1514277775045767,-0.9749279121818236,-0.2225209339563146
0.0,0.0,0.0,0.0,3.912023005428146,0.36666666666666664,0.36244894295076086,0.8660254037844386,0.5000000000000001,0.8978045395707416,-0.4403941515576344,0.7818314824680298,0.6234898018587336
0.0,-0.4054654895779637,0.0,0.0,-9.615805480084347,0.36666666666666664,0.3624938282687733,0.8660254037844386,0.5000000000000001,0.7907757369376989,-0.6121059825476626,0.9749279121818236,-0.22252093395631434
0.22314423795974378,0.40546548957796374,0.22314423795974378,0.22314423795974378,5.19295685089021,0.36666666666666664,0.3625387135867858,0.8660254037844386,0.5000000000000001,0.6513724827222223,-0.758758122692791,0.43388373911755823,-0.900968867902419
0.0,-0.18232125161821996,0.0,0.0,-5.19295685089021,0.36666666666666664,0.36258359890479824,0.8660254037844386,0.5000000000000001,0.48530196253108104,-0.8743466161445821,-0.433883739117558,-0.9009688679024191
0.18232125161821996,0.4700035148048459,0.18232125161821996,0.18232125161821996,8.748304912379623,0.36666666666666664,0.36262848422281074,0.8660254037844386,0.5000000000000001,0.29936312297335804,-0.9541392564000488,-0.9749279121818236,-0.2225209339563146
0.2876822631866261,0.2231432079914623,0.2876822631866261,0.2876822631866261,-1.2039728043259361,0.36666666666666664,0.36280802549486063,0.8660254037844386,0.5000000000000001,-0.4853019625310808,-0.8743466161445822,0.9749279121818236,-0.22252093395631434
0.0,0.0,0.0,0.0,1.7204964492065644,0.36666666666666664,0.36285291081287313,0.8660254037844386,0.5000000000000001,-0.6513724827222217,-0.7587581226927913,0.43388373911755823,-0.900968867902419
0.0,0.0,0.0,0.0,-2.367123614131617,0.36666666666666664,0.36289779613088563,0.8660254037844386,0.5000000000000001,-0.7907757369376986,-0.6121059825476627,-0.433883739117558,-0.9009688679024191
0.0,0.0,0.0,0.0,2.361425593016979,0.36666666666666664,0.3629426814488981,0.8660254037844386,0.5000000000000001,-0.8978045395707417,-0.44039415155763423,-0.9749279121818236,-0.2225209339563146
0.0,0.0,0.0,0.0,-3.5553480614894135,0.36666666666666664,0.3630773374029355,0.8660254037844386,0.5000000000000001,-0.9884683243281114,0.15142777750457667,0.7818314824680298,0.6234898018587336
0.0,-0.22314320799146234,0.0,0.0,-5.703782474656201,0.36666666666666664,0.363122222720948,0.8660254037844386,0.5000000000000001,-0.9377521321470804,0.3473052528448203,0.9749279121818236,-0.22252093395631434
0.0,0.0,0.0,0.0,0.0,0.36666666666666664,0.36316710803896046,0.8660254037844386,0.5000000000000001,-0.8486442574947509,0.5289640103269624,0.43388373911755823,-0.900968867902419
0.0,0.2231432079914623,0.0,0.0,7.313220387090301,0.36666666666666664,0.36321199335697296,0.8660254037844386,0.5000000000000001,-0.7247927872291207,0.6889669190756859,-0.433883739117558,-0.9009688679024191
0.0,-0.22314320799146234,0.0,0.0,-7.313220387090301,0.36666666666666664,0.36325687867498546,0.8660254037844386,0.5000000000000001,-0.5712682150947924,0.8207634412072763,-0.9749279121818236,-0.2225209339563146
0.0,0.0,0.0,0.0,0.0,0.36666666666666664,0.36339153462902285,1.0,6.123233995736766e-17,0.39435585511331855,0.9189578116202306,0.7818314824680298,0.6234898018587336
0.0,0.0,0.0,0.0,0.0,0.36666666666666664,0.36343641994703535,1.0,6.123233995736766e-17,0.5712682150947923,0.8207634412072763,0.9749279121818236,-0.22252093395631434
0.0,0.2231432079914623,0.0,0.0,7.8898337513942955,0.36666666666666664,0.36348130526504785,1.0,6.123233995736766e-17,0.72479278722912,0.6889669190756866,0.43388373911755823,-0.900968867902419
0.0,0.0,0.0,0.0,-0.10660973505825826,0.36666666666666664,0.3635261905830603,1.0,6.123233995736766e-17,0.8486442574947509,0.5289640103269624,-0.433883739117558,-0.9009688679024191
0.0,0.0,0.0,0.0,-2.772588722239781,0.36666666666666664,0.3635710759010728,1.0,6.123233995736766e-17,0.9377521321470804,0.3473052528448203,-0.9749279121818236,-0.2225209339563146
-0.287682263186626,0.0,0.0,-0.287682263186626,4.8283137373023015,0.36666666666666664,0.36370573185511024,1.0,6.123233995736766e-17,0.9680771188662043,-0.2506525322587204,0.7818314824680298,0.6234898018587336
-0.4054654895779637,-0.3566750093335548,-0.287682263186626,-0.4054654895779637,1.0583456954395547,0.36666666666666664,0.3637506171731227,1.0,6.123233995736766e-17,0.8978045395707416,-0.4403941515576344,0.9749279121818236,-0.22252093395631434
0.0,0.0,-0.4054654895779637,0.0,-5.8866594327418555,0.36666666666666664,0.3637955024911352,1.0,6.123233995736766e-17,0.7907757369376989,-0.6121059825476626,0.43388373911755823,-0.900968867902419
0.22314423795974378,-0.15415046184453368,0.22314423795974378,0.22314423795974378,3.044522437723423,0.36666666666666664,0.3638403878091476,1.0,6.123233995736766e-17,0.6513724827222223,-0.758758122692791,-0.433883739117558,-0.9009688679024191
0.0,-0.18232125161821996,0.0,0.0,-8.055157731819678,0.36666666666666664,0.3638852731271601,1.0,6.123233995736766e-17,0.48530196253108104,-0.8743466161445821,-0.9749279121818236,-0.2225209339563146
0.0,0.0,0.0,0.0,0.0,0.36666666666666664,0.36401992908119757,1.0,6.123233995736766e-17,-0.10116832198743204,-0.9948693233918952,0.7818314824680298,0.6234898018587336
0.0,0.0,0.0,0.0,0.0,0.36666666666666664,0.36406481439921007,1.0,6.123233995736766e-17,-0.29936312297335776,-0.9541392564000489,0.9749279121818236,-0.22252093395631434
0.0,0.0,0.0,0.0,0.0,0.36666666666666664,0.3641096997172225,1.0,6.123233995736766e-17,-0.4853019625310808,-0.8743466161445822,0.43388373911755823,-0.900968867902419
0.0,0.0,0.0,0.0,0.0,0.36666666666666664,0.364154585035235,1.0,6.123233995736766e-17,-0.6513724827222217,-0.7587581226927913,-0.433883739117558,-0.9009688679024191
0.0,0.0,0.0,0.0,0.0,0.36666666666666664,0.36419947035324746,1.0,6.123233995736766e-17,-0.7907757369376986,-0.6121059825476627,-0.9749279121818236,-0.2225209339563146
0.0,0.18232125161821996,0.0,0.0,8.463792414689122,0.36666666666666664,0.3643341263072849,1.0,6.123233995736766e-17,-0.9987165071710528,-0.05064916883871355,0.7818314824680298,0.6234898018587336
0.0,0.0,0.0,0.0,-1.6613976513648114,0.36666666666666664,0.3643790116252974,1.0,6.123233995736766e-17,-0.9884683243281114,0.15142777750457667,0.9749279121818236,-0.22252093395631434
0.0,0.15415046184453357,0.0,0.0,2.908720896564361,0.36666666666666664,0.36442389694330984,1.0,6.123233995736766e-17,-0.9377521321470804,0.3473052528448203,0.43388373911755823,-0.900968867902419
0.0,0.0,0.0,0.0,-3.912023005428146,0.36666666666666664,0.36446878226132234,1.0,6.123233995736766e-17,-0.8486442574947509,0.5289640103269624,-0.433883739117558,-0.9009688679024191
0.0,-0.3364717134627536,0.0,0.0,-5.799092654460526,0.36666666666666664,0.36451366757933484,1.0,6.123233995736766e-17,-0.7247927872291207,0.6889669190756859,-0.9749279121818236,-0.2225209339563146
0.0,0.0,0.0,0.0,0.0,0.36666666666666664,0.36464832353337223,1.0,6.123233995736766e-17,-0.20129852008866114,0.9795299412524943,0.7818314824680298,0.6234898018587336
0.0,0.0,0.0,0.0,0.0,0.36666666666666664,0.36469320885138473,1.0,6.123233995736766e-17,-2.4492935982947064e-16,1.0,0.9749279121818236,-0.22252093395631434
0.0,0.3364717134627536,0.0,0.0,9.712932190815069,0.36666666666666664,0.36473809416939723,0.8660254037844387,-0.4999999999999998,0.20129852008866006,0.9795299412524945,0.43388373911755823,-0.900968867902419
0.0,-0.3364717134627536,0.0,0.0,-9.71293219081507,0.36666666666666664,0.3647829794874097,0.8660254037844387,-0.4999999999999998,0.39435585511331855,0.9189578116202306,-0.433883739117558,-0.9009688679024191
0.0,0.0,0.0,0.0,0.0,0.36666666666666664,0.3648278648054222,0.8660254037844387,-0.4999999999999998,0.5712682150947923,0.8207634412072763,-0.9749279121818236,-0.2225209339563146
0.0,0.0,0.0,0.0,0.0,0.36666666666666664,0.3649625207594596,0.8660254037844387,-0.4999999999999998,0.9377521321470804,0.3473052528448203,0.7818314824680298,0.6234898018587336
0.0,0.3364717134627536,0.0,0.0,9.95227771670556,0.36666666666666664,0.36500740607747206,0.8660254037844387,-0.4999999999999998,0.9884683243281114,0.1514277775045767,0.9749279121818236,-0.22252093395631434
0.0,0.0,0.0,0.0,-0.3364722366212129,0.36666666666666664,0.36505229139548456,0.8660254037844387,-0.4999999999999998,0.9987165071710528,-0.05064916883871264,0.43388373911755823,-0.900968867902419
-0.2231442379597437,-0.15415046184453368,0.0,-0.2231442379597437,-0.916290731874155,0.36666666666666664,0.36509717671349706,0.8660254037844387,-0.4999999999999998,0.9680771188662043,-0.2506525322587204,-0.433883739117558,-0.9009688679024191
0.0,-0.4054654895779637,-0.2231442379597437,0.0,-8.699514748210191,0.36666666666666664,0.3651420620315095,0.8660254037844387,-0.4999999999999998,0.8978045395707416,-0.4403941515576344,-0.9749279121818236,-0.2225209339563146
0.0,0.0,0.0,0.0,0.0,0.36666666666666664,0.36527671798554695,0.8660254037844387,-0.4999999999999998,0.48530196253108104,-0.8743466161445821,0.7818314824680298,0.6234898018587336
0.0,0.40546548957796374,0.0,0.0,6.733401891837359,0.36666666666666664,0.36532160330355945,0.8660254037844387,-0.4999999999999998,0.29936312297335804,-0.9541392564000488,0.9749279121818236,-0.22252093395631434
0.0,-0.4054654895779637,0.0,0.0,-6.733401891837359,0.36666666666666664,0.3653664886215719,0.8660254037844387,-0.4999999999999998,0.10116832198743272,-0.994869323391895,0.43388373911755823,-0.900968867902419
0.0,0.0,0.0,0.0,0.0,0.36666666666666664,0.3654113739395844,0.8660254037844387,-0.4999999999999998,-0.10116832198743204,-0.9948693233918952,-0.433883739117558,-0.9009688679024191
0.0,0.40546548957796374,0.0,0.0,6.1092475827643655,0.36666666666666664,0.3655909152116343,0.8660254037844387,-0.4999999999999998,-0.7907757369376986,-0.6121059825476627,0.7818314824680298,0.6234898018587336
0.0,0.0,0.0,0.0,1.1631508098056809,0.36666666666666664,0.3656358005296468,0.8660254037844387,-0.4999999999999998,-0.8978045395707417,-0.44039415155763423,0.9749279121818236,-0.22252093395631434
0.0,-0.4054654895779637,0.0,0.0,-7.272398392570047,0.36666666666666664,0.3656806858476593,0.8660254037844387,-0.4999999999999998,-0.9680771188662041,-0.2506525322587213,0.43388373911755823,-0.900968867902419
0.0,0.40546548957796374,0.0,0.0,7.313220387090301,0.36666666666666664,0.3657255711656717,0.8660254037844387,-0.4999999999999998,-0.9987165071710528,-0.05064916883871355,-0.433883739117558,-0.9009688679024191
0.0,-0.4054654895779637,0.0,0.0,-7.313220387090301,0.36666666666666664,0.3657704564836842,0.8660254037844387,-0.4999999999999998,-0.9884683243281114,0.15142777750457667,-0.9749279121818236,-0.2225209339563146
0.0,0.40546548957796374,0.0,0.0,5.0106352940962555,0.36666666666666664,0.36590511243772167,0.8660254037844387,-0.4999999999999998,-0.7247927872291207,0.6889669190756859,0.7818314824680298,0.6234898018587336
0.0,-0.4054654895779637,0.0,0.0,-5.0106352940962555,0.36666666666666664,0.3659499977557341,0.8660254037844387,-0.4999999999999998,-0.5712682150947924,0.8207634412072763,0.9749279121818236,-0.22252093395631434
0.0,0.0,0.0,0.0,0.0,0.36666666666666664,0.3659948830737466,0.8660254037844387,-0.4999999999999998,-0.3943558551133187,0.9189578116202306,0.43388373911755823,-0.900968867902419
0.0,0.0,0.0,0.0,0.0,0.36666666666666664,0.36603976839175906,0.8660254037844387,-0.4999999999999998,-0.20129852008866114,0.9795299412524943,-0.433883739117558,-0.9009688679024191
0.0,0.0,0.0,0.0,0.0,0.36666666666666664,0.36608465370977156,0.5000000000000003,-0.8660254037844385,0.20129852008866006,0.9795299412524945,-0.9749279121818236,-0.2225209339563146
0.0,0.0,0.0,0.0,0.0,0.36666666666666664,0.366219309663809,0.5000000000000003,-0.8660254037844385,0.72479278722912,0.6889669190756866,0.7818314824680298,0.6234898018587336
0.0,0.22314423795974378,0.0,0.0,8.006367567650246,0.36666666666666664,0.36626419498182144,0.5000000000000003,-0.8660254037844385,0.8486442574947509,0.5289640103269624,0.9749279121818236,-0.22252093395631434
0.0,0.0,0.0,0.0,-3.506557897319982,0.36666666666666664,0.36630908029983394,0.5000000000000003,-0.8660254037844385,0.9377521321470804,0.3473052528448203,0.43388373911755823,-0.900968867902419
0.0,-0.2231442379597437,0.0,0.0,-4.499809670330265,0.36666666666666664,0.36635396561784644,0.5000000000000003,-0.8660254037844385,0.9884683243281114,0.1514277775045767,-0.433883739117558,-0.9009688679024191
0.0,0.0,0.0,0.0,0.0,0.36666666666666664,0.3663988509358589,0.5000000000000003,-0.8660254037844385,0.9987165071710528,-0.05064916883871264,-0.9749279121818236,-0.2225209339563146
0.0,0.22314423795974378,0.0,0.0,9.615805480084347,0.36666666666666664,0.36653350688989633,0.5000000000000003,-0.8660254037844385,0.7907757369376989,-0.6121059825476626,0.7818314824680298,0.6234898018587336
0.0,-0.2231442379597437,0.0,0.0,-9.615805480084347,0.36666666666666664,0.36657839220790883,0.5000000000000003,-0.8660254037844385,0.6513724827222223,-0.758758122692791,0.9749279121818236,-0.22252093395631434
0.0,0.0,0.0,0.0,0.0,0.36666666666666664,0.3666232775259213,0.5000000000000003,-0.8660254037844385,0.48530196253108104,-0.8743466161445821,0.43388373911755823,-0.900968867902419
0.0,0.0,0.0,0.0,0.0,0.36666666666666664,0.3666681628439338,0.5000000000000003,-0.8660254037844385,0.29936312297335804,-0.9541392564000488,-0.433883739117558,-0.9009688679024191
0.0,0.0,0.0,0.0,0.0,0.36666666666666664,0.3667130481619463,0.5000000000000003,-0.8660254037844385,0.10116832198743272,-0.994869323391895,-0.9749279121818236,-0.2225209339563146
-0.28768169098198154,0.40546548957796374,0.0,-0.28768169098198154,8.699514748210191,0.36666666666666664,0.36684770411598366,0.5000000000000003,-0.8660254037844385,-0.4853019625310808,-0.8743466161445822,0.7818314824680298,0.6234898018587336
0.0,-0.6931471805599453,-0.28768169098198154,0.0,-8.699514748210191,0.36666666666666664,0.36689258943399616,0.5000000000000003,-0.8660254037844385,-0.6513724827222217,-0.7587581226927913,0.9749279121818236,-0.22252093395631434
0.0,0.0,0.0,0.0,0.0,0.36666666666666664,0.36693747475200866,0.5000000000000003,-0.8660254037844385,-0.7907757369376986,-0.6121059825476627,0.43388373911755823,-0.900968867902419
0.0,0.0,0.0,0.0,0.0,0.36666666666666664,0.3669823600700211,0.5000000000000003,-0.8660254037844385,-0.8978045395707417,-0.44039415155763423,-0.433883739117558,-0.9009688679024191
0.0,0.5108259289417253,0.0,0.0,9.392661928770137,0.36666666666666664,0.3670272453880336,0.5000000000000003,-0.8660254037844385,-0.9680771188662041,-0.2506525322587213,-0.9749279121818236,-0.2225209339563146
0.0,0.0,0.0,0.0,-2.659260036932778,0.36666666666666664,0.3672067866600835,0.5000000000000003,-0.8660254037844385,-0.8486442574947509,0.5289640103269624,0.9749279121818236,-0.22252093395631434
0.0,-0.5108259289417253,0.0,0.0,-6.733401891837359,0.36666666666666664,0.367251671978096,0.5000000000000003,-0.8660254037844385,-0.7247927872291207,0.6889669190756859,0.43388373911755823,-0.900968867902419
0.0,0.5108259289417253,0.0,0.0,8.006367567650246,0.36666666666666664,0.3672965572961085,0.5000000000000003,-0.8660254037844385,-0.5712682150947924,0.8207634412072763,-0.433883739117558,-0.9009688679024191
0.0,0.0,0.0,0.0,-2.8134107167600364,0.36666666666666664,0.36734144261412094,0.5000000000000003,-0.8660254037844385,-0.3943558551133187,0.9189578116202306,-0.9749279121818236,-0.2225209339563146
0.0,0.0,0.0,0.0,2.120263536200091,0.36666666666666664,0.3674760985681584,1.2246467991473532e-16,-1.0,0.20129852008866006,0.9795299412524945,0.7818314824680298,0.6234898018587336
0.0,0.18232125161821996,0.0,0.0,1.2809338454620642,0.36666666666666664,0.3675209838861709,1.2246467991473532e-16,-1.0,0.39435585511331855,0.9189578116202306,0.9749279121818236,-0.22252093395631434
0.0,-0.6931471805599453,0.0,0.0,-8.594154232552366,0.36666666666666664,0.3675658692041833,1.2246467991473532e-16,-1.0,0.5712682150947923,0.8207634412072763,0.43388373911755823,-0.900968867902419
0.0,0.6931471805599453,0.0,0.0,9.615805480084347,0.36666666666666664,0.3676107545221958,1.2246467991473532e-16,-1.0,0.72479278722912,0.6889669190756866,-0.433883739117558,-0.9009688679024191
0.0,0.0,0.0,0.0,-2.3025850929940455,0.36666666666666664,0.36765563984020827,1.2246467991473532e-16,-1.0,0.8486442574947509,0.5289640103269624,-0.9749279121818236,-0.2225209339563146
0.0,-0.6931471805599453,0.0,0.0,-7.313220387090301,0.36666666666666664,0.3677902957942457,1.2246467991473532e-16,-1.0,0.9987165071710528,-0.05064916883871264,0.7818314824680298,0.6234898018587336
0.0,0.0,0.0,0.0,0.0,0.36666666666666664,0.3678351811122582,1.2246467991473532e-16,-1.0,0.9680771188662043,-0.2506525322587204,0.9749279121818236,-0.22252093395631434
0.0,0.0,0.0,0.0,0.0,0.36666666666666664,0.36788006643027066,1.2246467991473532e-16,-1.0,0.8978045395707416,-0.4403941515576344,0.43388373911755823,-0.900968867902419
0.0,0.0,0.0,0.0,0.0,0.36666666666666664,0.36792495174828316,1.2246467991473532e-16,-1.0,0.7907757369376989,-0.6121059825476626,-0.433883739117558,-0.9009688679024191
0.0,0.0,0.0,0.0,0.0,0.36666666666666664,0.36796983706629566,1.2246467991473532e-16,-1.0,0.6513724827222223,-0.758758122692791,-0.9749279121818236,-0.2225209339563146
0.0,0.0,0.0,0.0,0.0,0.36666666666666664,0.36810449302033305,1.2246467991473532e-16,-1.0,0.10116832198743272,-0.994869323391895,0.7818314824680298,0.6234898018587336
0.0,0.0,0.0,0.0,0.0,0.36666666666666664,0.36814937833834555,1.2246467991473532e-16,-1.0,-0.10116832198743204,-0.9948693233918952,0.9749279121818236,-0.22252093395631434
0.15415111579256502,0.28768169098198165,0.15415111579256502,0.28768169098198165,9.615805480084347,0.36666666666666664,0.36819426365635805,1.2246467991473532e-16,-1.0,-0.29936312297335776,-0.9541392564000489,0.43388373911755823,-0.900968867902419
0.1335305751894165,0.0,0.1335305751894165,0.0,-9.615805480084347,0.36666666666666664,0.3682391489743705,1.2246467991473532e-16,-1.0,-0.4853019625310808,-0.8743466161445822,-0.433883739117558,-0.9009688679024191
0.0,0.0,0.0,0.0,0.0,0.36666666666666664,0.368284034292383,1.2246467991473532e-16,-1.0,-0.6513724827222217,-0.7587581226927913,-0.9749279121818236,-0.2225209339563146
0.0,0.0,0.0,0.0,0.0,0.36666666666666664,0.36841869024642043,1.2246467991473532e-16,-1.0,-0.9680771188662041,-0.2506525322587213,0.7818314824680298,0.6234898018587336
0.0,0.0,0.0,0.0,0.0,0.36666666666666664,0.3684635755644329,1.2246467991473532e-16,-1.0,-0.9987165071710528,-0.05064916883871355,0.9749279121818236,-0.22252093395631434
0.0,0.0,0.0,0.0,0.0,0.36666666666666664,0.3685084608824454,1.2246467991473532e-16,-1.0,-0.9884683243281114,0.15142777750457667,0.43388373911755823,-0.900968867902419
0.0,0.0,0.0,0.0,0.0,0.36666666666666664,0.3685533462004579,1.2246467991473532e-16,-1.0,-0.9377521321470804,0.3473052528448203,-0.433883739117558,-0.9009688679024191
0.0,0.0,0.0,0.0,0.0,0.36666666666666664,0.3685982315184703,1.2246467991473532e-16,-1.0,-0.8486442574947509,0.5289640103269624,-0.9749279121818236,-0.2225209339563146
0.0,0.0,0.0,0.0,0.0,0.36666666666666664,0.36873288747250776,1.2246467991473532e-16,-1.0,-0.3943558551133187,0.9189578116202306,0.7818314824680298,0.6234898018587336
-0.1335305751894165,0.0,-0.1335305751894165,0.0,9.017968479328726,0.36666666666666664,0.36877777279052026,1.2246467991473532e-16,-1.0,-0.20129852008866114,0.9795299412524943,0.9749279121818236,-0.22252093395631434
0.3566748131491603,0.22314423795974378,0.3566748131491603,0.22314423795974378,-2.2845665874913674,0.36666666666666664,0.3688226581085327,-0.4999999999999997,-0.8660254037844388,0.20129852008866006,0.9795299412524945,0.43388373911755823,-0.900968867902419
-0.3566748131491602,-0.3566748131491602,-0.3566748131491602,-0.3566748131491602,-2.2335922215070942,0.36666666666666664,0.3688675434265452,-0.4999999999999997,-0.8660254037844388,0.39435585511331855,0.9189578116202306,-0.433883739117558,-0.9009688679024191
0.0,0.0,0.0,0.0,-4.499809670330265,0.36666666666666664,0.3690470846985951,-0.4999999999999997,-0.8660254037844388,0.9377521321470804,0.3473052528448203,0.7818314824680298,0.6234898018587336
0.3566748131491603,0.3566748131491603,0.3566748131491603,0.3566748131491603,6.620073206530356,0.36666666666666664,0.3690919700166076,-0.4999999999999997,-0.8660254037844388,0.9884683243281114,0.1514277775045767,0.9749279121818236,-0.22252093395631434
0.0,0.0,0.0,0.0,-6.620073206530356,0.36666666666666664,0.3691368553346201,-0.4999999999999997,-0.8660254037844388,0.9987165071710528,-0.05064916883871264,0.43388373911755823,-0.900968867902419
0.0,0.0,0.0,0.0,0.0,0.36666666666666664,0.36918174065263254,-0.4999999999999997,-0.8660254037844388,0.9680771188662043,-0.2506525322587204,-0.433883739117558,-0.9009688679024191
-0.5108259289417253,0.0,0.0,0.0,10.21464198117305,0.36666666666666664,0.36922662597064504,-0.4999999999999997,-0.8660254037844388,0.8978045395707416,-0.4403941515576344,-0.9749279121818236,-0.2225209339563146
0.5108259289417253,0.0,0.0,0.0,-10.21464198117305,0.36666666666666664,0.3693612819246825,-0.4999999999999997,-0.8660254037844388,0.48530196253108104,-0.8743466161445821,0.7818314824680298,0.6234898018587336
0.0,0.0,0.0,0.0,0.0,0.36666666666666664,0.3694061672426949,-0.4999999999999997,-0.8660254037844388,0.29936312297335804,-0.9541392564000488,0.9749279121818236,-0.22252093395631434
0.0,0.0,0.0,0.0,0.0,0.36666666666666664,0.3694510525607074,-0.4999999999999997,-0.8660254037844388,0.10116832198743272,-0.994869323391895,0.43388373911755823,-0.900968867902419
0.18232125161821996,0.3364717134627536,0.18232125161821996,0.3364717134627536,6.956545443151569,0.36666666666666664,0.36949593787871987,-0.4999999999999997,-0.8660254037844388,-0.10116832198743204,-0.9948693233918952,-0.433883739117558,-0.9009688679024191
0.15415046184453357,0.0,0.15415046184453357,0.0,-6.956545443151569,0.36666666666666664,0.36954082319673237,-0.4999999999999997,-0.8660254037844388,-0.29936312297335776,-0.9541392564000489,-0.9749279121818236,-0.2225209339563146
0.0,0.0,0.0,0.0,0.0,0.36666666666666664,0.3696754791507698,-0.4999999999999997,-0.8660254037844388,-0.7907757369376986,-0.6121059825476627,0.7818314824680298,0.6234898018587336
0.0,0.0,0.0,0.0,0.0,0.36666666666666664,0.36972036446878226,-0.4999999999999997,-0.8660254037844388,-0.8978045395707417,-0.44039415155763423,0.9749279121818236,-0.22252093395631434
-0.3364717134627536,0.0,-0.3364717134627536,0.0,7.975908360165538,0.36666666666666664,0.36976524978679476,-0.4999999999999997,-0.8660254037844388,-0.9680771188662041,-0.2506525322587213,0.43388373911755823,-0.900968867902419
0.3364717134627536,0.0,0.3364717134627536,0.0,-7.975908360165538,0.36666666666666664,0.36981013510480726,-0.4999999999999997,-0.8660254037844388,-0.9987165071710528,-0.05064916883871355,-0.433883739117558,-0.9009688679024191
0.0,0.0,0.0,0.0,6.396929655216146,0.36666666666666664,0.3698550204228197,-0.4999999999999997,-0.8660254037844388,-0.9884683243281114,0.15142777750457667,-0.9749279121818236,-0.2225209339563146
0.0,0.0,0.0,0.0,1.6094379124341003,0.36666666666666664,0.36998967637685715,-0.4999999999999997,-0.8660254037844388,-0.7247927872291207,0.6889669190756859,0.7818314824680298,0.6234898018587336
0.0,0.0,0.0,0.0,-1.3862943611198906,0.36666666666666664,0.37003456169486965,-0.4999999999999997,-0.8660254037844388,-0.5712682150947924,0.8207634412072763,0.9749279121818236,-0.22252093395631434
0.0,0.0,0.0,0.0,-6.620073206530356,0.36666666666666664,0.3700794470128821,-0.4999999999999997,-0.8660254037844388,-0.3943558551133187,0.9189578116202306,0.43388373911755823,-0.900968867902419
0.0,0.0,0.0,0.0,0.0,0.36666666666666664,0.3701243323308946,-0.4999999999999997,-0.8660254037844388,-0.20129852008866114,0.9795299412524943,-0.433883739117558,-0.9009688679024191
0.1941560529085005,0.25131464626363065,0.25131464626363065,0.1941560529085005,8.847934753328465,0.36666666666666664,0.3701692176489071,-0.4999999999999997,-0.8660254037844388,-2.4492935982947064e-16,1.0,-0.9749279121818236,-0.2225209339563146
0.0,-0.05715859335513019,-0.05715859335513019,0.0,-8.847934753328465,0.36666666666666664,0.3703038736029445,-0.8660254037844385,-0.5000000000000004,0.5712682150947923,0.8207634412072763,0.7818314824680298,0.6234898018587336
-0.06062425156640816,-0.06062425156640816,-0.06062425156640816,-0.06062425156640816,10.047587896509885,0.36666666666666664,0.370348758920957,-0.8660254037844385,-0.5000000000000004,0.72479278722912,0.6889669190756866,0.9749279121818236,-0.22252093395631434
0.0,0.0,0.0,0.0,-10.047587896509885,0.36666666666666664,0.3703936442389695,-0.8660254037844385,-0.5000000000000004,0.8486442574947509,0.5289640103269624,0.43388373911755823,-0.900968867902419
0.0,0.0,0.0,0.0,0.0,0.36666666666666664,0.3704385295569819,-0.8660254037844385,-0.5000000000000004,0.9377521321470804,0.3473052528448203,-0.433883739117558,-0.9009688679024191
-0.9808294437465713,-0.9808294437465713,-0.9808294437465713,-0.9808294437465713,9.615805480084347,0.36666666666666664,0.3704834148749944,-0.8660254037844385,-0.5000000000000004,0.9884683243281114,0.1514277775045767,-0.9749279121818236,-0.2225209339563146
0.0,0.0,0.0,0.0,-9.615805480084347,0.36666666666666664,0.37061807082903186,-0.8660254037844385,-0.5000000000000004,0.8978045395707416,-0.4403941515576344,0.7818314824680298,0.6234898018587336
0.0,0.0,0.0,0.0,0.0,0.36666666666666664,0.3706629561470443,-0.8660254037844385,-0.5000000000000004,0.7907757369376989,-0.6121059825476626,0.9749279121818236,-0.22252093395631434
0.9808294437465714,1.0414536953129794,0.9808294437465714,1.0414536953129794,6.396929655216146,0.36666666666666664,0.3707078414650568,-0.8660254037844385,-0.5000000000000004,0.6513724827222223,-0.758758122692791,0.43388373911755823,-0.900968867902419
0.06062425156640813,0.0,0.06062425156640813,0.0,-6.396929655216146,0.36666666666666664,0.3707527267830693,-0.8660254037844385,-0.5000000000000004,0.48530196253108104,-0.8743466161445821,-0.433883739117558,-0.9009688679024191
0.0,0.0,0.0,0.0,0.0,0.36666666666666664,0.37079761210108175,-0.8660254037844385,-0.5000000000000004,0.29936312297335804,-0.9541392564000488,-0.9749279121818236,-0.2225209339563146
0.0,0.0,0.0,0.0,0.0,0.36666666666666664,0.3709322680551192,-0.8660254037844385,-0.5000000000000004,-0.29936312297335776,-0.9541392564000489,0.7818314824680298,0.6234898018587336
0.0,0.0,0.0,0.0,0.0,0.36666666666666664,0.3709771533731317,-0.8660254037844385,-0.5000000000000004,-0.4853019625310808,-0.8743466161445822,0.9749279121818236,-0.22252093395631434
0.0,0.0,0.0,0.0,0.0,0.36666666666666664,0.37102203869114414,-0.8660254037844385,-0.5000000000000004,-0.6513724827222217,-0.7587581226927913,0.43388373911755823,-0.900968867902419
0.0,0.0,0.0,0.0,6.396929655216146,0.36666666666666664,0.37106692400915664,-0.8660254037844385,-0.5000000000000004,-0.7907757369376986,-0.6121059825476627,-0.433883739117558,-0.9009688679024191
0.0,0.0,0.0,0.0,0.6931471805599453,0.36666666666666664,0.3711118093271691,-0.8660254037844385,-0.5000000000000004,-0.8978045395707417,-0.44039415155763423,-0.9749279121818236,-0.2225209339563146
-1.0414536953129796,0.0,0.0,0.0,3.572345637857985,0.36666666666666664,0.37124646528120653,-0.8660254037844385,-0.5000000000000004,-0.9884683243281114,0.15142777750457667,0.7818314824680298,0.6234898018587336
0.8472976424044789,-0.1941560529085006,-0.1941560529085006,-0.1941560529085006,-4.958639998977875,0.36666666666666664,0.371291350599219,-0.8660254037844385,-0.5000000000000004,-0.9377521321470804,0.3473052528448203,0.9749279121818236,-0.22252093395631434
0.0,0.0,0.0,0.0,-5.703782474656201,0.36666666666666664,0.37133623591723147,-0.8660254037844385,-0.5000000000000004,-0.8486442574947509,0.5289640103269624,0.43388373911755823,-0.900968867902419
0.0,0.0,0.0,0.0,0.0,0.36666666666666664,0.37138112123524397,-0.8660254037844385,-0.5000000000000004,-0.7247927872291207,0.6889669190756859,-0.433883739117558,-0.9009688679024191
0.0,0.0,0.0,0.0,0.0,0.36666666666666664,0.37142600655325647,-0.8660254037844385,-0.5000000000000004,-0.5712682150947924,0.8207634412072763,-0.9749279121818236,-0.2225209339563146
0.0,0.0,0.0,0.0,5.799092654460526,0.36666666666666664,0.3715606625072939,-0.8660254037844385,-0.5000000000000004,-2.4492935982947064e-16,1.0,0.7818314824680298,0.6234898018587336
0.0,0.0,0.0,0.0,2.207274913189721,0.36666666666666664,0.37160554782530636,-1.0,-1.8369701987210297e-16,0.20129852008866006,0.9795299412524945,0.9749279121818236,-0.22252093395631434
0.0,0.0,0.0,0.0,-8.006367567650246,0.36666666666666664,0.37165043314331886,-1.0,-1.8369701987210297e-16,0.39435585511331855,0.9189578116202306,0.43388373911755823,-0.900968867902419
0.0,0.0,0.0,0.0,0.0,0.36666666666666664,0.3716953184613313,-1.0,-1.8369701987210297e-16,0.5712682150947923,0.8207634412072763,-0.433883739117558,-0.9009688679024191
0.1335318013420924,0.1335318013420924,0.1335318013420924,0.1335318013420924,5.480638923341991,0.36666666666666664,0.3717402037793438,-1.0,-1.8369701987210297e-16,0.72479278722912,0.6889669190756866,-0.9749279121818236,-0.2225209339563146
0.0,0.0,0.0,0.0,-5.480638923341991,0.36666666666666664,0.3719197450513937,-1.0,-1.8369701987210297e-16,0.9987165071710528,-0.05064916883871264,0.9749279121818236,-0.22252093395631434
0.0,0.0,0.0,0.0,0.0,0.36666666666666664,0.3719646303694062,-1.0,-1.8369701987210297e-16,0.9680771188662043,-0.2506525322587204,0.43388373911755823,-0.900968867902419
0.0,0.0,0.0,0.0,0.0,0.36666666666666664,0.3720095156874187,-1.0,-1.8369701987210297e-16,0.8978045395707416,-0.4403941515576344,-0.433883739117558,-0.9009688679024191
0.0,0.0,0.0,0.0,0.0,0.36666666666666664,0.37205440100543113,-1.0,-1.8369701987210297e-16,0.7907757369376989,-0.6121059825476626,-0.9749279121818236,-0.2225209339563146
0.0,0.0,0.0,0.0,0.0,0.36666666666666664,0.3721890569594686,-1.0,-1.8369701987210297e-16,0.29936312297335804,-0.9541392564000488,0.7818314824680298,0.6234898018587336
0.0,0.0,0.0,0.0,0.0,0.36666666666666664,0.3722339422774811,-1.0,-1.8369701987210297e-16,0.10116832198743272,-0.994869323391895,0.9749279121818236,-0.22252093395631434
0.0,0.0,0.0,0.0,0.0,0.36666666666666664,0.3722788275954935,-1.0,-1.8369701987210297e-16,-0.10116832198743204,-0.9948693233918952,0.43388373911755823,-0.900968867902419
0.0,0.0,0.0,0.0,0.0,0.36666666666666664,0.372323712913506,-1.0,-1.8369701987210297e-16,-0.29936312297335776,-0.9541392564000489,-0.433883739117558,-0.9009688679024191
0.0,0.0,0.0,0.0,0.0,0.36666666666666664,0.3723685982315185,-1.0,-1.8369701987210297e-16,-0.4853019625310808,-0.8743466161445822,-0.9749279121818236,-0.2225209339563146
0.0,0.0,0.0,0.0,0.0,0.36666666666666664,0.3725032541855559,-1.0,-1.8369701987210297e-16,-0.8978045395707417,-0.44039415155763423,0.7818314824680298,0.6234898018587336
0.0,0.0,0.0,0.0,0.0,0.36666666666666664,0.3725481395035684,-1.0,-1.8369701987210297e-16,-0.9680771188662041,-0.2506525322587213,0.9749279121818236,-0.22252093395631434
0.0,0.0,0.0,0.0,0.0,0.36666666666666664,0.3725930248215809,-1.0,-1.8369701987210297e-16,-0.9987165071710528,-0.05064916883871355,0.43388373911755823,-0.900968867902419
0.0,0.0,0.0,0.0,0.0,0.36666666666666664,0.37263791013959335,-1.0,-1.8369701987210297e-16,-0.9884683243281114,0.15142777750457667,-0.433883739117558,-0.9009688679024191
0.0,0.0,0.0,0.0,0.0,0.36666666666666664,0.37268279545760585,-1.0,-1.8369701987210297e-16,-0.9377521321470804,0.3473052528448203,-0.9749279121818236,-0.2225209339563146
-0.13353180134209242,-0.13353180134209242,-0.13353180134209242,-0.13353180134209242,7.313220387090301,0.36666666666666664,0.3728174514116433,-1.0,-1.8369701987210297e-16,-0.5712682150947924,0.8207634412072763,0.7818314824680298,0.6234898018587336
0.0,0.0,0.0,0.0,-7.313220387090301,0.36666666666666664,0.37286233672965574,-1.0,-1.8369701987210297e-16,-0.3943558551133187,0.9189578116202306,0.9749279121818236,-0.22252093395631434
0.0,0.0,0.0,0.0,0.0,0.36666666666666664,0.37290722204766824,-1.0,-1.8369701987210297e-16,-0.20129852008866114,0.9795299412524943,0.43388373911755823,-0.900968867902419
0.0,0.0,0.0,0.0,0.0,0.36666666666666664,0.3729521073656807,-0.866025403784439,0.49999999999999933,0.20129852008866006,0.9795299412524945,-0.433883739117558,-0.9009688679024191
0.0,0.0,0.0,0.0,0.0,0.36666666666666664,0.3729969926836932,-0.866025403784439,0.49999999999999933,0.39435585511331855,0.9189578116202306,-0.9749279121818236,-0.2225209339563146
0.0,0.0,0.0,0.0,0.0,0.36666666666666664,0.37313164863773063,-0.866025403784439,0.49999999999999933,0.8486442574947509,0.5289640103269624,0.7818314824680298,0.6234898018587336
-0.15415046184453368,-0.15415046184453368,-0.15415046184453368,-0.15415046184453368,3.4011973816621555,0.36666666666666664,0.37317653395574313,-0.866025403784439,0.49999999999999933,0.9377521321470804,0.3473052528448203,0.9749279121818236,-0.22252093395631434
0.0,0.0,0.0,0.0,-3.4011973816621555,0.36666666666666664,0.3732214192737556,-0.866025403784439,0.49999999999999933,0.9884683243281114,0.1514277775045767,0.43388373911755823,-0.900968867902419
0.0,0.0,0.0,0.0,0.0,0.36666666666666664,0.37326630459176807,-0.866025403784439,0.49999999999999933,0.9987165071710528,-0.05064916883871264,-0.433883739117558,-0.9009688679024191
0.2876822631866261,0.2876822631866261,0.2876822631866261,0.2876822631866261,8.006367567650246,0.36666666666666664,0.3733111899097805,-0.866025403784439,0.49999999999999933,0.9680771188662043,-0.2506525322587204,-0.9749279121818236,-0.2225209339563146
0.0,0.0,0.0,0.0,-8.006367567650246,0.36666666666666664,0.37344584586381796,-0.866025403784439,0.49999999999999933,0.6513724827222223,-0.758758122692791,0.7818314824680298,0.6234898018587336
-0.20763932076251615,-0.20763932076251615,-0.20763932076251615,-0.20763932076251615,7.313220387090301,0.36666666666666664,0.37349073118183046,-0.866025403784439,0.49999999999999933,0.48530196253108104,-0.8743466161445821,0.9749279121818236,-0.22252093395631434
-0.08004294242410981,-0.08004294242410981,-0.08004294242410981,-0.08004294242410981,1.5686159179138452,0.36666666666666664,0.3735356164998429,-0.866025403784439,0.49999999999999933,0.29936312297335804,-0.9541392564000488,0.43388373911755823,-0.900968867902419
0.0,0.0,0.0,0.0,-8.881836305004146,0.36666666666666664,0.3735805018178554,-0.866025403784439,0.49999999999999933,0.10116832198743272,-0.994869323391895,-0.433883739117558,-0.9009688679024191
0.0,0.0,0.0,0.0,0.0,0.36666666666666664,0.3736253871358679,-0.866025403784439,0.49999999999999933,-0.10116832198743204,-0.9948693233918952,-0.9749279121818236,-0.2225209339563146
-0.18232125161821996,-0.18232125161821996,-0.18232125161821996,-0.18232125161821996,6.802394763324311,0.36666666666666664,0.3737600430899053,-0.866025403784439,0.49999999999999933,-0.6513724827222217,-0.7587581226927913,0.7818314824680298,0.6234898018587336
0.0,0.0,0.0,0.0,-6.802394763324311,0.36666666666666664,0.3738049284079178,-0.866025403784439,0.49999999999999933,-0.7907757369376986,-0.6121059825476627,0.9749279121818236,-0.22252093395631434
0.0,0.0,0.0,0.0,0.0,0.36666666666666664,0.3738498137259303,-0.866025403784439,0.49999999999999933,-0.8978045395707417,-0.44039415155763423,0.43388373911755823,-0.900968867902419
0.0,0.0,0.0,0.0,0.0,0.36666666666666664,0.37389469904394274,-0.866025403784439,0.49999999999999933,-0.9680771188662041,-0.2506525322587213,-0.433883739117558,-0.9009688679024191
0.0,0.0,0.0,0.0,4.0943445622221,0.36666666666666664,0.37393958436195524,-0.866025403784439,0.49999999999999933,-0.9987165071710528,-0.05064916883871355,-0.9749279121818236,-0.2225209339563146
0.0,0.0,0.0,0.0,-4.0943445622221,0.36666666666666664,0.3740742403159927,-0.866025403784439,0.49999999999999933,-0.8486442574947509,0.5289640103269624,0.7818314824680298,0.6234898018587336
0.0,0.0,0.0,0.0,0.0,0.36666666666666664,0.3741191256340051,-0.866025403784439,0.49999999999999933,-0.7247927872291207,0.6889669190756859,0.9749279121818236,-0.22252093395631434
0.0,0.0,0.0,0.0,0.0,0.36666666666666664,0.3741640109520176,-0.866025403784439,0.49999999999999933,-0.5712682150947924,0.8207634412072763,0.43388373911755823,-0.900968867902419
0.0,0.18232125161821996,0.0,0.18232125161821996,7.512071245835466,0.36666666666666664,0.3742088962700301,-0.866025403784439,0.49999999999999933,-0.3943558551133187,0.9189578116202306,-0.433883739117558,-0.9009688679024191
0.18232125161821996,0.0,0.18232125161821996,0.0,-7.512071245835466,0.36666666666666664,0.37425378158804257,-0.866025403784439,0.49999999999999933,-0.20129852008866114,0.9795299412524943,-0.9749279121818236,-0.2225209339563146
0.0,0.0,0.0,0.0,0.0,0.36666666666666664,0.37438843754208,-0.5000000000000012,0.8660254037844379,0.39435585511331855,0.9189578116202306,0.7818314824680298,0.6234898018587336
0.0,0.0,0.0,0.0,0.0,0.36666666666666664,0.3744333228600925,-0.5000000000000012,0.8660254037844379,0.5712682150947923,0.8207634412072763,0.9749279121818236,-0.22252093395631434
0.0,0.0,0.0,0.0,0.0,0.36666666666666664,0.37447820817810495,-0.5000000000000012,0.8660254037844379,0.72479278722912,0.6889669190756866,0.43388373911755823,-0.900968867902419
0.0,0.0,0.0,0.0,0.0,0.36666666666666664,0.37452309349611745,-0.5000000000000012,0.8660254037844379,0.8486442574947509,0.5289640103269624,-0.433883739117558,-0.9009688679024191
-0.18232125161821996,-0.18232125161821996,-0.18232125161821996,-0.18232125161821996,3.4011973816621555,0.36666666666666664,0.3745679788141299,-0.5000000000000012,0.8660254037844379,0.9377521321470804,0.3473052528448203,-0.9749279121818236,-0.2225209339563146
0.0,0.0,0.0,0.0,-3.4011973816621555,0.36666666666666664,0.37470263476816734,-0.5000000000000012,0.8660254037844379,0.9680771188662043,-0.2506525322587204,0.7818314824680298,0.6234898018587336
0.0,0.0,0.0,0.0,0.0,0.36666666666666664,0.37474752008617984,-0.5000000000000012,0.8660254037844379,0.8978045395707416,-0.4403941515576344,0.9749279121818236,-0.22252093395631434
0.0,0.0,0.0,0.0,4.499809670330265,0.36666666666666664,0.3747924054041923,-0.5000000000000012,0.8660254037844379,0.7907757369376989,-0.6121059825476626,0.43388373911755823,-0.900968867902419
0.0,0.0,0.0,0.0,-4.499809670330265,0.36666666666666664,0.3748372907222048,-0.5000000000000012,0.8660254037844379,0.6513724827222223,-0.758758122692791,-0.433883739117558,-0.9009688679024191
0.18232125161821996,0.18232125161821996,0.18232125161821996,0.18232125161821996,8.411832675758411,0.36666666666666664,0.3748821760402173,-0.5000000000000012,0.8660254037844379,0.48530196253108104,-0.8743466161445821,-0.9749279121818236,-0.2225209339563146
0.0,0.0,0.0,0.0,-1.0986122886681098,0.36666666666666664,0.37501683199425473,-0.5000000000000012,0.8660254037844379,-0.10116832198743204,-0.9948693233918952,0.7818314824680298,0.6234898018587336
0.0,0.0,0.0,0.0,-7.313220387090301,0.36666666666666664,0.3750617173122672,-0.5000000000000012,0.8660254037844379,-0.29936312297335776,-0.9541392564000489,0.9749279121818236,-0.22252093395631434
0.0,0.0,0.0,0.0,0.0,0.36666666666666664,0.3751066026302797,-0.5000000000000012,0.8660254037844379,-0.4853019625310808,-0.8743466161445822,0.43388373911755823,-0.900968867902419
0.0,0.0,0.0,0.0,0.0,0.36666666666666664,0.3751514879482921,-0.5000000000000012,0.8660254037844379,-0.6513724827222217,-0.7587581226927913,-0.433883739117558,-0.9009688679024191
-0.18232125161821996,-0.18232125161821996,-0.18232125161821996,-0.18232125161821996,5.598421958998375,0.36666666666666664,0.3751963732663046,-0.5000000000000012,0.8660254037844379,-0.7907757369376986,-0.6121059825476627,-0.9749279121818236,-0.2225209339563146
0.4700035148048459,0.4700035148048459,0.4700035148048459,0.4700035148048459,1.0216512475319812,0.36666666666666664,0.37533102922034206,-0.5000000000000012,0.8660254037844379,-0.9987165071710528,-0.05064916883871355,0.7818314824680298,0.6234898018587336
0.0,0.0,0.0,0.0,-0.916290731874155,0.36666666666666664,0.3753759145383545,-0.5000000000000012,0.8660254037844379,-0.9884683243281114,0.15142777750457667,0.9749279121818236,-0.22252093395631434
-0.06453871187241629,0.0,0.0,-0.06453871187241629,1.0986122886681098,0.36666666666666664,0.375420799856367,-0.5000000000000012,0.8660254037844379,-0.9377521321470804,0.3473052528448203,0.43388373911755823,-0.900968867902419
0.0,-0.06453871187241629,-0.06453871187241629,0.0,-6.802394763324311,0.36666666666666664,0.37551057049239195,-0.5000000000000012,0.8660254037844379,-0.7247927872291207,0.6889669190756859,-0.9749279121818236,-0.2225209339563146
0.0,0.0,0.0,0.0,0.0,0.36666666666666664,0.3756452264464294,-0.5000000000000012,0.8660254037844379,-0.20129852008866114,0.9795299412524943,0.7818314824680298,0.6234898018587336
0.0,0.0,0.0,0.0,0.0,0.36666666666666664,0.3756901117644419,-2.4492935982947064e-16,1.0,0.20129852008866006,0.9795299412524945,0.9749279121818236,-0.22252093395631434
0.0,0.0,0.0,0.0,0.0,0.36666666666666664,0.37573499708245434,-2.4492935982947064e-16,1.0,0.39435585511331855,0.9189578116202306,0.43388373911755823,-0.900968867902419
0.0,0.0,0.0,0.0,0.0,0.36666666666666664,0.37577988240046684,-2.4492935982947064e-16,1.0,0.5712682150947923,0.8207634412072763,-0.433883739117558,-0.9009688679024191
0.0,0.0,0.0,0.0,0.0,0.36666666666666664,0.37582476771847934,-2.4492935982947064e-16,1.0,0.72479278722912,0.6889669190756866,-0.9749279121818236,-0.2225209339563146
0.0,0.0,0.0,0.0,0.0,0.36666666666666664,0.3759594236725167,-2.4492935982947064e-16,1.0,0.9884683243281114,0.1514277775045767,0.7818314824680298,0.6234898018587336
0.0,0.0,0.0,0.0,0.0,0.36666666666666664,0.3760043089905292,-2.4492935982947064e-16,1.0,0.9987165071710528,-0.05064916883871264,0.9749279121818236,-0.22252093395631434
0.0,0.0,0.0,0.0,0.0,0.36666666666666664,0.3760491943085417,-2.4492935982947064e-16,1.0,0.9680771188662043,-0.2506525322587204,0.43388373911755823,-0.900968867902419
0.0,0.0,0.0,0.0,0.0,0.36666666666666664,0.37609407962655417,-2.4492935982947064e-16,1.0,0.8978045395707416,-0.4403941515576344,-0.433883739117558,-0.9009688679024191
-0.31015520573640637,-0.31015520573640637,-0.31015520573640637,-0.31015520573640637,5.703782474656201,0.36666666666666664,0.37613896494456667,-2.4492935982947064e-16,1.0,0.7907757369376989,-0.6121059825476626,-0.9749279121818236,-0.2225209339563146
0.0,0.0,0.0,0.0,1.252762968495368,0.36666666666666664,0.3762736208986041,-2.4492935982947064e-16,1.0,0.29936312297335804,-0.9541392564000488,0.7818314824680298,0.6234898018587336
0.0,0.0,0.0,0.0,-6.956545443151569,0.36666666666666664,0.37631850621661656,-2.4492935982947064e-16,1.0,0.10116832198743272,-0.994869323391895,0.9749279121818236,-0.22252093395631434
0.0,0.0,0.0,0.0,5.966146739123692,0.36666666666666664,0.37636339153462905,-2.4492935982947064e-16,1.0,-0.10116832198743204,-0.9948693233918952,0.43388373911755823,-0.900968867902419
0.0,0.0,0.0,0.0,-5.966146739123692,0.36666666666666664,0.3764082768526415,-2.4492935982947064e-16,1.0,-0.29936312297335776,-0.9541392564000489,-0.433883739117558,-0.9009688679024191
0.08701165442219665,0.08701165442219665,0.08701165442219665,0.08701165442219665,8.364042011922063,0.36666666666666664,0.376453162170654,-2.4492935982947064e-16,1.0,-0.4853019625310808,-0.8743466161445822,-0.9749279121818236,-0.2225209339563146
0.0,0.0,0.0,0.0,-8.364042011922063,0.36666666666666664,0.37658781812469144,-2.4492935982947064e-16,1.0,-0.8978045395707417,-0.44039415155763423,0.7818314824680298,0.6234898018587336
0.0,0.0,0.0,0.0,0.0,0.36666666666666664,0.37663270344270394,-2.4492935982947064e-16,1.0,-0.9680771188662041,-0.2506525322587213,0.9749279121818236,-0.22252093395631434
0.0,0.0,0.0,0.0,5.703782474656201,0.36666666666666664,0.3766775887607164,-2.4492935982947064e-16,1.0,-0.9987165071710528,-0.05064916883871355,0.43388373911755823,-0.900968867902419
0.0,0.0,0.0,0.0,-5.703782474656201,0.36666666666666664,0.3767224740787289,-2.4492935982947064e-16,1.0,-0.9884683243281114,0.15142777750457667,-0.433883739117558,-0.9009688679024191
0.0,0.0,0.0,0.0,0.0,0.36666666666666664,0.3769020153507788,-2.4492935982947064e-16,1.0,-0.5712682150947924,0.8207634412072763,0.7818314824680298,0.6234898018587336
0.0,0.0,0.0,0.0,0.0,0.36666666666666664,0.3769469006687913,-2.4492935982947064e-16,1.0,-0.3943558551133187,0.9189578116202306,0.9749279121818236,-0.22252093395631434
0.0,0.0,0.0,0.0,0.0,0.36666666666666664,0.3769917859868037,-2.4492935982947064e-16,1.0,-0.20129852008866114,0.9795299412524943,0.43388373911755823,-0.900968867902419
0.0,0.0,0.0,0.0,0.0,0.36666666666666664,0.3770366713048162,-2.4492935982947064e-16,1.0,-2.4492935982947064e-16,1.0,-0.433883739117558,-0.9009688679024191
0.0,0.0,0.0,0.0,5.703782474656201,0.3833333333333333,0.3772162125768661,0.49999999999999994,0.8660254037844387,0.72479278722912,0.6889669190756866,0.7818314824680298,0.6234898018587336
0.0,0.0,0.0,0.0,-5.703782474656201,0.3833333333333333,0.3772610978948786,0.49999999999999994,0.8660254037844387,0.8486442574947509,0.5289640103269624,0.9749279121818236,-0.22252093395631434
0.0,0.0,0.0,0.0,3.4011973816621555,0.3833333333333333,0.3773059832128911,0.49999999999999994,0.8660254037844387,0.9377521321470804,0.3473052528448203,0.43388373911755823,-0.900968867902419
0.0,0.0,0.0,0.0,-3.4011973816621555,0.3833333333333333,0.37735086853090355,0.49999999999999994,0.8660254037844387,0.9884683243281114,0.1514277775045767,-0.433883739117558,-0.9009688679024191
0.0,0.0,0.0,0.0,0.0,0.3833333333333333,0.37739575384891605,0.49999999999999994,0.8660254037844387,0.9987165071710528,-0.05064916883871264,-0.9749279121818236,-0.2225209339563146
0.0,0.0,0.0,0.0,0.0,0.3833333333333333,0.3775304098029535,0.49999999999999994,0.8660254037844387,0.7907757369376989,-0.6121059825476626,0.7818314824680298,0.6234898018587336
0.0,0.15415046184453357,0.0,0.15415046184453357,7.783224016336037,0.3833333333333333,0.37757529512096594,0.49999999999999994,0.8660254037844387,0.6513724827222223,-0.758758122692791,0.9749279121818236,-0.22252093395631434
0.4054651081081644,0.25131464626363065,0.4054651081081644,0.25131464626363065,-4.382026634673881,0.3833333333333333,0.37762018043897844,0.49999999999999994,0.8660254037844387,0.48530196253108104,-0.8743466161445821,0.43388373911755823,-0.900968867902419
0.0,0.0,0.0,0.0,2.302585092994046,0.3833333333333333,0.37766506575699094,0.49999999999999994,0.8660254037844387,0.29936312297335804,-0.9541392564000488,-0.433883739117558,-0.9009688679024191
0.0,0.0,0.0,0.0,-5.703782474656201,0.3833333333333333,0.3777099510750034,0.49999999999999994,0.8660254037844387,0.10116832198743272,-0.994869323391895,-0.9749279121818236,-0.2225209339563146
0.0,0.0,0.0,0.0,6.396929655216146,0.3833333333333333,0.3778446070290408,0.49999999999999994,0.8660254037844387,-0.4853019625310808,-0.8743466161445822,0.7818314824680298,0.6234898018587336
0.0,0.0,0.0,0.0,-6.396929655216146,0.3833333333333333,0.3778894923470533,0.49999999999999994,0.8660254037844387,-0.6513724827222217,-0.7587581226927913,0.9749279121818236,-0.22252093395631434
0.0,0.0,0.0,0.0,0.0,0.3833333333333333,0.37793437766506577,0.49999999999999994,0.8660254037844387,-0.7907757369376986,-0.6121059825476627,0.43388373911755823,-0.900968867902419
0.0,0.0,0.0,0.0,6.396929655216146,0.3833333333333333,0.37797926298307827,0.49999999999999994,0.8660254037844387,-0.8978045395707417,-0.44039415155763423,-0.433883739117558,-0.9009688679024191
-0.11778284492153843,-0.11778284492153843,-0.11778284492153843,-0.11778284492153843,3.5553480614894135,0.3833333333333333,0.3780241483010907,0.49999999999999994,0.8660254037844387,-0.9680771188662041,-0.2506525322587213,-0.9749279121818236,-0.2225209339563146
-0.20763932076251615,0.11778284492153841,0.11778284492153841,-0.20763932076251615,-3.4600378816850887,0.3833333333333333,0.37815880425512816,0.49999999999999994,0.8660254037844387,-0.9377521321470804,0.3473052528448203,0.7818314824680298,0.6234898018587336
0.20763932076251612,-0.11778284492153843,-0.11778284492153843,0.20763932076251612,3.0182051294060495,0.3833333333333333,0.37820368957314066,0.49999999999999994,0.8660254037844387,-0.8486442574947509,0.5289640103269624,0.9749279121818236,-0.22252093395631434
0.11778284492153841,0.11778284492153841,0.11778284492153841,0.11778284492153841,-3.8066624897703196,0.3833333333333333,0.37824857489115316,0.49999999999999994,0.8660254037844387,-0.7247927872291207,0.6889669190756859,0.43388373911755823,-0.900968867902419
0.0,0.0,0.0,0.0,-5.703782474656201,0.3833333333333333,0.3782934602091656,0.49999999999999994,0.8660254037844387,-0.5712682150947924,0.8207634412072763,-0.433883739117558,-0.9009688679024191
0.0,0.0,0.0,0.0,0.0,0.3833333333333333,0.3783383455271781,0.49999999999999994,0.8660254037844387,-0.3943558551133187,0.9189578116202306,-0.9749279121818236,-0.2225209339563146
0.0,0.0,0.0,0.0,0.0,0.3833333333333333,0.37847300148121554,0.8660254037844386,0.5000000000000001,0.20129852008866006,0.9795299412524945,0.7818314824680298,0.6234898018587336
-0.3254221656840546,-0.3254221656840546,-0.3254221656840546,-0.3254221656840546,3.4011973816621555,0.3833333333333333,0.378517886799228,0.8660254037844386,0.5000000000000001,0.39435585511331855,0.9189578116202306,0.9749279121818236,-0.22252093395631434
0.0,0.0,0.0,0.0,5.0106352940962555,0.3833333333333333,0.3785627721172405,0.8660254037844386,0.5000000000000001,0.5712682150947923,0.8207634412072763,0.43388373911755823,-0.900968867902419
0.07410751942042379,0.07410751942042379,0.07410751942042379,0.07410751942042379,-2.3025850929940455,0.3833333333333333,0.37860765743525293,0.8660254037844386,0.5000000000000001,0.72479278722912,0.6889669190756866,-0.433883739117558,-0.9009688679024191
0.0,0.0,0.0,0.0,1.2039728043259361,0.3833333333333333,0.37865254275326543,0.8660254037844386,0.5000000000000001,0.8486442574947509,0.5289640103269624,-0.9749279121818236,-0.2225209339563146
0.0,0.0,0.0,0.0,-7.313220387090301,0.3833333333333333,0.3787871987073029,0.8660254037844386,0.5000000000000001,0.9987165071710528,-0.05064916883871264,0.7818314824680298,0.6234898018587336
0.0,0.0,0.0,0.0,0.0,0.3833333333333333,0.3788320840253153,0.8660254037844386,0.5000000000000001,0.9680771188662043,-0.2506525322587204,0.9749279121818236,-0.22252093395631434
0.1335318013420924,0.1335318013420924,0.1335318013420924,0.1335318013420924,5.703782474656201,0.3833333333333333,0.3788769693433278,0.8660254037844386,0.5000000000000001,0.8978045395707416,-0.4403941515576344,0.43388373911755823,-0.900968867902419
-0.287682263186626,-0.13353180134209242,-0.287682263186626,-0.13353180134209242,2.6100697927420065,0.3833333333333333,0.3789218546613403,0.8660254037844386,0.5000000000000001,0.7907757369376989,-0.6121059825476626,-0.433883739117558,-0.9009688679024191
0.15415046184453357,0.0,0.15415046184453357,0.0,-8.313852267398207,0.3833333333333333,0.37896673997935276,0.8660254037844386,0.5000000000000001,0.6513724827222223,-0.758758122692791,-0.9749279121818236,-0.2225209339563146
0.1335318013420924,0.1335318013420924,0.1335318013420924,0.1335318013420924,8.006367567650246,0.3833333333333333,0.3791462812514027,0.8660254037844386,0.5000000000000001,-0.10116832198743204,-0.9948693233918952,0.9749279121818236,-0.22252093395631434
0.0,0.0,0.0,0.0,-8.006367567650246,0.3833333333333333,0.37919116656941515,0.8660254037844386,0.5000000000000001,-0.29936312297335776,-0.9541392564000489,0.43388373911755823,-0.900968867902419
0.0,0.0,0.0,0.0,8.476371196895983,0.3833333333333333,0.37923605188742765,0.8660254037844386,0.5000000000000001,-0.4853019625310808,-0.8743466161445822,-0.433883739117558,-0.9009688679024191
-0.13353180134209242,0.0,0.0,0.0,-0.8704811958428609,0.3833333333333333,0.37928093720544015,0.8660254037844386,0.5000000000000001,-0.6513724827222217,-0.7587581226927913,-0.9749279121818236,-0.2225209339563146
0.0,-0.13353180134209242,-0.13353180134209242,-0.13353180134209242,-2.2587824703356527,0.3833333333333333,0.37941559315947754,0.8660254037844386,0.5000000000000001,-0.9680771188662041,-0.2506525322587213,0.7818314824680298,0.6234898018587336
0.0,0.0,0.0,0.0,-5.3471075307174685,0.3833333333333333,0.37946047847749004,0.8660254037844386,0.5000000000000001,-0.9987165071710528,-0.05064916883871355,0.9749279121818236,-0.22252093395631434
0.0,0.0,0.0,0.0,0.0,0.3833333333333333,0.37950536379550254,0.8660254037844386,0.5000000000000001,-0.9884683243281114,0.15142777750457667,0.43388373911755823,-0.900968867902419
0.0,0.0,0.0,0.0,0.0,0.3833333333333333,0.379550249113515,0.8660254037844386,0.5000000000000001,-0.9377521321470804,0.3473052528448203,-0.433883739117558,-0.9009688679024191
0.0,0.0,0.0,0.0,7.313220387090301,0.3833333333333333,0.3795951344315275,0.8660254037844386,0.5000000000000001,-0.8486442574947509,0.5289640103269624,-0.9749279121818236,-0.2225209339563146
0.0,0.0,0.0,0.0,-7.313220387090301,0.3833333333333333,0.3797297903855649,1.0,6.123233995736766e-17,0.20129852008866006,0.9795299412524945,0.7818314824680298,0.6234898018587336
0.0,0.1941560529085005,0.0,0.1941560529085005,8.565983355585669,0.3833333333333333,0.37977467570357737,1.0,6.123233995736766e-17,0.39435585511331855,0.9189578116202306,0.9749279121818236,-0.22252093395631434
0.1335318013420924,0.05715859335513014,0.25131464626363065,-0.06062425156640816,-0.15415067982725836,0.3833333333333333,0.37981956102158987,1.0,6.123233995736766e-17,0.5712682150947923,0.8207634412072763,0.43388373911755823,-0.900968867902419
-0.06453871187241629,0.10536036306992398,-0.11778284492153843,0.0,2.1041341542702074,0.3833333333333333,0.37986444633960237,1.0,6.123233995736766e-17,0.72479278722912,0.6889669190756866,-0.433883739117558,-0.9009688679024191
0.06453871187241629,-0.22314320799146234,0.0,0.0,-10.515966830028619,0.3833333333333333,0.3799093316576148,1.0,6.123233995736766e-17,0.8486442574947509,0.5289640103269624,-0.9749279121818236,-0.2225209339563146
0.0,0.0,0.0,0.0,0.0,0.3833333333333333,0.38004398761165226,1.0,6.123233995736766e-17,0.9987165071710528,-0.05064916883871264,0.7818314824680298,0.6234898018587336
0.0,0.0,0.0,0.0,0.0,0.3833333333333333,0.38008887292966476,1.0,6.123233995736766e-17,0.9680771188662043,-0.2506525322587204,0.9749279121818236,-0.22252093395631434
0.11778284492153841,0.11778284492153841,0.11778284492153841,0.11778284492153841,5.19295685089021,0.3833333333333333,0.3801337582476772,1.0,6.123233995736766e-17,0.8978045395707416,-0.4403941515576344,0.43388373911755823,-0.900968867902419
-0.2513146462636307,0.0,0.0,0.0,2.0794415416798357,0.3833333333333333,0.3801786435656897,1.0,6.123233995736766e-17,0.7907757369376989,-0.6121059825476626,-0.433883739117558,-0.9009688679024191
0.0,0.0,0.0,-0.2513146462636307,1.6971434928532059,0.3833333333333333,0.38022352888370214,1.0,6.123233995736766e-17,0.6513724827222223,-0.758758122692791,-0.9749279121818236,-0.2225209339563146
0.1335318013420924,0.0,0.0,0.1335318013420924,-0.007662872745569137,0.3833333333333333,0.3803581848377396,1.0,6.123233995736766e-17,0.10116832198743272,-0.994869323391895,0.7818314824680298,0.6234898018587336
0.0,0.0,0.0,0.0,-1.8718021769015913,0.3833333333333333,0.3804030701557521,1.0,6.123233995736766e-17,-0.10116832198743204,-0.9948693233918952,0.9749279121818236,-0.22252093395631434
0.0,-0.11778284492153843,-0.11778284492153843,0.0,-7.090076835776092,0.3833333333333333,0.38044795547376453,1.0,6.123233995736766e-17,-0.29936312297335776,-0.9541392564000489,0.43388373911755823,-0.900968867902419
0.0,0.0,0.0,0.0,0.0,0.3833333333333333,0.38049284079177703,1.0,6.123233995736766e-17,-0.4853019625310808,-0.8743466161445822,-0.433883739117558,-0.9009688679024191
0.0,0.11778284492153841,0.11778284492153841,0.0,10.074495349429808,0.3833333333333333,0.38053772610978953,1.0,6.123233995736766e-17,-0.6513724827222217,-0.7587581226927913,-0.9749279121818236,-0.2225209339563146
0.0,-0.11778284492153843,-0.11778284492153843,0.0,-10.074495349429808,0.3833333333333333,0.3806723820638269,1.0,6.123233995736766e-17,-0.9680771188662041,-0.2506525322587213,0.7818314824680298,0.6234898018587336
0.11778284492153841,0.11778284492153841,0.11778284492153841,0.11778284492153841,7.090076835776092,0.3833333333333333,0.3807172673818394,1.0,6.123233995736766e-17,-0.9987165071710528,-0.05064916883871355,0.9749279121818236,-0.22252093395631434
-0.05715859335513019,0.0,0.0,-0.05715859335513019,0.9162907318741551,0.3833333333333333,0.3807621526998519,1.0,6.123233995736766e-17,-0.9884683243281114,0.15142777750457667,0.43388373911755823,-0.900968867902419
0.0,-0.05715859335513019,-0.05715859335513019,0.0,-8.006367567650246,0.3833333333333333,0.38080703801786436,1.0,6.123233995736766e-17,-0.9377521321470804,0.3473052528448203,-0.433883739117558,-0.9009688679024191
0.0,0.0,0.0,0.0,0.0,0.3833333333333333,0.38085192333587686,1.0,6.123233995736766e-17,-0.8486442574947509,0.5289640103269624,-0.9749279121818236,-0.2225209339563146
0.0,0.0,0.0,0.0,0.0,0.3833333333333333,0.3809865792899143,1.0,6.123233995736766e-17,-0.3943558551133187,0.9189578116202306,0.7818314824680298,0.6234898018587336
0.0,0.0,0.0,0.0,0.0,0.3833333333333333,0.38103146460792675,1.0,6.123233995736766e-17,-0.20129852008866114,0.9795299412524943,0.9749279121818236,-0.22252093395631434
0.0,0.0,0.0,0.0,0.0,0.3833333333333333,0.38107634992593925,1.0,6.123233995736766e-17,-2.4492935982947064e-16,1.0,0.43388373911755823,-0.900968867902419
-0.06062425156640816,-0.06062425156640816,-0.06062425156640816,-0.06062425156640816,7.313220387090301,0.3833333333333333,0.38112123524395175,0.8660254037844387,-0.4999999999999998,0.20129852008866006,0.9795299412524945,-0.433883739117558,-0.9009688679024191
0.11778284492153841,0.11778284492153841,0.11778284492153841,0.11778284492153841,-1.6094379124341003,0.3833333333333333,0.3811661205619642,0.8660254037844387,-0.4999999999999998,0.39435585511331855,0.9189578116202306,-0.9749279121818236,-0.2225209339563146
-0.2513146462636307,0.0,0.0,0.0,1.547562508716013,0.3833333333333333,0.38130077651600164,0.8660254037844387,-0.4999999999999998,0.8486442574947509,0.5289640103269624,0.7818314824680298,0.6234898018587336
0.25131464626363065,0.0,0.0,0.0,-7.251344983372214,0.3833333333333333,0.38134566183401414,0.8660254037844387,-0.4999999999999998,0.9377521321470804,0.3473052528448203,0.9749279121818236,-0.22252093395631434
0.0,0.0,0.0,0.0,0.0,0.3833333333333333,0.3813905471520266,0.8660254037844387,-0.4999999999999998,0.9884683243281114,0.1514277775045767,0.43388373911755823,-0.900968867902419
-0.05715859335513019,0.0,0.0,-0.05715859335513019,7.495541943884256,0.3833333333333333,0.3814354324700391,0.8660254037844387,-0.4999999999999998,0.9987165071710528,-0.05064916883871264,-0.433883739117558,-0.9009688679024191
-0.06062425156640816,-0.11778284492153843,-0.11778284492153843,-0.06062425156640816,-0.40546510810816444,0.3833333333333333,0.38161497374208897,0.8660254037844387,-0.4999999999999998,0.6513724827222223,-0.758758122692791,0.7818314824680298,0.6234898018587336
0.0,0.0,0.0,0.0,0.9162907318741551,0.3833333333333333,0.38165985906010147,0.8660254037844387,-0.4999999999999998,0.48530196253108104,-0.8743466161445821,0.9749279121818236,-0.22252093395631434
-0.13353180134209242,-0.13353180134209242,-0.13353180134209242,-0.13353180134209242,-1.8971199848858813,0.3833333333333333,0.38170474437811397,0.8660254037844387,-0.4999999999999998,0.29936312297335804,-0.9541392564000488,0.43388373911755823,-0.900968867902419
0.0,0.0,0.0,0.0,-6.1092475827643655,0.3833333333333333,0.3817496296961264,0.8660254037844387,-0.4999999999999998,0.10116832198743272,-0.994869323391895,-0.433883739117558,-0.9009688679024191
0.1335318013420924,0.25131464626363065,0.25131464626363065,0.1335318013420924,9.78131991856192,0.3833333333333333,0.3817945150141389,0.8660254037844387,-0.4999999999999998,-0.10116832198743204,-0.9948693233918952,-0.9749279121818236,-0.2225209339563146
0.11778284492153841,0.0,0.0,0.11778284492153841,-3.4897507790036,0.3833333333333333,0.38192917096817636,0.8660254037844387,-0.4999999999999998,-0.6513724827222217,-0.7587581226927913,0.7818314824680298,0.6234898018587336
-0.11778284492153843,0.0,0.0,-0.11778284492153843,2.120263536200091,0.3833333333333333,0.3819740562861888,0.8660254037844387,-0.4999999999999998,-0.7907757369376986,-0.6121059825476627,0.9749279121818236,-0.22252093395631434
0.0,-0.11778284492153843,-0.11778284492153843,0.0,-8.411832675758411,0.3833333333333333,0.3820189416042013,0.8660254037844387,-0.4999999999999998,-0.8978045395707417,-0.44039415155763423,0.43388373911755823,-0.900968867902419
0.0,0.0,0.0,0.0,0.0,0.3833333333333333,0.38206382692221375,0.8660254037844387,-0.4999999999999998,-0.9680771188662041,-0.2506525322587213,-0.433883739117558,-0.9009688679024191
0.0,0.0,0.0,0.0,0.0,0.3833333333333333,0.38210871224022624,0.8660254037844387,-0.4999999999999998,-0.9987165071710528,-0.05064916883871355,-0.9749279121818236,-0.2225209339563146
-0.13353180134209242,-0.13353180134209242,-0.13353180134209242,-0.13353180134209242,6.1092475827643655,0.3833333333333333,0.3822433681942637,0.8660254037844387,-0.4999999999999998,-0.8486442574947509,0.5289640103269624,0.7818314824680298,0.6234898018587336
0.0,0.0,0.0,0.0,-6.1092475827643655,0.3833333333333333,0.38228825351227613,0.8660254037844387,-0.4999999999999998,-0.7247927872291207,0.6889669190756859,0.9749279121818236,-0.22252093395631434
0.1335318013420924,0.1335318013420924,0.1335318013420924,0.1335318013420924,5.703782474656201,0.3833333333333333,0.38233313883028863,0.8660254037844387,-0.4999999999999998,-0.5712682150947924,0.8207634412072763,0.43388373911755823,-0.900968867902419
0.0,0.11778284492153841,0.11778284492153841,0.0,3.367295829986474,0.3833333333333333,0.38237802414830113,0.8660254037844387,-0.4999999999999998,-0.3943558551133187,0.9189578116202306,-0.433883739117558,-0.9009688679024191
0.0,0.0,0.0,0.0,-1.3523928094442093,0.3833333333333333,0.3824229094663136,0.8660254037844387,-0.4999999999999998,-0.20129852008866114,0.9795299412524943,-0.9749279121818236,-0.2225209339563146
0.0,-0.11778284492153843,-0.11778284492153843,0.0,-7.718685495198466,0.3833333333333333,0.382557565420351,0.5000000000000003,-0.8660254037844385,0.5712682150947923,0.8207634412072763,0.7818314824680298,0.6234898018587336
0.0,0.11778284492153841,0.11778284492153841,0.0,8.536995818712418,0.3833333333333333,0.3826024507383635,0.5000000000000003,-0.8660254037844385,0.72479278722912,0.6889669190756866,0.9749279121818236,-0.22252093395631434
0.11778284492153841,0.0,0.0,0.11778284492153841,-2.1400661634962708,0.3833333333333333,0.38264733605637596,0.5000000000000003,-0.8660254037844385,0.8486442574947509,0.5289640103269624,0.43388373911755823,-0.900968867902419
0.0,0.0,0.0,0.0,-6.396929655216146,0.3833333333333333,0.38269222137438846,0.5000000000000003,-0.8660254037844385,0.9377521321470804,0.3473052528448203,-0.433883739117558,-0.9009688679024191
0.0,0.0,0.0,0.0,0.0,0.3833333333333333,0.38273710669240096,0.5000000000000003,-0.8660254037844385,0.9884683243281114,0.1514277775045767,-0.9749279121818236,-0.2225209339563146
-0.11778284492153843,0.0,0.0,-0.11778284492153843,9.230142999272362,0.3833333333333333,0.38287176264643835,0.5000000000000003,-0.8660254037844385,0.8978045395707416,-0.4403941515576344,0.7818314824680298,0.6234898018587336
0.11778284492153841,0.0,0.0,0.11778284492153841,-2.4277482359480516,0.3833333333333333,0.38291664796445085,0.5000000000000003,-0.8660254037844385,0.7907757369376989,-0.6121059825476626,0.9749279121818236,-0.22252093395631434
0.0,0.0,0.0,0.0,-1.0986122886681098,0.3833333333333333,0.38296153328246335,0.5000000000000003,-0.8660254037844385,0.6513724827222223,-0.758758122692791,0.43388373911755823,-0.900968867902419
0.0,0.0,0.0,0.0,-5.703782474656201,0.3833333333333333,0.3830064186004758,0.5000000000000003,-0.8660254037844385,0.48530196253108104,-0.8743466161445821,-0.433883739117558,-0.9009688679024191
0.0,0.0,0.0,0.0,0.0,0.3833333333333333,0.3830513039184883,0.5000000000000003,-0.8660254037844385,0.29936312297335804,-0.9541392564000488,-0.9749279121818236,-0.2225209339563146
0.0,0.0,0.0,0.0,0.0,0.3833333333333333,0.38318595987252574,0.5000000000000003,-0.8660254037844385,-0.29936312297335776,-0.9541392564000489,0.7818314824680298,0.6234898018587336
0.0,0.0,0.0,0.0,7.313220387090301,0.3833333333333333,0.3832308451905382,0.5000000000000003,-0.8660254037844385,-0.4853019625310808,-0.8743466161445822,0.9749279121818236,-0.22252093395631434
0.0,0.0,0.0,0.0,-7.313220387090301,0.3833333333333333,0.3832757305085507,0.5000000000000003,-0.8660254037844385,-0.6513724827222217,-0.7587581226927913,0.43388373911755823,-0.900968867902419
-0.11778284492153843,-0.11778284492153843,-0.11778284492153843,-0.11778284492153843,8.006367567650246,0.3833333333333333,0.3833206158265632,0.5000000000000003,-0.8660254037844385,-0.7907757369376986,-0.6121059825476627,-0.433883739117558,-0.9009688679024191
-0.13353180134209242,0.11778284492153841,-0.13353180134209242,0.11778284492153841,0.26236426446749106,0.3833333333333333,0.3833655011445756,0.5000000000000003,-0.8660254037844385,-0.8978045395707417,-0.44039415155763423,-0.9749279121818236,-0.2225209339563146
0.25131464626363065,0.0,0.25131464626363065,0.0,-8.268731832117737,0.3833333333333333,0.38350015709861307,0.5000000000000003,-0.8660254037844385,-0.9884683243281114,0.15142777750457667,0.7818314824680298,0.6234898018587336
0.0,0.0,0.0,0.0,8.268731832117737,0.3833333333333333,0.38354504241662557,0.5000000000000003,-0.8660254037844385,-0.9377521321470804,0.3473052528448203,0.9749279121818236,-0.22252093395631434
0.0,0.28768207245178085,0.0,0.28768207245178085,-0.8602012652231115,0.3833333333333333,0.383589927734638,0.5000000000000003,-0.8660254037844385,-0.8486442574947509,0.5289640103269624,0.43388373911755823,-0.900968867902419
0.28768207245178085,0.15415078881860286,0.28768207245178085,0.08004259029822902,1.9088688773749642,0.3833333333333333,0.3836348130526505,0.5000000000000003,-0.8660254037844385,-0.7247927872291207,0.6889669190756859,-0.433883739117558,-0.9009688679024191
0.08004259029822902,0.25131431928956155,0.15415078881860286,0.2682641937275654,0.04480327701583832,0.3833333333333333,0.38367969837066296,0.5000000000000003,-0.8660254037844385,-0.5712682150947924,0.8207634412072763,-0.9749279121818236,-0.2225209339563146
0.1431009610159807,-0.11778313102381964,0.13353118826574187,-0.06062480694144971,0.7185938462211094,0.3833333333333333,0.3838592396427129,1.2246467991473532e-16,-1.0,0.20129852008866006,0.9795299412524945,0.9749279121818236,-0.22252093395631434
0.0,0.0,-0.06453842577013497,0.0,-1.7167545555844756,0.3833333333333333,0.38390412496072535,1.2246467991473532e-16,-1.0,0.39435585511331855,0.9189578116202306,0.43388373911755823,-0.900968867902419
-0.0689927624956069,0.0,-0.0689927624956069,0.0,-0.5808179955860256,0.3833333333333333,0.38394901027873785,1.2246467991473532e-16,-1.0,0.5712682150947923,0.8207634412072763,-0.433883739117558,-0.9009688679024191
0.0,-0.06453842577013497,0.0,-0.06453842577013497,0.7712649598238974,0.3833333333333333,0.38399389559675035,1.2246467991473532e-16,-1.0,0.72479278722912,0.6889669190756866,-0.9749279121818236,-0.2225209339563146
0.0,0.06453842577013495,0.0,0.06453842577013495,-0.5481214085096875,0.3833333333333333,0.3841285515507878,1.2246467991473532e-16,-1.0,0.9884683243281114,0.1514277775045767,0.7818314824680298,0.6234898018587336
0.0,-0.13353118826574187,0.0,-0.13353118826574187,-0.5978370007556204,0.3833333333333333,0.38417343686880023,1.2246467991473532e-16,-1.0,0.9987165071710528,-0.05064916883871264,0.9749279121818236,-0.22252093395631434
0.06899276249560701,0.06899276249560701,0.06899276249560701,0.06899276249560701,-0.3184537311185346,0.3833333333333333,0.38421832218681273,1.2246467991473532e-16,-1.0,0.9680771188662043,-0.2506525322587204,0.43388373911755823,-0.900968867902419
-0.0689927624956069,-0.0689927624956069,-0.0689927624956069,-0.0689927624956069,-1.3862943611198906,0.3833333333333333,0.3842632075048252,1.2246467991473532e-16,-1.0,0.8978045395707416,-0.4403941515576344,-0.433883739117558,-0.9009688679024191
0.0,0.13353118826574187,0.13353118826574187,0.0,1.7047480922384253,0.3833333333333333,0.3843080928228377,1.2246467991473532e-16,-1.0,0.7907757369376989,-0.6121059825476626,-0.9749279121818236,-0.2225209339563146
0.0,0.0,-0.13353118826574187,0.0,0.25534669180884456,0.3833333333333333,0.3844427487768751,1.2246467991473532e-16,-1.0,0.29936312297335804,-0.9541392564000488,0.7818314824680298,0.6234898018587336
0.0,-0.13353118826574187,0.0,0.0,-7.6638772587034705,0.3833333333333333,0.38448763409488756,1.2246467991473532e-16,-1.0,0.10116832198743272,-0.994869323391895,0.9749279121818236,-0.22252093395631434
0.0,0.0,0.0,0.0,0.0,0.3833333333333333,0.38453251941290006,1.2246467991473532e-16,-1.0,-0.10116832198743204,-0.9948693233918952,0.43388373911755823,-0.900968867902419
0.0,0.0,0.0,0.0,0.0,0.3833333333333333,0.38457740473091256,1.2246467991473532e-16,-1.0,-0.29936312297335776,-0.9541392564000489,-0.433883739117558,-0.9009688679024191
-0.07410819852037376,-0.07410819852037376,-0.07410819852037376,-0.07410819852037376,5.799092654460526,0.3833333333333333,0.384622290048925,1.2246467991473532e-16,-1.0,-0.4853019625310808,-0.8743466161445822,-0.9749279121818236,-0.2225209339563146
0.0,0.0,0.0,0.0,-5.799092654460526,0.3833333333333333,0.38475694600296245,1.2246467991473532e-16,-1.0,-0.8978045395707417,-0.44039415155763423,0.7818314824680298,0.6234898018587336
0.0,0.0,0.0,0.0,6.835184586147301,0.3833333333333333,0.38480183132097495,1.2246467991473532e-16,-1.0,-0.9680771188662041,-0.2506525322587213,0.9749279121818236,-0.22252093395631434
0.0,0.0,0.0,0.0,0.47803580094299974,0.3833333333333333,0.3848467166389874,1.2246467991473532e-16,-1.0,-0.9987165071710528,-0.05064916883871355,0.43388373911755823,-0.900968867902419
0.0,0.0,0.0,0.0,-1.6094379124341003,0.3833333333333333,0.3848916019569999,1.2246467991473532e-16,-1.0,-0.9884683243281114,0.15142777750457667,-0.433883739117558,-0.9009688679024191
0.2076393867861157,0.2076393867861157,0.2076393867861157,0.2076393867861157,1.0986122886681098,0.3833333333333333,0.3849364872750124,1.2246467991473532e-16,-1.0,-0.9377521321470804,0.3473052528448203,-0.9749279121818236,-0.2225209339563146
0.0,0.0,0.0,0.0,-0.40546510810816444,0.3833333333333333,0.3850711432290498,1.2246467991473532e-16,-1.0,-0.5712682150947924,0.8207634412072763,0.7818314824680298,0.6234898018587336
-0.13353118826574187,-0.06453842577013497,-0.13353118826574187,-0.06453842577013497,1.9095425048844386,0.3833333333333333,0.3851160285470623,1.2246467991473532e-16,-1.0,-0.3943558551133187,0.9189578116202306,0.9749279121818236,-0.22252093395631434
0.0,-0.0689927624956069,0.0,-0.0689927624956069,-1.0986122886681098,0.3833333333333333,0.3851609138650748,1.2246467991473532e-16,-1.0,-0.20129852008866114,0.9795299412524943,0.43388373911755823,-0.900968867902419
0.0,0.0,0.0,0.0,-1.5040773967762742,0.3833333333333333,0.3852057991830872,-0.4999999999999997,-0.8660254037844388,0.20129852008866006,0.9795299412524945,-0.433883739117558,-0.9009688679024191
0.13353118826574187,0.13353118826574187,0.13353118826574187,0.13353118826574187,-2.3025850929940455,0.3833333333333333,0.3852506845010997,-0.4999999999999997,-0.8660254037844388,0.39435585511331855,0.9189578116202306,-0.9749279121818236,-0.2225209339563146
0.0,0.0,0.0,0.0,3.4657359027997265,0.3833333333333333,0.3854302257731496,-0.4999999999999997,-0.8660254037844388,0.9377521321470804,0.3473052528448203,0.9749279121818236,-0.22252093395631434
0.0,0.0,0.0,0.0,1.2347444629926896,0.3833333333333333,0.3854751110911621,-0.4999999999999997,-0.8660254037844388,0.9884683243281114,0.1514277775045767,0.43388373911755823,-0.900968867902419
0.0,0.0,0.0,0.0,-8.101677747454572,0.3833333333333333,0.38551999640917456,-0.4999999999999997,-0.8660254037844388,0.9987165071710528,-0.05064916883871264,-0.433883739117558,-0.9009688679024191
0.0,0.0,0.0,0.0,0.0,0.3833333333333333,0.38556488172718706,-0.4999999999999997,-0.8660254037844388,0.9680771188662043,-0.2506525322587204,-0.9749279121818236,-0.2225209339563146
0.0,0.0,0.0,0.0,0.0,0.3833333333333333,0.3856995376812245,-0.4999999999999997,-0.8660254037844388,0.6513724827222223,-0.758758122692791,0.7818314824680298,0.6234898018587336
-0.13353118826574187,-0.13353118826574187,-0.13353118826574187,-0.13353118826574187,5.886104031450156,0.3833333333333333,0.385744422999237,-0.4999999999999997,-0.8660254037844388,0.48530196253108104,-0.8743466161445821,0.9749279121818236,-0.22252093395631434
0.0,0.13353118826574187,0.13353118826574187,0.06899276249560701,2.3826278006675823,0.3833333333333333,0.38578930831724945,-0.4999999999999997,-0.8660254037844388,0.29936312297335804,-0.9541392564000488,0.43388373911755823,-0.900968867902419
0.0,-0.13353118826574187,-0.13353118826574187,-0.0689927624956069,0.4156692782824061,0.3833333333333333,0.38583419363526195,-0.4999999999999997,-0.8660254037844388,0.10116832198743272,-0.994869323391895,-0.433883739117558,-0.9009688679024191
0.0,0.0,0.0,0.0,-0.41566927828240613,0.3833333333333333,0.3858790789532744,-0.4999999999999997,-0.8660254037844388,-0.10116832198743204,-0.9948693233918952,-0.9749279121818236,-0.2225209339563146
0.0,0.0,0.0,0.0,-8.268731832117737,0.3833333333333333,0.38601373490731183,-0.4999999999999997,-0.8660254037844388,-0.6513724827222217,-0.7587581226927913,0.7818314824680298,0.6234898018587336
-0.15415078881860278,0.13353118826574187,-0.15415078881860278,0.13353118826574187,7.649692623711514,0.3833333333333333,0.38605862022532433,-0.4999999999999997,-0.8660254037844388,-0.7907757369376986,-0.6121059825476627,0.9749279121818236,-0.22252093395631434
0.0,0.0,0.0,0.0,-1.7635885922613588,0.3833333333333333,0.3861035055433368,-0.4999999999999997,-0.8660254037844388,-0.8978045395707417,-0.44039415155763423,0.43388373911755823,-0.900968867902419
0.28768197708434473,0.0,0.28768197708434473,0.0,-5.886104031450156,0.3833333333333333,0.3861483908613493,-0.4999999999999997,-0.8660254037844388,-0.9680771188662041,-0.2506525322587213,-0.433883739117558,-0.9009688679024191
-0.28768197708434473,-0.20763938678611568,-0.28768197708434473,-0.20763938678611568,7.843848638152472,0.3833333333333333,0.3861932761793618,-0.4999999999999997,-0.8660254037844388,-0.9987165071710528,-0.05064916883871355,-0.9749279121818236,-0.2225209339563146
0.0,-0.08004259029822901,0.0,-0.08004259029822901,-4.442651256490317,0.3833333333333333,0.38632793213339917,-0.4999999999999997,-0.8660254037844388,-0.8486442574947509,0.5289640103269624,0.7818314824680298,0.6234898018587336
0.0,0.0,0.0,0.0,4.68213122712422,0.3833333333333333,0.38637281745141167,-0.4999999999999997,-0.8660254037844388,-0.7247927872291207,0.6889669190756859,0.9749279121818236,-0.22252093395631434
0.0,0.0,0.0,0.0,-8.083328608786376,0.3833333333333333,0.38641770276942417,-0.4999999999999997,-0.8660254037844388,-0.5712682150947924,0.8207634412072763,0.43388373911755823,-0.900968867902419
0.15415078881860286,0.15415078881860286,0.15415078881860286,0.15415078881860286,7.855544677915663,0.3833333333333333,0.3864625880874366,-0.4999999999999997,-0.8660254037844388,-0.3943558551133187,0.9189578116202306,-0.433883739117558,-0.9009688679024191
0.0,0.0,0.0,0.0,-7.855544677915663,0.3833333333333333,0.3865074734054491,-0.4999999999999997,-0.8660254037844388,-0.20129852008866114,0.9795299412524943,-0.9749279121818236,-0.2225209339563146
-0.15415078881860278,-0.15415078881860278,-0.15415078881860278,-0.15415078881860278,8.738735461363474,0.3833333333333333,0.38664212935948655,-0.8660254037844385,-0.5000000000000004,0.39435585511331855,0.9189578116202306,0.7818314824680298,0.6234898018587336
0.0,0.040822116590560224,0.0,0.040822116590560224,0.37619472580805113,0.3833333333333333,0.386687014677499,-0.8660254037844385,-0.5000000000000004,0.5712682150947923,0.8207634412072763,0.9749279121818236,-0.22252093395631434
0.0,-0.04082211659056012,0.0,-0.04082211659056012,-0.009950330853168092,0.3833333333333333,0.3867318999955115,-0.8660254037844385,-0.5000000000000004,0.72479278722912,0.6889669190756866,0.43388373911755823,-0.900968867902419
0.0,0.15415078881860286,0.0,0.15415078881860286,0.0033277900926747457,0.3833333333333333,0.386776785313524,-0.8660254037844385,-0.5000000000000004,0.8486442574947509,0.5289640103269624,-0.433883739117558,-0.9009688679024191
0.0,-0.15415078881860278,0.0,-0.15415078881860278,-0.03378699757738321,0.3833333333333333,0.38682167063153644,-0.8660254037844385,-0.5000000000000004,0.9377521321470804,0.3473052528448203,-0.9749279121818236,-0.2225209339563146
-0.08701123827337513,0.08004259029822902,0.0,-0.08701123827337513,-0.2352439582482972,0.3833333333333333,0.3869563265855739,-0.8660254037844385,-0.5000000000000004,0.9680771188662043,-0.2506525322587204,0.7818314824680298,0.6234898018587336
0.0,-0.08004259029822901,0.0,0.0,-1.827161396278971,0.3833333333333333,0.3870012119035864,-0.8660254037844385,-0.5000000000000004,0.8978045395707416,-0.4403941515576344,0.9749279121818236,-0.22252093395631434
-0.0953104711084817,0.0,-0.18232170938185693,0.08701123827337516,-0.20972053098206903,0.3833333333333333,0.38704609722159883,-0.8660254037844385,-0.5000000000000004,0.7907757369376989,-0.6121059825476626,0.43388373911755823,-0.900968867902419
0.0,-0.18232170938185693,0.0,-0.18232170938185693,1.6094379124341003,0.3833333333333333,0.38709098253961133,-0.8660254037844385,-0.5000000000000004,0.6513724827222223,-0.758758122692791,-0.433883739117558,-0.9009688679024191
0.0,0.0,0.0,0.0,-8.411832675758411,0.3833333333333333,0.38713586785762377,-0.8660254037844385,-0.5000000000000004,0.48530196253108104,-0.8743466161445821,-0.9749279121818236,-0.2225209339563146
0.0,0.0,0.0,0.0,7.313220387090301,0.3833333333333333,0.3872705238116612,-0.8660254037844385,-0.5000000000000004,-0.10116832198743204,-0.9948693233918952,0.7818314824680298,0.6234898018587336
0.0,0.09531047110848166,0.0,0.09531047110848166,1.0986122886681098,0.3833333333333333,0.3873154091296737,-0.8660254037844385,-0.5000000000000004,-0.29936312297335776,-0.9541392564000489,0.9749279121818236,-0.22252093395631434
0.09531047110848166,0.0,0.09531047110848166,0.0,-8.411832675758411,0.3833333333333333,0.38736029444768616,-0.8660254037844385,-0.5000000000000004,-0.4853019625310808,-0.8743466161445822,0.43388373911755823,-0.900968867902419
0.08701123827337516,0.1670538285716042,0.08701123827337516,0.1670538285716042,10.308952660644293,0.3833333333333333,0.38740517976569866,-0.8660254037844385,-0.5000000000000004,-0.6513724827222217,-0.7587581226927913,-0.433883739117558,-0.9009688679024191
0.15415078881860286,0.07410819852037367,0.15415078881860286,0.07410819852037367,-3.912023005428146,0.3833333333333333,0.38745006508371116,-0.8660254037844385,-0.5000000000000004,-0.7907757369376986,-0.6121059825476627,-0.9749279121818236,-0.2225209339563146
0.0,0.0,0.0,0.0,-6.396929655216146,0.3833333333333333,0.3875847210377486,-0.8660254037844385,-0.5000000000000004,-0.9987165071710528,-0.05064916883871355,0.7818314824680298,0.6234898018587336
-0.15415078881860278,0.0,0.0,-0.15415078881860278,8.794824928014517,0.3833333333333333,0.38762960635576105,-0.8660254037844385,-0.5000000000000004,-0.9884683243281114,0.15142777750457667,0.9749279121818236,-0.22252093395631434
0.0,-0.15415078881860278,-0.15415078881860278,0.0,-8.794824928014517,0.3833333333333333,0.38767449167377355,-0.8660254037844385,-0.5000000000000004,-0.9377521321470804,0.3473052528448203,0.43388373911755823,-0.900968867902419
0.0,0.0,0.0,0.0,0.0,0.3833333333333333,0.387719376991786,-0.8660254037844385,-0.5000000000000004,-0.8486442574947509,0.5289640103269624,-0.433883739117558,-0.9009688679024191
-0.08701123827337513,-0.08701123827337513,-0.08701123827337513,-0.08701123827337513,5.0106352940962555,0.3833333333333333,0.3877642623097985,-0.8660254037844385,-0.5000000000000004,-0.7247927872291207,0.6889669190756859,-0.9749279121818236,-0.2225209339563146
0.0,0.0,0.0,0.0,-5.0106352940962555,0.3833333333333333,0.38789891826383593,-0.8660254037844385,-0.5000000000000004,-0.20129852008866114,0.9795299412524943,0.7818314824680298,0.6234898018587336
0.08701123827337516,0.24116202709197804,0.08701123827337516,0.08701123827337516,6.956545443151569,0.3833333333333333,0.3879438035818484,-0.8660254037844385,-0.5000000000000004,-2.4492935982947064e-16,1.0,0.9749279121818236,-0.22252093395631434
0.0,-0.15415078881860278,0.0,0.0,-6.956545443151569,0.3833333333333333,0.3879886888998609,-1.0,-1.8369701987210297e-16,0.20129852008866006,0.9795299412524945,0.43388373911755823,-0.900968867902419
0.15415078881860286,0.15415078881860286,0.15415078881860286,0.15415078881860286,8.699514748210191,0.3833333333333333,0.3880335742178734,-1.0,-1.8369701987210297e-16,0.39435585511331855,0.9189578116202306,-0.433883739117558,-0.9009688679024191
0.0,0.0,0.0,0.0,-2.900422093749666,0.3833333333333333,0.3880784595358858,-1.0,-1.8369701987210297e-16,0.5712682150947923,0.8207634412072763,-0.9749279121818236,-0.2225209339563146
0.0,0.0,0.0,0.0,-5.799092654460526,0.3833333333333333,0.38825800080793577,-1.0,-1.8369701987210297e-16,0.9884683243281114,0.1514277775045767,0.9749279121818236,-0.22252093395631434
0.0,0.0,0.0,0.0,0.0,0.3833333333333333,0.3883028861259482,-1.0,-1.8369701987210297e-16,0.9987165071710528,-0.05064916883871264,0.43388373911755823,-0.900968867902419
0.0,0.0,0.0,0.0,8.101677747454572,0.3833333333333333,0.3883477714439607,-1.0,-1.8369701987210297e-16,0.9680771188662043,-0.2506525322587204,-0.433883739117558,-0.9009688679024191
0.0,0.0,0.0,0.0,-8.101677747454572,0.3833333333333333,0.3883926567619732,-1.0,-1.8369701987210297e-16,0.8978045395707416,-0.4403941515576344,-0.9749279121818236,-0.2225209339563146
-0.07410819852037376,-0.07410819852037376,-0.07410819852037376,-0.07410819852037376,6.396929655216146,0.3833333333333333,0.3885273127160106,-1.0,-1.8369701987210297e-16,0.48530196253108104,-0.8743466161445821,0.7818314824680298,0.6234898018587336
0.07410819852037367,0.1431009610159807,0.07410819852037367,0.1431009610159807,1.8325814637483102,0.3833333333333333,0.3885721980340231,-1.0,-1.8369701987210297e-16,0.29936312297335804,-0.9541392564000488,0.9749279121818236,-0.22252093395631434
0.0,0.0,0.06899276249560701,-0.0689927624956069,0.8415671856782185,0.3833333333333333,0.3886170833520356,-1.0,-1.8369701987210297e-16,0.10116832198743272,-0.994869323391895,0.43388373911755823,-0.900968867902419
-0.07410819852037376,-0.1431009610159807,-0.1431009610159807,-0.07410819852037376,-5.66988092298052,0.3833333333333333,0.38866196867004804,-1.0,-1.8369701987210297e-16,-0.10116832198743204,-0.9948693233918952,-0.433883739117558,-0.9009688679024191
0.0,0.0,0.0,0.0,-3.4011973816621555,0.3833333333333333,0.38870685398806054,-1.0,-1.8369701987210297e-16,-0.29936312297335776,-0.9541392564000489,-0.9749279121818236,-0.2225209339563146
0.1431009610159807,0.1431009610159807,0.1431009610159807,0.1431009610159807,7.495541943884256,0.3833333333333333,0.388841509942098,-1.0,-1.8369701987210297e-16,-0.7907757369376986,-0.6121059825476627,0.7818314824680298,0.6234898018587336
-0.1431009610159807,-0.1431009610159807,-0.1431009610159807,-0.1431009610159807,-1.0033021088637848,0.3833333333333333,0.38888639526011043,-1.0,-1.8369701987210297e-16,-0.8978045395707417,-0.44039415155763423,0.9749279121818236,-0.22252093395631434
0.0,0.0,0.0,0.0,-6.492239835020471,0.3833333333333333,0.38893128057812293,-1.0,-1.8369701987210297e-16,-0.9680771188662041,-0.2506525322587213,0.43388373911755823,-0.900968867902419
0.0,0.0,0.0,0.0,7.090076835776092,0.3833333333333333,0.3889761658961354,-1.0,-1.8369701987210297e-16,-0.9987165071710528,-0.05064916883871355,-0.433883739117558,-0.9009688679024191
0.0,0.0,0.0,0.0,-7.090076835776092,0.3833333333333333,0.3890210512141479,-1.0,-1.8369701987210297e-16,-0.9884683243281114,0.15142777750457667,-0.9749279121818236,-0.2225209339563146
-0.08004259029822901,-0.08004259029822901,-0.08004259029822901,-0.08004259029822901,7.313220387090301,0.3833333333333333,0.3891557071681853,-1.0,-1.8369701987210297e-16,-0.7247927872291207,0.6889669190756859,0.7818314824680298,0.6234898018587336
0.0,0.0,0.0,0.0,-7.313220387090301,0.3833333333333333,0.3892005924861978,-1.0,-1.8369701987210297e-16,-0.5712682150947924,0.8207634412072763,0.9749279121818236,-0.22252093395631434
0.0,0.0,0.0,0.0,0.0,0.3833333333333333,0.38924547780421026,-1.0,-1.8369701987210297e-16,-0.3943558551133187,0.9189578116202306,0.43388373911755823,-0.900968867902419
0.0,0.0,0.0,0.0,0.0,0.3833333333333333,0.38929036312222276,-1.0,-1.8369701987210297e-16,-0.20129852008866114,0.9795299412524943,-0.433883739117558,-0.9009688679024191
0.0,0.0,0.0,0.0,0.0,0.3833333333333333,0.3893352484402352,-0.866025403784439,0.49999999999999933,0.20129852008866006,0.9795299412524945,-0.9749279121818236,-0.2225209339563146
0.0,0.0,0.0,0.0,0.0,0.3833333333333333,0.38946990439427265,-0.866025403784439,0.49999999999999933,0.72479278722912,0.6889669190756866,0.7818314824680298,0.6234898018587336
0.0,0.22314355131420976,0.0,0.22314355131420976,8.229511118964457,0.3833333333333333,0.38951478971228515,-0.866025403784439,0.49999999999999933,0.8486442574947509,0.5289640103269624,0.9749279121818236,-0.22252093395631434
0.15415078881860286,0.06453842577013495,0.15415078881860286,-0.0689927624956069,1.165647690004268,0.3833333333333333,0.3895596750302976,-0.866025403784439,0.49999999999999933,0.9377521321470804,0.3473052528448203,0.43388373911755823,-0.900968867902419
0.0,-0.13353118826574187,0.0,0.0,-9.395158808968725,0.3833333333333333,0.3896045603483101,-0.866025403784439,0.49999999999999933,0.9884683243281114,0.1514277775045767,-0.433883739117558,-0.9009688679024191
-0.07410819852037376,-0.07410819852037376,-0.07410819852037376,-0.07410819852037376,6.396929655216146,0.3833333333333333,0.3896494456663226,-0.866025403784439,0.49999999999999933,0.9987165071710528,-0.05064916883871264,-0.9749279121818236,-0.2225209339563146
0.0,0.0,0.0,0.0,-1.8971199848858813,0.3833333333333333,0.38978410162036,-0.866025403784439,0.49999999999999933,0.7907757369376989,-0.6121059825476626,0.7818314824680298,0.6234898018587336
0.0,0.0,0.0,0.0,-4.499809670330265,0.3833333333333333,0.3898289869383725,-0.866025403784439,0.49999999999999933,0.6513724827222223,-0.758758122692791,0.9749279121818236,-0.22252093395631434
0.0,0.0,0.0,0.0,0.0,0.3833333333333333,0.389873872256385,-0.866025403784439,0.49999999999999933,0.48530196253108104,-0.8743466161445821,0.43388373911755823,-0.900968867902419
0.2076393867861157,0.2076393867861157,0.2076393867861157,0.2076393867861157,4.499809670330265,0.3833333333333333,0.3899187575743974,-0.866025403784439,0.49999999999999933,0.29936312297335804,-0.9541392564000488,-0.433883739117558,-0.9009688679024191
-0.16989894142796133,0.060624806941449665,-0.16989894142796133,0.060624806941449665,5.117993812416755,0.3833333333333333,0.3899636428924099,-0.866025403784439,0.49999999999999933,0.10116832198743272,-0.994869323391895,-0.9749279121818236,-0.2225209339563146
0.036367753162219296,-0.12516323271158467,0.10536051565782635,-0.1941559952071917,-1.8098868538206117,0.3833333333333333,0.39009829884644737,-0.866025403784439,0.49999999999999933,-0.4853019625310808,-0.8743466161445822,0.7818314824680298,0.6234898018587336
-0.07410819852037376,-0.1431009610159807,-0.1431009610159807,-0.07410819852037376,-1.8417698898027164,0.3833333333333333,0.3901431841644598,-0.866025403784439,0.49999999999999933,-0.6513724827222217,-0.7587581226927913,0.9749279121818236,-0.22252093395631434
0.1431009610159807,0.2682641937275654,0.2076393867861157,0.1431009610159807,3.1876232813640963,0.3833333333333333,0.3901880694824723,-0.866025403784439,0.49999999999999933,-0.7907757369376986,-0.6121059825476627,0.43388373911755823,-0.900968867902419
-0.0689927624956069,-0.06062480694144971,-0.13353118826574187,0.06453842577013495,-1.6582280766035324,0.3833333333333333,0.3902329548004848,-0.866025403784439,0.49999999999999933,-0.8978045395707417,-0.44039415155763423,-0.433883739117558,-0.9009688679024191
0.13353118826574187,0.0,0.13353118826574187,0.0,-7.495541943884256,0.3833333333333333,0.39027784011849725,-0.866025403784439,0.49999999999999933,-0.9680771188662041,-0.2506525322587213,-0.9749279121818236,-0.2225209339563146
0.0,0.0,0.0,0.0,5.703782474656201,0.3833333333333333,0.3904124960725347,-0.866025403784439,0.49999999999999933,-0.9377521321470804,0.3473052528448203,0.7818314824680298,0.6234898018587336
-0.06453842577013497,-0.06453842577013497,-0.06453842577013497,-0.06453842577013497,3.295836866004329,0.3833333333333333,0.3904573813905472,-0.866025403784439,0.49999999999999933,-0.8486442574947509,0.5289640103269624,0.9749279121818236,-0.22252093395631434
0.0,0.0,0.0,0.0,-8.99961934066053,0.3833333333333333,0.39050226670855964,-0.866025403784439,0.49999999999999933,-0.7247927872291207,0.6889669190756859,0.43388373911755823,-0.900968867902419
0.06453842577013495,0.06453842577013495,0.06453842577013495,0.06453842577013495,7.313220387090301,0.3833333333333333,0.39054715202657214,-0.866025403784439,0.49999999999999933,-0.5712682150947924,0.8207634412072763,-0.433883739117558,-0.9009688679024191
0.0,0.0,0.0,0.0,-7.313220387090301,0.3833333333333333,0.3905920373445846,-0.866025403784439,0.49999999999999933,-0.3943558551133187,0.9189578116202306,-0.9749279121818236,-0.2225209339563146
-0.13353118826574187,-0.13353118826574187,-0.13353118826574187,-0.13353118826574187,3.4011973816621555,0.3833333333333333,0.39072669329862203,-0.5000000000000012,0.8660254037844379,0.20129852008866006,0.9795299412524945,0.7818314824680298,0.6234898018587336
0.0,0.0,0.0,0.0,3.6888794541139363,0.3833333333333333,0.39077157861663453,-0.5000000000000012,0.8660254037844379,0.39435585511331855,0.9189578116202306,0.9749279121818236,-0.22252093395631434
0.0,0.0,0.0,0.0,-7.090076835776092,0.3833333333333333,0.39081646393464703,-0.5000000000000012,0.8660254037844379,0.5712682150947923,0.8207634412072763,0.43388373911755823,-0.900968867902419
0.06899276249560701,0.1941559952071916,0.06899276249560701,0.06899276249560701,8.283999304248526,0.3833333333333333,0.3908613492526595,-0.5000000000000012,0.8660254037844379,0.72479278722912,0.6889669190756866,-0.433883739117558,-0.9009688679024191
0.0,-0.12516323271158467,0.0,0.0,-8.283999304248526,0.3833333333333333,0.390906234570672,-0.5000000000000012,0.8660254037844379,0.8486442574947509,0.5289640103269624,-0.9749279121818236,-0.2225209339563146
-0.0689927624956069,-0.0689927624956069,-0.0689927624956069,-0.0689927624956069,5.598421958998375,0.3833333333333333,0.3910408905247094,-0.5000000000000012,0.8660254037844379,0.9987165071710528,-0.05064916883871264,0.7818314824680298,0.6234898018587336
0.0,0.0,0.0,0.0,-5.598421958998375,0.3833333333333333,0.39108577584272186,-0.5000000000000012,0.8660254037844379,0.9680771188662043,-0.2506525322587204,0.9749279121818236,-0.22252093395631434
0.1941559952071916,0.1941559952071916,0.1941559952071916,0.1941559952071916,5.0106352940962555,0.3833333333333333,0.39113066116073436,-0.5000000000000012,0.8660254037844379,0.8978045395707416,-0.4403941515576344,0.43388373911755823,-0.900968867902419
-0.1941559952071917,-0.1941559952071917,-0.1941559952071917,-0.1941559952071917,0.6931471805599453,0.3833333333333333,0.3911755464787468,-0.5000000000000012,0.8660254037844379,0.7907757369376989,-0.6121059825476626,-0.433883739117558,-0.9009688679024191
0.0,0.1941559952071916,0.0,0.0,1.9021075263969205,0.3833333333333333,0.3912204317967593,-0.5000000000000012,0.8660254037844379,0.6513724827222223,-0.758758122692791,-0.9749279121818236,-0.2225209339563146
0.0,-0.1941559952071917,0.0,0.0,-7.605890001053122,0.3833333333333333,0.39135508775079675,-0.5000000000000012,0.8660254037844379,0.10116832198743272,-0.994869323391895,0.7818314824680298,0.6234898018587336
0.13353118826574187,0.13353118826574187,0.13353118826574187,0.13353118826574187,6.802394763324311,0.3833333333333333,0.3913999730688092,-0.5000000000000012,0.8660254037844379,-0.10116832198743204,-0.9948693233918952,0.9749279121818236,-0.22252093395631434
-0.06453842577013497,0.0,0.0,-0.06453842577013497,-0.7621400520468967,0.3833333333333333,0.3914448583868217,-0.5000000000000012,0.8660254037844379,-0.29936312297335776,-0.9541392564000489,0.43388373911755823,-0.900968867902419
-0.0689927624956069,-0.13353118826574187,-0.13353118826574187,-0.0689927624956069,-0.3364722366212129,0.3833333333333333,0.3914897437048342,-0.5000000000000012,0.8660254037844379,-0.4853019625310808,-0.8743466161445822,-0.433883739117558,-0.9009688679024191
0.0,0.0,0.0,0.0,1.824549292051046,0.3833333333333333,0.39153462902284664,-0.5000000000000012,0.8660254037844379,-0.6513724827222217,-0.7587581226927913,-0.9749279121818236,-0.2225209339563146
0.0,0.13353118826574187,0.0,0.13353118826574187,0.25489224962879004,0.3833333333333333,0.3916692849768841,-0.5000000000000012,0.8660254037844379,-0.9680771188662041,-0.2506525322587213,0.7818314824680298,0.6234898018587336
0.0,-0.03174850450334857,0.0,-0.03174850450334857,2.327277705584417,0.3833333333333333,0.3917141702948966,-0.5000000000000012,0.8660254037844379,-0.9987165071710528,-0.05064916883871355,0.9749279121818236,-0.22252093395631434
0.0,-0.06669157817550128,0.035091105586892,-0.10178268376239341,-1.7676619176489945,0.3833333333333333,0.391759055612909,-0.5000000000000012,0.8660254037844379,-0.9884683243281114,0.15142777750457667,0.43388373911755823,-0.900968867902419
0.0,-0.035091105586892005,-0.035091105586892005,0.0,-1.9459101490553135,0.3833333333333333,0.391848826248934,-0.5000000000000012,0.8660254037844379,-0.8486442574947509,0.5289640103269624,-0.9749279121818236,-0.2225209339563146
0.0,0.0,0.0,0.0,-6.396929655216146,0.3833333333333333,0.3919834822029714,-0.5000000000000012,0.8660254037844379,-0.3943558551133187,0.9189578116202306,0.7818314824680298,0.6234898018587336
0.0,0.0,0.0,0.0,5.703782474656201,0.3833333333333333,0.3920283675209839,-0.5000000000000012,0.8660254037844379,-0.20129852008866114,0.9795299412524943,0.9749279121818236,-0.22252093395631434
0.1941559952071916,0.1941559952071916,0.1941559952071916,0.1941559952071916,0.6931471805599453,0.3833333333333333,0.3920732528389964,-2.4492935982947064e-16,1.0,0.20129852008866006,0.9795299412524945,0.43388373911755823,-0.900968867902419
-0.1941559952071917,0.0,-0.1941559952071917,0.0,-0.2876820724517809,0.3833333333333333,0.39211813815700886,-2.4492935982947064e-16,1.0,0.39435585511331855,0.9189578116202306,-0.433883739117558,-0.9009688679024191
0.1941559952071916,0.0,0.1941559952071916,0.0,-6.1092475827643655,0.3833333333333333,0.39216302347502136,-2.4492935982947064e-16,1.0,0.5712682150947923,0.8207634412072763,-0.9749279121818236,-0.2225209339563146
0.0,0.0,0.0,0.0,0.0,0.3833333333333333,0.3922976794290588,-2.4492935982947064e-16,1.0,0.9377521321470804,0.3473052528448203,0.7818314824680298,0.6234898018587336
-0.1941559952071917,-0.06062480694144971,-0.06062480694144971,-0.1941559952071917,8.205218426395412,0.3833333333333333,0.39234256474707124,-2.4492935982947064e-16,1.0,0.9884683243281114,0.1514277775045767,0.9749279121818236,-0.22252093395631434
0.0,-0.13353118826574187,-0.13353118826574187,0.0,-4.110873864173311,0.3833333333333333,0.39238745006508374,-2.4492935982947064e-16,1.0,0.9987165071710528,-0.05064916883871264,0.43388373911755823,-0.900968867902419
0.0,0.0,0.0,0.0,-4.0943445622221,0.3833333333333333,0.39243233538309624,-2.4492935982947064e-16,1.0,0.9680771188662043,-0.2506525322587204,-0.433883739117558,-0.9009688679024191
0.0,0.0,0.0,0.0,3.4011973816621555,0.3833333333333333,0.3924772207011087,-2.4492935982947064e-16,1.0,0.8978045395707416,-0.4403941515576344,-0.9749279121818236,-0.2225209339563146
0.0,0.0,0.0,0.0,1.6094379124341003,0.3833333333333333,0.39261187665514613,-2.4492935982947064e-16,1.0,0.48530196253108104,-0.8743466161445821,0.7818314824680298,0.6234898018587336
0.0,0.0,0.0,0.0,-5.0106352940962555,0.3833333333333333,0.39265676197315863,-2.4492935982947064e-16,1.0,0.29936312297335804,-0.9541392564000488,0.9749279121818236,-0.22252093395631434
0.0,0.0,0.0,0.0,0.0,0.3833333333333333,0.3927016472911711,-2.4492935982947064e-16,1.0,0.10116832198743272,-0.994869323391895,0.43388373911755823,-0.900968867902419
0.0,0.0,0.0,0.0,7.718685495198466,0.3833333333333333,0.3927465326091836,-2.4492935982947064e-16,1.0,-0.10116832198743204,-0.9948693233918952,-0.433883739117558,-0.9009688679024191
0.0,0.0,0.0,0.0,-7.718685495198466,0.3833333333333333,0.392791417927196,-2.4492935982947064e-16,1.0,-0.29936312297335776,-0.9541392564000489,-0.9749279121818236,-0.2225209339563146
0.0,0.0,0.0,0.0,0.0,0.3833333333333333,0.39292607388123346,-2.4492935982947064e-16,1.0,-0.7907757369376986,-0.6121059825476627,0.7818314824680298,0.6234898018587336
0.0,0.13353118826574187,0.13353118826574187,0.0,5.19295685089021,0.3833333333333333,0.39297095919924596,-2.4492935982947064e-16,1.0,-0.8978045395707417,-0.44039415155763423,0.9749279121818236,-0.22252093395631434
0.0,-0.13353118826574187,-0.13353118826574187,0.0,-5.19295685089021,0.3833333333333333,0.3930158445172584,-2.4492935982947064e-16,1.0,-0.9680771188662041,-0.2506525322587213,0.43388373911755823,-0.900968867902419
0.0,0.0,0.0,0.0,0.0,0.3833333333333333,0.3930607298352709,-2.4492935982947064e-16,1.0,-0.9987165071710528,-0.05064916883871355,-0.433883739117558,-0.9009688679024191
0.0,0.0,0.0,0.0,6.396929655216146,0.3833333333333333,0.3932402711073208,-2.4492935982947064e-16,1.0,-0.7247927872291207,0.6889669190756859,0.7818314824680298,0.6234898018587336
0.0,0.0,0.0,0.0,-6.396929655216146,0.3833333333333333,0.3932851564253333,-2.4492935982947064e-16,1.0,-0.5712682150947924,0.8207634412072763,0.9749279121818236,-0.22252093395631434
0.0,0.0,0.0,0.0,0.0,0.3833333333333333,0.3933300417433458,-2.4492935982947064e-16,1.0,-0.3943558551133187,0.9189578116202306,0.43388373911755823,-0.900968867902419
0.0,0.0,0.0,0.0,0.0,0.3833333333333333,0.39337492706135824,-2.4492935982947064e-16,1.0,-0.20129852008866114,0.9795299412524943,-0.433883739117558,-0.9009688679024191
0.0,0.0,0.0,0.0,0.0,0.3833333333333333,0.39341981237937074,-2.4492935982947064e-16,1.0,-2.4492935982947064e-16,1.0,-0.9749279121818236,-0.2225209339563146
0.0,0.0,0.0,0.0,0.0,0.4,0.3935544683334082,0.49999999999999994,0.8660254037844387,0.5712682150947923,0.8207634412072763,0.7818314824680298,0.6234898018587336
0.0,0.0,0.0,0.0,4.0943445622221,0.4,0.3935993536514206,0.49999999999999994,0.8660254037844387,0.72479278722912,0.6889669190756866,0.9749279121818236,-0.22252093395631434
0.0,0.0,0.0,0.0,-4.0943445622221,0.4,0.3936442389694331,0.49999999999999994,0.8660254037844387,0.8486442574947509,0.5289640103269624,0.43388373911755823,-0.900968867902419
0.0,0.0,0.0,0.0,6.620073206530356,0.4,0.3936891242874456,0.49999999999999994,0.8660254037844387,0.9377521321470804,0.3473052528448203,-0.433883739117558,-0.9009688679024191
0.0,0.0,0.0,0.0,-6.620073206530356,0.4,0.39373400960545807,0.49999999999999994,0.8660254037844387,0.9884683243281114,0.1514277775045767,-0.9749279121818236,-0.2225209339563146
0.0,0.0,0.0,0.0,5.886104031450156,0.4,0.3938686655594955,0.49999999999999994,0.8660254037844387,0.8978045395707416,-0.4403941515576344,0.7818314824680298,0.6234898018587336
0.0,0.0,0.0,0.0,1.2039728043259361,0.4,0.393913550877508,0.49999999999999994,0.8660254037844387,0.7907757369376989,-0.6121059825476626,0.9749279121818236,-0.22252093395631434
-0.07410819852037376,0.06899276249560701,0.06899276249560701,-0.07410819852037376,1.634130525024472,0.4,0.39395843619552046,0.49999999999999994,0.8660254037844387,0.6513724827222223,-0.758758122692791,0.43388373911755823,-0.900968867902419
0.0,-0.1431009610159807,-0.1431009610159807,0.0,-8.724207360800564,0.4,0.39400332151353296,0.49999999999999994,0.8660254037844387,0.48530196253108104,-0.8743466161445821,-0.433883739117558,-0.9009688679024191
0.0,0.0,0.0,0.0,7.313220387090301,0.4,0.3940482068315454,0.49999999999999994,0.8660254037844387,0.29936312297335804,-0.9541392564000488,-0.9749279121818236,-0.2225209339563146
0.2076393867861157,0.2076393867861157,0.2076393867861157,0.2076393867861157,1.1118575154181303,0.4,0.39418286278558284,0.49999999999999994,0.8660254037844387,-0.29936312297335776,-0.9541392564000489,0.7818314824680298,0.6234898018587336
0.0,0.0,0.0,0.0,0.39221988135814384,0.4,0.39422774810359534,0.49999999999999994,0.8660254037844387,-0.4853019625310808,-0.8743466161445822,0.9749279121818236,-0.22252093395631434
0.0,0.0,0.0,0.0,-1.5448993912965292,0.4,0.39427263342160784,0.49999999999999994,0.8660254037844387,-0.6513724827222217,-0.7587581226927913,0.43388373911755823,-0.900968867902419
0.0,0.0,0.0,0.0,-0.3158529494184773,0.4,0.3943175187396203,0.49999999999999994,0.8660254037844387,-0.7907757369376986,-0.6121059825476627,-0.433883739117558,-0.9009688679024191
0.0,0.0,0.0,0.0,0.3566749439387324,0.4,0.3943624040576328,0.49999999999999994,0.8660254037844387,-0.8978045395707417,-0.44039415155763423,-0.9749279121818236,-0.2225209339563146
0.0,0.0,0.0,0.0,1.1631508098056809,0.4,0.39449706001167023,0.49999999999999994,0.8660254037844387,-0.9884683243281114,0.15142777750457667,0.7818314824680298,0.6234898018587336
0.0,0.0,0.0,0.0,-1.6094379124341003,0.4,0.3945419453296827,0.49999999999999994,0.8660254037844387,-0.9377521321470804,0.3473052528448203,0.9749279121818236,-0.22252093395631434
0.0,0.0,0.0,0.0,-0.24686007793152578,0.4,0.3945868306476952,0.49999999999999994,0.8660254037844387,-0.8486442574947509,0.5289640103269624,0.43388373911755823,-0.900968867902419
-0.06453842577013497,-0.06453842577013497,-0.06453842577013497,-0.06453842577013497,0.5877866649021191,0.4,0.3946317159657076,0.49999999999999994,0.8660254037844387,-0.7247927872291207,0.6889669190756859,-0.433883739117558,-0.9009688679024191
0.0,0.06453842577013495,0.0,0.06453842577013495,-0.5485659517488378,0.4,0.3946766012837201,0.49999999999999994,0.8660254037844387,-0.5712682150947924,0.8207634412072763,-0.9749279121818236,-0.2225209339563146
0.0,0.0,0.0,0.0,-0.12260232209233239,0.4,0.39481125723775756,0.49999999999999994,0.8660254037844387,-2.4492935982947064e-16,1.0,0.7818314824680298,0.6234898018587336
0.06453842577013495,0.0,0.06453842577013495,0.0,-6.536691597591305,0.4,0.39485614255577,0.8660254037844386,0.5000000000000001,0.20129852008866006,0.9795299412524945,0.9749279121818236,-0.22252093395631434
0.0,0.0,0.0,0.0,3.4011973816621555,0.4,0.3949010278737825,0.8660254037844386,0.5000000000000001,0.39435585511331855,0.9189578116202306,0.43388373911755823,-0.900968867902419
0.0,0.0,0.0,0.0,-3.4011973816621555,0.4,0.394945913191795,0.8660254037844386,0.5000000000000001,0.5712682150947923,0.8207634412072763,-0.433883739117558,-0.9009688679024191
-0.13353118826574187,-0.13353118826574187,-0.13353118826574187,-0.13353118826574187,6.345636360828596,0.4,0.39499079850980745,0.8660254037844386,0.5000000000000001,0.72479278722912,0.6889669190756866,-0.9749279121818236,-0.2225209339563146
0.0,0.0,0.0,0.0,-6.345636360828596,0.4,0.3951254544638449,0.8660254037844386,0.5000000000000001,0.9884683243281114,0.1514277775045767,0.7818314824680298,0.6234898018587336
0.0,0.0,0.0,0.0,7.575584651557793,0.4,0.3951703397818574,0.8660254037844386,0.5000000000000001,0.9987165071710528,-0.05064916883871264,0.9749279121818236,-0.22252093395631434
0.0,0.06899276249560701,0.06899276249560701,0.06899276249560701,1.093470889167691,0.4,0.39521522509986984,0.8660254037844386,0.5000000000000001,0.9680771188662043,-0.2506525322587204,0.43388373911755823,-0.900968867902419
0.0,0.0,0.0,0.0,0.273405386095098,0.4,0.39526011041788234,0.8660254037844386,0.5000000000000001,0.8978045395707416,-0.4403941515576344,-0.433883739117558,-0.9009688679024191
0.06899276249560701,0.0,0.0,0.0,-0.5108256237659907,0.4,0.39530499573589484,0.8660254037844386,0.5000000000000001,0.7907757369376989,-0.6121059825476626,-0.9749279121818236,-0.2225209339563146
0.06453842577013495,0.06453842577013495,0.06453842577013495,0.06453842577013495,-1.8115620965242347,0.4,0.3954396516899322,0.8660254037844386,0.5000000000000001,0.29936312297335804,-0.9541392564000488,0.7818314824680298,0.6234898018587336
0.0,0.0,0.0,0.0,1.366091653802371,0.4,0.3954845370079447,0.8660254037844386,0.5000000000000001,0.10116832198743272,-0.994869323391895,0.9749279121818236,-0.22252093395631434
-0.06453842577013497,0.0,0.0,0.0,0.6407791950426294,0.4,0.3955294223259572,0.8660254037844386,0.5000000000000001,-0.10116832198743204,-0.9948693233918952,0.43388373911755823,-0.900968867902419
0.0,0.0,-0.06453842577013497,0.0,-1.3971052772241062,0.4,0.39557430764396967,0.8660254037844386,0.5000000000000001,-0.29936312297335776,-0.9541392564000489,-0.433883739117558,-0.9009688679024191
-0.0689927624956069,0.0,0.06453842577013495,0.0,1.6644200468514534,0.4,0.39561919296198217,0.8660254037844386,0.5000000000000001,-0.4853019625310808,-0.8743466161445822,-0.9749279121818236,-0.2225209339563146
0.0,0.0,0.0,-0.13353118826574187,0.07528306042054837,0.4,0.39579873423403206,0.8660254037844386,0.5000000000000001,-0.9680771188662041,-0.2506525322587213,0.9749279121818236,-0.22252093395631434
0.06899276249560701,-0.03174850450334857,-0.06453842577013497,0.10178268376239334,-1.8794650496471605,0.4,0.39584361955204456,0.8660254037844386,0.5000000000000001,-0.9987165071710528,-0.05064916883871355,0.43388373911755823,-0.900968867902419
0.032789921266786336,0.0,0.032789921266786336,0.0,-7.090076835776092,0.4,0.39588850487005706,0.8660254037844386,0.5000000000000001,-0.9884683243281114,0.15142777750457667,-0.433883739117558,-0.9009688679024191
0.0,0.0,0.0,0.0,0.0,0.4,0.3959333901880695,0.8660254037844386,0.5000000000000001,-0.9377521321470804,0.3473052528448203,-0.9749279121818236,-0.2225209339563146
0.03174850450334853,0.03174850450334853,0.03174850450334853,0.03174850450334853,8.699514748210191,0.4,0.39606804614210694,0.8660254037844386,0.5000000000000001,-0.5712682150947924,0.8207634412072763,0.7818314824680298,0.6234898018587336
0.0,0.0,0.0,0.0,-3.6888794541139363,0.4,0.39611293146011944,1.0,6.123233995736766e-17,0.20129852008866006,0.9795299412524945,0.9749279121818236,-0.22252093395631434
0.0,0.0,0.0,0.0,-5.0106352940962555,0.4,0.3961578167781319,1.0,6.123233995736766e-17,0.39435585511331855,0.9189578116202306,0.43388373911755823,-0.900968867902419
-0.06453842577013497,0.0,0.0,-0.06453842577013497,8.276394704863307,0.4,0.3962027020961444,1.0,6.123233995736766e-17,0.5712682150947923,0.8207634412072763,-0.433883739117558,-0.9009688679024191
0.0,-0.06453842577013497,-0.06453842577013497,0.0,-8.276394704863307,0.4,0.39624758741415683,1.0,6.123233995736766e-17,0.72479278722912,0.6889669190756866,-0.9749279121818236,-0.2225209339563146
0.0,0.06453842577013495,0.06453842577013495,0.0,9.230142999272362,0.4,0.3963822433681943,1.0,6.123233995736766e-17,0.9884683243281114,0.1514277775045767,0.7818314824680298,0.6234898018587336
0.032789921266786336,0.0,-0.03174850450334857,0.06453842577013495,-1.957744606702316,0.4,0.3964271286862068,1.0,6.123233995736766e-17,0.9987165071710528,-0.05064916883871264,0.9749279121818236,-0.22252093395631434
-0.032789921266786405,0.0,0.03174850450334853,-0.06453842577013497,-1.2321436812926323,0.4,0.3964720140042192,1.0,6.123233995736766e-17,0.9680771188662043,-0.2506525322587204,0.43388373911755823,-0.900968867902419
0.0,-0.06453842577013497,-0.06453842577013497,0.0,-6.040254711277414,0.4,0.3965168993222317,1.0,6.123233995736766e-17,0.8978045395707416,-0.4403941515576344,-0.433883739117558,-0.9009688679024191
0.0,0.06453842577013495,0.06453842577013495,0.0,8.101677747454572,0.4,0.3965617846402442,1.0,6.123233995736766e-17,0.7907757369376989,-0.6121059825476626,-0.9749279121818236,-0.2225209339563146
0.0,0.0,-0.06453842577013497,0.06453842577013495,-2.3978952727983707,0.4,0.39669644059428166,1.0,6.123233995736766e-17,0.29936312297335804,-0.9541392564000488,0.7818314824680298,0.6234898018587336
0.0,0.0,0.06453842577013495,-0.06453842577013497,1.547562508716013,0.4,0.3967413259122941,1.0,6.123233995736766e-17,0.10116832198743272,-0.994869323391895,0.9749279121818236,-0.22252093395631434
0.06453842577013495,0.0,0.0,0.06453842577013495,-2.751535313041949,0.4,0.3967862112303066,1.0,6.123233995736766e-17,-0.10116832198743204,-0.9948693233918952,0.43388373911755823,-0.900968867902419
0.0,0.0,0.0,0.0,-4.499809670330265,0.4,0.39683109654831905,1.0,6.123233995736766e-17,-0.29936312297335776,-0.9541392564000489,-0.433883739117558,-0.9009688679024191
-0.06453842577013497,0.0,-0.06453842577013497,0.0,9.169518377455928,0.4,0.39687598186633155,1.0,6.123233995736766e-17,-0.4853019625310808,-0.8743466161445822,-0.9749279121818236,-0.2225209339563146
-0.0689927624956069,0.0,-0.0689927624956069,0.0,-0.2876820724517809,0.4,0.397010637820369,1.0,6.123233995736766e-17,-0.8978045395707417,-0.44039415155763423,0.7818314824680298,0.6234898018587336
0.06899276249560701,-0.06453842577013497,0.06899276249560701,-0.06453842577013497,-1.3862943611198906,0.4,0.39705552313838144,1.0,6.123233995736766e-17,-0.9680771188662041,-0.2506525322587213,0.9749279121818236,-0.22252093395631434
0.06453842577013495,0.06453842577013495,0.06453842577013495,0.06453842577013495,-0.6931471805599453,0.4,0.39710040845639394,1.0,6.123233995736766e-17,-0.9987165071710528,-0.05064916883871355,0.43388373911755823,-0.900968867902419
-0.13353118826574187,0.0,-0.13353118826574187,-0.13353118826574187,0.5108256237659907,0.4,0.39714529377440644,1.0,6.123233995736766e-17,-0.9884683243281114,0.15142777750457667,-0.433883739117558,-0.9009688679024191
0.0,0.0,0.0,0.13353118826574187,-1.3470736479666092,0.4,0.3971901790924189,1.0,6.123233995736766e-17,-0.9377521321470804,0.3473052528448203,-0.9749279121818236,-0.2225209339563146
0.0,0.0,0.0,0.0,0.653926467406664,0.4,0.3973248350464563,1.0,6.123233995736766e-17,-0.5712682150947924,0.8207634412072763,0.7818314824680298,0.6234898018587336
0.13353118826574187,0.0,0.13353118826574187,0.0,-6.620073206530356,0.4,0.3973697203644688,1.0,6.123233995736766e-17,-0.3943558551133187,0.9189578116202306,0.9749279121818236,-0.22252093395631434
-0.13353118826574187,-0.13353118826574187,-0.13353118826574187,-0.13353118826574187,4.499809670330265,0.4,0.39741460568248127,1.0,6.123233995736766e-17,-0.20129852008866114,0.9795299412524943,0.43388373911755823,-0.900968867902419
0.0,0.0,0.0,0.0,-4.499809670330265,0.4,0.39745949100049377,1.0,6.123233995736766e-17,-2.4492935982947064e-16,1.0,-0.433883739117558,-0.9009688679024191
0.0,0.0,0.0,0.0,0.0,0.4,0.39763903227254366,0.8660254037844387,-0.4999999999999998,0.72479278722912,0.6889669190756866,0.7818314824680298,0.6234898018587336
0.0,0.0,0.0,0.0,0.0,0.4,0.39768391759055616,0.8660254037844387,-0.4999999999999998,0.8486442574947509,0.5289640103269624,0.9749279121818236,-0.22252093395631434
0.0,0.0,0.0,0.0,0.0,0.4,0.39772880290856866,0.8660254037844387,-0.4999999999999998,0.9377521321470804,0.3473052528448203,0.43388373911755823,-0.900968867902419
0.0,0.13353118826574187,0.13353118826574187,0.13353118826574187,8.980927207648378,0.4,0.3977736882265811,0.8660254037844387,-0.4999999999999998,0.9884683243281114,0.1514277775045767,-0.433883739117558,-0.9009688679024191
0.13353118826574187,0.0,0.0,0.0,-8.980927207648378,0.4,0.3978185735445936,0.8660254037844387,-0.4999999999999998,0.9987165071710528,-0.05064916883871264,-0.9749279121818236,-0.2225209339563146
-0.06453842577013497,0.11778313102381967,0.060624806941449665,0.11778313102381967,9.197255132427527,0.4,0.39795322949863104,0.8660254037844387,-0.4999999999999998,0.7907757369376989,-0.6121059825476626,0.7818314824680298,0.6234898018587336
0.2876821487457233,0.28768207245178085,0.16251891603413857,0.28768207245178085,1.0118771929345542,0.4,0.3979981148166435,0.8660254037844387,-0.4999999999999998,0.6513724827222223,-0.758758122692791,0.9749279121818236,-0.22252093395631434
0.0,0.0,0.13976193242377527,-0.1823214805000122,-0.7371972156974362,0.4,0.398043000134656,0.8660254037844387,-0.4999999999999998,0.48530196253108104,-0.8743466161445821,0.43388373911755823,-0.900968867902419
-0.051293450990912315,-0.13353139262452263,-0.19105538341468753,0.0487900878754895,-2.6367505235173434,0.4,0.39808788545266843,0.8660254037844387,-0.4999999999999998,0.29936312297335804,-0.9541392564000488,-0.433883739117558,-0.9009688679024191
0.0,0.0,0.1000835388664018,-0.048790087875489656,1.32818673031261,0.4,0.39813277077068093,0.8660254037844387,-0.4999999999999998,0.10116832198743272,-0.994869323391895,-0.9749279121818236,-0.2225209339563146
-0.05406714096085646,0.0,-0.048790087875489656,-0.10536059195176875,1.8115062321628894,0.4,0.3982674267247184,0.8660254037844387,-0.4999999999999998,-0.4853019625310808,-0.8743466161445822,0.7818314824680298,0.6234898018587336
-0.057158324082369885,-0.2113090039096282,-0.16251891603413868,-0.057158324082369885,-3.4826377136023297,0.4,0.3983123120427309,0.8660254037844387,-0.4999999999999998,-0.6513724827222217,-0.7587581226927913,0.9749279121818236,-0.22252093395631434
0.1112254650432263,0.1112254650432263,0.1112254650432263,0.1112254650432263,0.31015492830383945,0.4,0.3983571973607433,0.8660254037844387,-0.4999999999999998,-0.7907757369376986,-0.6121059825476627,0.43388373911755823,-0.900968867902419
-0.11122546504322628,-0.05406714096085646,-0.11122546504322628,-0.05406714096085646,0.9162907318741551,0.4,0.3984020826787558,0.8660254037844387,-0.4999999999999998,-0.8978045395707417,-0.44039415155763423,-0.433883739117558,-0.9009688679024191
0.05715832408237,0.0,0.05715832408237,0.0,-7.718685495198466,0.4,0.39844696799676826,0.8660254037844387,-0.4999999999999998,-0.9680771188662041,-0.2506525322587213,-0.9749279121818236,-0.2225209339563146
-0.11778313102381964,0.0,-0.11778313102381964,-0.11778313102381964,5.966146739123692,0.4,0.3985816239508057,0.8660254037844387,-0.4999999999999998,-0.9377521321470804,0.3473052528448203,0.7818314824680298,0.6234898018587336
0.11778313102381967,0.0,0.11778313102381967,0.11778313102381967,-0.1670540846631662,0.4,0.3986265092688182,0.8660254037844387,-0.4999999999999998,-0.8486442574947509,0.5289640103269624,0.9749279121818236,-0.22252093395631434
-0.057158324082369885,0.0,0.0,0.0,2.4223862928066664,0.4,0.39871627990484315,0.8660254037844387,-0.4999999999999998,-0.5712682150947924,0.8207634412072763,-0.433883739117558,-0.9009688679024191
0.02898735992258942,0.0,0.0,0.0,0.42674250655544926,0.4,0.39876116522285565,0.8660254037844387,-0.4999999999999998,-0.3943558551133187,0.9189578116202306,-0.9749279121818236,-0.2225209339563146
-0.02898735992258945,0.0,-0.057158324082369885,0.0,0.25423413838424086,0.4,0.39889582117689304,0.5000000000000003,-0.8660254037844385,0.39435585511331855,0.9189578116202306,0.7818314824680298,0.6234898018587336
0.02898735992258942,0.0,0.05715832408237,0.0,-0.4450124051964189,0.4,0.39894070649490554,0.5000000000000003,-0.8660254037844385,0.5712682150947923,0.8207634412072763,0.9749279121818236,-0.22252093395631434
-0.08961216686403915,-0.11778313102381964,-0.11778313102381964,-0.11778313102381964,-3.4468078929142076,0.4,0.39898559181291804,0.5000000000000003,-0.8660254037844385,0.72479278722912,0.6889669190756866,0.43388373911755823,-0.900968867902419
0.0,0.17185027198467598,0.0,0.17185027198467598,3.186352633162641,0.4,0.3990304771309305,0.5000000000000003,-0.8660254037844385,0.8486442574947509,0.5289640103269624,-0.433883739117558,-0.9009688679024191
0.11778313102381967,0.0,0.11778313102381967,0.0,-0.621403275701104,0.4,0.399075362448943,0.5000000000000003,-0.8660254037844385,0.9377521321470804,0.3473052528448203,-0.9749279121818236,-0.2225209339563146
0.054067140960856394,0.0,0.054067140960856394,0.0,-7.575584651557793,0.4,0.3992100184029804,0.5000000000000003,-0.8660254037844385,0.9680771188662043,-0.2506525322587204,0.7818314824680298,0.6234898018587336
0.0,0.0,0.0,0.0,8.045588280803528,0.4,0.39925490372099287,0.5000000000000003,-0.8660254037844385,0.8978045395707416,-0.4403941515576344,0.9749279121818236,-0.22252093395631434
-0.05406714096085646,0.05129345099091227,0.05129345099091227,-0.05406714096085646,-0.32690278560506225,0.4,0.39929978903900537,0.5000000000000003,-0.8660254037844385,0.7907757369376989,-0.6121059825476626,0.43388373911755823,-0.900968867902419
0.10536059195176879,0.09531003415224797,0.0,0.2006706261040167,0.550046336919272,0.4,0.39934467435701787,0.5000000000000003,-0.8660254037844385,0.6513724827222223,-0.758758122692791,-0.433883739117558,-0.9009688679024191
0.0,0.0,0.09531003415224797,-0.0953100341522479,1.1314021114911006,0.4,0.3993895596750303,0.5000000000000003,-0.8660254037844385,0.48530196253108104,-0.8743466161445821,-0.9749279121818236,-0.2225209339563146
0.07696096484218601,-0.018349069310062048,-0.018349069310062048,0.07696096484218601,-3.696351468952637,0.4,0.39952421562906776,0.5000000000000003,-0.8660254037844385,-0.10116832198743204,-0.9948693233918952,0.7818314824680298,0.6234898018587336
-0.13883636369044755,-0.05715841383994864,-0.11778303565638351,-0.13883636369044755,2.8622008809294686,0.4,0.39956910094708026,0.5000000000000003,-0.8660254037844385,-0.29936312297335776,-0.9541392564000489,0.9749279121818236,-0.22252093395631434
-0.0434851931035072,-0.12516314295400605,-0.06453852113757118,-0.0434851931035072,-0.37729423114146804,0.4,0.3996139862650927,0.5000000000000003,-0.8660254037844385,-0.4853019625310808,-0.8743466161445822,0.43388373911755823,-0.900968867902419
-0.04546246279065118,-0.022472769154397203,-0.022472769154397203,-0.04546246279065118,0.7339691750802005,0.4,0.3996588715831052,0.5000000000000003,-0.8660254037844385,-0.6513724827222217,-0.7587581226927913,-0.433883739117558,-0.9009688679024191
0.0,-0.02298969363625394,-0.02298969363625394,0.0,-8.922658299524402,0.4,0.39970375690111765,0.5000000000000003,-0.8660254037844385,-0.7907757369376986,-0.6121059825476627,-0.9749279121818236,-0.2225209339563146
0.0,0.0,0.0,0.0,0.0,0.4,0.3998384128551551,0.5000000000000003,-0.8660254037844385,-0.9987165071710528,-0.05064916883871355,0.7818314824680298,0.6234898018587336
0.0,0.0,0.0,0.0,5.703782474656201,0.4,0.3998832981731676,0.5000000000000003,-0.8660254037844385,-0.9884683243281114,0.15142777750457667,0.9749279121818236,-0.22252093395631434
0.0,0.0,0.0,0.0,-5.703782474656201,0.4,0.39992818349118003,0.5000000000000003,-0.8660254037844385,-0.9377521321470804,0.3473052528448203,0.43388373911755823,-0.900968867902419
0.0,0.0,0.0,0.0,8.055157731819678,0.4,0.39997306880919253,0.5000000000000003,-0.8660254037844385,-0.8486442574947509,0.5289640103269624,-0.433883739117558,-0.9009688679024191
-0.12361376686651766,-0.07232066823316849,-0.07232066823316849,-0.12361376686651766,0.0,0.4,0.40001795412720503,0.5000000000000003,-0.8660254037844385,-0.7247927872291207,0.6889669190756859,-0.9749279121818236,-0.2225209339563146
-0.05406732165704082,-0.05129309863334919,-0.10536042029039008,0.0,0.7841189587656721,0.4,0.4001974953992549,0.5000000000000003,-0.8660254037844385,-2.4492935982947064e-16,1.0,0.9749279121818236,-0.22252093395631434
0.054067321657040805,0.0,0.054067321657040805,0.0,0.6140098600012215,0.4,0.4002423807172674,1.2246467991473532e-16,-1.0,0.20129852008866006,0.9795299412524945,0.43388373911755823,-0.900968867902419
0.05129309863334913,0.14660346050277165,0.05129309863334913,0.14660346050277165,-0.13858616328614667,0.4,0.40028726603527987,1.2246467991473532e-16,-1.0,0.39435585511331855,0.9189578116202306,-0.433883739117558,-0.9009688679024191
0.09531036186942246,0.0,0.09531036186942246,0.0,-9.314700387300425,0.4,0.40033215135329236,1.2246467991473532e-16,-1.0,0.5712682150947923,0.8207634412072763,-0.9749279121818236,-0.2225209339563146
0.0,0.0,0.0,0.0,0.0,0.4,0.4004668073073298,1.2246467991473532e-16,-1.0,0.9377521321470804,0.3473052528448203,0.7818314824680298,0.6234898018587336
0.044451592944967616,0.044451592944967616,0.044451592944967616,0.044451592944967616,8.411832675758411,0.4,0.40051169262534225,1.2246467991473532e-16,-1.0,0.9884683243281114,0.1514277775045767,0.9749279121818236,-0.22252093395631434
-0.16507966743124375,-0.07913714787294027,-0.07913714787294027,-0.16507966743124375,1.1314021114911006,0.4,0.40055657794335475,1.2246467991473532e-16,-1.0,0.9987165071710528,-0.05064916883871264,0.43388373911755823,-0.900968867902419
-0.025975386016495513,-0.111917905574799,-0.111917905574799,-0.025975386016495513,-2.2300144001592104,0.4,0.40060146326136725,1.2246467991473532e-16,-1.0,0.9680771188662043,-0.2506525322587204,-0.433883739117558,-0.9009688679024191
0.10008335817021748,0.10008335817021748,0.10008335817021748,0.10008335817021748,-0.35667494393873245,0.4,0.4006463485793797,1.2246467991473532e-16,-1.0,0.8978045395707416,-0.4403941515576344,-0.9749279121818236,-0.2225209339563146
0.0,0.0,0.0,0.0,-1.252762968495368,0.4,0.40078100453341714,1.2246467991473532e-16,-1.0,0.48530196253108104,-0.8743466161445821,0.7818314824680298,0.6234898018587336
-0.10008335817021739,-0.10008335817021739,-0.10008335817021739,-0.10008335817021739,1.791759469228055,0.4,0.40082588985142964,1.2246467991473532e-16,-1.0,0.29936312297335804,-0.9541392564000488,0.9749279121818236,-0.22252093395631434
0.0,0.0,0.0,0.0,-1.3862943611198906,0.4,0.4008707751694421,1.2246467991473532e-16,-1.0,0.10116832198743272,-0.994869323391895,0.43388373911755823,-0.900968867902419
0.0,0.0,0.0,0.0,1.2039728043259361,0.4,0.4009156604874546,1.2246467991473532e-16,-1.0,-0.10116832198743204,-0.9948693233918952,-0.433883739117558,-0.9009688679024191
0.0,0.0,0.0,0.0,-7.313220387090301,0.4,0.4009605458054671,1.2246467991473532e-16,-1.0,-0.29936312297335776,-0.9541392564000489,-0.9749279121818236,-0.2225209339563146
0.0,0.0,0.0,0.0,0.0,0.4,0.40109520175950447,1.2246467991473532e-16,-1.0,-0.7907757369376986,-0.6121059825476627,0.7818314824680298,0.6234898018587336
0.0,0.025975386016495496,0.0,0.025975386016495496,8.411832675758411,0.4,0.40114008707751697,1.2246467991473532e-16,-1.0,-0.8978045395707417,-0.44039415155763423,0.9749279121818236,-0.22252093395631434
0.025975386016495496,0.025317712616853654,0.025975386016495496,0.025317712616853654,-0.40546510810816444,0.4,0.40118497239552947,1.2246467991473532e-16,-1.0,-0.9680771188662041,-0.2506525322587213,0.43388373911755823,-0.900968867902419
0.025317712616853654,0.0,0.025317712616853654,0.0,-8.006367567650246,0.4,0.4012298577135419,1.2246467991473532e-16,-1.0,-0.9987165071710528,-0.05064916883871355,-0.433883739117558,-0.9009688679024191
0.0,0.0,0.0,0.0,0.0,0.4,0.4012747430315544,1.2246467991473532e-16,-1.0,-0.9884683243281114,0.15142777750457667,-0.9749279121818236,-0.2225209339563146
-0.05129309863334919,-0.05129309863334919,-0.05129309863334919,-0.05129309863334919,8.006367567650246,0.4,0.40140939898559186,1.2246467991473532e-16,-1.0,-0.7247927872291207,0.6889669190756859,0.7818314824680298,0.6234898018587336
0.0,0.0,0.0,0.0,-8.006367567650246,0.4,0.4014542843036043,1.2246467991473532e-16,-1.0,-0.5712682150947924,0.8207634412072763,0.9749279121818236,-0.22252093395631434
0.0,0.0,0.0,0.0,8.37793112408273,0.4,0.4014991696216168,1.2246467991473532e-16,-1.0,-0.3943558551133187,0.9189578116202306,0.43388373911755823,-0.900968867902419
0.0,0.0,0.0,0.0,-8.37793112408273,0.4,0.40154405493962925,1.2246467991473532e-16,-1.0,-0.20129852008866114,0.9795299412524943,-0.433883739117558,-0.9009688679024191
0.0,0.0,0.0,0.0,0.0,0.4,0.40158894025764175,-0.4999999999999997,-0.8660254037844388,0.20129852008866006,0.9795299412524945,-0.9749279121818236,-0.2225209339563146
0.025975386016495496,0.05129309863334913,0.05129309863334913,0.025975386016495496,7.843848638152472,0.4,0.4017684815296917,-0.4999999999999997,-0.8660254037844388,0.8486442574947509,0.5289640103269624,0.9749279121818236,-0.22252093395631434
-0.012903503918958666,-0.025317712616853665,-0.025317712616853665,-0.012903503918958666,2.241960471177611,0.4,0.40181336684770413,-0.4999999999999997,-0.8660254037844388,0.9377521321470804,0.3473052528448203,0.43388373911755823,-0.900968867902419
0.0,-0.012903503918958666,-0.012903503918958666,0.0,-10.085809109330082,0.4,0.40185825216571663,-0.4999999999999997,-0.8660254037844388,0.9884683243281114,0.1514277775045767,-0.433883739117558,-0.9009688679024191
0.038221216535812355,0.038221216535812355,0.038221216535812355,0.038221216535812355,5.0106352940962555,0.4,0.4019031374837291,-0.4999999999999997,-0.8660254037844388,0.9987165071710528,-0.05064916883871264,-0.9749279121818236,-0.2225209339563146
-0.05129309863334919,-0.025317712616853665,-0.025317712616853665,-0.05129309863334919,2.302585092994046,0.4,0.4020377934377665,-0.4999999999999997,-0.8660254037844388,0.7907757369376989,-0.6121059825476626,0.7818314824680298,0.6234898018587336
0.0,-0.025975386016495513,-0.025975386016495513,0.0,-7.313220387090301,0.4,0.402082678755779,-0.4999999999999997,-0.8660254037844388,0.6513724827222223,-0.758758122692791,0.9749279121818236,-0.22252093395631434
0.05129309863334913,0.05129309863334913,0.05129309863334913,0.05129309863334913,7.313220387090301,0.4,0.40212756407379147,-0.4999999999999997,-0.8660254037844388,0.48530196253108104,-0.8743466161445821,0.43388373911755823,-0.900968867902419
0.0,0.0,0.0,0.0,-7.313220387090301,0.4,0.40217244939180397,-0.4999999999999997,-0.8660254037844388,0.29936312297335804,-0.9541392564000488,-0.433883739117558,-0.9009688679024191
-0.05129309863334919,-0.05129309863334919,-0.05129309863334919,-0.05129309863334919,8.536995818712418,0.4,0.40221733470981647,-0.4999999999999997,-0.8660254037844388,0.10116832198743272,-0.994869323391895,-0.9749279121818236,-0.2225209339563146
0.0,0.0,0.0,0.0,-8.536995818712418,0.4,0.40235199066385385,-0.4999999999999997,-0.8660254037844388,-0.4853019625310808,-0.8743466161445822,0.7818314824680298,0.6234898018587336
0.0,0.0,0.0,0.0,0.0,0.4,0.40239687598186635,-0.4999999999999997,-0.8660254037844388,-0.6513724827222217,-0.7587581226927913,0.9749279121818236,-0.22252093395631434
0.0,0.0,0.0,0.0,7.313220387090301,0.4,0.40244176129987885,-0.4999999999999997,-0.8660254037844388,-0.7907757369376986,-0.6121059825476627,0.43388373911755823,-0.900968867902419
0.025975386016495496,0.025975386016495496,0.025975386016495496,0.025975386016495496,0.47000362924573563,0.4,0.4024866466178913,-0.4999999999999997,-0.8660254037844388,-0.8978045395707417,-0.44039415155763423,-0.433883739117558,-0.9009688679024191
0.025317712616853654,0.025317712616853654,0.025317712616853654,0.025317712616853654,-0.9808292530117262,0.4,0.4025315319359038,-0.4999999999999997,-0.8660254037844388,-0.9680771188662041,-0.2506525322587213,-0.9749279121818236,-0.2225209339563146
0.0,0.0,0.0,0.0,-6.802394763324311,0.4,0.40266618788994124,-0.4999999999999997,-0.8660254037844388,-0.9377521321470804,0.3473052528448203,0.7818314824680298,0.6234898018587336
-0.05129309863334919,-0.05129309863334919,-0.05129309863334919,-0.05129309863334919,7.718685495198466,0.4,0.4027110732079537,-0.4999999999999997,-0.8660254037844388,-0.8486442574947509,0.5289640103269624,0.9749279121818236,-0.22252093395631434
0.0,0.0,0.0,0.0,-1.3217558399823195,0.4,0.4027559585259662,-0.4999999999999997,-0.8660254037844388,-0.7247927872291207,0.6889669190756859,0.43388373911755823,-0.900968867902419
0.05129309863334913,0.05129309863334913,0.05129309863334913,0.05129309863334913,0.22314355131420976,0.4,0.4028008438439787,-0.4999999999999997,-0.8660254037844388,-0.5712682150947924,0.8207634412072763,-0.433883739117558,-0.9009688679024191
-0.05129309863334919,-0.05129309863334919,-0.05129309863334919,-0.05129309863334919,2.151762203259462,0.4,0.40284572916199113,-0.4999999999999997,-0.8660254037844388,-0.3943558551133187,0.9189578116202306,-0.9749279121818236,-0.2225209339563146
0.0,0.0,0.0,0.0,-8.771835409789817,0.4,0.40298038511602857,-0.8660254037844385,-0.5000000000000004,0.20129852008866006,0.9795299412524945,0.7818314824680298,0.6234898018587336
0.05129309863334913,0.05129309863334913,0.05129309863334913,0.05129309863334913,6.620073206530356,0.4,0.40302527043404107,-0.8660254037844385,-0.5000000000000004,0.39435585511331855,0.9189578116202306,0.9749279121818236,-0.22252093395631434
-0.05129309863334919,0.0,-0.05129309863334919,0.0,0.8754687373538999,0.4,0.4030701557520535,-0.8660254037844385,-0.5000000000000004,0.5712682150947923,0.8207634412072763,0.43388373911755823,-0.900968867902419
0.05129309863334913,0.0,0.05129309863334913,0.0,-7.495541943884256,0.4,0.403115041070066,-0.8660254037844385,-0.5000000000000004,0.72479278722912,0.6889669190756866,-0.433883739117558,-0.9009688679024191
0.0,0.0,0.0,0.0,5.0106352940962555,0.4,0.40315992638807846,-0.8660254037844385,-0.5000000000000004,0.8486442574947509,0.5289640103269624,-0.9749279121818236,-0.2225209339563146
-0.05129309863334919,-0.05129309863334919,-0.05129309863334919,-0.05129309863334919,0.6931471805599453,0.4,0.4032945823421159,-0.8660254037844385,-0.5000000000000004,0.9987165071710528,-0.05064916883871264,0.7818314824680298,0.6234898018587336
0.0,0.0,0.0,0.0,0.0,0.4,0.4033394676601284,-0.8660254037844385,-0.5000000000000004,0.9680771188662043,-0.2506525322587204,0.9749279121818236,-0.22252093395631434
0.0,0.05129309863334913,0.05129309863334913,0.0,1.9459101490553132,0.4,0.4033843529781409,-0.8660254037844385,-0.5000000000000004,0.8978045395707416,-0.4403941515576344,0.43388373911755823,-0.900968867902419
0.025975386016495496,0.0,-0.025317712616853665,0.05129309863334913,-0.8472978603872037,0.4,0.40342923829615335,-0.8660254037844385,-0.5000000000000004,0.7907757369376989,-0.6121059825476626,-0.433883739117558,-0.9009688679024191
-0.025975386016495513,-0.05129309863334919,-0.025975386016495513,-0.05129309863334919,-1.0986122886681098,0.4,0.40347412361416585,-0.8660254037844385,-0.5000000000000004,0.6513724827222223,-0.758758122692791,-0.9749279121818236,-0.2225209339563146
0.0,0.0,0.0,0.0,2.4423470353692043,0.4,0.4036087795682033,-0.8660254037844385,-0.5000000000000004,0.10116832198743272,-0.994869323391895,0.7818314824680298,0.6234898018587336
-0.05406732165704082,-0.05406732165704082,-0.05406732165704082,-0.05406732165704082,0.958850346292951,0.4,0.40365366488621574,-0.8660254037844385,-0.5000000000000004,-0.10116832198743204,-0.9948693233918952,0.9749279121818236,-0.22252093395631434
0.0,0.0,0.0,0.0,-9.104979856318357,0.4,0.40369855020422823,-0.8660254037844385,-0.5000000000000004,-0.29936312297335776,-0.9541392564000489,0.43388373911755823,-0.900968867902419
0.0,0.0,0.0,0.0,5.703782474656201,0.4,0.4037434355222407,-0.8660254037844385,-0.5000000000000004,-0.4853019625310808,-0.8743466161445822,-0.433883739117558,-0.9009688679024191
0.0,0.0,0.0,0.0,-5.703782474656201,0.4,0.4037883208402532,-0.8660254037844385,-0.5000000000000004,-0.6513724827222217,-0.7587581226927913,-0.9749279121818236,-0.2225209339563146
0.0,0.0,0.0,0.0,0.0,0.4,0.4039229767942906,-0.8660254037844385,-0.5000000000000004,-0.9680771188662041,-0.2506525322587213,0.7818314824680298,0.6234898018587336
0.0,0.0,0.0,0.0,0.0,0.4,0.40396786211230307,-0.8660254037844385,-0.5000000000000004,-0.9987165071710528,-0.05064916883871355,0.9749279121818236,-0.22252093395631434
0.10536042029039004,0.10536042029039004,0.10536042029039004,0.10536042029039004,5.0106352940962555,0.4,0.40401274743031557,-0.8660254037844385,-0.5000000000000004,-0.9884683243281114,0.15142777750457667,0.43388373911755823,-0.900968867902419
0.0,0.0,0.0,0.0,-5.0106352940962555,0.4,0.40405763274832807,-0.8660254037844385,-0.5000000000000004,-0.9377521321470804,0.3473052528448203,-0.433883739117558,-0.9009688679024191
-0.10536042029039008,-0.10536042029039008,-0.10536042029039008,-0.10536042029039008,7.2078598714324755,0.4,0.4041025180663405,-0.8660254037844385,-0.5000000000000004,-0.8486442574947509,0.5289640103269624,-0.9749279121818236,-0.2225209339563146
0.0,0.0,0.0,0.0,1.466337068793427,0.4,0.40423717402037795,-0.8660254037844385,-0.5000000000000004,-0.3943558551133187,0.9189578116202306,0.7818314824680298,0.6234898018587336
0.0,0.0,0.0,0.0,-8.674196940225903,0.4,0.40428205933839045,-0.8660254037844385,-0.5000000000000004,-0.20129852008866114,0.9795299412524943,0.9749279121818236,-0.22252093395631434
0.0,0.0,0.0,0.0,5.703782474656201,0.4,0.4043269446564029,-0.8660254037844385,-0.5000000000000004,-2.4492935982947064e-16,1.0,0.43388373911755823,-0.900968867902419
0.0,0.0,0.0,0.0,-0.6931471805599453,0.4,0.4043718299744154,-1.0,-1.8369701987210297e-16,0.20129852008866006,0.9795299412524945,-0.433883739117558,-0.9009688679024191
0.0,0.0,0.0,0.0,1.0986122886681098,0.4,0.4044167152924279,-1.0,-1.8369701987210297e-16,0.39435585511331855,0.9189578116202306,-0.9749279121818236,-0.2225209339563146
0.0,0.0,0.0,0.0,-6.1092475827643655,0.4,0.4045962565644778,-1.0,-1.8369701987210297e-16,0.9377521321470804,0.3473052528448203,0.9749279121818236,-0.22252093395631434
0.0,0.0,0.0,0.0,0.0,0.4,0.4046411418824903,-1.0,-1.8369701987210297e-16,0.9884683243281114,0.1514277775045767,0.43388373911755823,-0.900968867902419
0.0,0.0,0.0,0.0,0.0,0.4,0.40468602720050273,-1.0,-1.8369701987210297e-16,0.9987165071710528,-0.05064916883871264,-0.433883739117558,-0.9009688679024191
0.0,0.0,0.0,0.0,0.0,0.4,0.40473091251851523,-1.0,-1.8369701987210297e-16,0.9680771188662043,-0.2506525322587204,-0.9749279121818236,-0.2225209339563146
-0.057158526036933346,0.054067321657040805,0.054067321657040805,0.0,8.817297783866575,0.4,0.4048655684725527,-1.0,-1.8369701987210297e-16,0.6513724827222223,-0.758758122692791,0.7818314824680298,0.6234898018587336
0.05715852603693328,-0.05406732165704082,-0.05406732165704082,0.0,-8.817297783866575,0.4,0.4049104537905651,-1.0,-1.8369701987210297e-16,0.48530196253108104,-0.8743466161445821,0.9749279121818236,-0.22252093395631434
0.0,0.0,0.0,0.0,0.0,0.4,0.4049553391085776,-1.0,-1.8369701987210297e-16,0.29936312297335804,-0.9541392564000488,0.43388373911755823,-0.900968867902419
-0.057158526036933346,-0.057158526036933346,-0.057158526036933346,-0.057158526036933346,5.703782474656201,0.4,0.4050002244265901,-1.0,-1.8369701987210297e-16,0.10116832198743272,-0.994869323391895,-0.433883739117558,-0.9009688679024191
0.0,0.0,0.0,0.0,2.1972245773362196,0.4,0.40504510974460256,-1.0,-1.8369701987210297e-16,-0.10116832198743204,-0.9948693233918952,-0.9749279121818236,-0.2225209339563146
0.0,0.0,0.0,0.0,-0.40546510810816444,0.4,0.40517976569864,-1.0,-1.8369701987210297e-16,-0.6513724827222217,-0.7587581226927913,0.7818314824680298,0.6234898018587336
0.0,0.0,0.0,0.0,-7.495541943884256,0.4,0.4052246510166525,-1.0,-1.8369701987210297e-16,-0.7907757369376986,-0.6121059825476627,0.9749279121818236,-0.22252093395631434
0.0,0.0,0.0,0.0,0.0,0.4,0.40526953633466495,-1.0,-1.8369701987210297e-16,-0.8978045395707417,-0.44039415155763423,0.43388373911755823,-0.900968867902419
0.02898775806158143,0.05715852603693328,0.05715852603693328,0.05715852603693328,9.814656338829513,0.4,0.40531442165267745,-1.0,-1.8369701987210297e-16,-0.9680771188662041,-0.2506525322587213,-0.433883739117558,-0.9009688679024191
0.028170767975351767,0.0,0.0,0.0,-9.814656338829513,0.4,0.4053593069706899,-1.0,-1.8369701987210297e-16,-0.9987165071710528,-0.05064916883871355,-0.9749279121818236,-0.2225209339563146
0.054067321657040805,0.054067321657040805,0.054067321657040805,0.054067321657040805,7.313220387090301,0.4,0.40549396292472734,-1.0,-1.8369701987210297e-16,-0.8486442574947509,0.5289640103269624,0.7818314824680298,0.6234898018587336
-0.11122584769397419,-0.11122584769397419,-0.11122584769397419,-0.11122584769397419,0.3364722366212129,0.4,0.40553884824273984,-1.0,-1.8369701987210297e-16,-0.7247927872291207,0.6889669190756859,0.9749279121818236,-0.22252093395631434
0.05715852603693328,0.08455739712511634,0.08455739712511634,0.05715852603693328,0.0,0.4,0.4055837335607523,-1.0,-1.8369701987210297e-16,-0.5712682150947924,0.8207634412072763,0.43388373911755823,-0.900968867902419
-0.057158526036933346,-0.0845573971251163,-0.0845573971251163,-0.057158526036933346,-1.252762968495368,0.4,0.4056286188787648,-1.0,-1.8369701987210297e-16,-0.3943558551133187,0.9189578116202306,-0.433883739117558,-0.9009688679024191
0.0,0.0,0.0,0.0,-6.396929655216146,0.4,0.4056735041967773,-1.0,-1.8369701987210297e-16,-0.20129852008866114,0.9795299412524943,-0.9749279121818236,-0.2225209339563146
0.08455739712511634,0.08455739712511634,0.08455739712511634,0.08455739712511634,7.783224016336037,0.4,0.40580816015081467,-0.866025403784439,0.49999999999999933,0.5712682150947923,0.8207634412072763,0.7818314824680298,0.6234898018587336
0.0,0.0,0.0,0.0,-7.783224016336037,0.4,0.40585304546882717,-0.866025403784439,0.49999999999999933,0.72479278722912,0.6889669190756866,0.9749279121818236,-0.22252093395631434
-0.05556963906353488,0.026668450568857784,0.026668450568857784,-0.05556963906353488,7.783224016336037,0.4,0.40589793078683967,-0.866025403784439,0.49999999999999933,0.8486442574947509,0.5289640103269624,0.43388373911755823,-0.900968867902419
0.0,-0.0822380896323927,-0.0822380896323927,0.0,-7.783224016336037,0.4,0.4059428161048521,-0.866025403784439,0.49999999999999933,0.9377521321470804,0.3473052528448203,-0.433883739117558,-0.9009688679024191
0.0,0.0,0.0,0.0,0.0,0.4,0.4059877014228646,-0.866025403784439,0.49999999999999933,0.9884683243281114,0.1514277775045767,-0.9749279121818236,-0.2225209339563146
0.05556963906353475,0.05556963906353475,0.05556963906353475,0.05556963906353475,6.802394763324311,0.4,0.40612235737690205,-0.866025403784439,0.49999999999999933,0.8978045395707416,-0.4403941515576344,0.7818314824680298,0.6234898018587336
-0.02739887108818305,-0.02739887108818305,-0.02739887108818305,-0.02739887108818305,-1.0986122886681098,0.4,0.4061672426949145,-0.866025403784439,0.49999999999999933,0.7907757369376989,-0.6121059825476626,0.9749279121818236,-0.22252093395631434
0.0,0.0,0.0,0.0,-5.703782474656201,0.4,0.406212128012927,-0.866025403784439,0.49999999999999933,0.6513724827222223,-0.758758122692791,0.43388373911755823,-0.900968867902419
0.0,0.0,0.0,0.0,0.0,0.4,0.4062570133309395,-0.866025403784439,0.49999999999999933,0.48530196253108104,-0.8743466161445821,-0.433883739117558,-0.9009688679024191
0.0,0.0,0.0,0.0,0.0,0.4,0.40630189864895194,-0.866025403784439,0.49999999999999933,0.29936312297335804,-0.9541392564000488,-0.9749279121818236,-0.2225209339563146
0.0,0.0,0.0,0.0,0.0,0.4,0.4064365546029894,-0.866025403784439,0.49999999999999933,-0.29936312297335776,-0.9541392564000489,0.7818314824680298,0.6234898018587336
-0.6931471805599453,-0.6931471805599453,-0.6931471805599453,-0.6931471805599453,0.0,0.4,0.4064814399210019,-0.866025403784439,0.49999999999999933,-0.4853019625310808,-0.8743466161445822,0.9749279121818236,-0.22252093395631434
0.0,0.0,0.0,0.0,0.0,0.4,0.40652632523901433,-0.866025403784439,0.49999999999999933,-0.6513724827222217,-0.7587581226927913,0.43388373911755823,-0.900968867902419
0.0,0.0,0.0,0.0,9.035986984831405,0.4,0.40657121055702683,-0.866025403784439,0.49999999999999933,-0.7907757369376986,-0.6121059825476627,-0.433883739117558,-0.9009688679024191
0.0,0.0,0.0,0.0,-2.4159137783010487,0.4,0.4066160958750393,-0.866025403784439,0.49999999999999933,-0.8978045395707417,-0.44039415155763423,-0.9749279121818236,-0.2225209339563146
0.0,0.0,0.0,0.0,-6.620073206530356,0.4,0.4067507518290767,-0.866025403784439,0.49999999999999933,-0.9884683243281114,0.15142777750457667,0.7818314824680298,0.6234898018587336
0.0,0.0,0.0,0.0,8.34283980427146,0.4,0.4067956371470892,-0.866025403784439,0.49999999999999933,-0.9377521321470804,0.3473052528448203,0.9749279121818236,-0.22252093395631434
0.0,0.0,0.0,0.0,-1.0296194171811581,0.4,0.4068405224651017,-0.866025403784439,0.49999999999999933,-0.8486442574947509,0.5289640103269624,0.43388373911755823,-0.900968867902419
0.0,0.0,0.0,0.0,-1.2039728043259361,0.4,0.40688540778311416,-0.866025403784439,0.49999999999999933,-0.7247927872291207,0.6889669190756859,-0.433883739117558,-0.9009688679024191
0.0,0.0,0.0,0.0,2.4849066497880004,0.4,0.40693029310112666,-0.866025403784439,0.49999999999999933,-0.5712682150947924,0.8207634412072763,-0.9749279121818236,-0.2225209339563146
-0.057158189446016985,0.0,0.0,0.0,0.664976303593249,0.4,0.4070649490551641,-0.866025403784439,0.49999999999999933,-2.4492935982947064e-16,1.0,0.7818314824680298,0.6234898018587336
0.0,-0.057158189446016985,-0.057158189446016985,-0.057158189446016985,-9.259130536145614,0.4,0.40710983437317655,-0.5000000000000012,0.8660254037844379,0.20129852008866006,0.9795299412524945,0.9749279121818236,-0.22252093395631434
0.0,0.0,0.0,0.0,5.0106352940962555,0.4,0.40715471969118905,-0.5000000000000012,0.8660254037844379,0.39435585511331855,0.9189578116202306,0.43388373911755823,-0.900968867902419
0.0,0.13720089711955344,0.13720089711955344,0.0,3.044522437723423,0.4,0.4071996050092015,-0.5000000000000012,0.8660254037844379,0.5712682150947923,0.8207634412072763,-0.433883739117558,-0.9009688679024191
0.0,-0.1372008971195534,-0.1372008971195534,0.0,-8.055157731819678,0.4,0.407244490327214,-0.5000000000000012,0.8660254037844379,0.72479278722912,0.6889669190756866,-0.9749279121818236,-0.2225209339563146
0.0,0.057158189446017055,0.057158189446017055,0.04317216238377599,6.620073206530356,0.4,0.40737914628125144,-0.5000000000000012,0.8660254037844379,0.9884683243281114,0.1514277775045767,0.7818314824680298,0.6234898018587336
0.0,0.08004270767353636,0.08004270767353636,-0.04317216238377602,1.8562979903656263,0.4,0.4074240315992639,-0.5000000000000012,0.8660254037844379,0.9987165071710528,-0.05064916883871264,0.9749279121818236,-0.22252093395631434
0.028987094496595985,-0.10821380262295736,-0.10821380262295736,0.028987094496595985,-8.476371196895983,0.4,0.4074689169172764,-0.5000000000000012,0.8660254037844379,0.9680771188662043,-0.2506525322587204,0.43388373911755823,-0.900968867902419
0.0,0.028171094949420952,0.028171094949420952,0.0,10.357742824813725,0.4,0.4075138022352889,-0.5000000000000012,0.8660254037844379,0.8978045395707416,-0.4403941515576344,-0.433883739117558,-0.9009688679024191
0.0,-0.02817109494942101,-0.02817109494942101,0.0,-10.357742824813725,0.4,0.4075586875533013,-0.5000000000000012,0.8660254037844379,0.7907757369376989,-0.6121059825476626,-0.9749279121818236,-0.2225209339563146
0.0,0.0,0.0,0.0,0.0,0.4,0.40769334350733877,-0.5000000000000012,0.8660254037844379,0.29936312297335804,-0.9541392564000488,0.7818314824680298,0.6234898018587336
0.0,0.0,0.0,0.0,0.0,0.4,0.40773822882535127,-0.5000000000000012,0.8660254037844379,0.10116832198743272,-0.994869323391895,0.9749279121818236,-0.22252093395631434
0.0,0.0,0.0,0.0,0.0,0.4,0.4077831141433637,-0.5000000000000012,0.8660254037844379,-0.10116832198743204,-0.9948693233918952,0.43388373911755823,-0.900968867902419
0.0,0.10821380262295743,0.10821380262295743,0.10821380262295743,9.429475901892854,0.4,0.4078279994613762,-0.5000000000000012,0.8660254037844379,-0.29936312297335776,-0.9541392564000489,-0.433883739117558,-0.9009688679024191
0.7213182755093662,0.640503343974592,0.6131044728864089,0.640503343974592,-1.423108334242607,0.4,0.4078728847793887,-0.5000000000000012,0.8660254037844379,-0.4853019625310808,-0.8743466161445822,-0.9749279121818236,-0.2225209339563146
0.02739887108818303,0.0,0.02739887108818303,0.0,-8.006367567650246,0.4,0.4080075407334261,-0.5000000000000012,0.8660254037844379,-0.8978045395707417,-0.44039415155763423,0.7818314824680298,0.6234898018587336
-0.14518178753528405,-0.02739887108818305,-0.05556963906353488,-0.14518178753528405,8.565983355585669,0.4,0.4080524260514386,-0.5000000000000012,0.8660254037844379,-0.9680771188662041,-0.2506525322587213,0.9749279121818236,-0.22252093395631434
0.0,-0.057158526036933346,-0.08961214847174921,0.0,-1.4759065198095778,0.4,0.4080973113694511,-0.5000000000000012,0.8660254037844379,-0.9987165071710528,-0.05064916883871355,0.43388373911755823,-0.900968867902419
0.0,-0.06062439041016765,0.0,0.0,-7.090076835776092,0.4,0.40818708200547604,-0.5000000000000012,0.8660254037844379,-0.9377521321470804,0.3473052528448203,-0.9749279121818236,-0.2225209339563146
0.060624390410167706,0.060624390410167706,0.060624390410167706,0.060624390410167706,7.408530566894626,0.4,0.4083217379595135,-0.5000000000000012,0.8660254037844379,-0.5712682150947924,0.8207634412072763,0.7818314824680298,0.6234898018587336
-0.06062439041016765,-0.06062439041016765,-0.06062439041016765,-0.06062439041016765,-1.7047480922384253,0.4,0.40836662327752593,-0.5000000000000012,0.8660254037844379,-0.3943558551133187,0.9189578116202306,0.9749279121818236,-0.22252093395631434
0.0,0.0,0.0,0.0,-5.703782474656201,0.4,0.40841150859553843,-0.5000000000000012,0.8660254037844379,-0.20129852008866114,0.9795299412524943,0.43388373911755823,-0.900968867902419
-0.6931475381878353,-0.6931475381878353,-0.6931475381878353,-0.6931475381878353,0.0,0.4,0.40845639391355093,-2.4492935982947064e-16,1.0,0.20129852008866006,0.9795299412524945,-0.433883739117558,-0.9009688679024191
0.0,0.0,0.0,0.0,0.0,0.4,0.4085012792315634,-2.4492935982947064e-16,1.0,0.39435585511331855,0.9189578116202306,-0.9749279121818236,-0.2225209339563146
0.6931475381878353,0.6931475381878353,0.6931475381878353,0.6931475381878353,0.0,0.4,0.4086359351856008,-2.4492935982947064e-16,1.0,0.8486442574947509,0.5289640103269624,0.7818314824680298,0.6234898018587336
0.0,0.0,0.0,0.0,5.703782474656201,0.4,0.4086808205036133,-2.4492935982947064e-16,1.0,0.9377521321470804,0.3473052528448203,0.9749279121818236,-0.22252093395631434
0.0,0.0,0.0,0.0,-5.703782474656201,0.4,0.40872570582162576,-2.4492935982947064e-16,1.0,0.9884683243281114,0.1514277775045767,0.43388373911755823,-0.900968867902419
0.0,0.0,0.0,0.0,8.006367567650246,0.4,0.40877059113963826,-2.4492935982947064e-16,1.0,0.9987165071710528,-0.05064916883871264,-0.433883739117558,-0.9009688679024191
0.0,0.0,0.0,0.0,-8.006367567650246,0.4,0.4088154764576507,-2.4492935982947064e-16,1.0,0.9680771188662043,-0.2506525322587204,-0.9749279121818236,-0.2225209339563146
0.0,0.0,0.0,0.0,8.411832675758411,0.4,0.40895013241168815,-2.4492935982947064e-16,1.0,0.6513724827222223,-0.758758122692791,0.7818314824680298,0.6234898018587336
-0.06453864034685362,-0.06453864034685362,-0.06453864034685362,-0.06453864034685362,-8.411832675758411,0.4,0.40899501772970065,-2.4492935982947064e-16,1.0,0.48530196253108104,-0.8743466161445821,0.9749279121818236,-0.22252093395631434
0.040822116590560224,0.06453864034685358,0.06453864034685358,0.040822116590560224,9.615805480084347,0.4,0.4090399030477131,-2.4492935982947064e-16,1.0,0.29936312297335804,-0.9541392564000488,0.43388373911755823,-0.900968867902419
-0.04082211659056012,-0.06453864034685362,-0.06453864034685362,-0.04082211659056012,-2.0402208285265546,0.4,0.4090847883657256,-2.4492935982947064e-16,1.0,0.10116832198743272,-0.994869323391895,-0.433883739117558,-0.9009688679024191
0.0,0.0,0.0,0.0,-7.575584651557793,0.4,0.4091296736837381,-2.4492935982947064e-16,1.0,-0.10116832198743204,-0.9948693233918952,-0.9749279121818236,-0.2225209339563146
0.0,0.0,0.0,0.0,6.1092475827643655,0.4,0.40926432963777554,-2.4492935982947064e-16,1.0,-0.6513724827222217,-0.7587581226927913,0.7818314824680298,0.6234898018587336
0.0,0.0,0.0,0.0,-6.1092475827643655,0.4,0.409309214955788,-2.4492935982947064e-16,1.0,-0.7907757369376986,-0.6121059825476627,0.9749279121818236,-0.22252093395631434
0.0,0.0,0.0,0.0,0.0,0.4,0.4093541002738005,-2.4492935982947064e-16,1.0,-0.8978045395707417,-0.44039415155763423,0.43388373911755823,-0.900968867902419
0.0,0.0,0.0,0.0,5.0106352940962555,0.4,0.4093989855918129,-2.4492935982947064e-16,1.0,-0.9680771188662041,-0.2506525322587213,-0.433883739117558,-0.9009688679024191
0.0,0.0,0.0,0.0,-5.0106352940962555,0.4,0.4094438709098254,-2.4492935982947064e-16,1.0,-0.9987165071710528,-0.05064916883871355,-0.9749279121818236,-0.2225209339563146
0.0,0.0,0.0,0.0,0.0,0.4,0.4096234121818753,-2.4492935982947064e-16,1.0,-0.7247927872291207,0.6889669190756859,0.9749279121818236,-0.22252093395631434
0.0,0.0,0.0,0.0,7.313220387090301,0.4,0.4096682974998878,-2.4492935982947064e-16,1.0,-0.5712682150947924,0.8207634412072763,0.43388373911755823,-0.900968867902419
0.0,0.0,0.0,0.0,-7.313220387090301,0.4,0.4097131828179003,-2.4492935982947064e-16,1.0,-0.3943558551133187,0.9189578116202306,-0.433883739117558,-0.9009688679024191
0.0,0.06453864034685358,0.0,0.06453864034685358,6.956545443151569,0.4,0.40975806813591276,-2.4492935982947064e-16,1.0,-0.20129852008866114,0.9795299412524943,-0.9749279121818236,-0.2225209339563146
0.0,-0.06453864034685362,0.0,-0.06453864034685362,-6.956545443151569,0.4166666666666667,0.4099376094079627,0.49999999999999994,0.8660254037844387,0.5712682150947923,0.8207634412072763,0.9749279121818236,-0.22252093395631434
0.0,0.12516303075702132,0.0,0.0,8.794824928014517,0.4166666666666667,0.40998249472597514,0.49999999999999994,0.8660254037844387,0.72479278722912,0.6889669190756866,0.43388373911755823,-0.900968867902419
0.0,-0.12516303075702134,0.0,0.0,-8.794824928014517,0.4166666666666667,0.41002738004398764,0.49999999999999994,0.8660254037844387,0.8486442574947509,0.5289640103269624,-0.433883739117558,-0.9009688679024191
0.0,0.12516303075702132,0.0,0.0,5.0106352940962555,0.4166666666666667,0.41007226536200014,0.49999999999999994,0.8660254037844387,0.9377521321470804,0.3473052528448203,-0.9749279121818236,-0.2225209339563146
0.06453864034685358,0.0,0.12516303075702132,0.06453864034685358,2.0794415416798357,0.4166666666666667,0.41020692131603753,0.49999999999999994,0.8660254037844387,0.9680771188662043,-0.2506525322587204,0.7818314824680298,0.6234898018587336
-0.06453864034685362,-0.12516303075702134,-0.12516303075702134,-0.06453864034685362,-7.090076835776092,0.4166666666666667,0.41025180663405003,0.49999999999999994,0.8660254037844387,0.8978045395707416,-0.4403941515576344,0.9749279121818236,-0.22252093395631434
0.0,0.0,0.0,0.0,8.006367567650246,0.4166666666666667,0.41029669195206253,0.49999999999999994,0.8660254037844387,0.7907757369376989,-0.6121059825476626,0.43388373911755823,-0.900968867902419
0.0,0.0,0.0,0.0,0.04879016416943204,0.4166666666666667,0.410341577270075,0.49999999999999994,0.8660254037844387,0.6513724827222223,-0.758758122692791,-0.433883739117558,-0.9009688679024191
0.0,0.0,0.0,0.0,-8.055157731819678,0.4166666666666667,0.4103864625880875,0.49999999999999994,0.8660254037844387,0.48530196253108104,-0.8743466161445821,-0.9749279121818236,-0.2225209339563146
0.0,0.0,0.0,0.0,0.0,0.4166666666666667,0.4105211185421249,0.49999999999999994,0.8660254037844387,-0.10116832198743204,-0.9948693233918952,0.7818314824680298,0.6234898018587336
0.0,0.0,0.0,0.0,0.0,0.4166666666666667,0.41056600386013736,0.49999999999999994,0.8660254037844387,-0.29936312297335776,-0.9541392564000489,0.9749279121818236,-0.22252093395631434
0.0,0.0,0.0,0.0,0.0,0.4166666666666667,0.41061088917814986,0.49999999999999994,0.8660254037844387,-0.4853019625310808,-0.8743466161445822,0.43388373911755823,-0.900968867902419
0.0,0.0,0.0,0.0,0.0,0.4166666666666667,0.4106557744961623,0.49999999999999994,0.8660254037844387,-0.6513724827222217,-0.7587581226927913,-0.433883739117558,-0.9009688679024191
0.0,0.0,0.0,0.0,0.0,0.4166666666666667,0.4107006598141748,0.49999999999999994,0.8660254037844387,-0.7907757369376986,-0.6121059825476627,-0.9749279121818236,-0.2225209339563146
0.0,0.12516303075702132,0.03278969976823271,0.0,8.229511118964457,0.4166666666666667,0.41083531576821225,0.49999999999999994,0.8660254037844387,-0.9987165071710528,-0.05064916883871355,0.7818314824680298,0.6234898018587336
0.0,-0.09237333098878853,0.0,0.0,0.03922071315328133,0.4166666666666667,0.41088020108622475,0.49999999999999994,0.8660254037844387,-0.9884683243281114,0.15142777750457667,0.9749279121818236,-0.22252093395631434
0.03278969976823271,0.0,0.0,0.03278969976823271,-3.258096538021482,0.4166666666666667,0.4109250864042372,0.49999999999999994,0.8660254037844387,-0.9377521321470804,0.3473052528448203,0.43388373911755823,-0.900968867902419
0.0,0.0,0.0,0.0,4.31748811353631,0.4166666666666667,0.4109699717222497,0.49999999999999994,0.8660254037844387,-0.8486442574947509,0.5289640103269624,-0.433883739117558,-0.9009688679024191
-0.03278969976823274,-0.03278969976823274,-0.03278969976823274,-0.03278969976823274,-9.328123407632566,0.4166666666666667,0.41101485704026214,0.49999999999999994,0.8660254037844387,-0.7247927872291207,0.6889669190756859,-0.9749279121818236,-0.2225209339563146
0.0,0.0,0.0,0.0,7.313220387090301,0.4166666666666667,0.4111495129942996,0.49999999999999994,0.8660254037844387,-0.20129852008866114,0.9795299412524943,0.7818314824680298,0.6234898018587336
0.0,0.0,0.0,0.0,-7.313220387090301,0.4166666666666667,0.4111943983123121,0.49999999999999994,0.8660254037844387,-2.4492935982947064e-16,1.0,0.9749279121818236,-0.22252093395631434
0.0,0.0,0.0,0.0,5.0106352940962555,0.4166666666666667,0.4112392836303245,0.8660254037844386,0.5000000000000001,0.20129852008866006,0.9795299412524945,0.43388373911755823,-0.900968867902419
0.0,0.0,0.0,0.0,-5.0106352940962555,0.4166666666666667,0.411284168948337,0.8660254037844386,0.5000000000000001,0.39435585511331855,0.9189578116202306,-0.433883739117558,-0.9009688679024191
0.0,0.0,0.0,0.0,7.313220387090301,0.4166666666666667,0.4113290542663495,0.8660254037844386,0.5000000000000001,0.5712682150947923,0.8207634412072763,-0.9749279121818236,-0.2225209339563146
0.0,0.0,0.0,0.0,0.5306282510621704,0.4166666666666667,0.4114637102203869,0.8660254037844386,0.5000000000000001,0.9377521321470804,0.3473052528448203,0.7818314824680298,0.6234898018587336
0.0,0.12516303075702132,0.0,0.12516303075702132,-0.2682639865946794,0.4166666666666667,0.4115085955383994,0.8660254037844386,0.5000000000000001,0.9884683243281114,0.1514277775045767,0.9749279121818236,-0.22252093395631434
0.0,-0.12516303075702134,0.0,-0.12516303075702134,-7.575584651557793,0.4166666666666667,0.4115534808564119,0.8660254037844386,0.5000000000000001,0.9987165071710528,-0.05064916883871264,0.43388373911755823,-0.900968867902419
0.12516303075702132,0.12516303075702132,0.12516303075702132,0.12516303075702132,5.0106352940962555,0.4166666666666667,0.41159836617442436,0.8660254037844386,0.5000000000000001,0.9680771188662043,-0.2506525322587204,-0.433883739117558,-0.9009688679024191
0.0,0.0,0.0,0.0,0.6931471805599453,0.4166666666666667,0.41164325149243686,0.8660254037844386,0.5000000000000001,0.8978045395707416,-0.4403941515576344,-0.9749279121818236,-0.2225209339563146
-0.12516303075702134,-0.12516303075702134,-0.12516303075702134,-0.12516303075702134,-5.703782474656201,0.4166666666666667,0.4117779074464743,0.8660254037844386,0.5000000000000001,0.48530196253108104,-0.8743466161445821,0.7818314824680298,0.6234898018587336
0.0,0.0,0.0,0.0,0.0,0.4166666666666667,0.41182279276448674,0.8660254037844386,0.5000000000000001,0.29936312297335804,-0.9541392564000488,0.9749279121818236,-0.22252093395631434
0.0,0.0,0.0,0.0,0.0,0.4166666666666667,0.41186767808249924,0.8660254037844386,0.5000000000000001,0.10116832198743272,-0.994869323391895,0.43388373911755823,-0.900968867902419
0.0,0.0,0.0,0.0,7.313220387090301,0.4166666666666667,0.41191256340051174,0.8660254037844386,0.5000000000000001,-0.10116832198743204,-0.9948693233918952,-0.433883739117558,-0.9009688679024191
0.0,0.0,0.0,0.0,0.1823215567939546,0.4166666666666667,0.4119574487185242,0.8660254037844386,0.5000000000000001,-0.29936312297335776,-0.9541392564000489,-0.9749279121818236,-0.2225209339563146
0.0,0.0,0.0,0.0,-7.495541943884256,0.4166666666666667,0.41213698999057413,0.8660254037844386,0.5000000000000001,-0.8978045395707417,-0.44039415155763423,0.9749279121818236,-0.22252093395631434
0.0,0.0,0.0,0.0,0.0,0.4166666666666667,0.4121818753085866,0.8660254037844386,0.5000000000000001,-0.9680771188662041,-0.2506525322587213,0.43388373911755823,-0.900968867902419
0.0,0.09531017980432493,0.0,0.06453864034685358,8.006367567650246,0.4166666666666667,0.4122267606265991,0.8660254037844386,0.5000000000000001,-0.9987165071710528,-0.05064916883871355,-0.433883739117558,-0.9009688679024191
0.06453864034685358,-0.03077153945747121,0.06453864034685358,0.0,-1.8971199848858813,0.4166666666666667,0.4122716459446115,0.8660254037844386,0.5000000000000001,-0.9884683243281114,0.15142777750457667,-0.9749279121818236,-0.2225209339563146
-0.06453864034685362,-0.06453864034685362,-0.06453864034685362,-0.06453864034685362,-6.1092475827643655,0.4166666666666667,0.41240630189864896,0.8660254037844386,0.5000000000000001,-0.7247927872291207,0.6889669190756859,0.7818314824680298,0.6234898018587336
0.06453864034685358,0.12516303075702132,0.12516303075702132,0.06453864034685358,8.674196940225903,0.4166666666666667,0.41245118721666146,0.8660254037844386,0.5000000000000001,-0.5712682150947924,0.8207634412072763,0.9749279121818236,-0.22252093395631434
-0.06453864034685362,-0.12516303075702134,-0.12516303075702134,-0.06453864034685362,-8.674196940225903,0.4166666666666667,0.4124960725346739,1.0,6.123233995736766e-17,0.20129852008866006,0.9795299412524945,0.43388373911755823,-0.900968867902419
0.0,0.0,0.0,0.0,0.0,0.4166666666666667,0.4125409578526864,1.0,6.123233995736766e-17,0.39435585511331855,0.9189578116202306,-0.433883739117558,-0.9009688679024191
0.0,0.0,0.0,0.0,0.0,0.4166666666666667,0.4125858431706989,1.0,6.123233995736766e-17,0.5712682150947923,0.8207634412072763,-0.9749279121818236,-0.2225209339563146
0.0,0.0,0.0,0.0,0.0,0.4166666666666667,0.41272049912473635,1.0,6.123233995736766e-17,0.9377521321470804,0.3473052528448203,0.7818314824680298,0.6234898018587336
0.0,0.0,0.0,0.0,0.0,0.4166666666666667,0.4127653844427488,1.0,6.123233995736766e-17,0.9884683243281114,0.1514277775045767,0.9749279121818236,-0.22252093395631434
0.0,0.0,0.0,0.0,0.0,0.4166666666666667,0.4128102697607613,1.0,6.123233995736766e-17,0.9987165071710528,-0.05064916883871264,0.43388373911755823,-0.900968867902419
0.0,0.0,0.0,0.0,6.1092475827643655,0.4166666666666667,0.41285515507877374,1.0,6.123233995736766e-17,0.9680771188662043,-0.2506525322587204,-0.433883739117558,-0.9009688679024191
0.0,0.0,0.0,0.0,-6.1092475827643655,0.4166666666666667,0.41290004039678624,1.0,6.123233995736766e-17,0.8978045395707416,-0.4403941515576344,-0.9749279121818236,-0.2225209339563146
0.0,0.0,0.0,0.0,0.0,0.4166666666666667,0.4130346963508237,1.0,6.123233995736766e-17,0.48530196253108104,-0.8743466161445821,0.7818314824680298,0.6234898018587336
0.0,0.0,0.0,0.0,0.0,0.4166666666666667,0.4130795816688361,1.0,6.123233995736766e-17,0.29936312297335804,-0.9541392564000488,0.9749279121818236,-0.22252093395631434
0.0,0.0,0.0,0.0,0.0,0.4166666666666667,0.4131244669868486,1.0,6.123233995736766e-17,0.10116832198743272,-0.994869323391895,0.43388373911755823,-0.900968867902419
0.0,0.0,0.0,0.0,9.017968479328726,0.4166666666666667,0.4131693523048611,1.0,6.123233995736766e-17,-0.10116832198743204,-0.9948693233918952,-0.433883739117558,-0.9009688679024191
0.0,0.0,0.0,0.0,-9.017968479328726,0.4166666666666667,0.41321423762287357,1.0,6.123233995736766e-17,-0.29936312297335776,-0.9541392564000489,-0.9749279121818236,-0.2225209339563146
0.0,0.0,0.0,0.0,5.0106352940962555,0.4166666666666667,0.413348893576911,1.0,6.123233995736766e-17,-0.7907757369376986,-0.6121059825476627,0.7818314824680298,0.6234898018587336
0.0,0.0,0.0,0.0,-5.0106352940962555,0.4166666666666667,0.4133937788949235,1.0,6.123233995736766e-17,-0.8978045395707417,-0.44039415155763423,0.9749279121818236,-0.22252093395631434
0.0,0.0,0.0,0.0,0.0,0.4166666666666667,0.41343866421293596,1.0,6.123233995736766e-17,-0.9680771188662041,-0.2506525322587213,0.43388373911755823,-0.900968867902419
0.008298676708992411,0.12516303075702132,0.008298676708992411,0.008298676708992411,10.627406391762827,0.4166666666666667,0.41348354953094846,1.0,6.123233995736766e-17,-0.9987165071710528,-0.05064916883871355,-0.433883739117558,-0.9009688679024191
0.024491023059240315,-0.09237333098878853,0.024491023059240315,0.024491023059240315,0.3746934494414107,0.4166666666666667,0.41352843484896096,1.0,6.123233995736766e-17,-0.9884683243281114,0.15142777750457667,-0.9749279121818236,-0.2225209339563146
0.0,0.0,0.0,0.0,-11.002099841204238,0.4166666666666667,0.41366309080299835,1.0,6.123233995736766e-17,-0.7247927872291207,0.6889669190756859,0.7818314824680298,0.6234898018587336
0.09237333098878846,0.09237333098878846,0.09237333098878846,0.09237333098878846,5.0106352940962555,0.4166666666666667,0.41370797612101085,1.0,6.123233995736766e-17,-0.5712682150947924,0.8207634412072763,0.9749279121818236,-0.22252093395631434
-0.09237333098878853,0.0,-0.06062439041016765,-0.09237333098878853,5.3612921657094255,0.4166666666666667,0.41375286143902335,1.0,6.123233995736766e-17,-0.3943558551133187,0.9189578116202306,0.43388373911755823,-0.900968867902419
0.09237333098878846,0.0,0.060624390410167706,0.09237333098878846,-5.3612921657094255,0.4166666666666667,0.4137977467570358,1.0,6.123233995736766e-17,-0.20129852008866114,0.9795299412524943,-0.433883739117558,-0.9009688679024191
-0.09237333098878853,-0.09237333098878853,-0.09237333098878853,-0.09237333098878853,0.0,0.4166666666666667,0.4138426320750483,1.0,6.123233995736766e-17,-2.4492935982947064e-16,1.0,-0.9749279121818236,-0.2225209339563146
0.03174894057862085,0.03174894057862085,0.03174894057862085,0.03174894057862085,2.70805020110221,0.4166666666666667,0.41397728802908573,0.8660254037844387,-0.4999999999999998,0.5712682150947923,0.8207634412072763,0.7818314824680298,0.6234898018587336
0.0,0.060624390410167706,0.0,0.060624390410167706,0.1823215567939546,0.4166666666666667,0.4140221733470982,0.8660254037844387,-0.4999999999999998,0.72479278722912,0.6889669190756866,0.9749279121818236,-0.22252093395631434
0.0,-0.06062439041016765,0.0,-0.06062439041016765,-7.901007051992421,0.4166666666666667,0.4140670586651107,0.8660254037844387,-0.4999999999999998,0.8486442574947509,0.5289640103269624,0.43388373911755823,-0.900968867902419
0.0,0.0,0.0,0.0,0.0,0.4166666666666667,0.4141119439831231,0.8660254037844387,-0.4999999999999998,0.9377521321470804,0.3473052528448203,-0.433883739117558,-0.9009688679024191
0.0,0.0,0.0,0.0,5.703782474656201,0.4166666666666667,0.4141568293011356,0.8660254037844387,-0.4999999999999998,0.9884683243281114,0.1514277775045767,-0.9749279121818236,-0.2225209339563146
0.0,0.0,0.0,0.0,-5.703782474656201,0.4166666666666667,0.41429148525517306,0.8660254037844387,-0.4999999999999998,0.8978045395707416,-0.4403941515576344,0.7818314824680298,0.6234898018587336
0.0896121484717492,0.11778291644710101,0.11778291644710101,0.0896121484717492,8.006367567650246,0.4166666666666667,0.41433637057318556,0.8660254037844387,-0.4999999999999998,0.7907757369376989,-0.6121059825476626,0.9749279121818236,-0.22252093395631434
-0.08961214847174921,-0.11778291644710105,-0.11778291644710105,-0.08961214847174921,-8.006367567650246,0.4166666666666667,0.414381255891198,0.8660254037844387,-0.4999999999999998,0.6513724827222223,-0.758758122692791,0.43388373911755823,-0.900968867902419
0.0,0.0,0.0,0.0,5.0106352940962555,0.4166666666666667,0.4144261412092105,0.8660254037844387,-0.4999999999999998,0.48530196253108104,-0.8743466161445821,-0.433883739117558,-0.9009688679024191
0.0,0.11778291644710101,0.0,0.0,1.791759469228055,0.4166666666666667,0.4146056824812604,0.8660254037844387,-0.4999999999999998,-0.29936312297335776,-0.9541392564000489,0.7818314824680298,0.6234898018587336
0.0,-0.11778291644710105,0.0,0.0,-6.802394763324311,0.4166666666666667,0.4146505677992729,0.8660254037844387,-0.4999999999999998,-0.4853019625310808,-0.8743466161445822,0.9749279121818236,-0.22252093395631434
0.0,0.0,0.0,0.0,0.0,0.4166666666666667,0.41469545311728534,0.8660254037844387,-0.4999999999999998,-0.6513724827222217,-0.7587581226927913,0.43388373911755823,-0.900968867902419
0.0,0.11778291644710101,0.0,0.0,7.313220387090301,0.4166666666666667,0.41474033843529784,0.8660254037844387,-0.4999999999999998,-0.7907757369376986,-0.6121059825476627,-0.433883739117558,-0.9009688679024191
0.0,-0.11778291644710105,0.0,0.0,-0.6931471805599453,0.4166666666666667,0.41478522375331034,0.8660254037844387,-0.4999999999999998,-0.8978045395707417,-0.44039415155763423,-0.9749279121818236,-0.2225209339563146
0.060624390410167706,0.060624390410167706,0.060624390410167706,0.060624390410167706,0.1823215567939546,0.4166666666666667,0.4149198797073477,0.8660254037844387,-0.4999999999999998,-0.9884683243281114,0.15142777750457667,0.7818314824680298,0.6234898018587336
-0.06062439041016765,-0.06062439041016765,-0.06062439041016765,-0.06062439041016765,-6.802394763324311,0.4166666666666667,0.4149647650253602,0.8660254037844387,-0.4999999999999998,-0.9377521321470804,0.3473052528448203,0.9749279121818236,-0.22252093395631434
0.0,0.0,0.0,0.0,0.0,0.4166666666666667,0.4150096503433727,0.8660254037844387,-0.4999999999999998,-0.8486442574947509,0.5289640103269624,0.43388373911755823,-0.900968867902419
0.0,0.0,0.0,0.0,0.0,0.4166666666666667,0.41505453566138517,0.8660254037844387,-0.4999999999999998,-0.7247927872291207,0.6889669190756859,-0.433883739117558,-0.9009688679024191
0.0,0.0,0.0,0.0,0.0,0.4166666666666667,0.41509942097939767,0.8660254037844387,-0.4999999999999998,-0.5712682150947924,0.8207634412072763,-0.9749279121818236,-0.2225209339563146
0.0,0.0,0.0,0.0,0.0,0.4166666666666667,0.4152340769334351,0.5000000000000003,-0.8660254037844385,0.20129852008866006,0.9795299412524945,0.7818314824680298,0.6234898018587336
0.030771539457471242,0.030771539457471242,0.030771539457471242,0.030771539457471242,0.0,0.4166666666666667,0.41527896225144756,0.5000000000000003,-0.8660254037844385,0.39435585511331855,0.9189578116202306,0.9749279121818236,-0.22252093395631434
0.0,0.0,0.0,0.0,6.396929655216146,0.4166666666666667,0.41532384756946006,0.5000000000000003,-0.8660254037844385,0.5712682150947923,0.8207634412072763,0.43388373911755823,-0.900968867902419
0.0,0.0,0.0,0.0,-6.396929655216146,0.4166666666666667,0.41536873288747256,0.5000000000000003,-0.8660254037844385,0.72479278722912,0.6889669190756866,-0.433883739117558,-0.9009688679024191
0.0,0.0,0.0,0.0,8.101677747454572,0.4166666666666667,0.415413618205485,0.5000000000000003,-0.8660254037844385,0.8486442574947509,0.5289640103269624,-0.9749279121818236,-0.2225209339563146
0.05884060901427801,0.05884060901427801,0.05884060901427801,0.05884060901427801,-3.0910424533583156,0.4166666666666667,0.41554827415952245,0.5000000000000003,-0.8660254037844385,0.9987165071710528,-0.05064916883871264,0.7818314824680298,0.6234898018587336
-0.12136108905037003,-0.12136108905037003,-0.12136108905037003,-0.12136108905037003,-5.0106352940962555,0.4166666666666667,0.41559315947753495,0.5000000000000003,-0.8660254037844385,0.9680771188662043,-0.2506525322587204,0.9749279121818236,-0.22252093395631434
0.06252048003609215,0.12136108905036998,0.11419238080494598,0.06252048003609215,8.006367567650246,0.4166666666666667,0.4156380447955474,0.5000000000000003,-0.8660254037844385,0.8978045395707416,-0.4403941515576344,0.43388373911755823,-0.900968867902419
0.029852850952696536,-0.028987758061581492,-0.021819049816157492,0.029852850952696536,-0.7985076962177716,0.4166666666666667,0.4156829301135599,0.5000000000000003,-0.8660254037844385,0.7907757369376989,-0.6121059825476626,-0.433883739117558,-0.9009688679024191
-0.09237333098878853,-0.09237333098878853,-0.09237333098878853,-0.09237333098878853,-7.2078598714324755,0.4166666666666667,0.41572781543157233,0.5000000000000003,-0.8660254037844385,0.6513724827222223,-0.758758122692791,-0.9749279121818236,-0.2225209339563146
0.0,0.0,0.0,0.0,5.0106352940962555,0.4166666666666667,0.4158624713856098,0.5000000000000003,-0.8660254037844385,0.10116832198743272,-0.994869323391895,0.7818314824680298,0.6234898018587336
0.03174894057862085,0.03174894057862085,0.03174894057862085,0.03174894057862085,1.9459101490553132,0.4166666666666667,0.4159073567036223,0.5000000000000003,-0.8660254037844385,-0.10116832198743204,-0.9948693233918952,0.9749279121818236,-0.22252093395631434
0.0,0.0,0.0,0.0,-6.956545443151569,0.4166666666666667,0.4159522420216348,0.5000000000000003,-0.8660254037844385,-0.29936312297335776,-0.9541392564000489,0.43388373911755823,-0.900968867902419
0.0,0.0,0.0,0.0,0.0,0.4166666666666667,0.4159971273396472,0.5000000000000003,-0.8660254037844385,-0.4853019625310808,-0.8743466161445822,-0.433883739117558,-0.9009688679024191
0.0,0.0,0.0,0.0,0.0,0.4166666666666667,0.4160420126576597,0.5000000000000003,-0.8660254037844385,-0.6513724827222217,-0.7587581226927913,-0.9749279121818236,-0.2225209339563146
0.0,0.0,0.0,0.0,7.2078598714324755,0.4166666666666667,0.41617666861169716,0.5000000000000003,-0.8660254037844385,-0.9680771188662041,-0.2506525322587213,0.7818314824680298,0.6234898018587336
0.0,0.11778291644710101,0.0,0.0,2.05127066471314,0.4166666666666667,0.4162215539297096,0.5000000000000003,-0.8660254037844385,-0.9987165071710528,-0.05064916883871355,0.9749279121818236,-0.22252093395631434
0.0,-0.11778291644710105,0.0,0.0,-1.252762968495368,0.4166666666666667,0.4162664392477221,0.5000000000000003,-0.8660254037844385,-0.9884683243281114,0.15142777750457667,0.43388373911755823,-0.900968867902419
-0.03174894057862082,-0.03174894057862082,-0.03174894057862082,-0.03174894057862082,-8.006367567650246,0.4166666666666667,0.41631132456573455,0.5000000000000003,-0.8660254037844385,-0.9377521321470804,0.3473052528448203,-0.433883739117558,-0.9009688679024191
0.0,0.0,0.0,0.0,0.0,0.4166666666666667,0.41635620988374705,0.5000000000000003,-0.8660254037844385,-0.8486442574947509,0.5289640103269624,-0.9749279121818236,-0.2225209339563146
0.03174894057862085,0.03174894057862085,0.03174894057862085,0.03174894057862085,0.0,0.4166666666666667,0.41653575115579694,0.5000000000000003,-0.8660254037844385,-0.20129852008866114,0.9795299412524943,0.9749279121818236,-0.22252093395631434
0.0,0.0,0.0,0.0,5.703782474656201,0.4166666666666667,0.41658063647380944,0.5000000000000003,-0.8660254037844385,-2.4492935982947064e-16,1.0,0.43388373911755823,-0.900968867902419
0.0,0.0,0.0,0.0,2.302585092994046,0.4166666666666667,0.41662552179182194,1.2246467991473532e-16,-1.0,0.20129852008866006,0.9795299412524945,-0.433883739117558,-0.9009688679024191
0.0,0.0,0.0,0.0,-8.006367567650246,0.4166666666666667,0.4166704071098344,1.2246467991473532e-16,-1.0,0.39435585511331855,0.9189578116202306,-0.9749279121818236,-0.2225209339563146
0.0,0.0,0.0,0.0,0.0,0.4166666666666667,0.41680506306387183,1.2246467991473532e-16,-1.0,0.8486442574947509,0.5289640103269624,0.7818314824680298,0.6234898018587336
0.0,0.0,0.0,0.0,5.703782474656201,0.4166666666666667,0.4168499483818843,1.2246467991473532e-16,-1.0,0.9377521321470804,0.3473052528448203,0.9749279121818236,-0.22252093395631434
0.0,0.0,0.0,0.0,1.3862943611198906,0.4166666666666667,0.41689483369989677,1.2246467991473532e-16,-1.0,0.9884683243281114,0.1514277775045767,0.43388373911755823,-0.900968867902419
0.11778291644710101,0.11778291644710101,0.11778291644710101,0.11778291644710101,-0.6931471805599453,0.4166666666666667,0.41693971901790927,1.2246467991473532e-16,-1.0,0.9987165071710528,-0.05064916883871264,-0.433883739117558,-0.9009688679024191
-0.11778291644710105,-0.11778291644710105,-0.11778291644710105,-0.11778291644710105,-1.3862943611198906,0.4166666666666667,0.41698460433592177,1.2246467991473532e-16,-1.0,0.9680771188662043,-0.2506525322587204,-0.9749279121818236,-0.2225209339563146
0.0,0.0,0.0,0.0,-5.0106352940962555,0.4166666666666667,0.41711926028995916,1.2246467991473532e-16,-1.0,0.6513724827222223,-0.758758122692791,0.7818314824680298,0.6234898018587336
0.0,0.0,0.0,0.0,0.0,0.4166666666666667,0.41716414560797166,1.2246467991473532e-16,-1.0,0.48530196253108104,-0.8743466161445821,0.9749279121818236,-0.22252093395631434
0.0,0.0,0.0,0.0,0.0,0.4166666666666667,0.41720903092598416,1.2246467991473532e-16,-1.0,0.29936312297335804,-0.9541392564000488,0.43388373911755823,-0.900968867902419
0.0,0.0,0.0,0.0,7.495541943884256,0.4166666666666667,0.4172539162439966,1.2246467991473532e-16,-1.0,0.10116832198743272,-0.994869323391895,-0.433883739117558,-0.9009688679024191
0.0,0.0,0.0,0.0,-7.495541943884256,0.4166666666666667,0.4172988015620091,1.2246467991473532e-16,-1.0,-0.10116832198743204,-0.9948693233918952,-0.9749279121818236,-0.2225209339563146
0.0,0.0,0.0,0.0,9.104979856318357,0.4166666666666667,0.41743345751604655,1.2246467991473532e-16,-1.0,-0.6513724827222217,-0.7587581226927913,0.7818314824680298,0.6234898018587336
0.030771539457471242,0.0896121484717492,0.0896121484717492,0.030771539457471242,0.03278982282299097,0.4166666666666667,0.417478342834059,1.2246467991473532e-16,-1.0,-0.7907757369376986,-0.6121059825476627,0.9749279121818236,-0.22252093395631434
-0.03077153945747121,-0.08961214847174921,-0.08961214847174921,-0.03077153945747121,-9.137769679141348,0.4166666666666667,0.4175232281520715,1.2246467991473532e-16,-1.0,-0.8978045395707417,-0.44039415155763423,0.43388373911755823,-0.900968867902419
0.0,0.0,0.0,0.0,0.0,0.4166666666666667,0.417568113470084,1.2246467991473532e-16,-1.0,-0.9680771188662041,-0.2506525322587213,-0.433883739117558,-0.9009688679024191
0.0,0.0,0.0,0.0,0.0,0.4166666666666667,0.41761299878809643,1.2246467991473532e-16,-1.0,-0.9987165071710528,-0.05064916883871355,-0.9749279121818236,-0.2225209339563146
0.0,0.0,0.0,0.0,0.0,0.4166666666666667,0.4177476547421339,1.2246467991473532e-16,-1.0,-0.8486442574947509,0.5289640103269624,0.7818314824680298,0.6234898018587336
0.0,0.0,0.0,0.0,0.0,0.4166666666666667,0.4177925400601464,1.2246467991473532e-16,-1.0,-0.7247927872291207,0.6889669190756859,0.9749279121818236,-0.22252093395631434
-0.015748476177421613,0.030771539457471242,0.030771539457471242,0.01550394995137544,11.409230228631463,0.4166666666666667,0.4178374253781588,1.2246467991473532e-16,-1.0,-0.5712682150947924,0.8207634412072763,0.43388373911755823,-0.900968867902419
0.015748476177421665,-0.03077153945747121,-0.03077153945747121,-0.01550394995137543,-6.398594934535208,0.4166666666666667,0.4178823106961713,1.2246467991473532e-16,-1.0,-0.3943558551133187,0.9189578116202306,-0.433883739117558,-0.9009688679024191
0.01550394995137544,0.0896121484717492,0.01550394995137544,0.030771539457471242,5.568344503761097,0.4166666666666667,0.41792719601418377,1.2246467991473532e-16,-1.0,-0.20129852008866114,0.9795299412524943,-0.9749279121818236,-0.2225209339563146
-0.01550394995137543,-0.08961214847174921,-0.01550394995137543,-0.03077153945747121,-10.578979797857352,0.4166666666666667,0.4180618519682212,-0.4999999999999997,-0.8660254037844388,0.5712682150947923,0.8207634412072763,0.7818314824680298,0.6234898018587336
0.0,0.0,0.0,0.0,0.0,0.4166666666666667,0.41815162260424615,-0.4999999999999997,-0.8660254037844388,0.8486442574947509,0.5289640103269624,0.43388373911755823,-0.900968867902419
0.0,0.0,0.0,0.0,5.0106352940962555,0.4166666666666667,0.41819650792225865,-0.4999999999999997,-0.8660254037844388,0.9377521321470804,0.3473052528448203,-0.433883739117558,-0.9009688679024191
0.0,0.0,0.0,0.0,0.6931471805599453,0.4166666666666667,0.41824139324027115,-0.4999999999999997,-0.8660254037844388,0.9884683243281114,0.1514277775045767,-0.9749279121818236,-0.2225209339563146
0.0,0.0,0.0,0.0,2.302585092994046,0.4166666666666667,0.4183760491943086,-0.4999999999999997,-0.8660254037844388,0.8978045395707416,-0.4403941515576344,0.7818314824680298,0.6234898018587336
0.030771539457471242,0.11778291644710101,0.11778291644710101,0.030771539457471242,-0.5978370007556204,0.4166666666666667,0.41842093451232104,-0.4999999999999997,-0.8660254037844388,0.7907757369376989,-0.6121059825476626,0.9749279121818236,-0.22252093395631434
-0.03077153945747121,-0.11778291644710105,-0.11778291644710105,-0.03077153945747121,-1.0116009116784799,0.4166666666666667,0.41846581983033354,-0.4999999999999997,-0.8660254037844388,0.6513724827222223,-0.758758122692791,0.43388373911755823,-0.900968867902419
0.0,0.0,0.0,0.0,-6.396929655216146,0.4166666666666667,0.418510705148346,-0.4999999999999997,-0.8660254037844388,0.48530196253108104,-0.8743466161445821,-0.433883739117558,-0.9009688679024191
0.0,0.0,0.0,0.0,6.1092475827643655,0.4166666666666667,0.4185555904663585,-0.4999999999999997,-0.8660254037844388,0.29936312297335804,-0.9541392564000488,-0.9749279121818236,-0.2225209339563146
0.0,0.0,0.0,0.0,-6.1092475827643655,0.4166666666666667,0.41869024642039593,-0.4999999999999997,-0.8660254037844388,-0.29936312297335776,-0.9541392564000489,0.7818314824680298,0.6234898018587336
0.060624390410167706,0.060624390410167706,0.060624390410167706,0.060624390410167706,8.476371196895983,0.4166666666666667,0.4187351317384084,-0.4999999999999997,-0.8660254037844388,-0.4853019625310808,-0.8743466161445822,0.9749279121818236,-0.22252093395631434
-0.06062439041016765,-0.06062439041016765,-0.06062439041016765,-0.06062439041016765,-8.476371196895983,0.4166666666666667,0.4187800170564209,-0.4999999999999997,-0.8660254037844388,-0.6513724827222217,-0.7587581226927913,0.43388373911755823,-0.900968867902419
0.030771539457471242,0.030771539457471242,0.030771539457471242,0.030771539457471242,5.703782474656201,0.4166666666666667,0.41882490237443337,-0.4999999999999997,-0.8660254037844388,-0.7907757369376986,-0.6121059825476627,-0.433883739117558,-0.9009688679024191
-0.06252048003609201,-0.06252048003609201,-0.06252048003609201,-0.06252048003609201,-5.703782474656201,0.4166666666666667,0.4188697876924458,-0.4999999999999997,-0.8660254037844388,-0.8978045395707417,-0.44039415155763423,-0.9749279121818236,-0.2225209339563146
0.0,0.0,0.0,0.0,6.396929655216146,0.4166666666666667,0.41900444364648326,-0.4999999999999997,-0.8660254037844388,-0.9884683243281114,0.15142777750457667,0.7818314824680298,0.6234898018587336
0.0,0.0,0.0,0.0,-6.396929655216146,0.4166666666666667,0.41904932896449576,-0.4999999999999997,-0.8660254037844388,-0.9377521321470804,0.3473052528448203,0.9749279121818236,-0.22252093395631434
0.0,0.0,0.0,0.0,0.0,0.4166666666666667,0.4190942142825082,-0.4999999999999997,-0.8660254037844388,-0.8486442574947509,0.5289640103269624,0.43388373911755823,-0.900968867902419
0.03174894057862085,0.03174894057862085,0.03174894057862085,0.03174894057862085,6.802394763324311,0.4166666666666667,0.4191390996005207,-0.4999999999999997,-0.8660254037844388,-0.7247927872291207,0.6889669190756859,-0.433883739117558,-0.9009688679024191
0.0,0.0,0.0,0.0,0.5108256237659907,0.4166666666666667,0.41918398491853315,-0.4999999999999997,-0.8660254037844388,-0.5712682150947924,0.8207634412072763,-0.9749279121818236,-0.2225209339563146
0.0,0.0,0.0,0.0,-7.313220387090301,0.4166666666666667,0.4193186408725706,-0.4999999999999997,-0.8660254037844388,-2.4492935982947064e-16,1.0,0.7818314824680298,0.6234898018587336
0.0,0.0,0.0,0.0,7.313220387090301,0.4166666666666667,0.4193635261905831,-0.8660254037844385,-0.5000000000000004,0.20129852008866006,0.9795299412524945,0.9749279121818236,-0.22252093395631434
0.0,0.0,0.0,0.0,-7.313220387090301,0.4166666666666667,0.4194084115085956,-0.8660254037844385,-0.5000000000000004,0.39435585511331855,0.9189578116202306,0.43388373911755823,-0.900968867902419
0.0896121484717492,0.0896121484717492,0.0896121484717492,0.0896121484717492,6.620073206530356,0.4166666666666667,0.41945329682660804,-0.8660254037844385,-0.5000000000000004,0.5712682150947923,0.8207634412072763,-0.433883739117558,-0.9009688679024191
-0.08961214847174921,-0.08961214847174921,-0.08961214847174921,-0.08961214847174921,-6.620073206530356,0.4166666666666667,0.41949818214462054,-0.8660254037844385,-0.5000000000000004,0.72479278722912,0.6889669190756866,-0.9749279121818236,-0.2225209339563146
0.0896121484717492,0.0896121484717492,0.0896121484717492,0.0896121484717492,8.268731832117737,0.4166666666666667,0.419632838098658,-0.8660254037844385,-0.5000000000000004,0.9884683243281114,0.1514277775045767,0.7818314824680298,0.6234898018587336
-0.08961214847174921,-0.08961214847174921,-0.08961214847174921,-0.08961214847174921,-8.268731832117737,0.4166666666666667,0.4196777234166704,-0.8660254037844385,-0.5000000000000004,0.9987165071710528,-0.05064916883871264,0.9749279121818236,-0.22252093395631434
0.0,0.0,0.0,0.0,0.0,0.4166666666666667,0.4197226087346829,-0.8660254037844385,-0.5000000000000004,0.9680771188662043,-0.2506525322587204,0.43388373911755823,-0.900968867902419
0.0,0.0,0.0,0.0,0.0,0.4166666666666667,0.41976749405269537,-0.8660254037844385,-0.5000000000000004,0.8978045395707416,-0.4403941515576344,-0.433883739117558,-0.9009688679024191
0.0,0.0,0.0,0.0,5.703782474656201,0.4166666666666667,0.41981237937070787,-0.8660254037844385,-0.5000000000000004,0.7907757369376989,-0.6121059825476626,-0.9749279121818236,-0.2225209339563146
0.0,0.0,0.0,0.0,-5.703782474656201,0.4166666666666667,0.4199470353247453,-0.8660254037844385,-0.5000000000000004,0.29936312297335804,-0.9541392564000488,0.7818314824680298,0.6234898018587336
0.0,0.0,0.0,0.0,5.0106352940962555,0.4166666666666667,0.41999192064275775,-0.8660254037844385,-0.5000000000000004,0.10116832198743272,-0.994869323391895,0.9749279121818236,-0.22252093395631434
0.0,0.0,0.0,0.0,-5.0106352940962555,0.4166666666666667,0.42003680596077025,-0.8660254037844385,-0.5000000000000004,-0.10116832198743204,-0.9948693233918952,0.43388373911755823,-0.900968867902419
0.0,0.0,0.0,0.0,0.0,0.4166666666666667,0.42008169127878275,-0.8660254037844385,-0.5000000000000004,-0.29936312297335776,-0.9541392564000489,-0.433883739117558,-0.9009688679024191
0.0,0.0,0.0,0.0,0.0,0.4166666666666667,0.4201265765967952,-0.8660254037844385,-0.5000000000000004,-0.4853019625310808,-0.8743466161445822,-0.9749279121818236,-0.2225209339563146
0.0,0.0,0.0,0.0,0.0,0.4166666666666667,0.42026123255083264,-0.8660254037844385,-0.5000000000000004,-0.8978045395707417,-0.44039415155763423,0.7818314824680298,0.6234898018587336
0.0,0.060624390410167706,0.0,0.060624390410167706,10.753638481905739,0.4166666666666667,0.42030611786884514,-0.8660254037844385,-0.5000000000000004,-0.9680771188662041,-0.2506525322587213,0.9749279121818236,-0.22252093395631434
0.0,-0.06062439041016765,0.0,-0.06062439041016765,-3.4404180948154366,0.4166666666666667,0.4203510031868576,-0.8660254037844385,-0.5000000000000004,-0.9987165071710528,-0.05064916883871355,0.43388373911755823,-0.900968867902419
0.0,0.0,0.0,0.0,-0.2231435513142097,0.4166666666666667,0.4203958885048701,-0.8660254037844385,-0.5000000000000004,-0.9884683243281114,0.15142777750457667,-0.433883739117558,-0.9009688679024191
0.0,0.0,0.0,0.0,-7.090076835776092,0.4166666666666667,0.4204407738228826,-0.8660254037844385,-0.5000000000000004,-0.9377521321470804,0.3473052528448203,-0.9749279121818236,-0.2225209339563146
0.0,0.0,0.0,0.0,9.259130536145614,0.4166666666666667,0.42057542977692,-0.8660254037844385,-0.5000000000000004,-0.5712682150947924,0.8207634412072763,0.7818314824680298,0.6234898018587336
0.0,0.0,0.0,0.0,-1.7635885922613588,0.4166666666666667,0.4206203150949325,-0.8660254037844385,-0.5000000000000004,-0.3943558551133187,0.9189578116202306,0.9749279121818236,-0.22252093395631434
0.0,0.060624390410167706,0.0,0.060624390410167706,1.2039728043259361,0.4166666666666667,0.420665200412945,-0.8660254037844385,-0.5000000000000004,-0.20129852008866114,0.9795299412524943,0.43388373911755823,-0.900968867902419
0.060624390410167706,0.05715852603693328,0.07522330202830509,0.05715852603693328,1.749199854809259,0.4166666666666667,0.4207100857309574,-0.8660254037844385,-0.5000000000000004,-2.4492935982947064e-16,1.0,-0.433883739117558,-0.9009688679024191
0.05715852603693328,0.0,0.0425596144187959,0.0,-10.448714603019452,0.4166666666666667,0.4207549710489699,-1.0,-1.8369701987210297e-16,0.20129852008866006,0.9795299412524945,-0.9749279121818236,-0.2225209339563146
0.0,0.0,0.0,0.0,0.0,0.4166666666666667,0.4209345123210198,-1.0,-1.8369701987210297e-16,0.8486442574947509,0.5289640103269624,0.9749279121818236,-0.22252093395631434
0.0,0.0,0.0,0.0,0.0,0.4166666666666667,0.4209793976390323,-1.0,-1.8369701987210297e-16,0.9377521321470804,0.3473052528448203,0.43388373911755823,-0.900968867902419
0.0,0.0,0.0,0.0,0.0,0.4166666666666667,0.4210242829570448,-1.0,-1.8369701987210297e-16,0.9884683243281114,0.1514277775045767,-0.433883739117558,-0.9009688679024191
0.0,0.054067321657040805,0.054067321657040805,0.0,7.649692623711514,0.4166666666666667,0.42106916827505725,-1.0,-1.8369701987210297e-16,0.9987165071710528,-0.05064916883871264,-0.9749279121818236,-0.2225209339563146
0.0,-0.05406732165704082,-0.05406732165704082,0.0,-7.649692623711514,0.4166666666666667,0.4212038242290947,-1.0,-1.8369701987210297e-16,0.7907757369376989,-0.6121059825476626,0.7818314824680298,0.6234898018587336
0.0,0.0,0.0,0.0,0.0,0.4166666666666667,0.4212487095471072,-1.0,-1.8369701987210297e-16,0.6513724827222223,-0.758758122692791,0.9749279121818236,-0.22252093395631434
0.0,0.0,0.0,0.0,0.0,0.4166666666666667,0.42129359486511964,-1.0,-1.8369701987210297e-16,0.48530196253108104,-0.8743466161445821,0.43388373911755823,-0.900968867902419
0.0,0.0,0.0,0.0,0.0,0.4166666666666667,0.42133848018313214,-1.0,-1.8369701987210297e-16,0.29936312297335804,-0.9541392564000488,-0.433883739117558,-0.9009688679024191
0.054067321657040805,0.054067321657040805,0.054067321657040805,0.054067321657040805,8.006367567650246,0.4166666666666667,0.4213833655011446,-1.0,-1.8369701987210297e-16,0.10116832198743272,-0.994869323391895,-0.9749279121818236,-0.2225209339563146
0.0,0.0,0.0,0.0,-0.16251892949777494,0.4166666666666667,0.421518021455182,-1.0,-1.8369701987210297e-16,-0.4853019625310808,-0.8743466161445822,0.7818314824680298,0.6234898018587336
-0.11122584769397419,0.0,0.0,-0.11122584769397419,0.8043728156701697,0.4166666666666667,0.4215629067731945,-1.0,-1.8369701987210297e-16,-0.6513724827222217,-0.7587581226927913,0.9749279121818236,-0.22252093395631434
0.0,-0.11122584769397419,-0.11122584769397419,0.0,-8.648221453822641,0.4166666666666667,0.42160779209120697,-1.0,-1.8369701987210297e-16,-0.7907757369376986,-0.6121059825476627,0.43388373911755823,-0.900968867902419
0.0,0.05715852603693328,0.0,0.0,10.352969546061066,0.4166666666666667,0.42165267740921947,-1.0,-1.8369701987210297e-16,-0.8978045395707417,-0.44039415155763423,-0.433883739117558,-0.9009688679024191
0.0,-0.057158526036933346,0.0,0.0,-10.352969546061066,0.4166666666666667,0.42169756272723197,-1.0,-1.8369701987210297e-16,-0.9680771188662041,-0.2506525322587213,-0.9749279121818236,-0.2225209339563146
0.02898775806158143,0.02898775806158143,0.02898775806158143,0.02898775806158143,5.0106352940962555,0.4166666666666667,0.4218322186812694,-1.0,-1.8369701987210297e-16,-0.9377521321470804,0.3473052528448203,0.7818314824680298,0.6234898018587336
-0.028987758061581492,-0.028987758061581492,-0.028987758061581492,-0.028987758061581492,2.302585092994046,0.4166666666666667,0.42187710399928186,-1.0,-1.8369701987210297e-16,-0.8486442574947509,0.5289640103269624,0.9749279121818236,-0.22252093395631434
0.0,0.0,0.0,0.0,-7.313220387090301,0.4166666666666667,0.42192198931729435,-1.0,-1.8369701987210297e-16,-0.7247927872291207,0.6889669190756859,0.43388373911755823,-0.900968867902419
-0.06062439041016765,-0.06062439041016765,-0.06062439041016765,-0.06062439041016765,6.396929655216146,0.4166666666666667,0.4219668746353068,-1.0,-1.8369701987210297e-16,-0.5712682150947924,0.8207634412072763,-0.433883739117558,-0.9009688679024191
0.0,0.0,0.0,0.0,-0.6931471805599453,0.4166666666666667,0.4220117599533193,-1.0,-1.8369701987210297e-16,-0.3943558551133187,0.9189578116202306,-0.9749279121818236,-0.2225209339563146
0.0896121484717492,0.22314333673749112,0.11778291644710101,0.0896121484717492,5.625820933186489,0.4166666666666667,0.42214641590735674,-0.866025403784439,0.49999999999999933,0.39435585511331855,0.9189578116202306,0.7818314824680298,0.6234898018587336
0.028170767975351767,-0.10536042029039008,0.0,0.028170767975351767,-2.70805020110221,0.4166666666666667,0.4221913012253692,-0.866025403784439,0.49999999999999933,0.5712682150947923,0.8207634412072763,0.9749279121818236,-0.22252093395631434
0.0,0.0,0.0,0.0,-1.6650077635889111,0.4166666666666667,0.4222361865433817,-0.866025403784439,0.49999999999999933,0.72479278722912,0.6889669190756866,0.43388373911755823,-0.900968867902419
0.0,0.0,0.0,0.0,-6.956545443151569,0.4166666666666667,0.4222810718613942,-0.866025403784439,0.49999999999999933,0.8486442574947509,0.5289640103269624,-0.433883739117558,-0.9009688679024191
0.0,0.0,0.0,0.0,0.0,0.4166666666666667,0.42232595717940663,-0.866025403784439,0.49999999999999933,0.9377521321470804,0.3473052528448203,-0.9749279121818236,-0.2225209339563146
0.0,0.0,0.0,0.0,8.771835409789817,0.4166666666666667,0.4224606131334441,-0.866025403784439,0.49999999999999933,0.9680771188662043,-0.2506525322587204,0.7818314824680298,0.6234898018587336
0.0,0.0,0.0,0.0,-8.771835409789817,0.4166666666666667,0.4225054984514566,-0.866025403784439,0.49999999999999933,0.8978045395707416,-0.4403941515576344,0.9749279121818236,-0.22252093395631434
0.0,0.0,0.0,0.0,0.0,0.4166666666666667,0.422550383769469,-0.866025403784439,0.49999999999999933,0.7907757369376989,-0.6121059825476626,0.43388373911755823,-0.900968867902419
0.0,0.0,0.0,0.0,0.0,0.4166666666666667,0.4225952690874815,-0.866025403784439,0.49999999999999933,0.6513724827222223,-0.758758122692791,-0.433883739117558,-0.9009688679024191
0.08004270767353636,0.08004270767353636,0.08004270767353636,0.08004270767353636,5.703782474656201,0.4166666666666667,0.422640154405494,-0.866025403784439,0.49999999999999933,0.48530196253108104,-0.8743466161445821,-0.9749279121818236,-0.2225209339563146
-0.08004270767353637,-0.08004270767353637,-0.08004270767353637,-0.08004270767353637,0.0,0.4166666666666667,0.4227748103595314,-0.866025403784439,0.49999999999999933,-0.10116832198743204,-0.9948693233918952,0.7818314824680298,0.6234898018587336
0.0,0.0,0.0,0.0,-5.703782474656201,0.4166666666666667,0.4228196956775439,-0.866025403784439,0.49999999999999933,-0.29936312297335776,-0.9541392564000489,0.9749279121818236,-0.22252093395631434
0.08004270767353636,0.08004270767353636,0.08004270767353636,0.08004270767353636,6.620073206530356,0.4166666666666667,0.4228645809955564,-0.866025403784439,0.49999999999999933,-0.4853019625310808,-0.8743466161445822,0.43388373911755823,-0.900968867902419
0.0,0.0,0.0,0.0,-6.620073206530356,0.4166666666666667,0.42290946631356885,-0.866025403784439,0.49999999999999933,-0.6513724827222217,-0.7587581226927913,-0.433883739117558,-0.9009688679024191
0.0,0.0,0.0,0.0,0.0,0.4166666666666667,0.42295435163158135,-0.866025403784439,0.49999999999999933,-0.7907757369376986,-0.6121059825476627,-0.9749279121818236,-0.2225209339563146
-0.08004270767353637,-0.08004270767353637,-0.08004270767353637,-0.08004270767353637,8.922658299524402,0.4166666666666667,0.4230890075856188,-0.866025403784439,0.49999999999999933,-0.9987165071710528,-0.05064916883871355,0.7818314824680298,0.6234898018587336
0.0,0.0,0.0,0.0,-0.7765287894989963,0.4166666666666667,0.42313389290363124,-0.866025403784439,0.49999999999999933,-0.9884683243281114,0.15142777750457667,0.9749279121818236,-0.22252093395631434
0.0,0.0,0.0,0.0,-8.146129510025405,0.4166666666666667,0.42317877822164374,-0.866025403784439,0.49999999999999933,-0.9377521321470804,0.3473052528448203,0.43388373911755823,-0.900968867902419
0.0,0.0,0.0,0.0,8.006367567650246,0.4166666666666667,0.4232236635396562,-0.866025403784439,0.49999999999999933,-0.8486442574947509,0.5289640103269624,-0.433883739117558,-0.9009688679024191
0.0,0.0,0.0,0.0,0.4054651081081644,0.4166666666666667,0.4232685488576687,-0.866025403784439,0.49999999999999933,-0.7247927872291207,0.6889669190756859,-0.9749279121818236,-0.2225209339563146
0.0,0.0,0.0,0.0,-8.411832675758411,0.4166666666666667,0.4234032048117061,-0.866025403784439,0.49999999999999933,-0.20129852008866114,0.9795299412524943,0.7818314824680298,0.6234898018587336
0.0,0.0,0.0,0.0,0.0,0.4166666666666667,0.4234480901297186,-0.866025403784439,0.49999999999999933,-2.4492935982947064e-16,1.0,0.9749279121818236,-0.22252093395631434
0.0,0.0,0.0,0.0,0.0,0.4166666666666667,0.42349297544773107,-0.5000000000000012,0.8660254037844379,0.20129852008866006,0.9795299412524945,0.43388373911755823,-0.900968867902419
0.0,0.0,0.0,0.0,8.101677747454572,0.4166666666666667,0.42353786076574357,-0.5000000000000012,0.8660254037844379,0.39435585511331855,0.9189578116202306,-0.433883739117558,-0.9009688679024191
0.0,0.0,0.0,0.0,-1.4816045409242156,0.4166666666666667,0.423582746083756,-0.5000000000000012,0.8660254037844379,0.5712682150947923,0.8207634412072763,-0.9749279121818236,-0.2225209339563146
0.054067321657040805,0.10536042029039004,0.10536042029039004,0.054067321657040805,1.0986122886681098,0.4166666666666667,0.42371740203779346,-0.5000000000000012,0.8660254037844379,0.9377521321470804,0.3473052528448203,0.7818314824680298,0.6234898018587336
0.0,-0.05129309863334919,-0.05129309863334919,0.0,-7.718685495198466,0.4166666666666667,0.42376228735580596,-0.5000000000000012,0.8660254037844379,0.9884683243281114,0.1514277775045767,0.9749279121818236,-0.22252093395631434
-0.05406732165704082,-0.05406732165704082,-0.05406732165704082,-0.05406732165704082,7.955074273262696,0.4166666666666667,0.4238071726738184,-0.5000000000000012,0.8660254037844379,0.9987165071710528,-0.05064916883871264,0.43388373911755823,-0.900968867902419
0.0,0.0,0.0,0.0,-7.955074273262697,0.4166666666666667,0.4238520579918309,-0.5000000000000012,0.8660254037844379,0.9680771188662043,-0.2506525322587204,-0.433883739117558,-0.9009688679024191
0.08004270767353636,0.08004270767353636,0.08004270767353636,0.08004270767353636,5.703782474656201,0.4166666666666667,0.4238969433098434,-0.5000000000000012,0.8660254037844379,0.8978045395707416,-0.4403941515576344,-0.9749279121818236,-0.2225209339563146
0.0,0.0,0.0,0.0,-5.703782474656201,0.4166666666666667,0.4240315992638808,-0.5000000000000012,0.8660254037844379,0.48530196253108104,-0.8743466161445821,0.7818314824680298,0.6234898018587336
0.0,0.0,0.0,0.0,0.0,0.4166666666666667,0.4240764845818933,-0.5000000000000012,0.8660254037844379,0.29936312297335804,-0.9541392564000488,0.9749279121818236,-0.22252093395631434
0.0,0.0,0.0,0.0,0.0,0.4166666666666667,0.4241213698999058,-0.5000000000000012,0.8660254037844379,0.10116832198743272,-0.994869323391895,0.43388373911755823,-0.900968867902419
0.0,0.0,0.0,0.0,0.0,0.4166666666666667,0.42416625521791823,-0.5000000000000012,0.8660254037844379,-0.10116832198743204,-0.9948693233918952,-0.433883739117558,-0.9009688679024191
0.0,0.0,0.0,0.0,0.0,0.4166666666666667,0.42421114053593073,-0.5000000000000012,0.8660254037844379,-0.29936312297335776,-0.9541392564000489,-0.9749279121818236,-0.2225209339563146
-0.08004270767353637,-0.08004270767353637,-0.08004270767353637,-0.08004270767353637,5.0106352940962555,0.4166666666666667,0.4243457964899682,-0.5000000000000012,0.8660254037844379,-0.7907757369376986,-0.6121059825476627,0.7818314824680298,0.6234898018587336
0.0,0.0,0.0,0.0,0.6931471805599453,0.4166666666666667,0.4243906818079806,-0.5000000000000012,0.8660254037844379,-0.8978045395707417,-0.44039415155763423,0.9749279121818236,-0.22252093395631434
0.08004270767353636,0.08004270767353636,0.08004270767353636,0.08004270767353636,0.4054651081081644,0.4166666666666667,0.4244355671259931,-0.5000000000000012,0.8660254037844379,-0.9680771188662041,-0.2506525322587213,0.43388373911755823,-0.900968867902419
-0.08004270767353637,-0.08004270767353637,-0.08004270767353637,-0.08004270767353637,1.2992829841302609,0.4166666666666667,0.42452533776201806,-0.5000000000000012,0.8660254037844379,-0.9884683243281114,0.15142777750457667,-0.9749279121818236,-0.2225209339563146
-0.028170767975351816,0.0,0.0,-0.028170767975351816,2.3895964699836756,0.4166666666666667,0.4246599937160555,-0.5000000000000012,0.8660254037844379,-0.7247927872291207,0.6889669190756859,0.7818314824680298,0.6234898018587336
0.0,-0.028170767975351816,-0.028170767975351816,0.0,-1.6094379124341003,0.4166666666666667,0.424704879034068,-0.5000000000000012,0.8660254037844379,-0.5712682150947924,0.8207634412072763,0.9749279121818236,-0.22252093395631434
0.028170767975351767,0.028170767975351767,0.028170767975351767,0.028170767975351767,-2.0794415416798357,0.4166666666666667,0.42474976435208045,-0.5000000000000012,0.8660254037844379,-0.3943558551133187,0.9189578116202306,0.43388373911755823,-0.900968867902419
0.0,0.0,0.0,0.0,4.75932086581535,0.4166666666666667,0.42479464967009295,-0.5000000000000012,0.8660254037844379,-0.20129852008866114,0.9795299412524943,-0.433883739117558,-0.9009688679024191
0.0,0.0,0.0,0.0,-2.7668907011251433,0.4166666666666667,0.4248395349881054,-2.4492935982947064e-16,1.0,0.20129852008866006,0.9795299412524945,-0.9749279121818236,-0.2225209339563146
-0.057158526036933346,-0.057158526036933346,-0.057158526036933346,-0.057158526036933346,0.31015492830383945,0.4166666666666667,0.42497419094214284,-2.4492935982947064e-16,1.0,0.72479278722912,0.6889669190756866,0.7818314824680298,0.6234898018587336
0.0,0.0,0.0,0.0,-8.411832675758411,0.4166666666666667,0.42501907626015534,-2.4492935982947064e-16,1.0,0.8486442574947509,0.5289640103269624,0.9749279121818236,-0.22252093395631434
-0.02985285095269649,-0.02985285095269649,-0.02985285095269649,-0.02985285095269649,9.392661928770137,0.4166666666666667,0.4250639615781678,-2.4492935982947064e-16,1.0,0.9377521321470804,0.3473052528448203,0.43388373911755823,-0.900968867902419
-0.06252048003609201,-0.03077153945747121,-0.03077153945747121,-0.03077153945747121,0.2330938821673778,0.4166666666666667,0.4251088468961803,-2.4492935982947064e-16,1.0,0.9884683243281114,0.1514277775045767,-0.433883739117558,-0.9009688679024191
0.0,-0.03174894057862082,-0.03174894057862082,-0.03174894057862082,-4.61512051684126,0.4166666666666667,0.4251537322141928,-2.4492935982947064e-16,1.0,0.9987165071710528,-0.05064916883871264,-0.9749279121818236,-0.2225209339563146
0.0,0.0,0.0,0.0,2.0794415416798357,0.4166666666666667,0.4252883881682302,-2.4492935982947064e-16,1.0,0.7907757369376989,-0.6121059825476626,0.7818314824680298,0.6234898018587336
0.0,0.0,0.0,0.0,-7.090076835776092,0.4166666666666667,0.42533327348624267,-2.4492935982947064e-16,1.0,0.6513724827222223,-0.758758122692791,0.9749279121818236,-0.22252093395631434
0.0,0.0,0.0,0.0,0.0,0.4166666666666667,0.42537815880425517,-2.4492935982947064e-16,1.0,0.48530196253108104,-0.8743466161445821,0.43388373911755823,-0.900968867902419
0.0,0.0,0.0,0.0,0.0,0.4166666666666667,0.4254230441222676,-2.4492935982947064e-16,1.0,0.29936312297335804,-0.9541392564000488,-0.433883739117558,-0.9009688679024191
0.0,0.0,0.0,0.0,0.0,0.4166666666666667,0.4254679294402801,-2.4492935982947064e-16,1.0,0.10116832198743272,-0.994869323391895,-0.9749279121818236,-0.2225209339563146
0.0,0.0,0.0,0.0,0.0,0.4166666666666667,0.42560258539431756,-2.4492935982947064e-16,1.0,-0.4853019625310808,-0.8743466161445822,0.7818314824680298,0.6234898018587336
0.0,0.03174894057862085,0.0,0.03174894057862085,10.04107321548869,0.4166666666666667,0.42564747071233,-2.4492935982947064e-16,1.0,-0.6513724827222217,-0.7587581226927913,0.9749279121818236,-0.22252093395631434
0.03174894057862085,0.0,0.03174894057862085,0.0,-10.04107321548869,0.4166666666666667,0.4256923560303425,-2.4492935982947064e-16,1.0,-0.7907757369376986,-0.6121059825476627,0.43388373911755823,-0.900968867902419
-0.06453864034685362,0.0,0.0,-0.06453864034685362,8.748304912379623,0.4166666666666667,0.425737241348355,-2.4492935982947064e-16,1.0,-0.8978045395707417,-0.44039415155763423,-0.433883739117558,-0.9009688679024191
0.06453864034685358,0.0,0.0,0.06453864034685358,0.17435338714477774,0.4166666666666667,0.42578212666636744,-2.4492935982947064e-16,1.0,-0.9680771188662041,-0.2506525322587213,-0.9749279121818236,-0.2225209339563146
-0.03174894057862082,-0.03174894057862082,-0.03174894057862082,-0.03174894057862082,-1.0788096613719298,0.4166666666666667,0.4259616679384174,-2.4492935982947064e-16,1.0,-0.8486442574947509,0.5289640103269624,0.9749279121818236,-0.22252093395631434
0.06252048003609215,0.06252048003609215,0.06252048003609215,0.06252048003609215,-2.833213344056216,0.4166666666666667,0.42600655325642983,-2.4492935982947064e-16,1.0,-0.7247927872291207,0.6889669190756859,0.43388373911755823,-0.900968867902419
0.0,0.0,0.0,0.0,-5.0106352940962555,0.4166666666666667,0.42605143857444233,-2.4492935982947064e-16,1.0,-0.5712682150947924,0.8207634412072763,-0.433883739117558,-0.9009688679024191
0.0,0.0,0.0,0.0,0.0,0.4166666666666667,0.42609632389245483,-2.4492935982947064e-16,1.0,-0.3943558551133187,0.9189578116202306,-0.9749279121818236,-0.2225209339563146
0.0,0.0,0.0,0.0,0.0,0.43333333333333335,0.4262758651645047,0.49999999999999994,0.8660254037844387,0.39435585511331855,0.9189578116202306,0.9749279121818236,-0.22252093395631434
0.0,0.0,0.0,0.0,0.0,0.43333333333333335,0.4263207504825172,0.49999999999999994,0.8660254037844387,0.5712682150947923,0.8207634412072763,0.43388373911755823,-0.900968867902419
0.0,0.0,0.0,0.0,0.0,0.43333333333333335,0.42636563580052966,0.49999999999999994,0.8660254037844387,0.72479278722912,0.6889669190756866,-0.433883739117558,-0.9009688679024191
0.0,0.0,0.0,0.0,0.0,0.43333333333333335,0.42641052111854216,0.49999999999999994,0.8660254037844387,0.8486442574947509,0.5289640103269624,-0.9749279121818236,-0.2225209339563146
-0.0953101798043249,-0.0953101798043249,-0.0953101798043249,-0.0953101798043249,7.313220387090301,0.43333333333333335,0.4265451770725796,0.49999999999999994,0.8660254037844387,0.9987165071710528,-0.05064916883871264,0.7818314824680298,0.6234898018587336
0.0,0.0,0.0,0.0,-7.313220387090301,0.43333333333333335,0.42659006239059205,0.49999999999999994,0.8660254037844387,0.9680771188662043,-0.2506525322587204,0.9749279121818236,-0.22252093395631434
0.0,0.0,0.0,0.0,0.0,0.43333333333333335,0.42663494770860455,0.49999999999999994,0.8660254037844387,0.8978045395707416,-0.4403941515576344,0.43388373911755823,-0.900968867902419
0.0,0.0,0.0,0.0,0.0,0.43333333333333335,0.426679833026617,0.49999999999999994,0.8660254037844387,0.7907757369376989,-0.6121059825476626,-0.433883739117558,-0.9009688679024191
0.0,0.0,0.0,0.0,6.396929655216146,0.43333333333333335,0.4267247183446295,0.49999999999999994,0.8660254037844387,0.6513724827222223,-0.758758122692791,-0.9749279121818236,-0.2225209339563146
0.0,0.0,0.0,0.0,-6.396929655216146,0.43333333333333335,0.42685937429866694,0.49999999999999994,0.8660254037844387,0.10116832198743272,-0.994869323391895,0.7818314824680298,0.6234898018587336
0.0,0.0,0.0,0.0,0.0,0.43333333333333335,0.42690425961667944,0.49999999999999994,0.8660254037844387,-0.10116832198743204,-0.9948693233918952,0.9749279121818236,-0.22252093395631434
0.0,0.0,0.0,0.0,0.0,0.43333333333333335,0.4269491449346919,0.49999999999999994,0.8660254037844387,-0.29936312297335776,-0.9541392564000489,0.43388373911755823,-0.900968867902419
0.0,0.0,0.0,0.0,0.0,0.43333333333333335,0.4269940302527044,0.49999999999999994,0.8660254037844387,-0.4853019625310808,-0.8743466161445822,-0.433883739117558,-0.9009688679024191
0.0,0.0,0.0,0.0,0.0,0.43333333333333335,0.4270389155707168,0.49999999999999994,0.8660254037844387,-0.6513724827222217,-0.7587581226927913,-0.9749279121818236,-0.2225209339563146
0.0,0.0,0.0,0.0,7.783224016336037,0.43333333333333335,0.42717357152475427,0.49999999999999994,0.8660254037844387,-0.9680771188662041,-0.2506525322587213,0.7818314824680298,0.6234898018587336
0.0,0.0,0.0,0.0,-7.783224016336037,0.43333333333333335,0.42721845684276677,0.49999999999999994,0.8660254037844387,-0.9987165071710528,-0.05064916883871355,0.9749279121818236,-0.22252093395631434
0.0,0.0,0.0,0.0,0.0,0.43333333333333335,0.4272633421607792,0.49999999999999994,0.8660254037844387,-0.9884683243281114,0.15142777750457667,0.43388373911755823,-0.900968867902419
0.0,0.0,0.0,0.0,0.0,0.43333333333333335,0.4273082274787917,0.49999999999999994,0.8660254037844387,-0.9377521321470804,0.3473052528448203,-0.433883739117558,-0.9009688679024191
0.0,0.0,0.0,0.0,0.0,0.43333333333333335,0.4273531127968042,0.49999999999999994,0.8660254037844387,-0.8486442574947509,0.5289640103269624,-0.9749279121818236,-0.2225209339563146
0.09531017980432493,0.09531017980432493,0.09531017980432493,0.09531017980432493,5.0106352940962555,0.43333333333333335,0.4274877687508416,0.49999999999999994,0.8660254037844387,-0.3943558551133187,0.9189578116202306,0.7818314824680298,0.6234898018587336
0.0,0.0,0.0,0.0,-5.0106352940962555,0.43333333333333335,0.4275326540688541,0.49999999999999994,0.8660254037844387,-0.20129852008866114,0.9795299412524943,0.9749279121818236,-0.22252093395631434
0.0,0.0,0.0,0.0,0.0,0.43333333333333335,0.4275775393868666,0.49999999999999994,0.8660254037844387,-2.4492935982947064e-16,1.0,0.43388373911755823,-0.900968867902419
-0.0953101798043249,0.0,0.0,-0.0953101798043249,6.396929655216146,0.43333333333333335,0.42762242470487904,0.8660254037844386,0.5000000000000001,0.20129852008866006,0.9795299412524945,-0.433883739117558,-0.9009688679024191
0.04879016416943204,0.0,0.0,0.04879016416943204,1.749199854809259,0.43333333333333335,0.42766731002289154,0.8660254037844386,0.5000000000000001,0.39435585511331855,0.9189578116202306,-0.9749279121818236,-0.2225209339563146
0.0,-0.04652001563489282,-0.04652001563489282,0.0,-8.146129510025405,0.43333333333333335,0.427801965976929,0.8660254037844386,0.5000000000000001,0.8486442574947509,0.5289640103269624,0.7818314824680298,0.6234898018587336
0.0,0.0,0.0,0.0,0.0,0.43333333333333335,0.42784685129494143,0.8660254037844386,0.5000000000000001,0.9377521321470804,0.3473052528448203,0.9749279121818236,-0.22252093395631434
0.04652001563489291,0.10536062464917074,0.04652001563489291,0.10536062464917074,8.922658299524402,0.43333333333333335,0.42789173661295393,0.8660254037844386,0.5000000000000001,0.9884683243281114,0.1514277775045767,0.43388373911755823,-0.900968867902419
0.0,-0.0588406090142779,0.0,-0.0588406090142779,-3.2188758248682006,0.43333333333333335,0.42793662193096643,0.8660254037844386,0.5000000000000001,0.9987165071710528,-0.05064916883871264,-0.433883739117558,-0.9009688679024191
0.0,0.0,0.0,0.0,-5.703782474656201,0.43333333333333335,0.4279815072489789,0.8660254037844386,0.5000000000000001,0.9680771188662043,-0.2506525322587204,-0.9749279121818236,-0.2225209339563146
0.0,0.0,0.0,0.0,0.0,0.43333333333333335,0.4281161632030163,0.8660254037844386,0.5000000000000001,0.6513724827222223,-0.758758122692791,0.7818314824680298,0.6234898018587336
0.0,0.0,0.0,0.0,6.396929655216146,0.43333333333333335,0.4281610485210288,0.8660254037844386,0.5000000000000001,0.48530196253108104,-0.8743466161445821,0.9749279121818236,-0.22252093395631434
0.0,0.0,0.0,0.0,-6.396929655216146,0.43333333333333335,0.42820593383904126,0.8660254037844386,0.5000000000000001,0.29936312297335804,-0.9541392564000488,0.43388373911755823,-0.900968867902419
0.0,0.0,0.0,0.0,0.0,0.43333333333333335,0.42825081915705376,0.8660254037844386,0.5000000000000001,0.10116832198743272,-0.994869323391895,-0.433883739117558,-0.9009688679024191
0.0,0.0,0.0,0.0,0.0,0.43333333333333335,0.4282957044750662,0.8660254037844386,0.5000000000000001,-0.10116832198743204,-0.9948693233918952,-0.9749279121818236,-0.2225209339563146
0.0,0.0,0.0,0.0,0.0,0.43333333333333335,0.42847524574711615,0.8660254037844386,0.5000000000000001,-0.7907757369376986,-0.6121059825476627,0.9749279121818236,-0.22252093395631434
0.0,0.0,0.0,0.0,0.0,0.43333333333333335,0.42852013106512865,0.8660254037844386,0.5000000000000001,-0.8978045395707417,-0.44039415155763423,0.43388373911755823,-0.900968867902419
0.0,0.0,0.0,0.0,0.0,0.43333333333333335,0.4285650163831411,0.8660254037844386,0.5000000000000001,-0.9680771188662041,-0.2506525322587213,-0.433883739117558,-0.9009688679024191
0.0,0.029852850952696536,0.0,0.029852850952696536,7.313220387090301,0.43333333333333335,0.4286099017011536,0.8660254037844386,0.5000000000000001,-0.9987165071710528,-0.05064916883871355,-0.9749279121818236,-0.2225209339563146
0.08701137698962969,0.05715852603693328,0.08701137698962969,0.05715852603693328,-1.6094379124341003,0.43333333333333335,0.42874455765519104,0.8660254037844386,0.5000000000000001,-0.8486442574947509,0.5289640103269624,0.7818314824680298,0.6234898018587336
0.0,0.0,0.0,0.0,1.5040773967762742,0.43333333333333335,0.4287894429732035,0.8660254037844386,0.5000000000000001,-0.7247927872291207,0.6889669190756859,0.9749279121818236,-0.22252093395631434
0.0,0.0,0.0,0.0,-0.11778303565638351,0.43333333333333335,0.428834328291216,0.8660254037844386,0.5000000000000001,-0.5712682150947924,0.8207634412072763,0.43388373911755823,-0.900968867902419
0.0,0.0,0.0,0.0,-7.090076835776092,0.43333333333333335,0.4288792136092284,0.8660254037844386,0.5000000000000001,-0.3943558551133187,0.9189578116202306,-0.433883739117558,-0.9009688679024191
0.0,0.0,0.0,0.0,0.0,0.43333333333333335,0.4289240989272409,1.0,6.123233995736766e-17,0.20129852008866006,0.9795299412524945,-0.9749279121818236,-0.2225209339563146
0.0,0.0,0.0,0.0,0.0,0.43333333333333335,0.42905875488127837,1.0,6.123233995736766e-17,0.72479278722912,0.6889669190756866,0.7818314824680298,0.6234898018587336
-0.11778291644710105,-0.057158526036933346,-0.057158526036933346,-0.11778291644710105,8.922658299524402,0.43333333333333335,0.4291036401992908,1.0,6.123233995736766e-17,0.8486442574947509,0.5289640103269624,0.9749279121818236,-0.22252093395631434
0.0,-0.06062439041016765,-0.06062439041016765,0.0,-8.922658299524402,0.43333333333333335,0.4291485255173033,1.0,6.123233995736766e-17,0.9377521321470804,0.3473052528448203,0.43388373911755823,-0.900968867902419
0.0,0.0,0.0,0.0,0.0,0.43333333333333335,0.4291934108353158,1.0,6.123233995736766e-17,0.9884683243281114,0.1514277775045767,-0.433883739117558,-0.9009688679024191
0.0,0.0,0.0,0.0,6.1092475827643655,0.43333333333333335,0.42923829615332826,1.0,6.123233995736766e-17,0.9987165071710528,-0.05064916883871264,-0.9749279121818236,-0.2225209339563146
-0.03174894057862082,-0.03174894057862082,-0.03174894057862082,-0.03174894057862082,1.2039728043259361,0.43333333333333335,0.4293729521073657,1.0,6.123233995736766e-17,0.7907757369376989,-0.6121059825476626,0.7818314824680298,0.6234898018587336
0.03174894057862085,0.03174894057862085,0.03174894057862085,0.03174894057862085,0.0,0.43333333333333335,0.4294178374253782,1.0,6.123233995736766e-17,0.6513724827222223,-0.758758122692791,0.9749279121818236,-0.22252093395631434
0.0,0.0,0.0,0.0,-7.313220387090301,0.43333333333333335,0.42946272274339065,1.0,6.123233995736766e-17,0.48530196253108104,-0.8743466161445821,0.43388373911755823,-0.900968867902419
0.0,0.0,0.0,0.0,0.0,0.43333333333333335,0.42950760806140315,1.0,6.123233995736766e-17,0.29936312297335804,-0.9541392564000488,-0.433883739117558,-0.9009688679024191
-0.03174894057862082,-0.03174894057862082,-0.03174894057862082,-0.03174894057862082,6.1092475827643655,0.43333333333333335,0.42955249337941565,1.0,6.123233995736766e-17,0.10116832198743272,-0.994869323391895,-0.9749279121818236,-0.2225209339563146
0.03174894057862085,0.06252048003609215,0.03174894057862085,0.06252048003609215,3.283414346005772,0.43333333333333335,0.42968714933345303,1.0,6.123233995736766e-17,-0.4853019625310808,-0.8743466161445822,0.7818314824680298,0.6234898018587336
0.0,-0.03077153945747121,0.0,-0.03077153945747121,-3.6888794541139363,0.43333333333333335,0.42973203465146553,1.0,6.123233995736766e-17,-0.6513724827222217,-0.7587581226927913,0.9749279121818236,-0.22252093395631434
0.0,0.0,0.0,0.0,-5.703782474656201,0.43333333333333335,0.42977691996947803,1.0,6.123233995736766e-17,-0.7907757369376986,-0.6121059825476627,0.43388373911755823,-0.900968867902419
0.0,0.0,0.0,0.0,0.0,0.43333333333333335,0.4298218052874905,1.0,6.123233995736766e-17,-0.8978045395707417,-0.44039415155763423,-0.433883739117558,-0.9009688679024191
0.0,0.0,0.0,0.0,0.0,0.43333333333333335,0.429866690605503,1.0,6.123233995736766e-17,-0.9680771188662041,-0.2506525322587213,-0.9749279121818236,-0.2225209339563146
0.0,0.0,0.0,0.0,0.0,0.43333333333333335,0.4300013465595404,1.0,6.123233995736766e-17,-0.9377521321470804,0.3473052528448203,0.7818314824680298,0.6234898018587336
0.0,0.0,0.0,0.0,5.703782474656201,0.43333333333333335,0.43004623187755286,1.0,6.123233995736766e-17,-0.8486442574947509,0.5289640103269624,0.9749279121818236,-0.22252093395631434
0.060624390410167706,0.060624390410167706,0.060624390410167706,0.060624390410167706,-0.6931471805599453,0.43333333333333335,0.43009111719556536,1.0,6.123233995736766e-17,-0.7247927872291207,0.6889669190756859,0.43388373911755823,-0.900968867902419
-0.06062439041016765,-0.06062439041016765,-0.06062439041016765,-0.06062439041016765,1.791759469228055,0.43333333333333335,0.43013600251357786,1.0,6.123233995736766e-17,-0.5712682150947924,0.8207634412072763,-0.433883739117558,-0.9009688679024191
0.0,0.0,0.0,0.0,-6.802394763324311,0.43333333333333335,0.4301808878315903,1.0,6.123233995736766e-17,-0.3943558551133187,0.9189578116202306,-0.9749279121818236,-0.2225209339563146
0.0,0.030771539457471242,0.0,0.0,10.821776287072955,0.43333333333333335,0.43031554378562775,0.8660254037844387,-0.4999999999999998,0.20129852008866006,0.9795299412524945,0.7818314824680298,0.6234898018587336
0.0,0.0,0.0,0.030771539457471242,-2.345405090176974,0.43333333333333335,0.43036042910364025,0.8660254037844387,-0.4999999999999998,0.39435585511331855,0.9189578116202306,0.9749279121818236,-0.22252093395631434
0.060624390410167706,0.029852850952696536,0.060624390410167706,0.029852850952696536,-2.367123614131617,0.43333333333333335,0.4304053144216527,0.8660254037844387,-0.4999999999999998,0.5712682150947923,0.8207634412072763,0.43388373911755823,-0.900968867902419
0.0,0.0,0.0,0.0,-6.1092475827643655,0.43333333333333335,0.4304501997396652,0.8660254037844387,-0.4999999999999998,0.72479278722912,0.6889669190756866,-0.433883739117558,-0.9009688679024191
-0.02985285095269649,0.0,0.0,-0.02985285095269649,7.2078598714324755,0.43333333333333335,0.4306297410117151,0.8660254037844387,-0.4999999999999998,0.9987165071710528,-0.05064916883871264,0.7818314824680298,0.6234898018587336
0.0,-0.02985285095269649,-0.02985285095269649,0.0,-7.2078598714324755,0.43333333333333335,0.4306746263297276,0.8660254037844387,-0.4999999999999998,0.9680771188662043,-0.2506525322587204,0.9749279121818236,-0.22252093395631434
0.0,0.0,0.0,0.0,0.0,0.43333333333333335,0.43071951164774,0.8660254037844387,-0.4999999999999998,0.8978045395707416,-0.4403941515576344,0.43388373911755823,-0.900968867902419
-0.03077153945747121,-0.03077153945747121,-0.03077153945747121,-0.03077153945747121,8.411832675758411,0.43333333333333335,0.4307643969657525,0.8660254037844387,-0.4999999999999998,0.7907757369376989,-0.6121059825476626,-0.433883739117558,-0.9009688679024191
0.030771539457471242,0.060624390410167706,0.060624390410167706,0.060624390410167706,0.7419373447293773,0.43333333333333335,0.430809282283765,0.8660254037844387,-0.4999999999999998,0.6513724827222223,-0.758758122692791,-0.9749279121818236,-0.2225209339563146
0.029852850952696536,0.0,0.0,0.0,-2.5336968139574325,0.43333333333333335,0.43094393823780247,0.8660254037844387,-0.4999999999999998,0.10116832198743272,-0.994869323391895,0.7818314824680298,0.6234898018587336
0.0,0.0,0.0,0.0,-6.620073206530356,0.43333333333333335,0.4309888235558149,0.8660254037844387,-0.4999999999999998,-0.10116832198743204,-0.9948693233918952,0.9749279121818236,-0.22252093395631434
0.0,0.0,0.0,0.0,0.0,0.43333333333333335,0.4310337088738274,0.8660254037844387,-0.4999999999999998,-0.29936312297335776,-0.9541392564000489,0.43388373911755823,-0.900968867902419
0.0,0.0,0.0,0.0,0.0,0.43333333333333335,0.43107859419183986,0.8660254037844387,-0.4999999999999998,-0.4853019625310808,-0.8743466161445822,-0.433883739117558,-0.9009688679024191
-0.02985285095269649,-0.02985285095269649,-0.02985285095269649,-0.02985285095269649,6.802394763324311,0.43333333333333335,0.43112347950985236,0.8660254037844387,-0.4999999999999998,-0.6513724827222217,-0.7587581226927913,-0.9749279121818236,-0.2225209339563146
0.0,0.0,0.0,0.0,-6.802394763324311,0.43333333333333335,0.4312581354638898,0.8660254037844387,-0.4999999999999998,-0.9680771188662041,-0.2506525322587213,0.7818314824680298,0.6234898018587336
0.0,0.0,0.0,0.0,9.259130536145614,0.43333333333333335,0.43130302078190225,0.8660254037844387,-0.4999999999999998,-0.9987165071710528,-0.05064916883871355,0.9749279121818236,-0.22252093395631434
0.0,0.0,0.0,0.0,-9.259130536145614,0.43333333333333335,0.43134790609991475,0.8660254037844387,-0.4999999999999998,-0.9884683243281114,0.15142777750457667,0.43388373911755823,-0.900968867902419
0.0,0.0,0.0,0.0,0.0,0.43333333333333335,0.43139279141792725,0.8660254037844387,-0.4999999999999998,-0.9377521321470804,0.3473052528448203,-0.433883739117558,-0.9009688679024191
0.029852850952696536,0.029852850952696536,0.029852850952696536,0.029852850952696536,9.215327913487222,0.43333333333333335,0.4314376767359397,0.8660254037844387,-0.4999999999999998,-0.8486442574947509,0.5289640103269624,-0.9749279121818236,-0.2225209339563146
0.0,0.0,0.0,0.0,-9.215327913487222,0.43333333333333335,0.43157233268997713,0.8660254037844387,-0.4999999999999998,-0.3943558551133187,0.9189578116202306,0.7818314824680298,0.6234898018587336
0.0,0.0,0.0,0.0,0.0,0.43333333333333335,0.43161721800798963,0.8660254037844387,-0.4999999999999998,-0.20129852008866114,0.9795299412524943,0.9749279121818236,-0.22252093395631434
0.0,0.0,0.0,0.0,0.0,0.43333333333333335,0.4316621033260021,0.5000000000000003,-0.8660254037844385,0.20129852008866006,0.9795299412524945,0.43388373911755823,-0.900968867902419
-0.06062439041016765,0.0,0.0,-0.02985285095269649,7.90100705199242,0.43333333333333335,0.4317069886440146,0.5000000000000003,-0.8660254037844385,0.39435585511331855,0.9189578116202306,-0.433883739117558,-0.9009688679024191
0.0,0.02898775806158143,-0.02985285095269649,0.05884060901427801,-0.25131442828090605,0.43333333333333335,0.431751873962027,0.5000000000000003,-0.8660254037844385,0.5712682150947923,0.8207634412072763,-0.9749279121818236,-0.2225209339563146
0.0896121484717492,0.0,0.05884060901427801,0.0,-7.649692623711514,0.43333333333333335,0.43188652991606447,0.5000000000000003,-0.8660254037844385,0.9377521321470804,0.3473052528448203,0.7818314824680298,0.6234898018587336
-0.08961214847174921,-0.0588406090142779,-0.08961214847174921,-0.0588406090142779,6.396929655216146,0.43333333333333335,0.43193141523407697,0.5000000000000003,-0.8660254037844385,0.9884683243281114,0.1514277775045767,0.9749279121818236,-0.22252093395631434
0.030771539457471242,0.0,0.030771539457471242,0.0,-6.396929655216146,0.43333333333333335,0.43197630055208946,0.5000000000000003,-0.8660254037844385,0.9987165071710528,-0.05064916883871264,0.43388373911755823,-0.900968867902419
0.0,0.05884060901427801,0.0,0.0,7.313220387090301,0.43333333333333335,0.4320211858701019,0.5000000000000003,-0.8660254037844385,0.9680771188662043,-0.2506525322587204,-0.433883739117558,-0.9009688679024191
0.0,-0.0588406090142779,0.0,0.0,-7.313220387090301,0.43333333333333335,0.4320660711881144,0.5000000000000003,-0.8660254037844385,0.8978045395707416,-0.4403941515576344,-0.9749279121818236,-0.2225209339563146
0.0,0.0,0.0,0.0,0.0,0.43333333333333335,0.43220072714215185,0.5000000000000003,-0.8660254037844385,0.48530196253108104,-0.8743466161445821,0.7818314824680298,0.6234898018587336
0.0,0.0,0.0,0.0,0.0,0.43333333333333335,0.4322456124601643,0.5000000000000003,-0.8660254037844385,0.29936312297335804,-0.9541392564000488,0.9749279121818236,-0.22252093395631434
0.0,0.0,0.0,0.0,0.0,0.43333333333333335,0.4322904977781768,0.5000000000000003,-0.8660254037844385,0.10116832198743272,-0.994869323391895,0.43388373911755823,-0.900968867902419
0.0,0.0,0.0,0.0,0.0,0.43333333333333335,0.43233538309618924,0.5000000000000003,-0.8660254037844385,-0.10116832198743204,-0.9948693233918952,-0.433883739117558,-0.9009688679024191
-0.03077153945747121,0.029852850952696536,-0.03077153945747121,0.029852850952696536,7.843848638152472,0.43333333333333335,0.43238026841420174,0.5000000000000003,-0.8660254037844385,-0.29936312297335776,-0.9541392564000489,-0.9749279121818236,-0.2225209339563146
0.060624390410167706,0.0,0.060624390410167706,0.0,-7.843848638152472,0.43333333333333335,0.4325149243682392,0.5000000000000003,-0.8660254037844385,-0.7907757369376986,-0.6121059825476627,0.7818314824680298,0.6234898018587336
0.0,0.0,0.0,0.0,0.0,0.43333333333333335,0.43255980968625163,0.5000000000000003,-0.8660254037844385,-0.8978045395707417,-0.44039415155763423,0.9749279121818236,-0.22252093395631434
0.0,0.0,0.0,0.0,0.0,0.43333333333333335,0.43260469500426413,0.5000000000000003,-0.8660254037844385,-0.9680771188662041,-0.2506525322587213,0.43388373911755823,-0.900968867902419
0.0,0.0,0.0,0.0,0.0,0.43333333333333335,0.43264958032227663,0.5000000000000003,-0.8660254037844385,-0.9987165071710528,-0.05064916883871355,-0.433883739117558,-0.9009688679024191
-0.06062439041016765,-0.06062439041016765,-0.06062439041016765,-0.06062439041016765,8.306472160100585,0.43333333333333335,0.43269446564028907,0.5000000000000003,-0.8660254037844385,-0.9884683243281114,0.15142777750457667,-0.9749279121818236,-0.2225209339563146
0.0,0.0,0.0,0.0,-8.306472160100585,0.43333333333333335,0.432874006912339,0.5000000000000003,-0.8660254037844385,-0.5712682150947924,0.8207634412072763,0.9749279121818236,-0.22252093395631434
0.0,0.0896121484717492,0.0896121484717492,0.0,7.649692623711514,0.43333333333333335,0.43291889223035146,0.5000000000000003,-0.8660254037844385,-0.3943558551133187,0.9189578116202306,0.43388373911755823,-0.900968867902419
0.0,-0.08961214847174921,-0.08961214847174921,0.0,-7.649692623711514,0.43333333333333335,0.43296377754836396,0.5000000000000003,-0.8660254037844385,-0.20129852008866114,0.9795299412524943,-0.433883739117558,-0.9009688679024191
0.0896121484717492,0.0896121484717492,0.0896121484717492,0.0896121484717492,5.703782474656201,0.43333333333333335,0.43300866286637646,0.5000000000000003,-0.8660254037844385,-2.4492935982947064e-16,1.0,-0.9749279121818236,-0.2225209339563146
-0.08961214847174921,-0.08961214847174921,-0.08961214847174921,-0.08961214847174921,2.5257286443082556,0.43333333333333335,0.43314331882041385,1.2246467991473532e-16,-1.0,0.5712682150947923,0.8207634412072763,0.7818314824680298,0.6234898018587336
0.0,0.0,0.0,0.0,-0.916290731874155,0.43333333333333335,0.43318820413842635,1.2246467991473532e-16,-1.0,0.72479278722912,0.6889669190756866,0.9749279121818236,-0.22252093395631434
0.0,0.0,0.0,0.0,-7.313220387090301,0.43333333333333335,0.43323308945643885,1.2246467991473532e-16,-1.0,0.8486442574947509,0.5289640103269624,0.43388373911755823,-0.900968867902419
0.0,0.0,0.0,0.0,0.0,0.43333333333333335,0.4332779747744513,1.2246467991473532e-16,-1.0,0.9377521321470804,0.3473052528448203,-0.433883739117558,-0.9009688679024191
0.0,0.0,0.0,0.0,0.0,0.43333333333333335,0.4333228600924638,1.2246467991473532e-16,-1.0,0.9884683243281114,0.1514277775045767,-0.9749279121818236,-0.2225209339563146
0.0,0.0,0.0,0.0,8.444622498581403,0.43333333333333335,0.43345751604650123,1.2246467991473532e-16,-1.0,0.8978045395707416,-0.4403941515576344,0.7818314824680298,0.6234898018587336
0.0,0.0896121484717492,0.0,0.0896121484717492,0.5363047090669756,0.43333333333333335,0.4335024013645137,1.2246467991473532e-16,-1.0,0.7907757369376989,-0.6121059825476626,0.9749279121818236,-0.22252093395631434
0.030771539457471242,-0.0588406090142779,0.030771539457471242,-0.0588406090142779,-0.09909090264423089,0.43333333333333335,0.4335472866825262,1.2246467991473532e-16,-1.0,0.6513724827222223,-0.758758122692791,0.43388373911755823,-0.900968867902419
0.0,0.0,0.0,0.0,-8.881836305004146,0.43333333333333335,0.4335921720005387,1.2246467991473532e-16,-1.0,0.48530196253108104,-0.8743466161445821,-0.433883739117558,-0.9009688679024191
0.0,0.0,0.0,0.0,0.0,0.43333333333333335,0.4336370573185511,1.2246467991473532e-16,-1.0,0.29936312297335804,-0.9541392564000488,-0.9749279121818236,-0.2225209339563146
-0.03077153945747121,0.05884060901427801,0.05884060901427801,-0.03077153945747121,5.703782474656201,0.43333333333333335,0.43377171327258857,1.2246467991473532e-16,-1.0,-0.29936312297335776,-0.9541392564000489,0.7818314824680298,0.6234898018587336
0.0,-0.08961214847174921,-0.08961214847174921,0.0,-5.703782474656201,0.43333333333333335,0.43381659859060107,1.2246467991473532e-16,-1.0,-0.4853019625310808,-0.8743466161445822,0.9749279121818236,-0.22252093395631434
0.0,0.0,0.0,0.0,7.313220387090301,0.43333333333333335,0.4338614839086135,1.2246467991473532e-16,-1.0,-0.6513724827222217,-0.7587581226927913,0.43388373911755823,-0.900968867902419
0.0,0.0,0.0,0.0,-7.313220387090301,0.43333333333333335,0.433906369226626,1.2246467991473532e-16,-1.0,-0.7907757369376986,-0.6121059825476627,-0.433883739117558,-0.9009688679024191
0.0,0.0,0.0,0.0,0.0,0.43333333333333335,0.43395125454463845,1.2246467991473532e-16,-1.0,-0.8978045395707417,-0.44039415155763423,-0.9749279121818236,-0.2225209339563146
0.0,0.0896121484717492,0.0896121484717492,0.0,7.495541943884256,0.43333333333333335,0.4340859104986759,1.2246467991473532e-16,-1.0,-0.9884683243281114,0.15142777750457667,0.7818314824680298,0.6234898018587336
0.0,-0.08961214847174921,-0.08961214847174921,0.0,-7.495541943884256,0.43333333333333335,0.4341307958166884,1.2246467991473532e-16,-1.0,-0.9377521321470804,0.3473052528448203,0.9749279121818236,-0.22252093395631434
0.0,0.0,0.0,0.0,0.0,0.43333333333333335,0.43417568113470084,1.2246467991473532e-16,-1.0,-0.8486442574947509,0.5289640103269624,0.43388373911755823,-0.900968867902419
0.04580953069356544,0.04580953069356544,0.04580953069356544,0.04580953069356544,8.411832675758411,0.43333333333333335,0.43422056645271334,1.2246467991473532e-16,-1.0,-0.7247927872291207,0.6889669190756859,-0.433883739117558,-0.9009688679024191
0.04380261777818377,0.04380261777818377,0.04380261777818377,0.04380261777818377,-3.4011973816621555,0.43333333333333335,0.43426545177072584,1.2246467991473532e-16,-1.0,-0.5712682150947924,0.8207634412072763,-0.9749279121818236,-0.2225209339563146
0.0,0.0,0.0,0.0,-5.0106352940962555,0.43333333333333335,0.4344001077247633,-0.4999999999999997,-0.8660254037844388,0.20129852008866006,0.9795299412524945,0.7818314824680298,0.6234898018587336
0.0,0.0,0.0,0.0,0.0,0.43333333333333335,0.43444499304277573,-0.4999999999999997,-0.8660254037844388,0.39435585511331855,0.9189578116202306,0.9749279121818236,-0.22252093395631434
0.0,0.0,0.0,0.0,0.0,0.43333333333333335,0.43448987836078823,-0.4999999999999997,-0.8660254037844388,0.5712682150947923,0.8207634412072763,0.43388373911755823,-0.900968867902419
0.0,0.0,0.0,0.0,8.34283980427146,0.43333333333333335,0.4345796489968132,-0.4999999999999997,-0.8660254037844388,0.8486442574947509,0.5289640103269624,-0.9749279121818236,-0.2225209339563146
0.0,0.0,0.0,0.0,-8.34283980427146,0.43333333333333335,0.4347143049508506,-0.4999999999999997,-0.8660254037844388,0.9987165071710528,-0.05064916883871264,0.7818314824680298,0.6234898018587336
0.0,0.0,0.0,0.0,0.0,0.43333333333333335,0.43475919026886306,-0.4999999999999997,-0.8660254037844388,0.9680771188662043,-0.2506525322587204,0.9749279121818236,-0.22252093395631434
0.0,0.0,0.0,0.0,5.703782474656201,0.43333333333333335,0.43480407558687556,-0.4999999999999997,-0.8660254037844388,0.8978045395707416,-0.4403941515576344,0.43388373911755823,-0.900968867902419
-0.0588406090142779,-0.0588406090142779,-0.0588406090142779,-0.0588406090142779,0.0,0.43333333333333335,0.43484896090488806,-0.4999999999999997,-0.8660254037844388,0.7907757369376989,-0.6121059825476626,-0.433883739117558,-0.9009688679024191
0.0,0.0,0.0,0.0,4.42484663185681,0.43333333333333335,0.4348938462229005,-0.4999999999999997,-0.8660254037844388,0.6513724827222223,-0.758758122692791,-0.9749279121818236,-0.2225209339563146
0.0,0.05884060901427801,0.0,0.0,0.9457913962708531,0.43333333333333335,0.43502850217693795,-0.4999999999999997,-0.8660254037844388,0.10116832198743272,-0.994869323391895,0.7818314824680298,0.6234898018587336
0.029852850952696536,0.0,0.05884060901427801,0.05884060901427801,-2.662587827025453,0.43333333333333335,0.43507338749495045,-0.4999999999999997,-0.8660254037844388,-0.10116832198743204,-0.9948693233918952,0.9749279121818236,-0.22252093395631434
-0.02985285095269649,0.0,-0.0588406090142779,0.0,0.6931471805599453,0.43333333333333335,0.4351182728129629,-0.4999999999999997,-0.8660254037844388,-0.29936312297335776,-0.9541392564000489,0.43388373911755823,-0.900968867902419
0.05884060901427801,0.028170767975351767,0.05884060901427801,0.028170767975351767,-0.4834266495778762,0.43333333333333335,0.4351631581309754,-0.4999999999999997,-0.8660254037844388,-0.4853019625310808,-0.8743466161445822,-0.433883739117558,-0.9009688679024191
0.028170767975351767,0.0,0.028170767975351767,0.0,-8.62155320674048,0.43333333333333335,0.4352080434489879,-0.4999999999999997,-0.8660254037844388,-0.6513724827222217,-0.7587581226927913,-0.9749279121818236,-0.2225209339563146
0.02739887108818303,0.02739887108818303,0.02739887108818303,0.02739887108818303,8.006367567650246,0.43333333333333335,0.4353426994030253,-0.4999999999999997,-0.8660254037844388,-0.9680771188662041,-0.2506525322587213,0.7818314824680298,0.6234898018587336
0.0,0.0,0.0,0.0,-8.006367567650246,0.43333333333333335,0.4353875847210378,-0.4999999999999997,-0.8660254037844388,-0.9987165071710528,-0.05064916883871355,0.9749279121818236,-0.22252093395631434
-0.02739887108818305,0.026668450568857784,-0.02739887108818305,0.013423123432072066,11.239146297687439,0.43333333333333335,0.4354324700390503,-0.4999999999999997,-0.8660254037844388,-0.9884683243281114,0.15142777750457667,0.43388373911755823,-0.900968867902419
0.10536042029039004,0.05129309863334913,0.10536042029039004,0.06453842577013495,-4.619073091157083,0.43333333333333335,0.4354773553570627,-0.4999999999999997,-0.8660254037844388,-0.9377521321470804,0.3473052528448203,-0.433883739117558,-0.9009688679024191
0.0,0.0,0.0,0.0,-6.620073206530356,0.43333333333333335,0.4355222406750752,-0.4999999999999997,-0.8660254037844388,-0.8486442574947509,0.5289640103269624,-0.9749279121818236,-0.2225209339563146
0.0,0.0,0.0,0.0,0.0,0.43333333333333335,0.43565689662911267,-0.4999999999999997,-0.8660254037844388,-0.3943558551133187,0.9189578116202306,0.7818314824680298,0.6234898018587336
0.0,0.0,0.0,0.0,0.0,0.43333333333333335,0.4357017819471251,-0.4999999999999997,-0.8660254037844388,-0.20129852008866114,0.9795299412524943,0.9749279121818236,-0.22252093395631434
0.0,0.0,0.0,0.0,0.0,0.43333333333333335,0.4357466672651376,-0.4999999999999997,-0.8660254037844388,-2.4492935982947064e-16,1.0,0.43388373911755823,-0.900968867902419
-0.05129309863334919,0.0,-0.05129309863334919,0.0,8.229511118964457,0.43333333333333335,0.43579155258315005,-0.8660254037844385,-0.5000000000000004,0.20129852008866006,0.9795299412524945,-0.433883739117558,-0.9009688679024191
0.05129309863334913,0.07232066823316848,0.05129309863334913,0.07232066823316848,-0.5108256237659907,0.43333333333333335,0.43583643790116255,-0.8660254037844385,-0.5000000000000004,0.39435585511331855,0.9189578116202306,-0.9749279121818236,-0.2225209339563146
0.07232066823316848,0.022989693636254013,0.07232066823316848,0.0,1.2431935174792172,0.43333333333333335,0.4359710938552,-0.8660254037844385,-0.5000000000000004,0.8486442574947509,0.5289640103269624,0.7818314824680298,0.6234898018587336
0.022989693636254013,0.06595796225790428,0.022989693636254013,0.022989693636254013,-1.8718021769015913,0.43333333333333335,0.4360159791732125,-0.8660254037844385,-0.5000000000000004,0.9377521321470804,0.3473052528448203,0.9749279121818236,-0.22252093395631434
0.06595796225790428,0.0,0.06595796225790428,0.06595796225790428,0.6931471805599453,0.43333333333333335,0.43606086449122494,-0.8660254037844385,-0.5000000000000004,0.9884683243281114,0.1514277775045767,0.43388373911755823,-0.900968867902419
0.0,0.0,0.0,0.0,-7.783224016336037,0.43333333333333335,0.43610574980923744,-0.8660254037844385,-0.5000000000000004,0.9987165071710528,-0.05064916883871264,-0.433883739117558,-0.9009688679024191
0.0,0.0,0.0,0.0,5.703782474656201,0.43333333333333335,0.4361506351272499,-0.8660254037844385,-0.5000000000000004,0.9680771188662043,-0.2506525322587204,-0.9749279121818236,-0.2225209339563146
-0.021506369312936712,-0.021506369312936712,-0.021506369312936712,-0.021506369312936712,0.6931471805599453,0.43333333333333335,0.43628529108128733,-0.8660254037844385,-0.5000000000000004,0.6513724827222223,-0.758758122692791,0.7818314824680298,0.6234898018587336
0.0,0.0,0.0,0.0,-6.396929655216146,0.43333333333333335,0.43633017639929983,-0.8660254037844385,-0.5000000000000004,0.48530196253108104,-0.8743466161445821,0.9749279121818236,-0.22252093395631434
0.0,0.0,0.0,0.0,0.0,0.43333333333333335,0.4363750617173123,-0.8660254037844385,-0.5000000000000004,0.29936312297335804,-0.9541392564000488,0.43388373911755823,-0.900968867902419
0.0,0.0,0.0,0.0,0.0,0.43333333333333335,0.4364199470353248,-0.8660254037844385,-0.5000000000000004,0.10116832198743272,-0.994869323391895,-0.433883739117558,-0.9009688679024191
0.0,0.0,0.0,0.0,0.0,0.43333333333333335,0.4364648323533373,-0.8660254037844385,-0.5000000000000004,-0.10116832198743204,-0.9948693233918952,-0.9749279121818236,-0.2225209339563146
-0.04445159294496759,-0.04445159294496759,-0.04445159294496759,-0.04445159294496759,5.703782474656201,0.43333333333333335,0.43659948830737466,-0.8660254037844385,-0.5000000000000004,-0.6513724827222217,-0.7587581226927913,0.7818314824680298,0.6234898018587336
0.0,0.0,0.0,0.0,-5.703782474656201,0.43333333333333335,0.43664437362538716,-0.8660254037844385,-0.5000000000000004,-0.7907757369376986,-0.6121059825476627,0.9749279121818236,-0.22252093395631434
0.0,0.0,0.0,0.0,7.408530566894626,0.43333333333333335,0.43668925894339966,-0.8660254037844385,-0.5000000000000004,-0.8978045395707417,-0.44039415155763423,0.43388373911755823,-0.900968867902419
0.0,0.0,0.0,0.0,-1.2992829841302609,0.43333333333333335,0.4367341442614121,-0.8660254037844385,-0.5000000000000004,-0.9680771188662041,-0.2506525322587213,-0.433883739117558,-0.9009688679024191
0.0,0.0,0.0,0.0,-6.1092475827643655,0.43333333333333335,0.4367790295794246,-0.8660254037844385,-0.5000000000000004,-0.9987165071710528,-0.05064916883871355,-0.9749279121818236,-0.2225209339563146
0.0,0.0,0.0,0.0,0.0,0.43333333333333335,0.43691368553346205,-0.8660254037844385,-0.5000000000000004,-0.8486442574947509,0.5289640103269624,0.7818314824680298,0.6234898018587336
-0.02298969363625394,-0.02298969363625394,-0.02298969363625394,-0.02298969363625394,6.1092475827643655,0.43333333333333335,0.4369585708514745,-0.8660254037844385,-0.5000000000000004,-0.7247927872291207,0.6889669190756859,0.9749279121818236,-0.22252093395631434
0.06744128658122145,0.06744128658122145,0.06744128658122145,0.06744128658122145,0.28768207245178085,0.43333333333333335,0.437003456169487,-0.8660254037844385,-0.5000000000000004,-0.5712682150947924,0.8207634412072763,0.43388373911755823,-0.900968867902419
0.0,0.02150636931293675,0.02150636931293675,0.0,0.0,0.43333333333333335,0.4370483414874995,-0.8660254037844385,-0.5000000000000004,-0.3943558551133187,0.9189578116202306,-0.433883739117558,-0.9009688679024191
-0.06744128658122152,-0.0889476558941583,-0.0889476558941583,-0.06744128658122152,-0.6931471805599453,0.43333333333333335,0.43709322680551194,-0.8660254037844385,-0.5000000000000004,-0.20129852008866114,0.9795299412524943,-0.9749279121818236,-0.2225209339563146
0.0,0.0,0.0,0.0,-5.703782474656201,0.43333333333333335,0.4372727680775619,-1.0,-1.8369701987210297e-16,0.5712682150947923,0.8207634412072763,0.9749279121818236,-0.22252093395631434
0.0,0.0,0.0,0.0,7.575584651557793,0.43333333333333335,0.4373176533955743,-1.0,-1.8369701987210297e-16,0.72479278722912,0.6889669190756866,0.43388373911755823,-0.900968867902419
0.0,0.0,0.0,0.0,-7.575584651557793,0.43333333333333335,0.4373625387135868,-1.0,-1.8369701987210297e-16,0.8486442574947509,0.5289640103269624,-0.433883739117558,-0.9009688679024191
0.0,0.0,0.0,0.0,0.0,0.43333333333333335,0.43740742403159927,-1.0,-1.8369701987210297e-16,0.9377521321470804,0.3473052528448203,-0.9749279121818236,-0.2225209339563146
0.0,0.0,0.0,0.0,0.0,0.43333333333333335,0.4375420799856367,-1.0,-1.8369701987210297e-16,0.9680771188662043,-0.2506525322587204,0.7818314824680298,0.6234898018587336
0.0,0.06744128658122145,0.06744128658122145,0.0,7.313220387090301,0.43333333333333335,0.4375869653036492,-1.0,-1.8369701987210297e-16,0.8978045395707416,-0.4403941515576344,0.9749279121818236,-0.22252093395631434
0.0,-0.06744128658122152,-0.06744128658122152,0.0,-1.2039728043259361,0.43333333333333335,0.43763185062166166,-1.0,-1.8369701987210297e-16,0.7907757369376989,-0.6121059825476626,0.43388373911755823,-0.900968867902419
0.0,0.0,0.0,0.0,-6.1092475827643655,0.43333333333333335,0.43767673593967416,-1.0,-1.8369701987210297e-16,0.6513724827222223,-0.758758122692791,-0.433883739117558,-0.9009688679024191
0.0,0.0,0.0,0.0,0.0,0.43333333333333335,0.43772162125768665,-1.0,-1.8369701987210297e-16,0.48530196253108104,-0.8743466161445821,-0.9749279121818236,-0.2225209339563146
0.0,0.0,0.0,0.0,0.0,0.43333333333333335,0.4378562772117241,-1.0,-1.8369701987210297e-16,-0.10116832198743204,-0.9948693233918952,0.7818314824680298,0.6234898018587336
0.04546246279065126,0.04546246279065126,0.04546246279065126,0.04546246279065126,8.1886891244442,0.43333333333333335,0.43790116252973654,-1.0,-1.8369701987210297e-16,-0.29936312297335776,-0.9541392564000489,0.9749279121818236,-0.22252093395631434
0.0,0.0,0.0,0.0,-8.1886891244442,0.43333333333333335,0.43794604784774904,-1.0,-1.8369701987210297e-16,-0.4853019625310808,-0.8743466161445822,0.43388373911755823,-0.900968867902419
0.0,0.0,0.0,0.0,0.0,0.43333333333333335,0.4379909331657615,-1.0,-1.8369701987210297e-16,-0.6513724827222217,-0.7587581226927913,-0.433883739117558,-0.9009688679024191
-0.04546246279065118,-0.04546246279065118,-0.04546246279065118,-0.04546246279065118,8.476371196895983,0.43333333333333335,0.438035818483774,-1.0,-1.8369701987210297e-16,-0.7907757369376986,-0.6121059825476627,-0.9749279121818236,-0.2225209339563146
-0.02353040869630031,0.0,-0.02353040869630031,0.0,0.44628710262841953,0.43333333333333335,0.43817047443781143,-1.0,-1.8369701987210297e-16,-0.9987165071710528,-0.05064916883871355,0.7818314824680298,0.6234898018587336
-0.04879025953686816,-0.02353040869630031,0.0,-0.07232066823316849,0.2468600779315258,0.43333333333333335,0.4382153597558239,-1.0,-1.8369701987210297e-16,-0.9884683243281114,0.15142777750457667,0.9749279121818236,-0.22252093395631434
0.0,-0.04879025953686816,-0.04879025953686816,0.0,-4.1588830833596715,0.43333333333333335,0.4382602450738364,-1.0,-1.8369701987210297e-16,-0.9377521321470804,0.3473052528448203,0.43388373911755823,-0.900968867902419
0.0,0.0,0.0,0.0,-5.0106352940962555,0.43333333333333335,0.4383051303918489,-1.0,-1.8369701987210297e-16,-0.8486442574947509,0.5289640103269624,-0.433883739117558,-0.9009688679024191
0.0,0.0,0.0,0.0,0.0,0.43333333333333335,0.4383500157098613,-1.0,-1.8369701987210297e-16,-0.7247927872291207,0.6889669190756859,-0.9749279121818236,-0.2225209339563146
0.0,0.0,0.0,0.0,5.0106352940962555,0.43333333333333335,0.43848467166389876,-1.0,-1.8369701987210297e-16,-0.20129852008866114,0.9795299412524943,0.7818314824680298,0.6234898018587336
0.0,0.0,0.0,0.0,-5.0106352940962555,0.43333333333333335,0.43852955698191126,-0.866025403784439,0.49999999999999933,0.20129852008866006,0.9795299412524945,0.9749279121818236,-0.22252093395631434
0.0,0.0,0.0,0.0,7.313220387090301,0.43333333333333335,0.4385744422999237,-0.866025403784439,0.49999999999999933,0.39435585511331855,0.9189578116202306,0.43388373911755823,-0.900968867902419
0.0,0.0,0.0,0.0,-7.313220387090301,0.43333333333333335,0.4386193276179362,-0.866025403784439,0.49999999999999933,0.5712682150947923,0.8207634412072763,-0.433883739117558,-0.9009688679024191
0.0,0.0,0.0,0.0,0.0,0.43333333333333335,0.4386642129359487,-0.866025403784439,0.49999999999999933,0.72479278722912,0.6889669190756866,-0.9749279121818236,-0.2225209339563146
0.0,0.0,0.0,0.0,0.0,0.43333333333333335,0.4387988688899861,-0.866025403784439,0.49999999999999933,0.9884683243281114,0.1514277775045767,0.7818314824680298,0.6234898018587336
-0.025317712616853665,0.0,-0.025317712616853665,0.0,6.620073206530356,0.43333333333333335,0.4388437542079986,-0.866025403784439,0.49999999999999933,0.9987165071710528,-0.05064916883871264,0.9749279121818236,-0.22252093395631434
0.025317712616853654,0.0,0.025317712616853654,0.0,-6.620073206530356,0.43333333333333335,0.4388886395260111,-0.866025403784439,0.49999999999999933,0.9680771188662043,-0.2506525322587204,0.43388373911755823,-0.900968867902419
0.0,0.0,0.0,0.0,0.0,0.43333333333333335,0.43893352484402354,-0.866025403784439,0.49999999999999933,0.8978045395707416,-0.4403941515576344,-0.433883739117558,-0.9009688679024191
0.04879025953686821,0.04879025953686821,0.04879025953686821,0.04879025953686821,5.703782474656201,0.43333333333333335,0.43897841016203604,-0.866025403784439,0.49999999999999933,0.7907757369376989,-0.6121059825476626,-0.9749279121818236,-0.2225209339563146
0.0,0.0,0.0,0.0,-5.703782474656201,0.43333333333333335,0.4391130661160735,-0.866025403784439,0.49999999999999933,0.29936312297335804,-0.9541392564000488,0.7818314824680298,0.6234898018587336
0.0,0.0,0.0,0.0,0.0,0.43333333333333335,0.4391579514340859,-0.866025403784439,0.49999999999999933,0.10116832198743272,-0.994869323391895,0.9749279121818236,-0.22252093395631434
0.0,0.0,0.0,0.0,0.0,0.43333333333333335,0.4392028367520984,-0.866025403784439,0.49999999999999933,-0.10116832198743204,-0.9948693233918952,0.43388373911755823,-0.900968867902419
-0.07410797215372185,0.0,-0.07410797215372185,0.0,6.802394763324311,0.43333333333333335,0.43924772207011087,-0.866025403784439,0.49999999999999933,-0.29936312297335776,-0.9541392564000489,-0.433883739117558,-0.9009688679024191
-0.08004270767353637,-0.07410797215372185,0.0,-0.07410797215372185,3.574216545793796,0.43333333333333335,0.43929260738812337,-0.866025403784439,0.49999999999999933,-0.4853019625310808,-0.8743466161445822,-0.9749279121818236,-0.2225209339563146
0.02739887108818303,-0.052643836585353376,-0.052643836585353376,-0.052643836585353376,-3.756538102587751,0.43333333333333335,0.4394272633421608,-0.866025403784439,0.49999999999999933,-0.8978045395707417,-0.44039415155763423,0.7818314824680298,0.6234898018587336
0.0,0.0,0.0,0.0,-6.620073206530356,0.43333333333333335,0.4394721486601733,-0.866025403784439,0.49999999999999933,-0.9680771188662041,-0.2506525322587213,0.9749279121818236,-0.22252093395631434
0.10265435020140708,0.10265435020140708,0.10265435020140708,0.10265435020140708,5.0106352940962555,0.43333333333333335,0.43951703397818576,-0.866025403784439,0.49999999999999933,-0.9987165071710528,-0.05064916883871355,0.43388373911755823,-0.900968867902419
0.0,0.0,0.0,0.0,-5.0106352940962555,0.43333333333333335,0.43956191929619826,-0.866025403784439,0.49999999999999933,-0.9884683243281114,0.15142777750457667,-0.433883739117558,-0.9009688679024191
0.0,0.0,0.0,0.0,0.0,0.43333333333333335,0.4396068046142107,-0.866025403784439,0.49999999999999933,-0.9377521321470804,0.3473052528448203,-0.9749279121818236,-0.2225209339563146
0.0,0.0,0.0,0.0,0.0,0.43333333333333335,0.43974146056824814,-0.866025403784439,0.49999999999999933,-0.5712682150947924,0.8207634412072763,0.7818314824680298,0.6234898018587336
0.0,0.0,0.0,0.0,0.0,0.43333333333333335,0.43978634588626064,-0.866025403784439,0.49999999999999933,-0.3943558551133187,0.9189578116202306,0.9749279121818236,-0.22252093395631434
-0.10265435020140713,-0.10265435020140713,-0.10265435020140713,-0.10265435020140713,6.802394763324311,0.43333333333333335,0.4398312312042731,-0.866025403784439,0.49999999999999933,-0.20129852008866114,0.9795299412524943,0.43388373911755823,-0.900968867902419
0.0,0.0,0.0,0.0,-1.791759469228055,0.43333333333333335,0.4398761165222856,-0.866025403784439,0.49999999999999933,-2.4492935982947064e-16,1.0,-0.433883739117558,-0.9009688679024191
0.0,0.0,0.0,0.0,-5.0106352940962555,0.43333333333333335,0.4399210018402981,-0.5000000000000012,0.8660254037844379,0.20129852008866006,0.9795299412524945,-0.9749279121818236,-0.2225209339563146
0.0,0.0,0.0,0.0,0.0,0.43333333333333335,0.4400556577943355,-0.5000000000000012,0.8660254037844379,0.72479278722912,0.6889669190756866,0.7818314824680298,0.6234898018587336
0.0,0.0,0.0,0.0,0.0,0.43333333333333335,0.440100543112348,-0.5000000000000012,0.8660254037844379,0.8486442574947509,0.5289640103269624,0.9749279121818236,-0.22252093395631434
0.0,0.0,0.0,0.0,0.0,0.43333333333333335,0.4401454284303605,-0.5000000000000012,0.8660254037844379,0.9377521321470804,0.3473052528448203,0.43388373911755823,-0.900968867902419
0.0,0.0,0.0,0.0,0.0,0.43333333333333335,0.4401903137483729,-0.5000000000000012,0.8660254037844379,0.9884683243281114,0.1514277775045767,-0.433883739117558,-0.9009688679024191
0.0,0.0,0.0,0.0,0.0,0.43333333333333335,0.4402351990663854,-0.5000000000000012,0.8660254037844379,0.9987165071710528,-0.05064916883871264,-0.9749279121818236,-0.2225209339563146
0.0,0.0,0.0,0.0,0.0,0.43333333333333335,0.44036985502042286,-0.5000000000000012,0.8660254037844379,0.7907757369376989,-0.6121059825476626,0.7818314824680298,0.6234898018587336
0.0,0.0,0.0,0.0,6.1092475827643655,0.43333333333333335,0.4404147403384353,-0.5000000000000012,0.8660254037844379,0.6513724827222223,-0.758758122692791,0.9749279121818236,-0.22252093395631434
0.0,0.0,0.0,0.0,0.28768207245178085,0.43333333333333335,0.4404596256564478,-0.5000000000000012,0.8660254037844379,0.48530196253108104,-0.8743466161445821,0.43388373911755823,-0.900968867902419
0.0,0.0,0.0,0.0,-6.396929655216146,0.43333333333333335,0.4405045109744603,-0.5000000000000012,0.8660254037844379,0.29936312297335804,-0.9541392564000488,-0.433883739117558,-0.9009688679024191
-0.14518178753528405,-0.05556963906353488,-0.14518178753528405,-0.11441024807781279,8.229511118964457,0.43333333333333335,0.44054939629247275,-0.5000000000000012,0.8660254037844379,0.10116832198743272,-0.994869323391895,-0.9749279121818236,-0.2225209339563146
0.030771539457471242,-0.0588406090142779,0.030771539457471242,0.0,0.2468600779315258,0.43333333333333335,0.4406840522465102,-0.5000000000000012,0.8660254037844379,-0.4853019625310808,-0.8743466161445822,0.7818314824680298,0.6234898018587336
0.0,0.0,0.0,0.0,-0.7576857016975165,0.43333333333333335,0.4407289375645227,-0.5000000000000012,0.8660254037844379,-0.6513724827222217,-0.7587581226927913,0.9749279121818236,-0.22252093395631434
0.0,0.0,0.0,0.0,-1.0986122886681098,0.43333333333333335,0.44077382288253514,-0.5000000000000012,0.8660254037844379,-0.7907757369376986,-0.6121059825476627,0.43388373911755823,-0.900968867902419
0.0,0.0,0.0,0.0,-6.620073206530356,0.43333333333333335,0.44081870820054764,-0.5000000000000012,0.8660254037844379,-0.8978045395707417,-0.44039415155763423,-0.433883739117558,-0.9009688679024191
0.0,0.0,0.0,0.0,0.0,0.43333333333333335,0.4408635935185601,-0.5000000000000012,0.8660254037844379,-0.9680771188662041,-0.2506525322587213,-0.9749279121818236,-0.2225209339563146
0.0,0.0,0.0,0.0,0.0,0.43333333333333335,0.4409982494725975,-0.5000000000000012,0.8660254037844379,-0.9377521321470804,0.3473052528448203,0.7818314824680298,0.6234898018587336
0.0,0.0,0.0,0.0,0.0,0.43333333333333335,0.44104313479061,-0.5000000000000012,0.8660254037844379,-0.8486442574947509,0.5289640103269624,0.9749279121818236,-0.22252093395631434
0.0,0.0,0.0,0.0,5.0106352940962555,0.43333333333333335,0.4410880201086225,-0.5000000000000012,0.8660254037844379,-0.7247927872291207,0.6889669190756859,0.43388373911755823,-0.900968867902419
0.0,0.0,0.0,0.0,-5.0106352940962555,0.43333333333333335,0.44117779074464747,-0.5000000000000012,0.8660254037844379,-0.3943558551133187,0.9189578116202306,-0.9749279121818236,-0.2225209339563146
0.0,0.0,0.0,0.0,0.0,0.43333333333333335,0.4413124466986849,-2.4492935982947064e-16,1.0,0.39435585511331855,0.9189578116202306,0.7818314824680298,0.6234898018587336
0.08701137698962969,0.08701137698962969,0.08701137698962969,0.08701137698962969,5.0106352940962555,0.43333333333333335,0.44135733201669736,-2.4492935982947064e-16,1.0,0.5712682150947923,0.8207634412072763,0.9749279121818236,-0.22252093395631434
-0.028170767975351816,-0.028170767975351816,-0.028170767975351816,-0.028170767975351816,1.0986122886681098,0.43333333333333335,0.44140221733470986,-2.4492935982947064e-16,1.0,0.72479278722912,0.6889669190756866,0.43388373911755823,-0.900968867902419
0.0,0.0,0.0,0.0,-6.1092475827643655,0.43333333333333335,0.4414471026527223,-2.4492935982947064e-16,1.0,0.8486442574947509,0.5289640103269624,-0.433883739117558,-0.9009688679024191
0.0,0.0,0.0,0.0,0.0,0.43333333333333335,0.4414919879707348,-2.4492935982947064e-16,1.0,0.9377521321470804,0.3473052528448203,-0.9749279121818236,-0.2225209339563146
0.0,0.0,0.0,0.0,5.0106352940962555,0.43333333333333335,0.44162664392477224,-2.4492935982947064e-16,1.0,0.9680771188662043,-0.2506525322587204,0.7818314824680298,0.6234898018587336
-0.0588406090142779,-0.0588406090142779,-0.0588406090142779,-0.0588406090142779,0.0,0.43333333333333335,0.4416715292427847,-2.4492935982947064e-16,1.0,0.8978045395707416,-0.4403941515576344,0.9749279121818236,-0.22252093395631434
0.0,0.0,0.0,0.0,-5.0106352940962555,0.43333333333333335,0.4417164145607972,-2.4492935982947064e-16,1.0,0.7907757369376989,-0.6121059825476626,0.43388373911755823,-0.900968867902419
0.0,0.0,0.0,0.0,0.0,0.43333333333333335,0.4417612998788097,-2.4492935982947064e-16,1.0,0.6513724827222223,-0.758758122692791,-0.433883739117558,-0.9009688679024191
0.0,0.05884060901427801,0.0,0.05884060901427801,7.408530566894626,0.43333333333333335,0.44180618519682213,-2.4492935982947064e-16,1.0,0.48530196253108104,-0.8743466161445821,-0.9749279121818236,-0.2225209339563146
0.0,-0.0588406090142779,0.0,-0.0588406090142779,-0.0953101798043249,0.43333333333333335,0.4419408411508596,-2.4492935982947064e-16,1.0,-0.10116832198743204,-0.9948693233918952,0.7818314824680298,0.6234898018587336
0.0,0.0,0.0,0.0,-7.313220387090301,0.43333333333333335,0.4419857264688721,-2.4492935982947064e-16,1.0,-0.29936312297335776,-0.9541392564000489,0.9749279121818236,-0.22252093395631434
0.0,0.0,0.0,0.0,0.0,0.43333333333333335,0.4420306117868845,-2.4492935982947064e-16,1.0,-0.4853019625310808,-0.8743466161445822,0.43388373911755823,-0.900968867902419
0.0,0.0,0.0,0.0,7.783224016336037,0.43333333333333335,0.442075497104897,-2.4492935982947064e-16,1.0,-0.6513724827222217,-0.7587581226927913,-0.433883739117558,-0.9009688679024191
0.0,0.0,0.0,0.0,-0.4700036292457356,0.43333333333333335,0.4421203824229095,-2.4492935982947064e-16,1.0,-0.7907757369376986,-0.6121059825476627,-0.9749279121818236,-0.2225209339563146
0.0,0.0,0.0,0.0,-7.313220387090301,0.43333333333333335,0.4422550383769469,-2.4492935982947064e-16,1.0,-0.9987165071710528,-0.05064916883871355,0.7818314824680298,0.6234898018587336
0.0,0.0,0.0,0.0,0.0,0.43333333333333335,0.4422999236949594,-2.4492935982947064e-16,1.0,-0.9884683243281114,0.15142777750457667,0.9749279121818236,-0.22252093395631434
0.0,0.0,0.0,0.0,0.0,0.43333333333333335,0.44238969433098435,-2.4492935982947064e-16,1.0,-0.8486442574947509,0.5289640103269624,-0.433883739117558,-0.9009688679024191
-0.03077153945747121,0.0,0.0,-0.03077153945747121,8.724207360800564,0.43333333333333335,0.44243457964899685,-2.4492935982947064e-16,1.0,-0.7247927872291207,0.6889669190756859,-0.9749279121818236,-0.2225209339563146
0.0,-0.03077153945747121,-0.03077153945747121,0.0,1.4904346203724876,0.43333333333333335,0.4425692356030343,-2.4492935982947064e-16,1.0,-0.20129852008866114,0.9795299412524943,0.7818314824680298,0.6234898018587336
0.0,0.0,0.0,0.0,-0.19337139298053965,0.43333333333333335,0.44261412092104674,-2.4492935982947064e-16,1.0,-2.4492935982947064e-16,1.0,0.9749279121818236,-0.22252093395631434
-0.03174894057862082,-0.03174894057862082,-0.03174894057862082,-0.03174894057862082,-4.31748811353631,0.45,0.44270389155707174,0.49999999999999994,0.8660254037844387,0.39435585511331855,0.9189578116202306,-0.433883739117558,-0.9009688679024191
0.0,0.0,0.0,0.0,-5.703782474656201,0.45,0.4427487768750842,0.49999999999999994,0.8660254037844387,0.5712682150947923,0.8207634412072763,-0.9749279121818236,-0.2225209339563146
0.06252048003609215,0.06252048003609215,0.06252048003609215,0.06252048003609215,5.703782474656201,0.45,0.4428834328291216,0.49999999999999994,0.8660254037844387,0.9377521321470804,0.3473052528448203,0.7818314824680298,0.6234898018587336
0.0,0.0,0.0,0.0,-5.703782474656201,0.45,0.4429283181471341,0.49999999999999994,0.8660254037844387,0.9884683243281114,0.1514277775045767,0.9749279121818236,-0.22252093395631434
0.0,0.0,0.0,0.0,0.0,0.45,0.44297320346514657,0.49999999999999994,0.8660254037844387,0.9987165071710528,-0.05064916883871264,0.43388373911755823,-0.900968867902419
0.0,0.0,0.0,0.0,0.0,0.45,0.44301808878315907,0.49999999999999994,0.8660254037844387,0.9680771188662043,-0.2506525322587204,-0.433883739117558,-0.9009688679024191
0.0,0.0,0.0,0.0,0.0,0.45,0.4430629741011715,0.49999999999999994,0.8660254037844387,0.8978045395707416,-0.4403941515576344,-0.9749279121818236,-0.2225209339563146
0.0,0.0,0.0,0.0,0.0,0.45,0.44319763005520896,0.49999999999999994,0.8660254037844387,0.48530196253108104,-0.8743466161445821,0.7818314824680298,0.6234898018587336
-0.06252048003609201,-0.06252048003609201,-0.06252048003609201,-0.06252048003609201,5.703782474656201,0.45,0.44324251537322146,0.49999999999999994,0.8660254037844387,0.29936312297335804,-0.9541392564000488,0.9749279121818236,-0.22252093395631434
0.0,0.0,0.0,0.0,-5.703782474656201,0.45,0.4432874006912339,0.49999999999999994,0.8660254037844387,0.10116832198743272,-0.994869323391895,0.43388373911755823,-0.900968867902419
0.06252048003609215,0.06252048003609215,0.06252048003609215,0.06252048003609215,7.313220387090301,0.45,0.4433322860092464,0.49999999999999994,0.8660254037844387,-0.10116832198743204,-0.9948693233918952,-0.433883739117558,-0.9009688679024191
-0.06252048003609201,-0.06252048003609201,-0.06252048003609201,-0.06252048003609201,-2.3025850929940455,0.45,0.4433771713272589,0.49999999999999994,0.8660254037844387,-0.29936312297335776,-0.9541392564000489,-0.9749279121818236,-0.2225209339563146
0.0,0.0,0.0,0.0,-5.0106352940962555,0.45,0.44351182728129634,0.49999999999999994,0.8660254037844387,-0.7907757369376986,-0.6121059825476627,0.7818314824680298,0.6234898018587336
0.0,0.0,0.0,0.0,5.703782474656201,0.45,0.4435567125993088,0.49999999999999994,0.8660254037844387,-0.8978045395707417,-0.44039415155763423,0.9749279121818236,-0.22252093395631434
0.0,0.0,0.0,0.0,0.4054651081081644,0.45,0.4436015979173213,0.49999999999999994,0.8660254037844387,-0.9680771188662041,-0.2506525322587213,0.43388373911755823,-0.900968867902419
0.06252048003609215,0.06252048003609215,0.06252048003609215,0.06252048003609215,0.5108256237659907,0.45,0.44364648323533373,0.49999999999999994,0.8660254037844387,-0.9987165071710528,-0.05064916883871355,-0.433883739117558,-0.9009688679024191
-0.06252048003609201,0.0,0.0,-0.06252048003609201,0.1823215567939546,0.45,0.44369136855334623,0.49999999999999994,0.8660254037844387,-0.9884683243281114,0.15142777750457667,-0.9749279121818236,-0.2225209339563146
0.0,-0.06252048003609201,-0.06252048003609201,0.0,-1.791759469228055,0.45,0.4438260245073837,0.49999999999999994,0.8660254037844387,-0.7247927872291207,0.6889669190756859,0.7818314824680298,0.6234898018587336
0.0,0.0,0.0,0.0,-5.0106352940962555,0.45,0.4438709098253961,0.49999999999999994,0.8660254037844387,-0.5712682150947924,0.8207634412072763,0.9749279121818236,-0.22252093395631434
0.0,0.0,0.0,0.0,0.0,0.45,0.4439157951434086,0.49999999999999994,0.8660254037844387,-0.3943558551133187,0.9189578116202306,0.43388373911755823,-0.900968867902419
0.07755847127218626,0.09237333098878846,0.09237333098878846,0.07755847127218626,8.229511118964457,0.45,0.4439606804614211,0.49999999999999994,0.8660254037844387,-0.20129852008866114,0.9795299412524943,-0.433883739117558,-0.9009688679024191
-0.015037991236094195,0.0,0.0,-0.015037991236094195,1.4539530095937054,0.45,0.44400556577943356,0.49999999999999994,0.8660254037844387,-2.4492935982947064e-16,1.0,-0.9749279121818236,-0.2225209339563146
0.0,-0.02985285095269649,-0.02985285095269649,0.0,-9.683464128558162,0.45,0.444140221733471,0.8660254037844386,0.5000000000000001,0.5712682150947923,0.8207634412072763,0.7818314824680298,0.6234898018587336
0.0,0.0,0.0,0.0,0.0,0.45,0.4441851070514835,0.8660254037844386,0.5000000000000001,0.72479278722912,0.6889669190756866,0.9749279121818236,-0.22252093395631434
0.029852850952696536,0.029852850952696536,0.029852850952696536,0.029852850952696536,5.0106352940962555,0.45,0.44422999236949595,0.8660254037844386,0.5000000000000001,0.8486442574947509,0.5289640103269624,0.43388373911755823,-0.900968867902419
0.0,0.0,0.0,0.0,-5.0106352940962555,0.45,0.44427487768750845,0.8660254037844386,0.5000000000000001,0.9377521321470804,0.3473052528448203,-0.433883739117558,-0.9009688679024191
0.0,0.0,0.0,0.0,0.0,0.45,0.4443197630055209,0.8660254037844386,0.5000000000000001,0.9884683243281114,0.1514277775045767,-0.9749279121818236,-0.2225209339563146
-0.06062439041016765,0.0,0.0,-0.06062439041016765,9.328123407632566,0.45,0.44445441895955834,0.8660254037844386,0.5000000000000001,0.8978045395707416,-0.4403941515576344,0.7818314824680298,0.6234898018587336
0.0,-0.06062439041016765,-0.06062439041016765,0.0,-9.328123407632566,0.45,0.44449930427757084,0.8660254037844386,0.5000000000000001,0.7907757369376989,-0.6121059825476626,0.9749279121818236,-0.22252093395631434
-0.06453864034685362,-0.015748476177421613,-0.03174894057862082,-0.015748476177421613,8.794824928014517,0.45,0.44454418959558334,0.8660254037844386,0.5000000000000001,0.6513724827222223,-0.758758122692791,0.43388373911755823,-0.900968867902419
0.04879016416943204,0.0,0.016000464401199115,0.0,-8.794824928014517,0.45,0.4445890749135958,0.8660254037844386,0.5000000000000001,0.48530196253108104,-0.8743466161445821,-0.433883739117558,-0.9009688679024191
0.0,0.0,0.0,0.0,0.0,0.45,0.4446339602316083,0.8660254037844386,0.5000000000000001,0.29936312297335804,-0.9541392564000488,-0.9749279121818236,-0.2225209339563146
0.0,0.0,0.0,0.0,0.0,0.45,0.44481350150365817,0.8660254037844386,0.5000000000000001,-0.4853019625310808,-0.8743466161445822,0.9749279121818236,-0.22252093395631434
-0.19189086109099054,-0.048790164169432056,-0.048790164169432056,-0.11778317189558085,9.564512185696797,0.45,0.44485838682167067,0.8660254037844386,0.5000000000000001,-0.6513724827222217,-0.7587581226927913,0.43388373911755823,-0.900968867902419
0.07410768919540961,-0.06899300772614875,-0.06899300772614875,0.0,0.05129329438755048,0.45,0.4449032721396831,0.8660254037844386,0.5000000000000001,-0.7907757369376986,-0.6121059825476627,-0.433883739117558,-0.9009688679024191
-0.03636750793167755,0.06899300772614875,0.06899300772614875,-0.03636750793167755,-2.2072749131897207,0.45,0.4449481574576956,0.8660254037844386,0.5000000000000001,-0.8978045395707417,-0.44039415155763423,-0.9749279121818236,-0.2225209339563146
0.03636750793167751,0.06453864034685358,0.0,0.16989915600468,2.414289082574047,0.45,0.44508281341173306,0.8660254037844386,0.5000000000000001,-0.9884683243281114,0.15142777750457667,0.7818314824680298,0.6234898018587336
0.13353164807300233,0.0,0.06453864034685358,0.0,-2.509599262378372,0.45,0.4451276987297455,0.8660254037844386,0.5000000000000001,-0.9377521321470804,0.3473052528448203,0.9749279121818236,-0.22252093395631434
0.0,0.0,0.0,0.0,1.1631508098056809,0.45,0.445172584047758,0.8660254037844386,0.5000000000000001,-0.8486442574947509,0.5289640103269624,0.43388373911755823,-0.900968867902419
0.0,0.0,0.0,0.0,-8.476371196895983,0.45,0.4452174693657705,0.8660254037844386,0.5000000000000001,-0.7247927872291207,0.6889669190756859,-0.433883739117558,-0.9009688679024191
-0.06453864034685362,-0.06453864034685362,-0.06453864034685362,-0.06453864034685362,6.1092475827643655,0.45,0.44526235468378295,0.8660254037844386,0.5000000000000001,-0.5712682150947924,0.8207634412072763,-0.9749279121818236,-0.2225209339563146
0.0,0.0,0.0,0.0,-6.1092475827643655,0.45,0.4453970106378204,1.0,6.123233995736766e-17,0.5712682150947923,0.8207634412072763,0.7818314824680298,0.6234898018587336
0.0,0.0,0.0,0.0,0.0,0.45,0.4454418959558329,1.0,6.123233995736766e-17,0.72479278722912,0.6889669190756866,0.9749279121818236,-0.22252093395631434
0.0,0.0,0.0,0.0,0.0,0.45,0.44548678127384533,1.0,6.123233995736766e-17,0.8486442574947509,0.5289640103269624,0.43388373911755823,-0.900968867902419
0.0,0.0,0.0,0.0,0.0,0.45,0.44553166659185783,1.0,6.123233995736766e-17,0.9377521321470804,0.3473052528448203,-0.433883739117558,-0.9009688679024191
0.0,0.0,0.0,0.0,0.0,0.45,0.44557655190987033,1.0,6.123233995736766e-17,0.9884683243281114,0.1514277775045767,-0.9749279121818236,-0.2225209339563146
0.0,0.0,0.0,0.0,0.0,0.45,0.4457112078639077,1.0,6.123233995736766e-17,0.8978045395707416,-0.4403941515576344,0.7818314824680298,0.6234898018587336
0.0,0.0,0.0,0.0,5.0106352940962555,0.45,0.4457560931819202,1.0,6.123233995736766e-17,0.7907757369376989,-0.6121059825476626,0.9749279121818236,-0.22252093395631434
-0.033901420134405,0.0,0.0,-0.033901420134405,3.6888794541139363,0.45,0.4458009784999327,1.0,6.123233995736766e-17,0.6513724827222223,-0.758758122692791,0.43388373911755823,-0.900968867902419
-0.07145909552342133,0.0,-0.10536051565782628,0.033901420134405016,0.38865798979178323,0.45,0.44584586381794516,1.0,6.123233995736766e-17,0.48530196253108104,-0.8743466161445821,-0.433883739117558,-0.9009688679024191
0.07145909552342136,0.0,0.10536051565782635,-0.033901420134405,-0.6763400622435641,0.45,0.44589074913595766,1.0,6.123233995736766e-17,0.29936312297335804,-0.9541392564000488,-0.9749279121818236,-0.2225209339563146
0.0,-0.033901420134405,-0.033901420134405,0.0,-8.411832675758411,0.45,0.4460254050899951,1.0,6.123233995736766e-17,-0.29936312297335776,-0.9541392564000489,0.7818314824680298,0.6234898018587336
0.0,0.0,0.0,0.0,0.0,0.45,0.44607029040800755,1.0,6.123233995736766e-17,-0.4853019625310808,-0.8743466161445822,0.9749279121818236,-0.22252093395631434
0.0,0.0,0.0,0.0,0.0,0.45,0.44611517572602005,1.0,6.123233995736766e-17,-0.6513724827222217,-0.7587581226927913,0.43388373911755823,-0.900968867902419
-0.07145909552342133,-0.07145909552342133,-0.07145909552342133,-0.07145909552342133,8.229511118964457,0.45,0.44616006104403255,1.0,6.123233995736766e-17,-0.7907757369376986,-0.6121059825476627,-0.433883739117558,-0.9009688679024191
0.03636750793167751,0.03636750793167751,0.03636750793167751,0.03636750793167751,-1.6094379124341003,0.45,0.446204946362045,1.0,6.123233995736766e-17,-0.8978045395707417,-0.44039415155763423,-0.9749279121818236,-0.2225209339563146
-0.018018230547226354,-0.018018230547226354,-0.018018230547226354,-0.018018230547226354,0.0,0.45,0.44633960231608244,1.0,6.123233995736766e-17,-0.9884683243281114,0.15142777750457667,0.7818314824680298,0.6234898018587336
0.0,0.0,0.0,0.0,-6.620073206530356,0.45,0.44638448763409494,1.0,6.123233995736766e-17,-0.9377521321470804,0.3473052528448203,0.9749279121818236,-0.22252093395631434
-0.018349277384451124,0.01801823054722648,0.01801823054722648,0.01801823054722648,9.20029003612268,0.45,0.4464293729521074,1.0,6.123233995736766e-17,-0.8486442574947509,0.5289640103269624,0.43388373911755823,-0.900968867902419
0.03636750793167751,0.0,0.0,0.0,-1.8870696490323797,0.45,0.4464742582701199,1.0,6.123233995736766e-17,-0.7247927872291207,0.6889669190756859,-0.433883739117558,-0.9009688679024191
0.0,0.0,0.0,0.0,-7.313220387090301,0.45,0.44665379954216977,1.0,6.123233995736766e-17,-2.4492935982947064e-16,1.0,0.7818314824680298,0.6234898018587336
-0.1133287016557081,-0.03636750793167755,-0.03636750793167755,-0.1133287016557081,9.945109227226947,0.45,0.44669868486018227,0.8660254037844387,-0.4999999999999998,0.20129852008866006,0.9795299412524945,0.9749279121818236,-0.22252093395631434
0.0,0.0,-0.07696119372403064,0.07696119372403065,-2.5365786603323213,0.45,0.4467435701781947,0.8660254037844387,-0.4999999999999998,0.39435585511331855,0.9189578116202306,0.43388373911755823,-0.900968867902419
0.11332870165570806,0.36772478012531734,0.11332870165570806,0.34174939410882177,4.925935293403946,0.45,0.4467884554962072,0.8660254037844387,-0.4999999999999998,0.5712682150947923,0.8207634412072763,-0.433883739117558,-0.9009688679024191
0.25131456452010337,0.12062807448627605,0.3313572721936398,0.025975386016495496,-1.2883491336775605,0.45,0.4468333408142197,0.8660254037844387,-0.4999999999999998,0.72479278722912,0.6889669190756866,-0.9749279121818236,-0.2225209339563146
0.0,-0.12062807448627612,0.0,0.0,-2.1036557998004306,0.45,0.44696799676825716,0.8660254037844387,-0.4999999999999998,0.9884683243281114,0.1514277775045767,0.7818314824680298,0.6234898018587336
0.0,-0.052643836585353376,-0.08004270767353637,-0.052643836585353376,-0.9360933591703348,0.45,0.4470128820862696,0.8660254037844387,-0.4999999999999998,0.9987165071710528,-0.05064916883871264,0.9749279121818236,-0.22252093395631434
0.02739887108818303,0.07796154920220706,0.10536042029039004,0.07796154920220706,-0.7985076962177716,0.45,0.4470577674042821,0.8660254037844387,-0.4999999999999998,0.9680771188662043,-0.2506525322587204,0.43388373911755823,-0.900968867902419
0.0,-0.07796154920220709,-0.07796154920220709,-0.07796154920220709,-0.11778303565638351,0.45,0.44710265272229455,0.8660254037844387,-0.4999999999999998,0.8978045395707416,-0.4403941515576344,-0.433883739117558,-0.9009688679024191
0.0,0.0,0.0,0.0,-7.090076835776092,0.45,0.44714753804030705,0.8660254037844387,-0.4999999999999998,0.7907757369376989,-0.6121059825476626,-0.9749279121818236,-0.2225209339563146
0.0,0.05264383658535345,0.0,0.05264383658535345,6.956545443151569,0.45,0.4472821939943445,0.8660254037844387,-0.4999999999999998,0.29936312297335804,-0.9541392564000488,0.7818314824680298,0.6234898018587336
-0.02739887108818305,0.025317712616853654,0.07796154920220706,-0.08004270767353637,1.550597412411167,0.45,0.44732707931235693,0.8660254037844387,-0.4999999999999998,0.10116832198743272,-0.994869323391895,0.9749279121818236,-0.22252093395631434
0.10536042029039004,0.0,0.0,0.10536042029039004,0.11441035117774412,0.45,0.44737196463036943,0.8660254037844387,-0.4999999999999998,-0.10116832198743204,-0.9948693233918952,0.43388373911755823,-0.900968867902419
-0.07796154920220709,0.0,-0.07796154920220709,0.0,-1.213022639845854,0.45,0.44741684994838193,0.8660254037844387,-0.4999999999999998,-0.29936312297335776,-0.9541392564000489,-0.433883739117558,-0.9009688679024191
0.026668450568857784,0.0,0.07796154920220706,-0.05129309863334919,0.6931471805599453,0.45,0.4474617352663944,0.8660254037844387,-0.4999999999999998,-0.4853019625310808,-0.8743466161445822,-0.9749279121818236,-0.2225209339563146
-0.02666845056885785,0.0,0.0,-0.02666845056885785,0.5978370007556204,0.45,0.4475963912204318,0.8660254037844387,-0.4999999999999998,-0.8978045395707417,-0.44039415155763423,0.7818314824680298,0.6234898018587336
0.0,-0.07796154920220709,-0.07796154920220709,0.0,-8.699514748210191,0.45,0.4476412765384443,0.8660254037844387,-0.4999999999999998,-0.9680771188662041,-0.2506525322587213,0.9749279121818236,-0.22252093395631434
0.0,0.0,0.0,0.0,5.703782474656201,0.45,0.44768616185645677,0.8660254037844387,-0.4999999999999998,-0.9987165071710528,-0.05064916883871355,0.43388373911755823,-0.900968867902419
0.0,0.0,0.0,0.0,-5.703782474656201,0.45,0.44773104717446927,0.8660254037844387,-0.4999999999999998,-0.9884683243281114,0.15142777750457667,-0.433883739117558,-0.9009688679024191
0.0,0.0,0.0,0.0,6.620073206530356,0.45,0.44777593249248177,0.8660254037844387,-0.4999999999999998,-0.9377521321470804,0.3473052528448203,-0.9749279121818236,-0.2225209339563146
0.0,0.0,0.0,0.0,-6.620073206530356,0.45,0.44791058844651915,0.8660254037844387,-0.4999999999999998,-0.5712682150947924,0.8207634412072763,0.7818314824680298,0.6234898018587336
0.0,0.0,0.0,0.0,0.0,0.45,0.44795547376453165,0.8660254037844387,-0.4999999999999998,-0.3943558551133187,0.9189578116202306,0.9749279121818236,-0.22252093395631434
0.0,0.0,0.0,0.0,7.313220387090301,0.45,0.44800035908254415,0.8660254037844387,-0.4999999999999998,-0.20129852008866114,0.9795299412524943,0.43388373911755823,-0.900968867902419
0.0,0.0,0.0,0.0,0.5877866649021191,0.45,0.4480452444005566,0.5000000000000003,-0.8660254037844385,0.20129852008866006,0.9795299412524945,-0.433883739117558,-0.9009688679024191
0.0,0.0,0.0,0.0,-7.901007051992421,0.45,0.4480901297185691,0.5000000000000003,-0.8660254037844385,0.39435585511331855,0.9189578116202306,-0.9749279121818236,-0.2225209339563146
0.0,0.07796154920220706,0.0,0.07796154920220706,7.090076835776092,0.45,0.44822478567260654,0.5000000000000003,-0.8660254037844385,0.8486442574947509,0.5289640103269624,0.7818314824680298,0.6234898018587336
0.05264383658535345,0.0,0.07796154920220706,-0.025317712616853665,-1.3862943611198906,0.45,0.448269670990619,0.5000000000000003,-0.8660254037844385,0.9377521321470804,0.3473052528448203,0.9749279121818236,-0.22252093395631434
-0.052643836585353376,-0.07796154920220709,-0.07796154920220709,-0.052643836585353376,1.252762968495368,0.45,0.4483145563086315,0.5000000000000003,-0.8660254037844385,0.9884683243281114,0.1514277775045767,0.43388373911755823,-0.900968867902419
0.0,0.0,0.0,0.0,1.455287232606842,0.45,0.44835944162664393,0.5000000000000003,-0.8660254037844385,0.9987165071710528,-0.05064916883871264,-0.433883739117558,-0.9009688679024191
0.0,0.026668450568857784,0.0,0.0,0.06453852113757116,0.45,0.44840432694465643,0.5000000000000003,-0.8660254037844385,0.9680771188662043,-0.2506525322587204,-0.9749279121818236,-0.2225209339563146
-0.14518178753528405,-0.05406732165704082,-0.0845573971251163,-0.11441024807781279,1.3940765015619456,0.45,0.44853898289869387,0.5000000000000003,-0.8660254037844385,0.6513724827222223,-0.758758122692791,0.7818314824680298,0.6234898018587336
0.030771539457471242,-0.057158526036933346,-0.02985285095269649,0.029852850952696536,-1.3940765015619456,0.45,0.44858386821670637,0.5000000000000003,-0.8660254037844385,0.48530196253108104,-0.8743466161445821,0.9749279121818236,-0.22252093395631434
0.0,-0.02985285095269649,0.0,-0.02985285095269649,-1.067840630001356,0.45,0.4486287535347188,0.5000000000000003,-0.8660254037844385,0.29936312297335804,-0.9541392564000488,0.43388373911755823,-0.900968867902419
0.0,0.08701137698962969,0.0,0.08701137698962969,0.8602012652231116,0.45,0.4486736388527313,0.5000000000000003,-0.8660254037844385,0.10116832198743272,-0.994869323391895,-0.433883739117558,-0.9009688679024191
0.08701137698962969,0.0,0.08701137698962969,0.0,-8.268731832117737,0.45,0.44871852417074376,0.5000000000000003,-0.8660254037844385,-0.10116832198743204,-0.9948693233918952,-0.9749279121818236,-0.2225209339563146
-0.08701137698962981,-0.08701137698962981,-0.08701137698962981,-0.08701137698962981,5.0106352940962555,0.45,0.4488531801247812,0.5000000000000003,-0.8660254037844385,-0.6513724827222217,-0.7587581226927913,0.7818314824680298,0.6234898018587336
0.08701137698962969,0.08701137698962969,0.08701137698962969,0.08701137698962969,2.995732273553991,0.45,0.4488980654427937,0.5000000000000003,-0.8660254037844385,-0.7907757369376986,-0.6121059825476627,0.9749279121818236,-0.22252093395631434
-0.08701137698962981,-0.08701137698962981,-0.08701137698962981,-0.08701137698962981,-0.6931471805599453,0.45,0.44894295076080615,0.5000000000000003,-0.8660254037844385,-0.8978045395707417,-0.44039415155763423,0.43388373911755823,-0.900968867902419
0.0,0.0,0.0,0.0,-7.313220387090301,0.45,0.44898783607881865,0.5000000000000003,-0.8660254037844385,-0.9680771188662041,-0.2506525322587213,-0.433883739117558,-0.9009688679024191
0.08701137698962969,0.11441024807781279,0.08701137698962969,0.11441024807781279,8.699514748210191,0.45,0.44903272139683115,0.5000000000000003,-0.8660254037844385,-0.9987165071710528,-0.05064916883871355,-0.9749279121818236,-0.2225209339563146
0.02739887108818303,0.05264383658535345,0.02739887108818303,0.05264383658535345,-1.491654876777717,0.45,0.44921226266888103,0.5000000000000003,-0.8660254037844385,-0.7247927872291207,0.6889669190756859,0.9749279121818236,-0.22252093395631434
-0.02739887108818305,-0.08004270767353637,-0.02739887108818305,-0.08004270767353637,-2.1972245773362196,0.45,0.44925714798689353,0.5000000000000003,-0.8660254037844385,-0.5712682150947924,0.8207634412072763,0.43388373911755823,-0.900968867902419
0.0,0.0,0.0,0.0,2.4849066497880004,0.45,0.449302033304906,0.5000000000000003,-0.8660254037844385,-0.3943558551133187,0.9189578116202306,-0.433883739117558,-0.9009688679024191
0.0,0.0,0.0,0.0,-7.495541943884256,0.45,0.4493469186229185,0.5000000000000003,-0.8660254037844385,-0.20129852008866114,0.9795299412524943,-0.9749279121818236,-0.2225209339563146
0.0,0.0,0.0,0.0,5.703782474656201,0.45,0.4494815745769559,1.2246467991473532e-16,-1.0,0.39435585511331855,0.9189578116202306,0.7818314824680298,0.6234898018587336
0.0,0.0,0.0,0.0,-5.703782474656201,0.45,0.44952645989496837,1.2246467991473532e-16,-1.0,0.5712682150947923,0.8207634412072763,0.9749279121818236,-0.22252093395631434
0.0,0.0,0.0,0.0,0.0,0.45,0.44957134521298087,1.2246467991473532e-16,-1.0,0.72479278722912,0.6889669190756866,0.43388373911755823,-0.900968867902419
0.0,0.0,0.0,0.0,0.0,0.45,0.44961623053099337,1.2246467991473532e-16,-1.0,0.8486442574947509,0.5289640103269624,-0.433883739117558,-0.9009688679024191
0.054067321657040805,0.054067321657040805,0.054067321657040805,0.054067321657040805,6.396929655216146,0.45,0.4496611158490058,1.2246467991473532e-16,-1.0,0.9377521321470804,0.3473052528448203,-0.9749279121818236,-0.2225209339563146
0.0,0.0,0.0,0.0,-6.396929655216146,0.45,0.44979577180304325,1.2246467991473532e-16,-1.0,0.9680771188662043,-0.2506525322587204,0.7818314824680298,0.6234898018587336
-0.05406732165704082,-0.02666845056885785,-0.02666845056885785,-0.05406732165704082,8.699514748210191,0.45,0.44984065712105575,1.2246467991473532e-16,-1.0,0.8978045395707416,-0.4403941515576344,0.9749279121818236,-0.22252093395631434
0.0,-0.02739887108818305,-0.02739887108818305,0.0,-8.699514748210191,0.45,0.4498855424390682,1.2246467991473532e-16,-1.0,0.7907757369376989,-0.6121059825476626,0.43388373911755823,-0.900968867902419
0.0,0.0,0.0,0.0,0.0,0.45,0.4499304277570807,1.2246467991473532e-16,-1.0,0.6513724827222223,-0.758758122692791,-0.433883739117558,-0.9009688679024191
0.0,0.0,0.0,0.0,0.0,0.45,0.44997531307509314,1.2246467991473532e-16,-1.0,0.48530196253108104,-0.8743466161445821,-0.9749279121818236,-0.2225209339563146
-0.028170767975351816,-0.028170767975351816,-0.028170767975351816,-0.028170767975351816,6.1092475827643655,0.45,0.4501099690291306,1.2246467991473532e-16,-1.0,-0.10116832198743204,-0.9948693233918952,0.7818314824680298,0.6234898018587336
0.0,0.08223808963239271,0.0,0.0,1.3862943611198906,0.45,0.4501548543471431,1.2246467991473532e-16,-1.0,-0.29936312297335776,-0.9541392564000489,0.9749279121818236,-0.22252093395631434
0.0,-0.0822380896323927,0.0,0.0,-7.495541943884256,0.45,0.45019973966515553,1.2246467991473532e-16,-1.0,-0.4853019625310808,-0.8743466161445822,0.43388373911755823,-0.900968867902419
0.0,0.0,0.0,0.0,6.802394763324311,0.45,0.45024462498316803,1.2246467991473532e-16,-1.0,-0.6513724827222217,-0.7587581226927913,-0.433883739117558,-0.9009688679024191
0.0,0.0,0.0,0.0,-6.802394763324311,0.45,0.45028951030118053,1.2246467991473532e-16,-1.0,-0.7907757369376986,-0.6121059825476627,-0.9749279121818236,-0.2225209339563146
0.0,0.0,0.0,0.0,0.0,0.45,0.450424166255218,1.2246467991473532e-16,-1.0,-0.9987165071710528,-0.05064916883871355,0.7818314824680298,0.6234898018587336
0.0,0.0,0.0,0.0,0.0,0.45,0.4504690515732304,1.2246467991473532e-16,-1.0,-0.9884683243281114,0.15142777750457667,0.9749279121818236,-0.22252093395631434
0.0,0.0,0.0,0.0,0.0,0.45,0.4505139368912429,1.2246467991473532e-16,-1.0,-0.9377521321470804,0.3473052528448203,0.43388373911755823,-0.900968867902419
0.0,0.0,0.0,0.0,0.0,0.45,0.45055882220925536,1.2246467991473532e-16,-1.0,-0.8486442574947509,0.5289640103269624,-0.433883739117558,-0.9009688679024191
0.028170767975351767,0.08223808963239271,0.028170767975351767,0.08223808963239271,6.802394763324311,0.45,0.45060370752726786,1.2246467991473532e-16,-1.0,-0.7247927872291207,0.6889669190756859,-0.9749279121818236,-0.2225209339563146
0.054067321657040805,0.0,0.054067321657040805,0.0,1.0414538748281612,0.45,0.4507383634813053,1.2246467991473532e-16,-1.0,-0.20129852008866114,0.9795299412524943,0.7818314824680298,0.6234898018587336
-0.05406732165704082,0.025975386016495496,0.025975386016495496,-0.02666845056885785,1.209837923778334,0.45,0.45078324879931775,-0.4999999999999997,-0.8660254037844388,0.20129852008866006,0.9795299412524945,0.9749279121818236,-0.22252093395631434
0.02739887108818303,-0.025975386016495513,-0.025975386016495513,0.0,-0.4595323293784402,0.45,0.45082813411733025,-0.4999999999999997,-0.8660254037844388,0.39435585511331855,0.9189578116202306,0.43388373911755823,-0.900968867902419
0.05264383658535345,0.025975386016495496,0.025975386016495496,0.05264383658535345,-0.587786664902119,0.45,0.45087301943534275,-0.4999999999999997,-0.8660254037844388,0.5712682150947923,0.8207634412072763,-0.433883739117558,-0.9009688679024191
-0.052643836585353376,-0.052643836585353376,-0.052643836585353376,-0.052643836585353376,0.13976194237515863,0.45,0.45105256070739264,-0.4999999999999997,-0.8660254037844388,0.9884683243281114,0.1514277775045767,0.7818314824680298,0.6234898018587336
0.03974033266639483,0.03974033266639483,0.03974033266639483,0.03974033266639483,-0.496436886313891,0.45,0.45109744602540514,-0.4999999999999997,-0.8660254037844388,0.9987165071710528,-0.05064916883871264,0.9749279121818236,-0.22252093395631434
0.0,0.0,0.0,0.0,-7.649692623711514,0.45,0.4511423313434176,-0.4999999999999997,-0.8660254037844388,0.9680771188662043,-0.2506525322587204,0.43388373911755823,-0.900968867902419
-0.06713920375457774,0.012903503918958597,0.012903503918958597,-0.06713920375457774,9.72913416539135,0.45,0.4511872166614301,-0.4999999999999997,-0.8660254037844388,0.8978045395707416,-0.4403941515576344,-0.433883739117558,-0.9009688679024191
0.02739887108818303,0.0,-0.025975386016495513,0.06713920375457784,-0.349051018828073,0.45,0.4512321019794426,-0.4999999999999997,-0.8660254037844388,0.7907757369376989,-0.6121059825476626,-0.9749279121818236,-0.2225209339563146
0.0,-0.025975386016495513,0.0,-0.013071882097536918,-2.172223275130802,0.45,0.45136675793347997,-0.4999999999999997,-0.8660254037844388,0.29936312297335804,-0.9541392564000488,0.7818314824680298,0.6234898018587336
-0.02739887108818305,-0.02666845056885785,-0.05406732165704082,-0.02666845056885785,0.9808292530117262,0.45,0.45141164325149247,-0.4999999999999997,-0.8660254037844388,0.10116832198743272,-0.994869323391895,0.9749279121818236,-0.22252093395631434
0.0,0.0,0.0,0.0,0.08004270767353636,0.45,0.45145652856950497,-0.4999999999999997,-0.8660254037844388,-0.10116832198743204,-0.9948693233918952,0.43388373911755823,-0.900968867902419
0.0,-0.02739887108818305,0.0,-0.02739887108818305,0.1758906664636642,0.45,0.4515014138875174,-0.4999999999999997,-0.8660254037844388,-0.29936312297335776,-0.9541392564000489,-0.433883739117558,-0.9009688679024191
0.0,0.0,0.0,0.0,-1.824549292051046,0.45,0.4515462992055299,-0.4999999999999997,-0.8660254037844388,-0.4853019625310808,-0.8743466161445822,-0.9749279121818236,-0.2225209339563146
0.054067321657040805,0.054067321657040805,0.054067321657040805,0.054067321657040805,-0.916290731874155,0.45,0.45168095515956735,-0.4999999999999997,-0.8660254037844388,-0.8978045395707417,-0.44039415155763423,0.7818314824680298,0.6234898018587336
-0.05406732165704082,-0.05406732165704082,-0.05406732165704082,-0.05406732165704082,-0.6931471805599453,0.45,0.4517258404775798,-0.4999999999999997,-0.8660254037844388,-0.9680771188662041,-0.2506525322587213,0.9749279121818236,-0.22252093395631434
0.0,0.0,0.0,0.0,-5.0106352940962555,0.45,0.4517707257955923,-0.4999999999999997,-0.8660254037844388,-0.9987165071710528,-0.05064916883871355,0.43388373911755823,-0.900968867902419
0.0,0.0,0.0,0.0,0.0,0.45,0.45181561111360474,-0.4999999999999997,-0.8660254037844388,-0.9884683243281114,0.15142777750457667,-0.433883739117558,-0.9009688679024191
0.0,0.0,0.0,0.0,0.0,0.45,0.45186049643161724,-0.4999999999999997,-0.8660254037844388,-0.9377521321470804,0.3473052528448203,-0.9749279121818236,-0.2225209339563146
0.0,0.0,0.0,0.0,0.0,0.45,0.4519951523856547,-0.4999999999999997,-0.8660254037844388,-0.5712682150947924,0.8207634412072763,0.7818314824680298,0.6234898018587336
0.0,0.0,0.0,0.0,0.0,0.45,0.4520400377036672,-0.4999999999999997,-0.8660254037844388,-0.3943558551133187,0.9189578116202306,0.9749279121818236,-0.22252093395631434
0.0,0.0,0.0,0.0,0.0,0.45,0.45208492302167963,-0.4999999999999997,-0.8660254037844388,-0.20129852008866114,0.9795299412524943,0.43388373911755823,-0.900968867902419
0.0,0.0,0.0,0.0,0.0,0.45,0.45212980833969213,-0.4999999999999997,-0.8660254037844388,-2.4492935982947064e-16,1.0,-0.433883739117558,-0.9009688679024191
0.0,0.0,0.0,0.0,0.0,0.45,0.4521746936577046,-0.8660254037844385,-0.5000000000000004,0.20129852008866006,0.9795299412524945,-0.9749279121818236,-0.2225209339563146
0.0,0.0,0.0,0.0,0.0,0.45,0.452309349611742,-0.8660254037844385,-0.5000000000000004,0.72479278722912,0.6889669190756866,0.7818314824680298,0.6234898018587336
0.0,0.0,0.0,0.0,0.0,0.45,0.4523542349297545,-0.8660254037844385,-0.5000000000000004,0.8486442574947509,0.5289640103269624,0.9749279121818236,-0.22252093395631434
0.0,0.0,0.0,0.0,0.0,0.45,0.45239912024776696,-0.8660254037844385,-0.5000000000000004,0.9377521321470804,0.3473052528448203,0.43388373911755823,-0.900968867902419
0.0,0.0,0.0,0.0,5.0106352940962555,0.45,0.45244400556577946,-0.8660254037844385,-0.5000000000000004,0.9884683243281114,0.1514277775045767,-0.433883739117558,-0.9009688679024191
0.054067321657040805,0.054067321657040805,0.054067321657040805,0.054067321657040805,0.6931471805599453,0.45,0.45248889088379196,-0.8660254037844385,-0.5000000000000004,0.9987165071710528,-0.05064916883871264,-0.9749279121818236,-0.2225209339563146
0.0,0.0,0.0,0.0,-0.6931471805599453,0.45,0.45262354683782935,-0.8660254037844385,-0.5000000000000004,0.7907757369376989,-0.6121059825476626,0.7818314824680298,0.6234898018587336
0.0,0.0,0.0,0.0,-5.0106352940962555,0.45,0.45266843215584185,-0.8660254037844385,-0.5000000000000004,0.6513724827222223,-0.758758122692791,0.9749279121818236,-0.22252093395631434
0.0,0.0,0.0,0.0,0.0,0.45,0.45271331747385435,-0.8660254037844385,-0.5000000000000004,0.48530196253108104,-0.8743466161445821,0.43388373911755823,-0.900968867902419
-0.05406732165704082,-0.05406732165704082,-0.05406732165704082,-0.05406732165704082,7.955074273262696,0.45,0.4527582027918668,-0.8660254037844385,-0.5000000000000004,0.29936312297335804,-0.9541392564000488,-0.433883739117558,-0.9009688679024191
0.0,0.0,0.0,0.0,-7.955074273262697,0.45,0.4528030881098793,-0.8660254037844385,-0.5000000000000004,0.10116832198743272,-0.994869323391895,-0.9749279121818236,-0.2225209339563146
0.0,0.054067321657040805,0.054067321657040805,0.0,7.843848638152472,0.45,0.45293774406391674,-0.8660254037844385,-0.5000000000000004,-0.4853019625310808,-0.8743466161445822,0.7818314824680298,0.6234898018587336
-0.057158526036933346,-0.11122584769397419,-0.11122584769397419,-0.057158526036933346,-2.1400661634962708,0.45,0.4529826293819292,-0.8660254037844385,-0.5000000000000004,-0.6513724827222217,-0.7587581226927913,0.9749279121818236,-0.22252093395631434
0.0,0.0,0.0,0.0,1.6094379124341003,0.45,0.4530275146999417,-0.8660254037844385,-0.5000000000000004,-0.7907757369376986,-0.6121059825476627,0.43388373911755823,-0.900968867902419
0.0,0.0,0.0,0.0,0.0,0.45,0.4530724000179542,-0.8660254037844385,-0.5000000000000004,-0.8978045395707417,-0.44039415155763423,-0.433883739117558,-0.9009688679024191
0.0,0.0,0.0,0.0,-7.313220387090301,0.45,0.4531172853359666,-0.8660254037844385,-0.5000000000000004,-0.9680771188662041,-0.2506525322587213,-0.9749279121818236,-0.2225209339563146
0.0,0.0,0.0,0.0,0.0,0.45,0.45325194129000407,-0.8660254037844385,-0.5000000000000004,-0.9377521321470804,0.3473052528448203,0.7818314824680298,0.6234898018587336
0.0,0.0,0.0,0.0,6.396929655216146,0.45,0.45329682660801657,-0.8660254037844385,-0.5000000000000004,-0.8486442574947509,0.5289640103269624,0.9749279121818236,-0.22252093395631434
0.0,0.0,0.0,0.0,-1.3862943611198906,0.45,0.453341711926029,-0.8660254037844385,-0.5000000000000004,-0.7247927872291207,0.6889669190756859,0.43388373911755823,-0.900968867902419
0.0,0.05715852603693328,0.0,0.05715852603693328,3.6109179126442243,0.45,0.4533865972440415,-0.8660254037844385,-0.5000000000000004,-0.5712682150947924,0.8207634412072763,-0.433883739117558,-0.9009688679024191
0.05715852603693328,0.0,0.05715852603693328,0.0,-8.62155320674048,0.45,0.45343148256205396,-0.8660254037844385,-0.5000000000000004,-0.3943558551133187,0.9189578116202306,-0.9749279121818236,-0.2225209339563146
0.0,0.0,0.0,0.0,0.0,0.45,0.4536110238341039,-1.0,-1.8369701987210297e-16,0.39435585511331855,0.9189578116202306,0.9749279121818236,-0.22252093395631434
-0.057158526036933346,-0.057158526036933346,-0.057158526036933346,-0.057158526036933346,6.620073206530356,0.45,0.4536559091521164,-1.0,-1.8369701987210297e-16,0.5712682150947923,0.8207634412072763,0.43388373911755823,-0.900968867902419
-0.02985285095269649,0.0,0.0,-0.02985285095269649,1.2237754316221157,0.45,0.45370079447012884,-1.0,-1.8369701987210297e-16,0.72479278722912,0.6889669190756866,-0.433883739117558,-0.9009688679024191
0.0,-0.02985285095269649,-0.02985285095269649,0.0,-7.843848638152472,0.45,0.45374567978814134,-1.0,-1.8369701987210297e-16,0.8486442574947509,0.5289640103269624,-0.9749279121818236,-0.2225209339563146
0.0,0.0,0.0,0.0,7.495541943884256,0.45,0.4538803357421788,-1.0,-1.8369701987210297e-16,0.9987165071710528,-0.05064916883871264,0.7818314824680298,0.6234898018587336
0.05884060901427801,0.05884060901427801,0.05884060901427801,0.05884060901427801,-0.8754687373538999,0.45,0.45392522106019123,-1.0,-1.8369701987210297e-16,0.9680771188662043,-0.2506525322587204,0.9749279121818236,-0.22252093395631434
0.0,0.0,0.0,0.0,-1.6094379124341003,0.45,0.45397010637820373,-1.0,-1.8369701987210297e-16,0.8978045395707416,-0.4403941515576344,0.43388373911755823,-0.900968867902419
-0.0588406090142779,-0.0588406090142779,-0.0588406090142779,-0.0588406090142779,2.302585092994046,0.45,0.4540149916962162,-1.0,-1.8369701987210297e-16,0.7907757369376989,-0.6121059825476626,-0.433883739117558,-0.9009688679024191
0.0,0.0,0.0,0.0,-1.2039728043259361,0.45,0.4540598770142287,-1.0,-1.8369701987210297e-16,0.6513724827222223,-0.758758122692791,-0.9749279121818236,-0.2225209339563146
0.0,0.0,0.0,0.0,-6.1092475827643655,0.45,0.4541945329682661,-1.0,-1.8369701987210297e-16,0.10116832198743272,-0.994869323391895,0.7818314824680298,0.6234898018587336
0.0,0.0,0.0,0.0,5.703782474656201,0.45,0.45423941828627856,-1.0,-1.8369701987210297e-16,-0.10116832198743204,-0.9948693233918952,0.9749279121818236,-0.22252093395631434
0.0,0.0,0.0,0.0,-5.703782474656201,0.45,0.45428430360429106,-1.0,-1.8369701987210297e-16,-0.29936312297335776,-0.9541392564000489,0.43388373911755823,-0.900968867902419
0.0,0.0,0.0,0.0,0.0,0.45,0.45432918892230356,-1.0,-1.8369701987210297e-16,-0.4853019625310808,-0.8743466161445822,-0.433883739117558,-0.9009688679024191
0.0,0.0,0.0,0.0,0.0,0.45,0.454374074240316,-1.0,-1.8369701987210297e-16,-0.6513724827222217,-0.7587581226927913,-0.9749279121818236,-0.2225209339563146
0.0,0.0,0.0,0.0,7.313220387090301,0.45,0.45450873019435345,-1.0,-1.8369701987210297e-16,-0.9680771188662041,-0.2506525322587213,0.7818314824680298,0.6234898018587336
0.0,0.0,0.0,0.0,2.70805020110221,0.45,0.45455361551236595,-1.0,-1.8369701987210297e-16,-0.9987165071710528,-0.05064916883871355,0.9749279121818236,-0.22252093395631434
0.029852850952696536,0.08701137698962969,0.029852850952696536,0.08701137698962969,-0.4462871026284195,0.45,0.4545985008303784,-1.0,-1.8369701987210297e-16,-0.9884683243281114,0.15142777750457667,0.43388373911755823,-0.900968867902419
0.05715852603693328,0.10536042029039004,0.05715852603693328,0.10536042029039004,1.4853852637641216,0.45,0.4546433861483909,-1.0,-1.8369701987210297e-16,-0.9377521321470804,0.3473052528448203,-0.433883739117558,-0.9009688679024191
0.10536042029039004,0.02469280099920013,0.13005322128959027,0.0,-4.103823306176644,0.45,0.4546882714664034,-1.0,-1.8369701987210297e-16,-0.8486442574947509,0.5289640103269624,-0.9749279121818236,-0.2225209339563146
-0.13353118826574187,-0.02469280099920012,-0.02469280099920012,0.0,-0.15415067982725836,0.45,0.4548229274204408,-1.0,-1.8369701987210297e-16,-0.3943558551133187,0.9189578116202306,0.7818314824680298,0.6234898018587336
0.13353118826574187,0.0,0.0,0.0,-1.791759469228055,0.45,0.4548678127384533,-1.0,-1.8369701987210297e-16,-0.20129852008866114,0.9795299412524943,0.9749279121818236,-0.22252093395631434
-0.13353118826574187,0.0,0.0,-0.10536042029039008,3.4339872044851463,0.45,0.4549126980564658,-0.866025403784439,0.49999999999999933,0.20129852008866006,0.9795299412524945,0.43388373911755823,-0.900968867902419
0.028170767975351767,0.0,0.0,0.0,-0.6007738604289302,0.45,0.4549575833744782,-0.866025403784439,0.49999999999999933,0.39435585511331855,0.9189578116202306,-0.433883739117558,-0.9009688679024191
0.02739887108818303,0.0,-0.07796154920220709,0.10536042029039004,1.0986122886681098,0.45,0.4550024686924907,-0.866025403784439,0.49999999999999933,0.5712682150947923,0.8207634412072763,-0.9749279121818236,-0.2225209339563146
-0.02739887108818305,-0.10536042029039008,-0.02739887108818305,-0.10536042029039008,-2.322387720290225,0.45,0.45513712464652817,-0.866025403784439,0.49999999999999933,0.9377521321470804,0.3473052528448203,0.7818314824680298,0.6234898018587336
0.08004270767353636,0.08004270767353636,0.08004270767353636,0.08004270767353636,-0.5108256237659907,0.45,0.4551820099645406,-0.866025403784439,0.49999999999999933,0.9884683243281114,0.1514277775045767,0.9749279121818236,-0.22252093395631434
-0.08004270767353637,0.012739122352039313,-0.052643836585353376,0.012739122352039313,2.120263536200091,0.45,0.4552268952825531,-0.866025403784439,0.49999999999999933,0.9987165071710528,-0.05064916883871264,0.43388373911755823,-0.900968867902419
0.09278183002557584,0.0,0.06538295893739283,0.0,-8.229511118964457,0.45,0.4552717806005656,-0.866025403784439,0.49999999999999933,0.9680771188662043,-0.2506525322587204,-0.433883739117558,-0.9009688679024191
0.0,0.0,0.0,0.0,0.0,0.45,0.45531666591857806,-0.866025403784439,0.49999999999999933,0.8978045395707416,-0.4403941515576344,-0.9749279121818236,-0.2225209339563146
-0.09278183002557587,0.012578590264814258,0.012578590264814258,-0.09278183002557587,8.942460926820582,0.45,0.4554513218726155,-0.866025403784439,0.49999999999999933,0.48530196253108104,-0.8743466161445821,0.7818314824680298,0.6234898018587336
0.0,-0.10536042029039008,-0.10536042029039008,0.0,-3.9318256327243257,0.45,0.455496207190628,-0.866025403784439,0.49999999999999933,0.29936312297335804,-0.9541392564000488,0.9749279121818236,-0.22252093395631434
0.0,0.0,0.0,0.0,-5.0106352940962555,0.45,0.45554109250864044,-0.866025403784439,0.49999999999999933,0.10116832198743272,-0.994869323391895,0.43388373911755823,-0.900968867902419
0.10536042029039004,0.10536042029039004,0.10536042029039004,0.10536042029039004,7.313220387090301,0.45,0.45558597782665294,-0.866025403784439,0.49999999999999933,-0.10116832198743204,-0.9948693233918952,-0.433883739117558,-0.9009688679024191
-0.10536042029039008,0.012422615365993256,0.012422615365993256,-0.10536042029039008,0.0,0.45,0.4556308631446654,-0.866025403784439,0.49999999999999933,-0.29936312297335776,-0.9541392564000489,-0.9749279121818236,-0.2225209339563146
0.10536042029039004,0.012270185633206832,-0.01242261536599332,0.13005322128959027,-1.2039728043259361,0.45,0.45576551909870283,-0.866025403784439,0.49999999999999933,-0.7907757369376986,-0.6121059825476627,0.7818314824680298,0.6234898018587336
0.02469280099920013,0.0,0.02469280099920013,0.0,-6.1092475827643655,0.45,0.45581040441671533,-0.866025403784439,0.49999999999999933,-0.8978045395707417,-0.44039415155763423,0.9749279121818236,-0.22252093395631434
0.0,0.0,0.0,0.0,0.0,0.45,0.4558552897347278,-0.866025403784439,0.49999999999999933,-0.9680771188662041,-0.2506525322587213,0.43388373911755823,-0.900968867902419
-0.02469280099920012,-0.02469280099920012,-0.02469280099920012,-0.02469280099920012,5.0106352940962555,0.45,0.4559001750527403,-0.866025403784439,0.49999999999999933,-0.9987165071710528,-0.05064916883871355,-0.433883739117558,-0.9009688679024191
0.0,0.0,0.0,0.0,-5.0106352940962555,0.45,0.4559450603707528,-0.866025403784439,0.49999999999999933,-0.9884683243281114,0.15142777750457667,-0.9749279121818236,-0.2225209339563146
-0.19237179728001985,-0.05129309863334919,-0.16251894632732342,-0.19237179728001985,8.101677747454572,0.45,0.4560797163247902,-0.866025403784439,0.49999999999999933,-0.7247927872291207,0.6889669190756859,0.7818314824680298,0.6234898018587336
0.044451762570833796,-0.0966269360758368,0.014598911618137346,0.044451762570833796,-1.4816045409242156,0.45,0.45612460164280266,-0.866025403784439,0.49999999999999933,-0.5712682150947924,0.8207634412072763,0.9749279121818236,-0.22252093395631434
-0.07522330202830513,0.09662693607583686,0.09662693607583686,0.09662693607583686,2.028148247292285,0.45,0.45616948696081516,-0.866025403784439,0.49999999999999933,-0.3943558551133187,0.9189578116202306,0.43388373911755823,-0.900968867902419
0.17185023810414188,0.0,0.0,0.0,-1.4403615823901665,0.45,0.4562143722788276,-0.866025403784439,0.49999999999999933,-0.20129852008866114,0.9795299412524943,-0.433883739117558,-0.9009688679024191
0.0,0.0,0.0,0.0,-7.2078598714324755,0.45,0.4562592575968401,-0.866025403784439,0.49999999999999933,-2.4492935982947064e-16,1.0,-0.9749279121818236,-0.2225209339563146
-0.11122584769397419,-0.02666845056885785,-0.02666845056885785,-0.11122584769397419,8.860782895806315,0.45,0.45639391355087755,-0.5000000000000012,0.8660254037844379,0.5712682150947923,0.8207634412072763,0.7818314824680298,0.6234898018587336
0.0,-0.0845573971251163,-0.0845573971251163,0.0,0.3693601034660482,0.45,0.45643879886889,-0.5000000000000012,0.8660254037844379,0.72479278722912,0.6889669190756866,0.9749279121818236,-0.22252093395631434
0.05715852603693328,0.05715852603693328,0.05715852603693328,0.05715852603693328,-2.833213344056216,0.45,0.4564836841869025,-0.5000000000000012,0.8660254037844379,0.8486442574947509,0.5289640103269624,0.43388373911755823,-0.900968867902419
-0.08701137698962981,-0.057158526036933346,-0.057158526036933346,-0.08701137698962981,0.6931471805599453,0.45,0.456528569504915,-0.5000000000000012,0.8660254037844379,0.9377521321470804,0.3473052528448203,-0.433883739117558,-0.9009688679024191
0.0,-0.02985285095269649,-0.02985285095269649,0.0,-7.090076835776092,0.45,0.45657345482292744,-0.5000000000000012,0.8660254037844379,0.9884683243281114,0.1514277775045767,-0.9749279121818236,-0.2225209339563146
0.07302502755862314,0.08701137698962969,0.08701137698962969,0.07302502755862314,6.620073206530356,0.45,0.4567081107769649,-0.5000000000000012,0.8660254037844379,0.8978045395707416,-0.4403941515576344,0.7818314824680298,0.6234898018587336
0.0139863494310067,0.0,0.0,0.0139863494310067,0.6931471805599453,0.45,0.4567529960949774,-0.5000000000000012,0.8660254037844379,0.7907757369376989,-0.6121059825476626,0.9749279121818236,-0.22252093395631434
0.0,0.0,0.0,0.0,0.0,0.45,0.4567978814129898,-0.5000000000000012,0.8660254037844379,0.6513724827222223,-0.758758122692791,0.43388373911755823,-0.900968867902419
0.0,0.0,0.0,0.0,-2.3025850929940455,0.45,0.4568427667310023,-0.5000000000000012,0.8660254037844379,0.48530196253108104,-0.8743466161445821,-0.433883739117558,-0.9009688679024191
-0.08701137698962981,0.054067321657040805,0.02739887108818303,-0.08701137698962981,3.4011973816621555,0.45,0.45688765204901477,-0.5000000000000012,0.8660254037844379,0.29936312297335804,-0.9541392564000488,-0.9749279121818236,-0.2225209339563146
-0.03077153945747121,-0.02666845056885785,-0.02739887108818305,0.08701137698962969,1.3261904370501851,0.45,0.4570223080030522,-0.5000000000000012,0.8660254037844379,-0.29936312297335776,-0.9541392564000489,0.7818314824680298,0.6234898018587336
0.060624390410167706,0.0,0.02739887108818303,0.0,-1.591893602783191,0.45,0.4570671933210647,-0.5000000000000012,0.8660254037844379,-0.4853019625310808,-0.8743466161445822,0.9749279121818236,-0.22252093395631434
0.02898775806158143,0.026668450568857784,0.026668450568857784,-0.028170767975351816,2.00616934057351,0.45,0.4571120786390772,-0.5000000000000012,0.8660254037844379,-0.6513724827222217,-0.7587581226927913,0.43388373911755823,-0.900968867902419
0.0,-0.02666845056885785,-0.05406732165704082,0.0,-0.8931683144533009,0.45,0.45715696395708966,-0.5000000000000012,0.8660254037844379,-0.7907757369376986,-0.6121059825476627,-0.433883739117558,-0.9009688679024191
0.0,0.07796154920220706,0.10536042029039004,0.10821347564888821,-0.916290731874155,0.45,0.45720184927510216,-0.5000000000000012,0.8660254037844379,-0.8978045395707417,-0.44039415155763423,-0.9749279121818236,-0.2225209339563146
0.08223808963239271,0.0,0.0,0.025317712616853654,-0.11332868530700312,0.45,0.4573365052291396,-0.5000000000000012,0.8660254037844379,-0.9884683243281114,0.15142777750457667,0.7818314824680298,0.6234898018587336
-0.05406732165704082,0.0,0.0,0.0,1.0577902941478545,0.45,0.45738139054715204,-0.5000000000000012,0.8660254037844379,-0.9377521321470804,0.3473052528448203,0.9749279121818236,-0.22252093395631434
0.0,0.04879025953686821,0.0,-0.10536042029039008,-1.5686159179138452,0.45,0.45742627586516454,-0.5000000000000012,0.8660254037844379,-0.8486442574947509,0.5289640103269624,0.43388373911755823,-0.900968867902419
0.0,-0.15415067982725836,-0.10536042029039008,0.0,-7.718685495198466,0.45,0.4575160465011895,-0.5000000000000012,0.8660254037844379,-0.5712682150947924,0.8207634412072763,-0.9749279121818236,-0.2225209339563146
-0.028170767975351816,0.20067078215981254,-0.028170767975351816,0.20067078215981254,8.99961934066053,0.45,0.45765070245522693,-2.4492935982947064e-16,1.0,0.20129852008866006,0.9795299412524945,0.7818314824680298,0.6234898018587336
0.13353118826574187,0.0,0.18232144780261011,0.0,-0.037740327982847086,0.45,0.4576955877732394,-2.4492935982947064e-16,1.0,0.39435585511331855,0.9189578116202306,0.9749279121818236,-0.22252093395631434
0.0,0.0,-0.04879025953686816,-0.09531036186942242,-0.5172565140962812,0.45,0.4577404730912519,-2.4492935982947064e-16,1.0,0.5712682150947923,0.8207634412072763,0.43388373911755823,-0.900968867902419
0.0,0.0,0.09531036186942246,0.09531036186942246,0.7248958788745256,0.45,0.4577853584092644,-2.4492935982947064e-16,1.0,0.72479278722912,0.6889669190756866,-0.433883739117558,-0.9009688679024191
0.09531036186942246,0.0,0.0,0.0,-9.169518377455928,0.45,0.4578302437272768,-2.4492935982947064e-16,1.0,0.8486442574947509,0.5289640103269624,-0.9749279121818236,-0.2225209339563146
-0.09531036186942242,0.0,0.0,-0.09531036186942242,6.396929655216146,0.45,0.45796489968131426,-2.4492935982947064e-16,1.0,0.9987165071710528,-0.05064916883871264,0.7818314824680298,0.6234898018587336
0.0,-0.09531036186942242,-0.09531036186942242,0.0,-6.396929655216146,0.45,0.45800978499932676,-2.4492935982947064e-16,1.0,0.9680771188662043,-0.2506525322587204,0.9749279121818236,-0.22252093395631434
0.0,0.02469280099920013,0.0,0.02469280099920013,8.229511118964457,0.45,0.4580546703173392,-2.4492935982947064e-16,1.0,0.8978045395707416,-0.4403941515576344,0.43388373911755823,-0.900968867902419
-0.10536042029039008,0.07061756087022238,0.09531036186942246,-0.13005322128959018,0.2151113796169455,0.45,0.4580995556353517,-2.4492935982947064e-16,1.0,0.7907757369376989,-0.6121059825476626,-0.433883739117558,-0.9009688679024191
-0.08701137698962981,-0.14660346050277168,-0.20067078215981254,-0.08701137698962981,-0.7259370033829361,0.45,0.4581444409533642,-2.4492935982947064e-16,1.0,0.6513724827222223,-0.758758122692791,-0.9749279121818236,-0.2225209339563146
0.0,0.10008335817021748,0.10536042029039004,0.08701137698962969,0.550046336919272,0.45,0.4582790969074016,-2.4492935982947064e-16,1.0,0.10116832198743272,-0.994869323391895,0.7818314824680298,0.6234898018587336
0.08701137698962969,-0.15415067982725836,-0.10536042029039008,0.0,-8.268731832117737,0.45,0.4583239822254141,-2.4492935982947064e-16,1.0,-0.10116832198743204,-0.9948693233918952,0.9749279121818236,-0.22252093395631434
-0.057158526036933346,0.0,-0.057158526036933346,-0.057158526036933346,7.649692623711514,0.45,0.4583688675434266,-2.4492935982947064e-16,1.0,-0.29936312297335776,-0.9541392564000489,0.43388373911755823,-0.900968867902419
0.1372012337104697,0.08004270767353636,0.1372012337104697,0.1372012337104697,0.3566749439387324,0.45,0.45841375286143904,-2.4492935982947064e-16,1.0,-0.4853019625310808,-0.8743466161445822,-0.433883739117558,-0.9009688679024191
0.0,0.0,0.0,0.0,-8.006367567650246,0.45,0.45845863817945154,-2.4492935982947064e-16,1.0,-0.6513724827222217,-0.7587581226927913,-0.9749279121818236,-0.2225209339563146
-0.025975386016495513,0.025317712616853654,-0.025975386016495513,0.025317712616853654,6.1092475827643655,0.45,0.458593294133489,-2.4492935982947064e-16,1.0,-0.9680771188662041,-0.2506525322587213,0.7818314824680298,0.6234898018587336
-0.11122584769397419,-0.05129309863334919,0.0,-0.16251894632732342,1.2992829841302609,0.45,0.4586381794515014,-2.4492935982947064e-16,1.0,-0.9987165071710528,-0.05064916883871355,0.9749279121818236,-0.22252093395631434
0.0,-0.11122584769397419,-0.11122584769397419,0.0,-7.408530566894626,0.45,0.4586830647695139,-2.4492935982947064e-16,1.0,-0.9884683243281114,0.15142777750457667,0.43388373911755823,-0.900968867902419
0.16251894632732342,0.16251894632732342,0.16251894632732342,0.16251894632732342,5.703782474656201,0.45,0.45877283540553887,-2.4492935982947064e-16,1.0,-0.8486442574947509,0.5289640103269624,-0.9749279121818236,-0.2225209339563146
-0.10536042029039008,0.0,0.0,-0.10536042029039008,3.9512437185814275,0.45,0.4589074913595763,-2.4492935982947064e-16,1.0,-0.3943558551133187,0.9189578116202306,0.7818314824680298,0.6234898018587336
-0.057158526036933346,0.0,-0.05129309863334919,0.10536042029039004,-2.159484249353372,0.45,0.4589523766775888,-2.4492935982947064e-16,1.0,-0.20129852008866114,0.9795299412524943,0.9749279121818236,-0.22252093395631434
0.11122584769397412,0.0,0.0,0.0,1.0704414117014134,0.45,0.45899726199560126,-2.4492935982947064e-16,1.0,-2.4492935982947064e-16,1.0,0.43388373911755823,-0.900968867902419
-0.05406732165704082,-0.10536042029039008,-0.05406732165704082,-0.10536042029039008,-2.8622008809294686,0.4666666666666667,0.4590870326316262,0.49999999999999994,0.8660254037844387,0.39435585511331855,0.9189578116202306,-0.9749279121818236,-0.2225209339563146
0.0,0.10536042029039004,0.10536042029039004,0.0,2.6026896854443837,0.4666666666666667,0.45922168858566365,0.49999999999999994,0.8660254037844387,0.8486442574947509,0.5289640103269624,0.7818314824680298,0.6234898018587336
0.054067321657040805,0.0,0.0,0.10536042029039004,-0.40546510810816444,0.4666666666666667,0.45926657390367615,0.49999999999999994,0.8660254037844387,0.9377521321470804,0.3473052528448203,0.9749279121818236,-0.22252093395631434
-0.05406732165704082,0.09531036186942246,0.0,0.09531036186942246,2.065455299705096,0.4666666666666667,0.4593114592216886,0.49999999999999994,0.8660254037844387,0.9884683243281114,0.1514277775045767,0.43388373911755823,-0.900968867902419
0.17768108852355866,0.0,0.09531036186942246,-0.02298969363625394,-1.3449091449570363,0.4666666666666667,0.4593563445397011,0.49999999999999994,0.8660254037844387,0.9987165071710528,-0.05064916883871264,-0.433883739117558,-0.9009688679024191
0.022989693636254013,0.0,0.0,0.022989693636254013,-0.24362208265775043,0.4666666666666667,0.4594012298577136,0.49999999999999994,0.8660254037844387,0.9680771188662043,-0.2506525322587204,-0.9749279121818236,-0.2225209339563146
-0.22884155013516438,0.0,0.0,-0.04652010233255423,1.750697982430281,0.4666666666666667,0.45953588581175103,0.49999999999999994,0.8660254037844387,0.6513724827222223,-0.758758122692791,0.7818314824680298,0.6234898018587336
0.05556963906353475,0.0,-0.1732719110716295,0.04652010233255419,-2.345405090176974,0.4666666666666667,0.4595807711297635,0.49999999999999994,0.8660254037844387,0.48530196253108104,-0.8743466161445821,0.9749279121818236,-0.22252093395631434
0.026668450568857784,0.0,0.1732719110716296,-0.04652010233255423,0.22314355131420976,0.4666666666666667,0.459625656447776,0.49999999999999994,0.8660254037844387,0.29936312297335804,-0.9541392564000488,0.43388373911755823,-0.900968867902419
-0.02666845056885785,-0.04652010233255423,-0.13353157840523472,-0.024097458537668107,0.30010459245033816,0.4666666666666667,0.4596705417657884,0.49999999999999994,0.8660254037844387,0.10116832198743272,-0.994869323391895,-0.433883739117558,-0.9009688679024191
0.03974033266639483,-0.024097458537668107,0.06291401753501233,-0.06291401753501237,0.0,0.4666666666666667,0.4597154270838009,0.49999999999999994,0.8660254037844387,-0.10116832198743204,-0.9948693233918952,-0.9749279121818236,-0.2225209339563146
-0.039740332666394755,-0.02469280099920012,-0.02469280099920012,-0.039740332666394755,-0.8979415932059586,0.4666666666666667,0.4598949683558508,0.49999999999999994,0.8660254037844387,-0.7907757369376986,-0.6121059825476627,0.9749279121818236,-0.22252093395631434
-0.013605444443598874,-0.012578590264814227,-0.012578590264814227,-0.013605444443598874,0.7375989431307791,0.4666666666666667,0.4599398536738633,0.49999999999999994,0.8660254037844387,-0.8978045395707417,-0.44039415155763423,0.43388373911755823,-0.900968867902419
-0.013793426644584198,0.012578590264814258,0.012578590264814258,0.04027389501245662,1.5088966832122228,0.4666666666666667,0.4599847389918758,0.49999999999999994,0.8660254037844387,-0.9680771188662041,-0.2506525322587213,-0.433883739117558,-0.9009688679024191
0.10536042029039004,0.0,0.0,0.05129309863334913,-1.2104036946562264,0.4666666666666667,0.46002962430988825,0.49999999999999994,0.8660254037844387,-0.9987165071710528,-0.05064916883871355,-0.9749279121818236,-0.2225209339563146
0.012422615365993256,0.02469280099920013,0.02469280099920013,0.012422615365993256,-0.06669137449867228,0.4666666666666667,0.4601642802639257,0.49999999999999994,0.8660254037844387,-0.8486442574947509,0.5289640103269624,0.7818314824680298,0.6234898018587336
-0.037740327982847086,-0.05001051361605381,-0.05001051361605381,-0.037740327982847086,-0.37156355643248296,0.4666666666666667,0.4602091655819382,0.49999999999999994,0.8660254037844387,-0.7247927872291207,0.6889669190756859,0.9749279121818236,-0.22252093395631434
-0.025975386016495513,0.025317712616853654,0.0,0.025317712616853654,-0.16251892949777494,0.4666666666666667,0.46025405089995064,0.49999999999999994,0.8660254037844387,-0.5712682150947924,0.8207634412072763,0.43388373911755823,-0.900968867902419
-0.02666845056885785,-0.07796154920220709,-0.052643836585353376,-0.07796154920220709,-2.1400661634962708,0.4666666666666667,0.46029893621796314,0.49999999999999994,0.8660254037844387,-0.3943558551133187,0.9189578116202306,-0.433883739117558,-0.9009688679024191
0.0,0.0,0.0,0.0,0.6931471805599453,0.4666666666666667,0.46034382153597564,0.49999999999999994,0.8660254037844387,-0.20129852008866114,0.9795299412524943,-0.9749279121818236,-0.2225209339563146
0.09038416456820036,0.1267518087390753,0.09038416456820036,0.1267518087390753,2.6026896854443837,0.4666666666666667,0.460478477490013,0.8660254037844386,0.5000000000000001,0.39435585511331855,0.9189578116202306,0.7818314824680298,0.6234898018587336
-0.037740327982847086,-0.04879025953686816,-0.01242261536599332,-0.07410797215372185,-0.8109302162163288,0.4666666666666667,0.4605233628080255,0.8660254037844386,0.5000000000000001,0.5712682150947923,0.8207634412072763,0.9749279121818236,-0.22252093395631434
-0.025975386016495513,0.02469280099920013,0.0,-0.025975386016495513,0.377294231141468,0.4666666666666667,0.460568248126038,0.8660254037844386,0.5000000000000001,0.72479278722912,0.6889669190756866,0.43388373911755823,-0.900968867902419
0.07598589963254922,0.024097458537668114,0.02469280099920013,0.10008335817021748,-0.8472978603872037,0.4666666666666667,0.46061313344405047,0.8660254037844386,0.5000000000000001,0.8486442574947509,0.5289640103269624,-0.433883739117558,-0.9009688679024191
-0.02469280099920012,0.03509131981127019,-0.02469280099920012,0.0,1.076139432816051,0.4666666666666667,0.46065801876206297,0.8660254037844386,0.5000000000000001,0.9377521321470804,0.3473052528448203,-0.9749279121818236,-0.2225209339563146
0.04879025953686821,0.033901551675681416,0.09531036186942246,0.0,0.925340567394073,0.4666666666666667,0.4607926747161004,0.8660254037844386,0.5000000000000001,0.9680771188662043,-0.2506525322587204,0.7818314824680298,0.6234898018587336
-0.03636764417087483,-0.022472769154397203,0.0,-0.03636764417087483,-2.0704728716970755,0.4666666666666667,0.46083756003411286,0.8660254037844386,0.5000000000000001,0.8978045395707416,-0.4403941515576344,0.9749279121818236,-0.22252093395631434
-0.01242261536599332,0.559615750779283,-0.09531036186942242,0.5683954222350578,3.7727609380946383,0.4666666666666667,0.46088244535212536,0.8660254037844386,0.5000000000000001,0.7907757369376989,-0.6121059825476626,0.43388373911755823,-0.900968867902419
0.5452271458507593,0.050643683277233176,0.5877867602695552,0.07410807504765433,0.6163831643481071,0.4666666666666667,0.4609273306701378,0.8660254037844386,0.5000000000000001,0.6513724827222223,-0.758758122692791,-0.433883739117558,-0.9009688679024191
0.056352884295003354,0.059898185938012896,0.08004270767353636,0.03822121096239064,-0.6262842353308189,0.4666666666666667,0.4609722159881503,0.8660254037844386,0.5000000000000001,0.48530196253108104,-0.8743466161445821,-0.9749279121818236,-0.2225209339563146
0.11625981185129085,0.0674412779026885,0.07410797215372183,0.10660973023630967,0.07812736519946747,0.4666666666666667,0.46115175726020025,0.8660254037844386,0.5000000000000001,-0.29936312297335776,-0.9541392564000489,0.9749279121818236,-0.22252093395631434
0.024097598099759875,0.0,0.0909718196698266,-0.03428907198345431,-0.4232605486980284,0.4666666666666667,0.4611966425782127,0.8660254037844386,0.5000000000000001,-0.4853019625310808,-0.8743466161445822,0.43388373911755823,-0.900968867902419
-0.07410797215372185,-0.06744127790268847,-0.06744127790268847,-0.08489953643073853,-0.32344273633087905,0.4666666666666667,0.4612415278962252,0.8660254037844386,0.5000000000000001,-0.6513724827222217,-0.7587581226927913,-0.433883739117558,-0.9009688679024191
-0.08004270767353637,-0.08489953643073853,-0.09763851392085994,-0.03871451408676841,-0.450137548159757,0.4666666666666667,0.46128641321423763,0.8660254037844386,0.5000000000000001,-0.7907757369376986,-0.6121059825476627,-0.9749279121818236,-0.2225209339563146
-0.010471299867295366,-0.05195969064340276,-0.05264368193546022,-0.06103589374539351,0.4305290767713807,0.4666666666666667,0.4614210691682751,0.8660254037844386,0.5000000000000001,-0.9987165071710528,-0.05064916883871355,0.7818314824680298,0.6234898018587336
0.010471299867295437,0.0,-0.02739902573807611,0.006968722668504044,-1.6193882432872684,0.4666666666666667,0.4614659544862876,0.8660254037844386,0.5000000000000001,-0.9884683243281114,0.15142777750457667,0.9749279121818236,-0.22252093395631434
-0.05715835774146095,0.0,0.0408219945202552,-0.02817093146237299,-0.2441969605120421,0.4666666666666667,0.4615108398043,0.8660254037844386,0.5000000000000001,-0.9377521321470804,0.3473052528448203,0.43388373911755823,-0.900968867902419
0.0,-0.054808182766865964,-0.06899292598262816,0.01418474321576216,1.3428092491801518,0.4666666666666667,0.4615557251223125,0.8660254037844386,0.5000000000000001,-0.8486442574947509,0.5289640103269624,-0.433883739117558,-0.9009688679024191
0.02898742627908799,0.013986188246610885,0.028170931462372956,-0.01418474321576225,-0.7741162430936124,0.4666666666666667,0.461600610440325,0.8660254037844386,0.5000000000000001,-0.7247927872291207,0.6889669190756859,-0.9749279121818236,-0.2225209339563146
0.028170931462372956,0.054067171076889506,0.0,0.05556995720044926,0.4639613147897729,0.4666666666666667,0.4617352663943624,1.0,6.123233995736766e-17,0.39435585511331855,0.9189578116202306,0.7818314824680298,0.6234898018587336
0.027399025738076236,0.0,0.054067171076889506,0.0,-0.40546510810816444,0.4666666666666667,0.4617801517123749,1.0,6.123233995736766e-17,0.5712682150947923,0.8207634412072763,0.9749279121818236,-0.22252093395631434
-0.02739902573807611,0.0,0.0,0.0,-0.4700036292457356,0.4666666666666667,0.4618250370303874,1.0,6.123233995736766e-17,0.72479278722912,0.6889669190756866,0.43388373911755823,-0.900968867902419
0.0,-0.01324517655663433,-0.05406717107688943,-0.02739902573807611,0.7021970160798632,0.4666666666666667,0.46186992234839985,1.0,6.123233995736766e-17,0.8486442574947509,0.5289640103269624,-0.433883739117558,-0.9009688679024191
0.0,0.0,0.0408219945202552,0.0,-1.2755429968271879,0.4666666666666667,0.46191480766641235,1.0,6.123233995736766e-17,0.9377521321470804,0.3473052528448203,-0.9749279121818236,-0.2225209339563146
-0.01398618824661083,0.0,-0.040821994520255166,0.013793269876207527,1.076872302031704,0.4666666666666667,0.4620494636204498,1.0,6.123233995736766e-17,0.9680771188662043,-0.2506525322587204,0.7818314824680298,0.6234898018587336
-0.02857342617218509,-0.027028724644047562,0.013793269876207527,-0.05635288429500345,0.12386948171278571,0.4666666666666667,0.46209434893846224,1.0,6.123233995736766e-17,0.8978045395707416,-0.4403941515576344,0.9749279121818236,-0.22252093395631434
-0.01459874332266509,0.027028724644047694,0.027028724644047694,0.0,0.292524696927569,0.4666666666666667,0.46213923425647474,1.0,6.123233995736766e-17,0.7907757369376989,-0.6121059825476626,0.43388373911755823,-0.900968867902419
0.05715835774146091,0.06453856882128596,-0.040821994520255166,0.12260232209233228,0.6449003470205599,0.4666666666666667,0.46218411957448724,1.0,6.123233995736766e-17,0.6513724827222223,-0.758758122692791,-0.433883739117558,-0.9009688679024191
0.054067171076889506,0.03681397139920853,0.10536056334154098,0.050010374053962,-1.1062459135231808,0.4666666666666667,0.4622290048924997,1.0,6.123233995736766e-17,0.48530196253108104,-0.8743466161445821,-0.9749279121818236,-0.2225209339563146
0.07598591065060886,0.011976145086508622,0.03681397139920853,0.01212145301325111,1.1970523614813622,0.4666666666666667,0.46236366084653713,1.0,6.123233995736766e-17,-0.10116832198743204,-0.9948693233918952,0.7818314824680298,0.6234898018587336
-0.012270046071114942,0.04651997228605945,0.011976145086508622,0.0355066868536468,-0.6725278933572097,0.4666666666666667,0.4624085461645496,1.0,6.123233995736766e-17,-0.29936312297335776,-0.9541392564000489,0.9749279121818236,-0.22252093395631434
0.04820205693908541,0.03352269346772593,0.03509131981127019,0.022989430518921234,-0.1384023228591192,0.4666666666666667,0.46245343148256207,1.0,6.123233995736766e-17,-0.4853019625310808,-0.8743466161445822,0.43388373911755823,-0.900968867902419
0.03468555951784897,0.15257959352725745,0.05588049985855654,0.1718502637712119,0.6369074622370692,0.4666666666666667,0.46249831680057457,1.0,6.123233995736766e-17,-0.6513724827222217,-0.7587581226927913,-0.433883739117558,-0.9009688679024191
0.15739218006436628,0.12405268465768961,0.16034260861107955,0.04216081233133547,0.4109596274258051,0.4666666666666667,0.462543202118587,1.0,6.123233995736766e-17,-0.7907757369376986,-0.6121059825476627,-0.9749279121818236,-0.2225209339563146
-0.009756137909468244,-0.08701134231056437,0.0,-0.06637503394764942,0.15688665964613302,0.4666666666666667,0.46267785807262446,1.0,6.123233995736766e-17,-0.9987165071710528,-0.05064916883871355,0.7818314824680298,0.6234898018587336
0.0,0.009049800840852489,0.0,0.08455738802806297,-1.2946100784308683,0.4666666666666667,0.46272274339063696,1.0,6.123233995736766e-17,-0.9884683243281114,0.15142777750457667,0.9749279121818236,-0.22252093395631434
-0.060624621816434854,0.008968635922962776,0.03636761011107716,-0.027398974188114388,0.7308875085427924,0.4666666666666667,0.46276762870864946,1.0,6.123233995736766e-17,-0.9377521321470804,0.3473052528448203,0.43388373911755823,-0.900968867902419
0.06062462181643484,-0.008968635922962818,-0.09352602395102586,0.0,-0.8109302162163288,0.4666666666666667,0.4628125140266619,1.0,6.123233995736766e-17,-0.8486442574947509,0.5289640103269624,-0.433883739117558,-0.9009688679024191
0.03846624484008545,0.008968635922962776,0.03846624484008545,0.01834917334726189,-0.2876820724517809,0.4666666666666667,0.4628573993446744,1.0,6.123233995736766e-17,-0.7247927872291207,0.6889669190756859,-0.9749279121818236,-0.2225209339563146
-0.01425202322377142,-0.008968635922962818,0.0460911431879776,-0.018349173347262028,-0.1749414494963321,0.4666666666666667,0.46299205529871185,1.0,6.123233995736766e-17,-0.20129852008866114,0.9795299412524943,0.7818314824680298,0.6234898018587336
0.01425202322377139,-0.009049800840852421,-0.027398974188114388,0.0,-0.5559460590464603,0.4666666666666667,0.4630369406167243,1.0,6.123233995736766e-17,-2.4492935982947064e-16,1.0,0.9749279121818236,-0.22252093395631434
-0.009478707966833097,-0.009132553239561223,0.009216620107700775,0.0,0.7907856501238614,0.4666666666666667,0.4630818259347368,0.8660254037844387,-0.4999999999999998,0.20129852008866006,0.9795299412524945,0.43388373911755823,-0.900968867902419
0.009478707966832985,0.027150990003376577,-0.009216620107700718,-0.018692168999863264,0.237000585975636,0.4666666666666667,0.46312671125274923,0.8660254037844387,-0.4999999999999998,0.39435585511331855,0.9189578116202306,-0.433883739117558,-0.9009688679024191
0.0,-0.05505977911094049,-0.018692168999863264,0.0,-1.6003054288708278,0.4666666666666667,0.46317159657076173,0.8660254037844387,-0.4999999999999998,0.5712682150947923,0.8207634412072763,-0.9749279121818236,-0.2225209339563146
-0.019048122303203102,0.009389811988925488,-0.01425202322377142,0.0,0.20479441264601322,0.4666666666666667,0.4633062525247992,0.8660254037844387,-0.4999999999999998,0.9377521321470804,0.3473052528448203,0.7818314824680298,0.6234898018587336
0.0,-0.009389811988925419,-0.004796099079431615,0.0,1.0082282271998408,0.4666666666666667,0.4633511378428116,0.8660254037844387,-0.4999999999999998,0.9884683243281114,0.1514277775045767,0.9749279121818236,-0.22252093395631434
-0.09051400406590528,-0.019048122303203102,0.0,-0.10956212636910835,0.5401219932544216,0.4666666666666667,0.4633960231608241,0.8660254037844387,-0.4999999999999998,0.9987165071710528,-0.05064916883871264,0.43388373911755823,-0.900968867902419
0.010471259712588079,0.028437934292128417,0.0,0.10008341840227525,0.593892222464604,0.4666666666666667,0.4634409084788366,0.8660254037844387,-0.4999999999999998,0.9680771188662043,-0.2506525322587204,-0.433883739117558,-0.9009688679024191
0.020619326128217225,0.009302357010937868,0.03774029130306627,0.0,-1.395028041088645,0.4666666666666667,0.4636204497508865,0.8660254037844387,-0.4999999999999998,0.48530196253108104,-0.8743466161445821,0.7818314824680298,0.6234898018587336
0.0,-0.018692168999863264,-0.018692168999863264,-0.058840500022933465,0.08408311721054144,0.4666666666666667,0.463665335068899,0.8660254037844387,-0.4999999999999998,0.29936312297335804,-0.9541392564000488,0.9749279121818236,-0.22252093395631434
0.040005295688217646,0.0,-0.019048122303203102,0.02985296314968113,1.3409257560900396,0.4666666666666667,0.46371022038691145,0.8660254037844387,-0.4999999999999998,0.10116832198743272,-0.994869323391895,0.43388373911755823,-0.900968867902419
-0.00985225867373246,0.0,0.019048122303203074,0.0,-2.423537703411708,0.4666666666666667,0.46375510570492395,0.8660254037844387,-0.4999999999999998,-0.10116832198743204,-0.9948693233918952,-0.433883739117558,-0.9009688679024191
0.009852258673732493,0.0,-0.03846624484008541,0.0,1.9252908618525775,0.4666666666666667,0.46379999102293645,0.8660254037844387,-0.4999999999999998,-0.29936312297335776,-0.9541392564000489,-0.9749279121818236,-0.2225209339563146
0.0,0.0,0.009756137909468195,0.03846624484008545,-0.8922758556702812,0.4666666666666667,0.46393464697697384,0.8660254037844387,-0.4999999999999998,-0.7907757369376986,-0.6121059825476627,0.7818314824680298,0.6234898018587336
-0.00985225867373246,-0.019048122303203102,0.00966198462741414,-0.04338029722573939,-0.413975797776073,0.4666666666666667,0.46397953229498634,0.8660254037844387,-0.4999999999999998,-0.8978045395707417,-0.44039415155763423,0.9749279121818236,-0.22252093395631434
-0.009950406769420663,-0.019418122536882368,-0.03922078798003541,0.0049140523856540715,0.30673026742247544,0.4666666666666667,0.46402441761299884,0.8660254037844387,-0.4999999999999998,-0.9680771188662041,-0.2506525322587213,0.43388373911755823,-0.900968867902419
-0.03045920866451191,0.009756137909468195,0.029558803352621354,-0.05026187410766501,-0.9257694758286987,0.4666666666666667,0.4640693029310113,0.8660254037844387,-0.4999999999999998,-0.9987165071710528,-0.05064916883871355,-0.433883739117558,-0.9009688679024191
-0.02083400742135801,-0.019608396583200755,-0.06001801201713316,0.0,1.0826119473216687,0.4666666666666667,0.4641141882490238,0.8660254037844387,-0.4999999999999998,-0.9884683243281114,0.15142777750457667,-0.9749279121818236,-0.2225209339563146
-0.054067261424983006,0.0,-0.010362747708769923,-0.026111104676909084,0.7928465407830333,0.4666666666666667,0.46424884420306123,0.8660254037844387,-0.4999999999999998,-0.7247927872291207,0.6889669190756859,0.7818314824680298,0.6234898018587336
0.08515784726578844,0.009852258673732493,0.05077236314270236,0.056570313341420965,-0.5505330733611035,0.4666666666666667,0.4642937295210737,0.8660254037844387,-0.4999999999999998,-0.5712682150947924,0.8207634412072763,0.9749279121818236,-0.22252093395631434
0.010152332538536377,-0.01980266544315313,-0.009950406769420663,-0.010050297706528046,-0.051959738930711104,0.4666666666666667,0.4643386148390862,0.8660254037844387,-0.4999999999999998,-0.3943558551133187,0.9189578116202306,0.43388373911755823,-0.900968867902419
0.010050297706528157,0.029558803352621354,0.019802665443153036,0.02985296314968113,-0.6539264674066639,0.4666666666666667,0.4643835001570986,0.8660254037844387,-0.4999999999999998,-0.20129852008866114,0.9795299412524943,-0.433883739117558,-0.9009688679024191
-0.04082195637328177,-0.009756137909468244,0.0,-0.05026187410766501,0.26826398659467937,0.4666666666666667,0.4644283854751111,0.5000000000000003,-0.8660254037844385,0.20129852008866006,0.9795299412524945,-0.9749279121818236,-0.2225209339563146
0.0,-0.00985225867373246,-0.060624621816434854,0.03045920866451185,-0.6737290947028438,0.4666666666666667,0.46456304142914856,0.5000000000000003,-0.8660254037844385,0.72479278722912,0.6889669190756866,0.7818314824680298,0.6234898018587336
0.010362747708769876,-0.009950406769420663,0.040821956373281745,-0.03045920866451191,-0.8602012652231115,0.4666666666666667,0.46460792674716106,0.5000000000000003,-0.8660254037844385,0.8486442574947509,0.5289640103269624,0.9749279121818236,-0.22252093395631434
-0.010362747708769923,0.0,0.0,-0.010362747708769923,0.8209805520698303,0.4666666666666667,0.4646528120651735,0.5000000000000003,-0.8660254037844385,0.9377521321470804,0.3473052528448203,0.43388373911755823,-0.900968867902419
-0.042559572954696076,-0.05129321608586991,-0.05129321608586991,-0.042559572954696076,0.03922071315328133,0.4666666666666667,0.464697697383186,0.5000000000000003,-0.8660254037844385,0.9884683243281114,0.1514277775045767,-0.433883739117558,-0.9009688679024191
0.0425595729546961,0.010471259712588079,0.010471259712588079,0.0425595729546961,-0.42488319396526597,0.4666666666666667,0.46474258270119845,0.5000000000000003,-0.8660254037844385,0.9987165071710528,-0.05064916883871264,-0.9749279121818236,-0.2225209339563146
-0.021053449779718972,0.040821956373281745,0.040821956373281745,0.020619326128217225,0.6931471805599453,0.4666666666666667,0.4648772386552359,0.5000000000000003,-0.8660254037844385,0.7907757369376989,-0.6121059825476626,0.7818314824680298,0.6234898018587336
0.021053449779719076,-0.020202630245064496,-0.020202630245064496,-0.020619326128217208,-2.1400661634962708,0.4666666666666667,0.4649221239732484,0.5000000000000003,-0.8660254037844385,0.6513724827222223,-0.758758122692791,0.9749279121818236,-0.22252093395631434
-0.021053449779718972,0.0,-0.020619326128217208,-0.021053449779718972,2.8763855159214247,0.4666666666666667,0.46496700929126084,0.5000000000000003,-0.8660254037844385,0.48530196253108104,-0.8743466161445821,0.43388373911755823,-0.900968867902419
-0.02150612317497713,-0.020619326128217208,-0.021053449779718972,0.021053449779719076,-1.318240897874875,0.4666666666666667,0.46501189460927334,0.5000000000000003,-0.8660254037844385,0.29936312297335804,-0.9541392564000488,-0.433883739117558,-0.9009688679024191
0.0,0.0,0.021053449779719076,-0.042559572954696076,-0.5465437063680699,0.4666666666666667,0.46505677992728583,0.5000000000000003,-0.8660254037844385,0.10116832198743272,-0.994869323391895,-0.9749279121818236,-0.2225209339563146
0.0,-0.021053449779718972,-0.042559572954696076,0.0,0.8979415932059586,0.4666666666666667,0.4651914358813232,0.5000000000000003,-0.8660254037844385,-0.4853019625310808,-0.8743466161445822,0.7818314824680298,0.6234898018587336
-0.02197894818287507,-0.04348507135785223,-0.02197894818287507,-0.02197894818287507,0.07145896398214505,0.4666666666666667,0.4652363211993357,0.5000000000000003,-0.8660254037844385,-0.6513724827222217,-0.7587581226927913,0.9749279121818236,-0.22252093395631434
0.0,0.054067261424982964,0.054067261424982964,0.0,0.34627623671783375,0.4666666666666667,0.4652812065173482,0.5000000000000003,-0.8660254037844385,-0.7907757369376986,-0.6121059825476627,0.43388373911755823,-0.900968867902419
0.0,-0.010582190067130865,-0.054067261424983006,0.0,-0.5355182363563622,0.4666666666666667,0.46532609183536067,0.5000000000000003,-0.8660254037844385,-0.8978045395707417,-0.44039415155763423,-0.433883739117558,-0.9009688679024191
0.0,0.0,0.04348507135785213,0.0,-0.4700036292457356,0.4666666666666667,0.46537097715337317,0.5000000000000003,-0.8660254037844385,-0.9680771188662041,-0.2506525322587213,-0.9749279121818236,-0.2225209339563146
-0.022472899200892044,0.010582190067130806,-0.04348507135785223,0.054067261424982964,1.1631508098056809,0.4666666666666667,0.46555051842542305,0.5000000000000003,-0.8660254037844385,-0.8486442574947509,0.5289640103269624,0.9749279121818236,-0.22252093395631434
-0.03468555951784889,-0.03208831324210794,-0.057158458718741034,-0.07654016062587507,-0.5389965007326869,0.4666666666666667,0.46559540374343555,0.5000000000000003,-0.8660254037844385,-0.7247927872291207,0.6889669190756859,0.43388373911755823,-0.900968867902419
0.03468555951784897,0.021506123174977153,0.03468555951784897,0.06595797055874432,0.3813675565291038,0.4666666666666667,0.46564028906144805,0.5000000000000003,-0.8660254037844385,-0.5712682150947924,0.8207634412072763,-0.433883739117558,-0.9009688679024191
0.0,0.0,0.06595797055874432,-0.06595797055874432,-3.0204248861443626,0.4666666666666667,0.4656851743794605,0.5000000000000003,-0.8660254037844385,-0.3943558551133187,0.9189578116202306,-0.9749279121818236,-0.2225209339563146
-0.02298943051892123,-0.08894740107766562,-0.08894740107766562,-0.02298943051892123,-0.6931471805599453,0.4666666666666667,0.46581983033349794,1.2246467991473532e-16,-1.0,0.20129852008866006,0.9795299412524945,0.7818314824680298,0.6234898018587336
-0.011696128998927559,-0.011696128998927559,-0.011696128998927559,-0.011696128998927559,2.833213344056216,0.4666666666666667,0.46586471565151044,1.2246467991473532e-16,-1.0,0.39435585511331855,0.9189578116202306,0.9749279121818236,-0.22252093395631434
-0.011834412768210418,-0.011834412768210418,-0.011834412768210418,-0.011834412768210418,-1.2237754316221157,0.4666666666666667,0.4659096009695229,1.2246467991473532e-16,-1.0,0.5712682150947923,0.8207634412072763,0.43388373911755823,-0.900968867902419
0.0,0.03509131981127019,0.03509131981127019,0.0,0.3364722366212129,0.4666666666666667,0.4659544862875354,1.2246467991473532e-16,-1.0,0.72479278722912,0.6889669190756866,-0.433883739117558,-0.9009688679024191
0.0,-0.03509131981127006,-0.03509131981127006,0.0,1.488077055429833,0.4666666666666667,0.46599937160554783,1.2246467991473532e-16,-1.0,0.8486442574947509,0.5289640103269624,-0.9749279121818236,-0.2225209339563146
-0.07410797215372185,0.0,-0.02409759809975993,-0.07410797215372185,0.5363047090669756,0.4666666666666667,0.4661340275595853,1.2246467991473532e-16,-1.0,0.9987165071710528,-0.05064916883871264,0.7818314824680298,0.6234898018587336
-0.019418085857101627,-0.04255966180634076,-0.024692518385957336,0.03154831034738107,-0.5363047090669756,0.4666666666666667,0.4661789128775978,1.2246467991473532e-16,-1.0,0.9680771188662043,-0.2506525322587204,0.9749279121818236,-0.22252093395631434
0.05096639620448264,0.042559661806340715,0.0062304546793765375,0.042559661806340715,-0.4382549309311553,0.4666666666666667,0.4662237981956103,1.2246467991473532e-16,-1.0,0.8978045395707416,-0.4403941515576344,0.43388373911755823,-0.900968867902419
0.01846206370658085,-0.02409759809975993,0.01846206370658085,-0.02409759809975993,-1.3862943611198906,0.4666666666666667,0.4662686835136227,1.2246467991473532e-16,-1.0,0.7907757369376989,-0.6121059825476626,-0.433883739117558,-0.9009688679024191
0.0,0.0,0.0,0.0,-0.916290731874155,0.4666666666666667,0.4663135688316352,1.2246467991473532e-16,-1.0,0.6513724827222223,-0.758758122692791,-0.9749279121818236,-0.2225209339563146
-0.06291372934834816,0.06491963621655436,0.06491963621655436,-0.06291372934834816,3.5409593240373143,0.4666666666666667,0.46644822478567266,1.2246467991473532e-16,-1.0,0.10116832198743272,-0.994869323391895,0.7818314824680298,0.6234898018587336
-0.013072181302260776,-0.1278333655649024,-0.14090554686716325,0.0,-0.8001193001121132,0.4666666666666667,0.4664931101036851,1.2246467991473532e-16,-1.0,-0.10116832198743204,-0.9948693233918952,0.9749279121818236,-0.22252093395631434
0.051293392264651655,0.0810411147766061,0.09411329607886679,0.03822121096239064,-0.21511137961694557,0.4666666666666667,0.4665379954216976,1.2246467991473532e-16,-1.0,-0.29936312297335776,-0.9541392564000489,0.43388373911755823,-0.900968867902419
-0.05789397557682697,-0.05539878199209843,-0.05539878199209843,-0.05789397557682697,-0.5108256237659907,0.4666666666666667,0.46658288073971005,1.2246467991473532e-16,-1.0,-0.4853019625310808,-0.8743466161445822,-0.433883739117558,-0.9009688679024191
-0.026847300561978347,-0.07216239796092215,-0.07216239796092215,-0.026847300561978347,-2.0149030205422647,0.4666666666666667,0.46662776605772255,1.2246467991473532e-16,-1.0,-0.6513724827222217,-0.7587581226927913,-0.9749279121818236,-0.2225209339563146
0.0,0.12756117995302066,0.0,0.12756117995302066,1.252762968495368,0.4666666666666667,0.46676242201176,1.2246467991473532e-16,-1.0,-0.9680771188662041,-0.2506525322587213,0.7818314824680298,0.6234898018587336
0.03344788387415375,-0.042819903814215264,0.08474127613880524,-0.042819903814215264,1.742969305058623,0.4666666666666667,0.46680730732977244,1.2246467991473532e-16,-1.0,-0.9987165071710528,-0.05064916883871355,0.9749279121818236,-0.22252093395631434
0.06371586457949394,0.012422472314842425,0.012422472314842425,0.012422472314842425,-2.3025850929940455,0.4666666666666667,0.46685219264778494,1.2246467991473532e-16,-1.0,-0.9884683243281114,0.15142777750457667,0.43388373911755823,-0.900968867902419
-0.025001350492725612,-0.025001350492725612,-0.025001350492725612,-0.025001350492725612,1.3862943611198906,0.4666666666666667,0.46689707796579744,1.2246467991473532e-16,-1.0,-0.9377521321470804,0.3473052528448203,-0.433883739117558,-0.9009688679024191
0.0,0.0,0.0,0.0,-2.0794415416798357,0.4666666666666667,0.4669419632838099,1.2246467991473532e-16,-1.0,-0.8486442574947509,0.5289640103269624,-0.9749279121818236,-0.2225209339563146
0.0,0.012578878177883146,0.012578878177883146,0.012578878177883146,3.349904087274605,0.4666666666666667,0.4670766192378473,1.2246467991473532e-16,-1.0,-0.3943558551133187,0.9189578116202306,0.7818314824680298,0.6234898018587336
0.0,-0.012578878177883153,-0.012578878177883153,-0.012578878177883153,-0.9985288301111273,0.4666666666666667,0.4671215045558598,1.2246467991473532e-16,-1.0,-0.20129852008866114,0.9795299412524943,0.9749279121818236,-0.22252093395631434
0.0,0.0372713965638406,0.0372713965638406,0.0,-0.7419373447293773,0.4666666666666667,0.46716638987387227,-0.4999999999999997,-0.8660254037844388,0.20129852008866006,0.9795299412524945,0.43388373911755823,-0.900968867902419
0.0,-0.037271396563840466,-0.037271396563840466,0.0,-0.916290731874155,0.4666666666666667,0.46721127519188477,-0.4999999999999997,-0.8660254037844388,0.39435585511331855,0.9189578116202306,-0.433883739117558,-0.9009688679024191
-0.03871451408676841,0.012578878177883146,-0.012738977490121473,0.012578878177883146,1.7047480922384253,0.4666666666666667,0.46739081646393466,-0.4999999999999997,-0.8660254037844388,0.9377521321470804,0.3473052528448203,0.7818314824680298,0.6234898018587336
0.0,0.0062304546793765375,-0.025975536596646982,-0.0512933922646515,-0.7884573603642702,0.4666666666666667,0.46743570178194715,-0.4999999999999997,-0.8660254037844388,0.9884683243281114,0.1514277775045767,0.9749279121818236,-0.22252093395631434
0.0,-0.05752384694402814,0.0,0.0,-0.916290731874155,0.4666666666666667,0.46748058709995965,-0.4999999999999997,-0.8660254037844388,0.9987165071710528,-0.05064916883871264,0.43388373911755823,-0.900968867902419
-0.05406717107688943,0.0,0.0,-0.040273901200681875,3.1023420086122493,0.4666666666666667,0.4675254724179721,-0.4999999999999997,-0.8660254037844388,0.9680771188662043,-0.2506525322587204,-0.433883739117558,-0.9009688679024191
0.013793269876207527,0.025975536596647045,-0.040273901200681875,0.06624943779732892,0.909526331785613,0.4666666666666667,0.4675703577359846,-0.4999999999999997,-0.8660254037844388,0.8978045395707416,-0.4403941515576344,-0.9749279121818236,-0.2225209339563146
0.06624943779732892,0.0,0.06624943779732892,0.0,-4.705015520957807,0.4666666666666667,0.46770501369002204,-0.4999999999999997,-0.8660254037844388,0.48530196253108104,-0.8743466161445821,0.7818314824680298,0.6234898018587336
0.0,0.02531785566800466,0.0,0.02531785566800466,4.736198448394496,0.4666666666666667,0.4677498990080345,-0.4999999999999997,-0.8660254037844388,0.29936312297335804,-0.9541392564000488,0.9749279121818236,-0.22252093395631434
0.0,0.09531008877177667,0.050010374053962,-0.025317855668004537,-1.0473189942805592,0.4666666666666667,0.467794784326047,-0.4999999999999997,-0.8660254037844388,0.10116832198743272,-0.994869323391895,0.43388373911755823,-0.900968867902419
0.0,-0.09531008877177666,-0.050010374053961935,0.0,-2.0794415416798357,0.4666666666666667,0.4678396696440595,-0.4999999999999997,-0.8660254037844388,-0.10116832198743204,-0.9948693233918952,-0.433883739117558,-0.9009688679024191
0.0,0.0,0.0,0.0,0.5306282510621704,0.4666666666666667,0.46788455496207193,-0.4999999999999997,-0.8660254037844388,-0.29936312297335776,-0.9541392564000489,-0.9749279121818236,-0.2225209339563146
0.02531785566800466,0.048790116485717426,0.07410797215372183,0.02531785566800466,-0.12516314295400605,0.4666666666666667,0.4680192109161094,-0.4999999999999997,-0.8660254037844388,-0.7907757369376986,-0.6121059825476627,0.7818314824680298,0.6234898018587336
-0.0512933922646515,-0.0487901164857173,-0.0487901164857173,-0.0512933922646515,0.659245628884264,0.4666666666666667,0.4680640962341219,-0.4999999999999997,-0.8660254037844388,-0.8978045395707417,-0.44039415155763423,0.9749279121818236,-0.22252093395631434
-0.026668145338813322,0.0,-0.07796153760346479,0.051293392264651655,0.8953840470548413,0.4666666666666667,0.4681089815521343,-0.4999999999999997,-0.8660254037844388,-0.9680771188662041,-0.2506525322587213,0.43388373911755823,-0.900968867902419
0.07796153760346483,0.0,0.07796153760346483,0.0,-9.273315171137572,0.4666666666666667,0.4681538668701468,-0.4999999999999997,-0.8660254037844388,-0.9987165071710528,-0.05064916883871355,-0.433883739117558,-0.9009688679024191
-0.0512933922646515,-0.0512933922646515,-0.0512933922646515,-0.0512933922646515,6.956545443151569,0.4666666666666667,0.46819875218815926,-0.4999999999999997,-0.8660254037844388,-0.9884683243281114,0.15142777750457667,-0.9749279121818236,-0.2225209339563146
0.0,0.0,0.0,0.0,-1.9459101490553135,0.4666666666666667,0.4683334081421967,-0.4999999999999997,-0.8660254037844388,-0.7247927872291207,0.6889669190756859,0.7818314824680298,0.6234898018587336
0.0,0.0,0.0,0.0,1.3862943611198906,0.4666666666666667,0.4683782934602092,-0.4999999999999997,-0.8660254037844388,-0.5712682150947924,0.8207634412072763,0.9749279121818236,-0.22252093395631434
0.0,0.0,0.0,0.0,-6.396929655216146,0.4666666666666667,0.46842317877822165,-0.4999999999999997,-0.8660254037844388,-0.3943558551133187,0.9189578116202306,0.43388373911755823,-0.900968867902419
0.0,0.0387145140867685,0.0387145140867685,0.0,6.1092475827643655,0.4666666666666667,0.46846806409623415,-0.4999999999999997,-0.8660254037844388,-0.20129852008866114,0.9795299412524943,-0.433883739117558,-0.9009688679024191
-0.1112255288183504,-0.03871451408676841,-0.09278168516365788,0.0,2.751535313041949,0.4666666666666667,0.46851294941424665,-0.4999999999999997,-0.8660254037844388,-2.4492935982947064e-16,1.0,-0.9749279121818236,-0.2225209339563146
0.014598743322665073,-0.09662678549568532,-0.04255961441879589,-0.09662678549568532,-1.0775588794702773,0.4666666666666667,0.4686476053682841,-0.8660254037844385,-0.5000000000000004,0.5712682150947923,0.8207634412072763,0.7818314824680298,0.6234898018587336
0.028573426172185144,0.04948010987988226,0.04948010987988226,0.028573426172185144,2.087223682121891,0.4666666666666667,0.46869249068629654,-0.8660254037844385,-0.5000000000000004,0.72479278722912,0.6889669190756866,0.9749279121818236,-0.22252093395631434
-0.10379690701441921,-0.09393187245071613,-0.12470359072211637,-0.07302518874301898,-2.780370862681836,0.4666666666666667,0.46873737600430904,-0.8660254037844385,-0.5000000000000004,0.8486442574947509,0.5289640103269624,0.43388373911755823,-0.900968867902419
0.0,0.01503782042875885,0.0458095387001591,-0.03077171827140027,1.5040773967762742,0.4666666666666667,0.4687822613223215,-0.8660254037844385,-0.5000000000000004,0.9377521321470804,0.3473052528448203,-0.433883739117558,-0.9009688679024191
0.0,-0.045809538700159025,-0.045809538700159025,0.0,-0.325422400434628,0.4666666666666667,0.468827146640334,-0.8660254037844385,-0.5000000000000004,0.9884683243281114,0.1514277775045767,-0.9749279121818236,-0.2225209339563146
-0.13353126490028436,0.0,0.0,-0.13353126490028436,-1.8718021769015913,0.4666666666666667,0.4689618025943714,-0.8660254037844385,-0.5000000000000004,0.8978045395707416,-0.4403941515576344,0.7818314824680298,0.6234898018587336
-0.07410811363287909,-0.03174857718256039,-0.03174857718256039,-0.07410811363287909,2.0476928433652555,0.4666666666666667,0.46900668791238387,-0.8660254037844385,-0.5000000000000004,0.7907757369376989,-0.6121059825476626,0.9749279121818236,-0.22252093395631434
-0.019418012497536146,-0.101782687717724,-0.101782687717724,0.0,1.747796345806939,0.4666666666666667,0.46905157323039637,-0.8660254037844385,-0.5000000000000004,0.6513724827222223,-0.758758122692791,0.43388373911755823,-0.900968867902419
0.0,-0.09352612613041514,-0.09352612613041514,-0.019418012497536146,0.9730745437243327,0.4666666666666667,0.46909645854840887,-0.8660254037844385,-0.5000000000000004,0.48530196253108104,-0.8743466161445821,-0.433883739117558,-0.9009688679024191
0.0,0.0,0.0,0.0,-11.165493388112674,0.4666666666666667,0.4691413438664213,-0.8660254037844385,-0.5000000000000004,0.29936312297335804,-0.9541392564000488,-0.9749279121818236,-0.2225209339563146
-0.019802551002237257,0.05715841383994862,-0.019802551002237257,0.019418012497536042,8.34283980427146,0.4666666666666667,0.46927599982045876,-0.8660254037844385,-0.5000000000000004,-0.29936312297335776,-0.9541392564000489,0.7818314824680298,0.6234898018587336
0.07696096484218601,0.0,0.07696096484218601,0.03774040134241245,-3.332204510175204,0.4666666666666667,0.46932088513847126,-0.8660254037844385,-0.5000000000000004,-0.4853019625310808,-0.8743466161445822,0.9749279121818236,-0.22252093395631434
0.0,0.0,0.0,0.0,2.3978952727983707,0.4666666666666667,0.4693657704564837,-0.8660254037844385,-0.5000000000000004,-0.6513724827222217,-0.7587581226927913,0.43388373911755823,-0.900968867902419
-0.04740216482279511,0.0,-0.03774040134241254,0.0,2.1129642337184795,0.4666666666666667,0.4694106557744962,-0.8660254037844385,-0.5000000000000004,-0.7907757369376986,-0.6121059825476627,-0.433883739117558,-0.9009688679024191
-0.009756249017153499,-0.05715841383994864,-0.019418012497536146,-0.05715841383994864,-3.1245651453969594,0.4666666666666667,0.46945554109250864,-0.8660254037844385,-0.5000000000000004,-0.8978045395707417,-0.44039415155763423,-0.9749279121818236,-0.2225209339563146
-0.08167794985049882,0.05715841383994862,0.05715841383994862,-0.08167794985049882,3.3758795736778655,0.4666666666666667,0.4695901970465461,-0.8660254037844385,-0.5000000000000004,-0.9884683243281114,0.15142777750457667,0.7818314824680298,0.6234898018587336
0.0,-0.018692061036735035,-0.13883636369044755,0.12014430265371254,-2.0541237336955462,0.4666666666666667,0.4696350823645586,-0.8660254037844385,-0.5000000000000004,-0.9377521321470804,0.3473052528448203,0.9749279121818236,-0.22252093395631434
0.08167794985049891,0.055059773327201494,0.08167794985049891,0.055059773327201494,0.7259370033829363,0.4666666666666667,0.4696799676825711,-0.8660254037844385,-0.5000000000000004,-0.8486442574947509,0.5289640103269624,0.43388373911755823,-0.900968867902419
0.019418012497536042,0.0,0.019418012497536042,0.0,-0.17589066646366416,0.4666666666666667,0.46972485300058353,-0.8660254037844385,-0.5000000000000004,-0.7247927872291207,0.6889669190756859,-0.433883739117558,-0.9009688679024191
-0.08004263431397098,0.0,0.07410811363287916,-0.15415074794685008,-1.8718021769015913,0.4666666666666667,0.46976973831859603,-0.8660254037844385,-0.5000000000000004,-0.5712682150947924,0.8207634412072763,-0.9749279121818236,-0.2225209339563146
0.0,0.0,-0.15415074794685008,0.15415074794685002,-0.6931471805599453,0.4666666666666667,0.4699043942726335,-0.8660254037844385,-0.5000000000000004,-2.4492935982947064e-16,1.0,0.7818314824680298,0.6234898018587336
0.0,0.0,0.13613210496644548,0.0,3.4011973816621555,0.4666666666666667,0.4699492795906459,-1.0,-1.8369701987210297e-16,0.20129852008866006,0.9795299412524945,0.9749279121818236,-0.22252093395631434
0.0,-0.15415074794685008,-0.13613210496644543,-0.15415074794685008,-2.70805020110221,0.4666666666666667,0.4699941649086584,-1.0,-1.8369701987210297e-16,0.39435585511331855,0.9189578116202306,0.43388373911755823,-0.900968867902419
0.15415074794685002,0.15415074794685002,0.15415074794685002,0.15415074794685002,1.0986122886681098,0.4666666666666667,0.47003905022667086,-1.0,-1.8369701987210297e-16,0.5712682150947923,0.8207634412072763,-0.433883739117558,-0.9009688679024191
0.0,0.0,0.0,0.0,-7.495541943884256,0.4666666666666667,0.47008393554468336,-1.0,-1.8369701987210297e-16,0.72479278722912,0.6889669190756866,-0.9749279121818236,-0.2225209339563146
-0.07410811363287909,-0.07410811363287909,-0.07410811363287909,-0.07410811363287909,7.955074273262696,0.4666666666666667,0.47026347681673325,-1.0,-1.8369701987210297e-16,0.9987165071710528,-0.05064916883871264,0.9749279121818236,-0.22252093395631434
0.0,0.0,0.0,0.0,-1.3350010667323402,0.4666666666666667,0.47030836213474575,-1.0,-1.8369701987210297e-16,0.9680771188662043,-0.2506525322587204,0.43388373911755823,-0.900968867902419
-0.05942342496220287,-0.05942342496220287,-0.05942342496220287,-0.05942342496220287,-0.2231435513142097,0.4666666666666667,0.47035324745275825,-1.0,-1.8369701987210297e-16,0.8978045395707416,-0.4403941515576344,-0.433883739117558,-0.9009688679024191
0.1335315385950819,0.1335315385950819,0.1335315385950819,0.1335315385950819,2.1102132003465894,0.4666666666666667,0.4703981327707707,-1.0,-1.8369701987210297e-16,0.7907757369376989,-0.6121059825476626,-0.9749279121818236,-0.2225209339563146
-0.15415074794685008,-0.15415074794685008,-0.15415074794685008,-0.15415074794685008,-3.4965075614664802,0.4666666666666667,0.47053278872480814,-1.0,-1.8369701987210297e-16,0.29936312297335804,-0.9541392564000488,0.7818314824680298,0.6234898018587336
0.0,0.15415074794685002,0.15415074794685002,0.0,3.828641396489095,0.4666666666666667,0.47057767404282064,-1.0,-1.8369701987210297e-16,0.10116832198743272,-0.994869323391895,0.9749279121818236,-0.22252093395631434
0.0,-0.15415074794685008,-0.15415074794685008,0.0,-3.1354942159291497,0.4666666666666667,0.4706225593608331,-1.0,-1.8369701987210297e-16,-0.10116832198743204,-0.9948693233918952,0.43388373911755823,-0.900968867902419
0.0,0.0,0.0,0.0,-5.703782474656201,0.4666666666666667,0.4706674446788456,-1.0,-1.8369701987210297e-16,-0.29936312297335776,-0.9541392564000489,-0.433883739117558,-0.9009688679024191
0.0,0.0,0.0,0.0,0.0,0.4666666666666667,0.4707123299968581,-1.0,-1.8369701987210297e-16,-0.4853019625310808,-0.8743466161445822,-0.9749279121818236,-0.2225209339563146
0.0,0.06062462181643484,0.0,0.04082207081419753,9.615805480084347,0.4666666666666667,0.47084698595089547,-1.0,-1.8369701987210297e-16,-0.8978045395707417,-0.44039415155763423,0.7818314824680298,0.6234898018587336
0.04082207081419753,-0.019802551002237257,0.04082207081419753,0.0,-3.912023005428146,0.4666666666666667,0.47089187126890797,-1.0,-1.8369701987210297e-16,-0.9680771188662041,-0.2506525322587213,0.9749279121818236,-0.22252093395631434
0.0,0.039220563499773486,0.0,0.039220563499773486,2.833213344056216,0.4666666666666667,0.47093675658692047,-1.0,-1.8369701987210297e-16,-0.9987165071710528,-0.05064916883871355,0.43388373911755823,-0.900968867902419
0.019802551002237243,0.07410811363287916,0.11332867713265256,-0.009661763480382583,1.2010272940961793,0.4666666666666667,0.4709816419049329,-1.0,-1.8369701987210297e-16,-0.9884683243281114,0.15142777750457667,-0.433883739117558,-0.9009688679024191
0.00975624901715346,-0.08376987711326161,-0.08376987711326161,0.0,-9.738023112808596,0.4666666666666667,0.4710265272229454,-1.0,-1.8369701987210297e-16,-0.9377521321470804,0.3473052528448203,-0.9749279121818236,-0.2225209339563146
0.04740216482279516,0.04740216482279516,0.04740216482279516,0.04740216482279516,7.313220387090301,0.4666666666666667,0.47116118317698286,-1.0,-1.8369701987210297e-16,-0.5712682150947924,0.8207634412072763,0.7818314824680298,0.6234898018587336
0.018349069310062027,0.036367712290466585,0.036367712290466585,0.018349069310062027,0.09531017980432493,0.4666666666666667,0.4712060684949953,-1.0,-1.8369701987210297e-16,-0.3943558551133187,0.9189578116202306,0.9749279121818236,-0.22252093395631434
0.0,-0.01801864298040457,-0.01801864298040457,0.0,-7.408530566894626,0.4666666666666667,0.4712509538130078,-1.0,-1.8369701987210297e-16,-0.20129852008866114,0.9795299412524943,0.43388373911755823,-0.900968867902419
-0.018349069310062048,0.018018642980404623,-0.018349069310062048,0.018018642980404623,6.396929655216146,0.4666666666666667,0.4712958391310203,-0.866025403784439,0.49999999999999933,0.20129852008866006,0.9795299412524945,-0.433883739117558,-0.9009688679024191
0.036367712290466585,0.0,0.036367712290466585,0.0,-6.396929655216146,0.4666666666666667,0.47134072444903274,-0.866025403784439,0.49999999999999933,0.39435585511331855,0.9189578116202306,-0.9749279121818236,-0.2225209339563146
-0.036367712290466564,-0.036367712290466564,-0.036367712290466564,-0.036367712290466564,5.703782474656201,0.4666666666666667,0.4714753804030702,-0.866025403784439,0.49999999999999933,0.8486442574947509,0.5289640103269624,0.7818314824680298,0.6234898018587336
0.0,0.0,0.0,0.0,0.4054651081081644,0.4666666666666667,0.4715202657210827,-0.866025403784439,0.49999999999999933,0.9377521321470804,0.3473052528448203,0.9749279121818236,-0.22252093395631434
-0.03774040134241254,-0.018692061036735035,-0.03774040134241254,-0.018692061036735035,1.992430164690206,0.4666666666666667,0.47156515103909513,-0.866025403784439,0.49999999999999933,0.9884683243281114,0.1514277775045767,0.43388373911755823,-0.900968867902419
0.0,-0.01904834030567745,0.0,-0.01904834030567745,-1.1451323043030026,0.4666666666666667,0.47161003635710763,-0.866025403784439,0.49999999999999933,0.9987165071710528,-0.05064916883871264,-0.433883739117558,-0.9009688679024191
0.0,0.0,0.0,0.0,-0.8472978603872037,0.4666666666666667,0.4716549216751201,-0.866025403784439,0.49999999999999933,0.9680771188662043,-0.2506525322587204,-0.9749279121818236,-0.2225209339563146
0.0,0.0,0.0,0.0,-6.1092475827643655,0.4666666666666667,0.4717895776291575,-0.866025403784439,0.49999999999999933,0.6513724827222223,-0.758758122692791,0.7818314824680298,0.6234898018587336
0.0,0.0,0.0,0.0,0.0,0.4666666666666667,0.47183446294717,-0.866025403784439,0.49999999999999933,0.48530196253108104,-0.8743466161445821,0.9749279121818236,-0.22252093395631434
0.0,0.0,0.0,0.0,0.0,0.4666666666666667,0.47187934826518246,-0.866025403784439,0.49999999999999933,0.29936312297335804,-0.9541392564000488,0.43388373911755823,-0.900968867902419
0.07410811363287916,0.07410811363287916,0.07410811363287916,0.07410811363287916,5.703782474656201,0.4666666666666667,0.47192423358319496,-0.866025403784439,0.49999999999999933,0.10116832198743272,-0.994869323391895,-0.433883739117558,-0.9009688679024191
0.0,0.0,0.0,0.0,-5.703782474656201,0.4666666666666667,0.47196911890120746,-0.866025403784439,0.49999999999999933,-0.10116832198743204,-0.9948693233918952,-0.9749279121818236,-0.2225209339563146
0.0,0.0,0.0,0.0,0.0,0.4666666666666667,0.4721037748552449,-0.866025403784439,0.49999999999999933,-0.6513724827222217,-0.7587581226927913,0.7818314824680298,0.6234898018587336
-0.01801864298040457,-0.01801864298040457,-0.01801864298040457,-0.01801864298040457,5.703782474656201,0.4666666666666667,0.47214866017325735,-0.866025403784439,0.49999999999999933,-0.7907757369376986,-0.6121059825476627,0.9749279121818236,-0.22252093395631434
0.0,0.0,0.0,0.0,-5.703782474656201,0.4666666666666667,0.47219354549126985,-0.866025403784439,0.49999999999999933,-0.8978045395707417,-0.44039415155763423,0.43388373911755823,-0.900968867902419
-0.0370411303467971,-0.0370411303467971,-0.0370411303467971,-0.0370411303467971,6.1092475827643655,0.4666666666666667,0.4722384308092823,-0.866025403784439,0.49999999999999933,-0.9680771188662041,-0.2506525322587213,-0.433883739117558,-0.9009688679024191
0.055059773327201494,0.055059773327201494,0.055059773327201494,0.055059773327201494,0.5108256237659907,0.4666666666666667,0.4722833161272948,-0.866025403784439,0.49999999999999933,-0.9987165071710528,-0.05064916883871355,-0.9749279121818236,-0.2225209339563146
-0.01801864298040457,-0.01801864298040457,-0.01801864298040457,-0.01801864298040457,0.1823215567939546,0.4666666666666667,0.47241797208133224,-0.866025403784439,0.49999999999999933,-0.8486442574947509,0.5289640103269624,0.7818314824680298,0.6234898018587336
-0.018349069310062048,0.0,-0.018349069310062048,0.0,0.28768207245178085,0.4666666666666667,0.4724628573993447,-0.866025403784439,0.49999999999999933,-0.7247927872291207,0.6889669190756859,0.9749279121818236,-0.22252093395631434
-0.018692061036735035,-0.018349069310062048,-0.018692061036735035,-0.018349069310062048,-0.6931471805599453,0.4666666666666667,0.4725077427173572,-0.866025403784439,0.49999999999999933,-0.5712682150947924,0.8207634412072763,0.43388373911755823,-0.900968867902419
0.0,-0.018692061036735035,0.0,-0.018692061036735035,-1.3862943611198906,0.4666666666666667,0.4725526280353697,-0.866025403784439,0.49999999999999933,-0.3943558551133187,0.9189578116202306,-0.433883739117558,-0.9009688679024191
-0.01904834030567745,0.0,0.0,-0.01904834030567745,3.1780538303479458,0.4666666666666667,0.4725975133533821,-0.866025403784439,0.49999999999999933,-0.20129852008866114,0.9795299412524943,-0.9749279121818236,-0.2225209339563146
-0.08004263431397098,-0.01904834030567745,-0.01904834030567745,-0.08004263431397098,0.4054651081081644,0.4666666666666667,0.47273216930741957,-0.5000000000000012,0.8660254037844379,0.39435585511331855,0.9189578116202306,0.7818314824680298,0.6234898018587336
0.0,-0.08004263431397098,-0.08004263431397098,0.0,-1.9740810260220096,0.4666666666666667,0.47277705462543207,-0.5000000000000012,0.8660254037844379,0.5712682150947923,0.8207634412072763,0.9749279121818236,-0.22252093395631434
0.0,0.0,0.0,0.0,2.151762203259462,0.4666666666666667,0.4728219399434445,-0.5000000000000012,0.8660254037844379,0.72479278722912,0.6889669190756866,0.43388373911755823,-0.900968867902419
0.0,0.08004263431397093,0.08004263431397093,0.0,-1.363304842895192,0.4666666666666667,0.472866825261457,-0.5000000000000012,0.8660254037844379,0.8486442574947509,0.5289640103269624,-0.433883739117558,-0.9009688679024191
0.0,0.0,0.0,0.0,1.452252328911688,0.4666666666666667,0.4729117105794695,-0.5000000000000012,0.8660254037844379,0.9377521321470804,0.3473052528448203,-0.9749279121818236,-0.2225209339563146
0.0,-0.08004263431397098,-0.08004263431397098,0.0,-8.860782895806315,0.4666666666666667,0.4730463665335069,-0.5000000000000012,0.8660254037844379,0.9680771188662043,-0.2506525322587204,0.7818314824680298,0.6234898018587336
0.020619209351768045,0.020619209351768045,0.020619209351768045,0.020619209351768045,8.146129510025405,0.4666666666666667,0.4730912518515194,-0.5000000000000012,0.8660254037844379,0.8978045395707416,-0.4403941515576344,0.9749279121818236,-0.22252093395631434
0.0,0.059423424962202945,0.0,0.0,-0.496436886313891,0.4666666666666667,0.4731361371695319,-0.5000000000000012,0.8660254037844379,0.7907757369376989,-0.6121059825476626,0.43388373911755823,-0.900968867902419
0.0,-0.05942342496220287,0.0,0.0,-1.9459101490553135,0.4666666666666667,0.47318102248754434,-0.5000000000000012,0.8660254037844379,0.6513724827222223,-0.758758122692791,-0.433883739117558,-0.9009688679024191
-0.1541506019762907,0.0,0.0,-0.06317890669876879,4.007333185232471,0.4666666666666667,0.47322590780555684,-0.5000000000000012,0.8660254037844379,0.48530196253108104,-0.8743466161445821,-0.9749279121818236,-0.2225209339563146
0.0,-0.10763049964373642,-0.1541506019762907,-0.09097169527752179,-1.2039728043259361,0.4666666666666667,0.4733605637595943,-0.5000000000000012,0.8660254037844379,-0.10116832198743204,-0.9948693233918952,0.7818314824680298,0.6234898018587336
-0.10008335817021739,0.044451592944967616,0.0909716952775218,-0.10008335817021739,0.02985296314968113,0.4666666666666667,0.47340544907760673,-0.5000000000000012,0.8660254037844379,-0.29936312297335776,-0.9541392564000489,0.9749279121818236,-0.22252093395631434
-0.05406732165704082,0.04255969734700077,-0.24512237510478016,0.12361376686651772,0.7221347174331975,0.4666666666666667,0.47345033439561923,-0.5000000000000012,0.8660254037844379,-0.4853019625310808,-0.8743466161445822,0.43388373911755823,-0.900968867902419
0.10536042029039004,-0.0870112902919684,0.20067078215981254,-0.02353040869630031,-0.12136085700426748,0.4666666666666667,0.4734952197136317,-0.5000000000000012,0.8660254037844379,-0.6513724827222217,-0.7587581226927913,-0.433883739117558,-0.9009688679024191
0.02469280099920013,-0.058496385299690125,-0.07061756087022235,-0.02105350195643272,1.1407237740182365,0.4666666666666667,0.4735401050316442,-0.5000000000000012,0.8660254037844379,-0.7907757369376986,-0.6121059825476627,-0.9749279121818236,-0.2225209339563146
0.0,0.035506691663436264,0.0,0.021053501956432717,-1.5066580433697658,0.4666666666666667,0.4736747609856816,-0.5000000000000012,0.8660254037844379,-0.9987165071710528,-0.05064916883871355,0.7818314824680298,0.6234898018587336
-0.02469280099920012,0.022989693636254013,0.07061756087022238,-0.04879025953686816,-0.2954642128938359,0.4666666666666667,0.4737196463036941,-0.5000000000000012,0.8660254037844379,-0.9884683243281114,0.15142777750457667,0.9749279121818236,-0.22252093395631434
-0.05129309863334919,-0.04652010233255423,-0.14660346050277168,0.04879025953686821,0.08961215868968714,0.4666666666666667,0.47376453162170656,-0.5000000000000012,0.8660254037844379,-0.9377521321470804,0.3473052528448203,0.43388373911755823,-0.900968867902419
0.07598589963254922,0.04652010233255419,0.14660346050277165,0.04652010233255419,-0.058840500022933465,0.4666666666666667,0.4738543022577315,-0.5000000000000012,0.8660254037844379,-0.7247927872291207,0.6889669190756859,-0.9749279121818236,-0.2225209339563146
-0.05001051361605381,0.0,-0.07061756087022235,0.0,0.28768207245178085,0.4666666666666667,0.47398895821176895,-0.5000000000000012,0.8660254037844379,-0.20129852008866114,0.9795299412524943,0.7818314824680298,0.6234898018587336
0.025317712616853654,0.0,0.07061756087022238,0.0,1.0116009116784799,0.4666666666666667,0.47403384352978145,-2.4492935982947064e-16,1.0,0.20129852008866006,0.9795299412524945,0.9749279121818236,-0.22252093395631434
0.09531036186942246,0.0870112902919683,0.0,0.0,-0.10444266336759739,0.4666666666666667,0.4740787288477939,-2.4492935982947064e-16,1.0,0.39435585511331855,0.9189578116202306,0.43388373911755823,-0.900968867902419
-0.04652010233255423,-0.09844007281325252,-0.011428782521284177,-0.011428782521284177,-1.8581345381729275,0.4666666666666667,0.4741236141658064,-2.4492935982947064e-16,1.0,0.5712682150947923,0.8207634412072763,-0.433883739117558,-0.9009688679024191
-0.04879025953686816,0.011428782521284115,-0.03509131981127006,0.0,1.2776605201170952,0.4666666666666667,0.4741684994838189,-2.4492935982947064e-16,1.0,0.72479278722912,0.6889669190756866,-0.9749279121818236,-0.2225209339563146
0.09531036186942246,0.044451592944967616,0.04652010233255419,0.011428782521284115,-0.6451379613735847,0.4666666666666667,0.4743031554378563,-2.4492935982947064e-16,1.0,0.9884683243281114,0.1514277775045767,0.7818314824680298,0.6234898018587336
-0.09531036186942242,-0.04445159294496759,0.0,-0.04652010233255423,0.08961215868968714,0.4666666666666667,0.4743480407558688,-2.4492935982947064e-16,1.0,0.9987165071710528,-0.05064916883871264,0.9749279121818236,-0.22252093395631434
0.09531036186942246,0.0,0.0,0.04652010233255419,-1.157452788691043,0.4666666666666667,0.4743929260738813,-2.4492935982947064e-16,1.0,0.9680771188662043,-0.2506525322587204,0.43388373911755823,-0.900968867902419
-0.02298969363625394,0.0,0.0,-0.02298969363625394,1.3156767939059373,0.4666666666666667,0.4744378113918937,-2.4492935982947064e-16,1.0,0.8978045395707416,-0.4403941515576344,-0.433883739117558,-0.9009688679024191
0.0,-0.02298969363625394,-0.02298969363625394,0.0,-8.724207360800564,0.4666666666666667,0.4744826967099062,-2.4492935982947064e-16,1.0,0.7907757369376989,-0.6121059825476626,-0.9749279121818236,-0.2225209339563146
-0.02353040869630031,0.0,-0.02353040869630031,-0.02353040869630031,9.499271663828395,0.4666666666666667,0.47461735266394367,-2.4492935982947064e-16,1.0,0.29936312297335804,-0.9541392564000488,0.7818314824680298,0.6234898018587336
0.0,-0.02353040869630031,0.0,0.0,-9.499271663828395,0.4666666666666667,0.4746622379819561,-2.4492935982947064e-16,1.0,0.10116832198743272,-0.994869323391895,0.9749279121818236,-0.22252093395631434
-0.04879025953686816,0.04652010233255419,0.04652010233255419,-0.04879025953686816,5.703782474656201,0.4666666666666667,0.4747071232999686,-2.4492935982947064e-16,1.0,-0.10116832198743204,-0.9948693233918952,0.43388373911755823,-0.900968867902419
0.0,-0.09531036186942242,-0.09531036186942242,0.0,-5.703782474656201,0.4666666666666667,0.4747520086179811,-2.4492935982947064e-16,1.0,-0.29936312297335776,-0.9541392564000489,-0.433883739117558,-0.9009688679024191
0.0,0.04879025953686821,0.0,0.0,8.444622498581403,0.4666666666666667,0.47479689393599356,-2.4492935982947064e-16,1.0,-0.4853019625310808,-0.8743466161445822,-0.9749279121818236,-0.2225209339563146
0.0,-0.04879025953686816,0.0,0.0,-1.6422277352570913,0.4666666666666667,0.474931549890031,-2.4492935982947064e-16,1.0,-0.8978045395707417,-0.44039415155763423,0.7818314824680298,0.6234898018587336
0.0,0.0,0.0,0.0,0.6061358035703155,0.4666666666666667,0.4749764352080435,-2.4492935982947064e-16,1.0,-0.9680771188662041,-0.2506525322587213,0.9749279121818236,-0.22252093395631434
0.0,0.07232066823316848,0.07232066823316848,0.07232066823316848,-0.7884573603642702,0.4666666666666667,0.47502132052605595,-2.4492935982947064e-16,1.0,-0.9987165071710528,-0.05064916883871355,0.43388373911755823,-0.900968867902419
0.02469280099920013,-0.047627867233968446,-0.047627867233968446,-0.047627867233968446,-0.916290731874155,0.4666666666666667,0.47506620584406845,-2.4492935982947064e-16,1.0,-0.9884683243281114,0.15142777750457667,-0.433883739117558,-0.9009688679024191
0.0,0.047627867233968404,0.047627867233968404,0.047627867233968404,2.6390573296152584,0.4666666666666667,0.47524574711611833,-2.4492935982947064e-16,1.0,-0.5712682150947924,0.8207634412072763,0.7818314824680298,0.6234898018587336
-0.02469280099920012,-0.047627867233968446,-0.047627867233968446,-0.05989805286717511,-1.3862943611198906,0.4666666666666667,0.47529063243413083,-2.4492935982947064e-16,1.0,-0.3943558551133187,0.9189578116202306,0.9749279121818236,-0.22252093395631434
0.0,0.0,-0.02469280099920012,-0.01242261536599332,1.519825753744413,0.4666666666666667,0.47533551775214333,-2.4492935982947064e-16,1.0,-0.20129852008866114,0.9795299412524943,0.43388373911755823,-0.900968867902419
-0.05129309863334919,0.047627867233968404,-0.05129309863334919,0.02469280099920013,0.030771658666753687,0.4666666666666667,0.4753804030701558,-2.4492935982947064e-16,1.0,-2.4492935982947064e-16,1.0,-0.433883739117558,-0.9009688679024191
0.05129309863334913,0.022989693636254013,0.12361376686651772,0.05918877834893813,0.9102116857977729,0.48333333333333334,0.4755599443422057,0.49999999999999994,0.8660254037844387,0.72479278722912,0.6889669190756866,0.7818314824680298,0.6234898018587336
0.08388157934813821,0.0,0.022989693636254013,0.011428782521284115,-1.074514737089049,0.48333333333333334,0.47560482966021816,0.49999999999999994,0.8660254037844387,0.8486442574947509,0.5289640103269624,0.9749279121818236,-0.22252093395631434
0.022728165354018462,0.10763049964373636,0.044451592944967616,0.10763049964373636,2.088330489097082,0.48333333333333334,0.47564971497823066,0.49999999999999994,0.8660254037844387,0.9377521321470804,0.3473052528448203,0.43388373911755823,-0.900968867902419
0.07571190745923422,0.020202861462429514,0.08338176816119829,-0.020619209351768062,-1.2158423798813198,0.48333333333333334,0.4756946002962431,0.49999999999999994,0.8660254037844387,0.9884683243281114,0.1514277775045767,-0.433883739117558,-0.9009688679024191
-0.0425596973470008,0.0,-0.04082207081419753,0.0,-0.5671064596645803,0.48333333333333334,0.4757394856142556,0.49999999999999994,0.8660254037844387,0.9987165071710528,-0.05064916883871264,-0.9749279121818236,-0.2225209339563146
0.02150636931293675,-0.04082207081419753,0.0,-0.021053328034064026,-0.8043728156701697,0.48333333333333334,0.47587414156829305,0.49999999999999994,0.8660254037844387,0.7907757369376989,-0.6121059825476626,0.7818314824680298,0.6234898018587336
-0.11247806459045859,-0.021053328034064026,-0.021053328034064026,-0.11247806459045859,1.3099213823353166,0.48333333333333334,0.4759190268863055,0.49999999999999994,0.8660254037844387,0.6513724827222223,-0.758758122692791,0.9749279121818236,-0.22252093395631434
0.0,-0.021506369312936712,-0.021506369312936712,0.0,-1.7452394535931621,0.48333333333333334,0.475963912204318,0.49999999999999994,0.8660254037844387,0.48530196253108104,-0.8743466161445821,0.43388373911755823,-0.900968867902419
0.023530408696300284,-0.06744128658122152,-0.06744128658122152,0.023530408696300284,-0.3184537311185346,0.48333333333333334,0.4760087975223305,0.49999999999999994,0.8660254037844387,0.29936312297335804,-0.9541392564000488,-0.433883739117558,-0.9009688679024191
0.0,0.0,0.0,0.0,-7.090076835776092,0.48333333333333334,0.47605368284034294,0.49999999999999994,0.8660254037844387,0.10116832198743272,-0.994869323391895,-0.9749279121818236,-0.2225209339563146
-0.02353040869630031,0.022989693636254013,0.022989693636254013,-0.02353040869630031,8.34283980427146,0.48333333333333334,0.4762332241123929,0.49999999999999994,0.8660254037844387,-0.6513724827222217,-0.7587581226927913,0.9749279121818236,-0.22252093395631434
-0.03636764417087483,0.0,0.0,-0.03636764417087483,-0.5596157879354228,0.48333333333333334,0.4762781094304053,0.49999999999999994,0.8660254037844387,-0.7907757369376986,-0.6121059825476627,0.43388373911755823,-0.900968867902419
0.0,-0.08288774650342902,-0.08288774650342902,0.0,-1.1631508098056809,0.48333333333333334,0.4763229947484178,0.49999999999999994,0.8660254037844387,-0.8978045395707417,-0.44039415155763423,-0.433883739117558,-0.9009688679024191
-0.02500120563080758,0.0,0.0,-0.02500120563080758,1.1631508098056809,0.48333333333333334,0.4763678800664303,0.49999999999999994,0.8660254037844387,-0.9680771188662041,-0.2506525322587213,-0.9749279121818236,-0.2225209339563146
0.012578590264814258,0.05989805286717515,0.05989805286717515,0.0848992584979827,-0.8266785731844679,0.48333333333333334,0.4765025360204677,0.49999999999999994,0.8660254037844387,-0.9377521321470804,0.3473052528448203,0.7818314824680298,0.6234898018587336
-0.025317712616853665,0.0,-0.02353040869630031,-0.07232066823316849,1.488077055429833,0.48333333333333334,0.4765474213384802,0.49999999999999994,0.8660254037844387,-0.8486442574947509,0.5289640103269624,0.9749279121818236,-0.22252093395631434
0.025317712616853654,0.0,-0.04879025953686816,0.0,0.3726752852851735,0.48333333333333334,0.4765923066564927,0.49999999999999994,0.8660254037844387,-0.7247927872291207,0.6889669190756859,0.43388373911755823,-0.900968867902419
0.0,-0.07232066823316849,0.0,0.0,-8.817297783866575,0.48333333333333334,0.47663719197450516,0.49999999999999994,0.8660254037844387,-0.5712682150947924,0.8207634412072763,-0.433883739117558,-0.9009688679024191
0.02469280099920013,0.07232066823316848,0.02469280099920013,0.04879025953686821,8.1886891244442,0.48333333333333334,0.47668207729251766,0.49999999999999994,0.8660254037844387,-0.3943558551133187,0.9189578116202306,-0.9749279121818236,-0.2225209339563146
-0.02469280099920012,0.06744128658122145,-0.02469280099920012,0.0909716952775218,1.0704414117014134,0.48333333333333334,0.4768167332465551,0.8660254037844386,0.5000000000000001,0.20129852008866006,0.9795299412524945,0.7818314824680298,0.6234898018587336
0.04879025953686821,-0.02197882379057037,0.04879025953686821,-0.04445159294496759,-0.7827593392496325,0.48333333333333334,0.47686161856456755,0.8660254037844386,0.5000000000000001,0.39435585511331855,0.9189578116202306,0.9749279121818236,-0.22252093395631434
0.0,-0.04546246279065118,0.0,-0.02298969363625394,-2.772588722239781,0.48333333333333334,0.47690650388258005,0.8660254037844386,0.5000000000000001,0.5712682150947923,0.8207634412072763,0.43388373911755823,-0.900968867902419
-0.04879025953686816,0.06744128658122145,0.0909716952775218,-0.02353040869630031,2.970414465569701,0.48333333333333334,0.4769513892005925,0.8660254037844386,0.5000000000000001,0.72479278722912,0.6889669190756866,-0.433883739117558,-0.9009688679024191
0.04879025953686821,0.0,-0.09097169527752179,0.023530408696300284,0.07410797215372183,0.48333333333333334,0.476996274518605,0.8660254037844386,0.5000000000000001,0.8486442574947509,0.5289640103269624,-0.9749279121818236,-0.2225209339563146
-0.04879025953686816,-0.04445159294496759,0.04652010233255419,-0.02353040869630031,-0.6021754023542185,0.48333333333333334,0.47713093047264243,0.8660254037844386,0.5000000000000001,0.9987165071710528,-0.05064916883871264,0.7818314824680298,0.6234898018587336
0.0,-0.09531036186942242,-0.09531036186942242,-0.04879025953686816,0.0,0.48333333333333334,0.47717581579065493,0.8660254037844386,0.5000000000000001,0.9680771188662043,-0.2506525322587204,0.9749279121818236,-0.22252093395631434
0.09531036186942246,0.09531036186942246,0.09531036186942246,0.09531036186942246,0.9249487946172696,0.48333333333333334,0.4772207011086674,0.8660254037844386,0.5000000000000001,0.8978045395707416,-0.4403941515576344,0.43388373911755823,-0.900968867902419
0.0,0.02247276915439723,0.0,0.02247276915439723,-1.2272296664902034,0.48333333333333334,0.4772655864266799,0.8660254037844386,0.5000000000000001,0.7907757369376989,-0.6121059825476626,-0.433883739117558,-0.9009688679024191
-0.14660346050277168,0.0,-0.09531036186942242,-0.16907622965716881,2.370793343020579,0.48333333333333334,0.4773104717446923,0.8660254037844386,0.5000000000000001,0.6513724827222223,-0.758758122692791,-0.9749279121818236,-0.2225209339563146
-0.11122584769397419,-0.1957446802260267,-0.10536042029039008,-0.0822380896323927,-0.7496593908232877,0.48333333333333334,0.47749001301674227,0.8660254037844386,0.5000000000000001,-0.10116832198743204,-0.9948693233918952,0.9749279121818236,-0.22252093395631434
-0.3483065820712311,-0.11441024807781279,-0.11778291644710105,-0.08961214847174921,0.5360852905252286,0.48333333333333334,0.4775348983347547,0.8660254037844386,0.5000000000000001,-0.29936312297335776,-0.9541392564000489,0.43388373911755823,-0.900968867902419
0.15415054358806096,-0.0953101798043249,-0.06453864034685362,-0.06453864034685362,-1.8993901334204204,0.48333333333333334,0.4775797836527672,0.8660254037844386,0.5000000000000001,-0.4853019625310808,-0.8743466161445822,-0.433883739117558,-0.9009688679024191
0.06899300772614875,0.0,0.0,0.0,-0.3184537311185346,0.48333333333333334,0.4776246689707797,0.8660254037844386,0.5000000000000001,-0.6513724827222217,-0.7587581226927913,-0.9749279121818236,-0.2225209339563146
0.0,0.06453864034685358,0.06453864034685358,0.0,2.8728581754034566,0.48333333333333334,0.4777593249248171,0.8660254037844386,0.5000000000000001,-0.9680771188662041,-0.2506525322587213,0.7818314824680298,0.6234898018587336
0.06453864034685358,0.030771539457471242,0.0,0.09531017980432493,-1.8842467819496753,0.48333333333333334,0.4778042102428296,0.8660254037844386,0.5000000000000001,-0.9987165071710528,-0.05064916883871355,0.9749279121818236,-0.22252093395631434
-0.28768219166106335,0.0,0.030771539457471242,-0.3184537311185346,1.791759469228055,0.48333333333333334,0.4778490955608421,0.8660254037844386,0.5000000000000001,-0.9884683243281114,0.15142777750457667,0.43388373911755823,-0.900968867902419
0.15415054358806096,0.0,0.0,0.15415054358806096,-0.1413135330665776,0.48333333333333334,0.47789398087885454,0.8660254037844386,0.5000000000000001,-0.9377521321470804,0.3473052528448203,-0.433883739117558,-0.9009688679024191
0.06899300772614875,-0.0953101798043249,-0.0953101798043249,0.06899300772614875,-1.3862943611198906,0.48333333333333334,0.47793886619686704,0.8660254037844386,0.5000000000000001,-0.8486442574947509,0.5289640103269624,-0.9749279121818236,-0.2225209339563146
-0.18232170938185693,-0.016807247628161333,-0.033901420134405,-0.18232170938185693,1.421385680931161,0.48333333333333334,0.4780735221509045,1.0,6.123233995736766e-17,0.20129852008866006,0.9795299412524945,0.7818314824680298,0.6234898018587336
0.0,-0.05218576009798751,-0.03509158759174378,0.0,-0.0306369694618898,0.48333333333333334,0.47811840746891693,1.0,6.123233995736766e-17,0.39435585511331855,0.9189578116202306,0.9749279121818236,-0.22252093395631434
0.03922101246029837,-0.03636750793167755,-0.07410768919540965,0.07696119372403065,-2.582887058148204,0.48333333333333334,0.47816329278692943,1.0,6.123233995736766e-17,0.5712682150947923,0.8207634412072763,0.43388373911755823,-0.900968867902419
0.0,0.07145909552342136,0.10919927678715351,0.0,1.0586069540544105,0.48333333333333334,0.47820817810494193,1.0,6.123233995736766e-17,0.72479278722912,0.6889669190756866,-0.433883739117558,-0.9009688679024191
-0.03922101246029839,-0.07145909552342133,-0.10919927678715356,0.0,-1.493925025312256,0.48333333333333334,0.47825306342295437,1.0,6.123233995736766e-17,0.8486442574947509,0.5289640103269624,-0.9749279121818236,-0.2225209339563146
0.03922101246029837,0.07145909552342136,0.07410768919540961,-0.03774018126373219,1.6796421711073488,0.48333333333333334,0.4783877193769918,1.0,6.123233995736766e-17,0.9987165071710528,-0.05064916883871264,0.7818314824680298,0.6234898018587336
-0.1670544047776263,-0.03509158759174378,0.0,-0.12260230295505808,2.243230850344863,0.48333333333333334,0.4784326046950043,1.0,6.123233995736766e-17,0.9680771188662043,-0.2506525322587204,0.9749279121818236,-0.22252093395631434
0.0870115503849751,-0.07410768919540965,-0.07410768919540965,0.04255944856240681,-2.55956817855702,0.48333333333333334,0.47847749001301676,1.0,6.123233995736766e-17,0.8978045395707416,-0.4403941515576344,0.43388373911755823,-0.900968867902419
0.0,-0.03922101246029839,-0.03922101246029839,0.020619442904652768,1.6094379124341003,0.48333333333333334,0.47852237533102926,1.0,6.123233995736766e-17,0.7907757369376989,-0.6121059825476626,-0.433883739117558,-0.9009688679024191
-0.04255944856240683,0.0,-0.04082184193235286,0.020202399027700126,-1.400346114575541,0.48333333333333334,0.4785672606490417,1.0,6.123233995736766e-17,0.6513724827222223,-0.758758122692791,-0.9749279121818236,-0.2225209339563146
-0.04445210182256818,-0.06187541345774158,-0.04255944856240683,-0.12783339231732788,0.5070449009260847,0.48333333333333334,0.47870191660307915,1.0,6.123233995736766e-17,0.10116832198743272,-0.994869323391895,0.7818314824680298,0.6234898018587336
0.0,0.02105357152538877,-0.04445210182256818,0.0870115503849751,-0.9509762898620451,0.48333333333333334,0.47874680192109165,1.0,6.123233995736766e-17,-0.10116832198743204,-0.9948693233918952,0.9749279121818236,-0.22252093395631434
-0.02298916740158936,0.0,0.0870115503849751,-0.08701155038497506,2.1673716141865382,0.48333333333333334,0.47879168723910415,1.0,6.123233995736766e-17,-0.29936312297335776,-0.9541392564000489,0.43388373911755823,-0.900968867902419
-0.023530674837958183,-0.04255944856240683,-0.13353139262452263,0.04445210182256821,-1.843584537092641,0.48333333333333334,0.4788365725571166,1.0,6.123233995736766e-17,-0.4853019625310808,-0.8743466161445822,-0.433883739117558,-0.9009688679024191
0.0,0.0,0.09097194406211574,-0.09097194406211584,1.1868050007035706,0.48333333333333334,0.4788814578751291,1.0,6.123233995736766e-17,-0.6513724827222217,-0.7587581226927913,-0.9749279121818236,-0.2225209339563146
0.0,-0.021979072575164377,-0.021979072575164377,0.0,0.5198754592859086,0.48333333333333334,0.47901611382916653,1.0,6.123233995736766e-17,-0.9680771188662041,-0.2506525322587213,0.7818314824680298,0.6234898018587336
-0.04878997343458691,-0.022473029247403912,-0.022473029247403912,-0.04878997343458691,0.27211755591066933,0.48333333333333334,0.479060999147179,1.0,6.123233995736766e-17,-0.9987165071710528,-0.05064916883871355,0.9749279121818236,-0.22252093395631434
-0.025317998719134996,-0.02298916740158936,-0.02298916740158936,-0.025317998719134996,-0.1977338357888415,0.48333333333333334,0.4791058844651915,1.0,6.123233995736766e-17,-0.9884683243281114,0.15142777750457667,0.43388373911755823,-0.900968867902419
0.025317998719134982,0.04546219664899321,0.04546219664899321,0.12062781439326954,-1.3271466886171959,0.48333333333333334,0.4791507697832039,1.0,6.123233995736766e-17,-0.9377521321470804,0.3473052528448203,-0.433883739117558,-0.9009688679024191
-0.018928006240904342,-0.022473029247403912,-0.06899287148695143,-0.11423782191503881,1.7120920664941837,0.48333333333333334,0.4791956551012164,1.0,6.123233995736766e-17,-0.8486442574947509,0.5289640103269624,-0.9749279121818236,-0.2225209339563146
-0.0864327001517671,-0.046519842239547526,0.0,-0.0864327001517671,-0.5480970185632223,0.48333333333333334,0.47933031105525387,1.0,6.123233995736766e-17,-0.3943558551133187,0.9189578116202306,0.7818314824680298,0.6234898018587336
0.08004270767353636,0.13353139262452257,-0.02409773766187123,0.27721093320330487,1.2400239427179383,0.48333333333333334,0.4793751963732663,1.0,6.123233995736766e-17,-0.20129852008866114,0.9795299412524943,0.9749279121818236,-0.22252093395631434
0.1758906664636642,0.22314355131420976,0.19845097221874675,0.19971327042828083,-0.5301399698024691,0.48333333333333334,0.4794200816912788,1.0,6.123233995736766e-17,-2.4492935982947064e-16,1.0,0.43388373911755823,-0.900968867902419
0.25489224962879004,0.06453864034685358,0.1823217093818569,0.06669111990263785,-0.8166519483411753,0.48333333333333334,0.4794649670092913,0.8660254037844387,-0.4999999999999998,0.20129852008866006,0.9795299412524945,-0.433883739117558,-0.9009688679024191
-0.1431006969215585,-0.015748476177421613,0.0,-0.13815021542605907,0.152136580455557,0.48333333333333334,0.4796445082813412,0.8660254037844387,-0.4999999999999998,0.8486442574947509,0.5289640103269624,0.7818314824680298,0.6234898018587336
-0.08004285439265131,-0.13580140244280717,-0.08701123827337513,-0.03774018126373219,-0.25593337413720063,0.48333333333333334,0.4796893935993537,0.8660254037844387,-0.4999999999999998,0.9377521321470804,0.3473052528448203,0.9749279121818236,-0.22252093395631434
0.0,-0.13613231304083456,-0.13613231304083456,-0.08004285439265131,-2.9549102790337356,0.48333333333333334,0.47973427891736614,0.8660254037844387,-0.4999999999999998,0.9884683243281114,0.1514277775045767,0.43388373911755823,-0.900968867902419
0.0,0.040821841932352866,0.040821841932352866,0.0,1.33500106673234,0.48333333333333334,0.47977916423537864,0.8660254037844387,-0.4999999999999998,0.9987165071710528,-0.05064916883871264,-0.433883739117558,-0.9009688679024191
0.0,0.0,0.0,0.040821841932352866,-0.17185025692665928,0.48333333333333334,0.47982404955339114,0.8660254037844387,-0.4999999999999998,0.9680771188662043,-0.2506525322587204,-0.9749279121818236,-0.2225209339563146
0.040821841932352866,0.03922101246029837,0.0,0.03922101246029837,-1.067840630001356,0.48333333333333334,0.47995870550742853,0.8660254037844387,-0.4999999999999998,0.6513724827222223,-0.758758122692791,0.7818314824680298,0.6234898018587336
0.11332870165570806,0.19189086109099043,0.2311118735512889,0.07410768919540961,2.176815705705012,0.48333333333333334,0.48000359082544103,0.8660254037844387,-0.4999999999999998,0.48530196253108104,-0.8743466161445821,0.9749279121818236,-0.22252093395631434
0.0,-0.01600046440119926,-0.11778317189558085,0.0,-0.19268434382950125,0.48333333333333334,0.48004847614345353,0.8660254037844387,-0.4999999999999998,0.29936312297335804,-0.9541392564000488,0.43388373911755823,-0.900968867902419
-0.154150543588061,-0.03278969976823274,-0.154150543588061,-0.154150543588061,-0.8855190732074014,0.48333333333333334,0.480093361461466,0.8660254037844387,-0.4999999999999998,0.10116832198743272,-0.994869323391895,-0.433883739117558,-0.9009688679024191
0.0,-0.033901420134405,0.0,0.11778303565638346,0.3953127366441464,0.48333333333333334,0.4801382467794785,0.8660254037844387,-0.4999999999999998,-0.10116832198743204,-0.9948693233918952,-0.9749279121818236,-0.2225209339563146
0.08004285439265127,0.033901420134405016,0.22314355131420976,-0.03774018126373219,-0.06317890162153156,0.48333333333333334,0.4802729027335159,0.8660254037844387,-0.4999999999999998,-0.6513724827222217,-0.7587581226927913,0.7818314824680298,0.6234898018587336
0.0,-0.06899300772614875,-0.1431006969215585,0.07410768919540961,-1.4307461236907244,0.48333333333333334,0.48031778805152836,0.8660254037844387,-0.4999999999999998,-0.7907757369376986,-0.6121059825476627,0.9749279121818236,-0.22252093395631434
0.03774018126373214,0.06899300772614875,0.14310069692155844,0.06899300772614875,1.9965538818740682,0.48333333333333334,0.48036267336954086,0.8660254037844387,-0.4999999999999998,-0.8978045395707417,-0.44039415155763423,0.43388373911755823,-0.900968867902419
0.0,0.0,0.0,-0.08701123827337513,-0.20479441264601328,0.48333333333333334,0.48040755868755336,0.8660254037844387,-0.4999999999999998,-0.9680771188662041,-0.2506525322587213,-0.433883739117558,-0.9009688679024191
-0.03774018126373219,-0.033901420134405,-0.033901420134405,-0.056089458648183294,-0.7556675375412792,0.48333333333333334,0.4804524440055658,0.8660254037844387,-0.4999999999999998,-0.9987165071710528,-0.05064916883871355,-0.9749279121818236,-0.2225209339563146
0.05608945864818331,0.0,-0.05310981813897017,0.10919927678715351,1.171182981502945,0.48333333333333334,0.48058709995960325,0.8660254037844387,-0.4999999999999998,-0.8486442574947509,0.5289640103269624,0.7818314824680298,0.6234898018587336
0.0531098181389703,0.033901420134405016,0.08701123827337516,0.0,-1.4696759700589417,0.48333333333333334,0.48063198527761575,0.8660254037844387,-0.4999999999999998,-0.7247927872291207,0.6889669190756859,0.9749279121818236,-0.22252093395631434
0.0,0.0,-0.033901420134405,0.0,1.0076405104623831,0.48333333333333334,0.4806768705956282,0.8660254037844387,-0.4999999999999998,-0.5712682150947924,0.8207634412072763,0.43388373911755823,-0.900968867902419
-0.07145909552342133,0.0,0.0,0.0,0.3894647667617233,0.48333333333333334,0.4807217559136407,0.8660254037844387,-0.4999999999999998,-0.3943558551133187,0.9189578116202306,-0.433883739117558,-0.9009688679024191
0.07145909552342136,-0.033901420134405,0.0,0.0,-1.824549292051046,0.48333333333333334,0.48076664123165314,0.8660254037844387,-0.4999999999999998,-0.20129852008866114,0.9795299412524943,-0.9749279121818236,-0.2225209339563146
-0.09015137248642449,0.15906445089142632,-0.09015137248642449,-0.09015137248642449,-1.0986122886681098,0.48333333333333334,0.4809012971856906,0.5000000000000003,-0.8660254037844385,0.5712682150947923,0.8207634412072763,0.7818314824680298,0.6234898018587336
0.018692276963003043,-0.12516303075702134,0.018692276963003043,0.1240527926208295,0.3364722366212129,0.48333333333333334,0.4809461825037031,0.5000000000000003,-0.8660254037844385,0.72479278722912,0.6889669190756866,0.9749279121818236,-0.22252093395631434
0.0,0.0,0.10536051565782635,-0.10536051565782628,1.1451323043030026,0.48333333333333334,0.4809910678217155,0.5000000000000003,-0.8660254037844385,0.8486442574947509,0.5289640103269624,0.43388373911755823,-0.900968867902419
-0.11778303565638351,-0.033901420134405,-0.033901420134405,-0.03774018126373219,1.4087672169719492,0.48333333333333334,0.481035953139728,0.5000000000000003,-0.8660254037844385,0.9377521321470804,0.3473052528448203,-0.433883739117558,-0.9009688679024191
0.09909075869338033,-0.09015137248642449,-0.09015137248642449,0.019047904300728967,-2.0149030205422647,0.48333333333333334,0.4810808384577405,0.5000000000000003,-0.8660254037844385,0.9884683243281114,0.1514277775045767,-0.9749279121818236,-0.2225209339563146
-0.019047904300729095,0.05505978489468061,0.05505978489468061,0.05505978489468061,1.6582280766035324,0.48333333333333334,0.48121549441177797,0.5000000000000003,-0.8660254037844385,0.8978045395707416,-0.4403941515576344,0.7818314824680298,0.6234898018587336
0.03774018126373214,0.30538188617714424,-0.03636750793167755,0.30538188617714424,2.848961701024355,0.48333333333333334,0.4812603797297904,0.5000000000000003,-0.8660254037844385,0.7907757369376989,-0.6121059825476626,0.9749279121818236,-0.22252093395631434
0.21570868669824528,0.31365738510871094,0.44183275227903923,0.19105505344773918,-0.5495562609476894,0.48333333333333334,0.4813052650478029,0.5000000000000003,-0.8660254037844385,0.6513724827222223,-0.758758122692791,0.43388373911755823,-0.900968867902419
0.189756421409919,-0.14458115545154213,0.06899287148695142,-0.04445159294496759,-1.1244201726239824,0.48333333333333334,0.48135015036581535,0.5000000000000003,-0.8660254037844385,0.48530196253108104,-0.8743466161445821,-0.433883739117558,-0.9009688679024191
-0.11778303565638351,-0.022472769154397203,-0.022472769154397203,-0.14660346050277168,-0.7331525151736444,0.48333333333333334,0.48139503568382785,0.5000000000000003,-0.8660254037844385,0.29936312297335804,-0.9541392564000488,-0.9749279121818236,-0.2225209339563146
0.054067321657040805,-0.09531036186942242,-0.14660346050277168,0.05129309863334913,-0.4740936144972606,0.48333333333333334,0.4815296916378653,0.5000000000000003,-0.8660254037844385,-0.29936312297335776,-0.9541392564000489,0.7818314824680298,0.6234898018587336
0.0,0.0,0.0,0.0,-0.5273549257172012,0.48333333333333334,0.48157457695587774,0.5000000000000003,-0.8660254037844385,-0.4853019625310808,-0.8743466161445822,0.9749279121818236,-0.22252093395631434
0.0,0.0,0.0,-0.05129309863334919,0.05406722127027579,0.48333333333333334,0.48161946227389024,0.5000000000000003,-0.8660254037844385,-0.6513724827222217,-0.7587581226927913,0.43388373911755823,-0.900968867902419
-0.02666845056885785,0.02469280099920013,0.07598589963254922,-0.02666845056885785,-0.2702903297399117,0.48333333333333334,0.48166434759190274,0.5000000000000003,-0.8660254037844385,-0.7907757369376986,-0.6121059825476627,-0.433883739117558,-0.9009688679024191
-0.02739887108818305,-0.02469280099920012,-0.02469280099920012,0.07796154920220706,0.18805223150293962,0.48333333333333334,0.4817092329099152,0.5000000000000003,-0.8660254037844385,-0.8978045395707417,-0.44039415155763423,-0.9749279121818236,-0.2225209339563146
0.10536042029039004,0.04879025953686821,0.0,0.04879025953686821,-1.4759065198095778,0.48333333333333334,0.48184388886395263,0.5000000000000003,-0.8660254037844385,-0.9884683243281114,0.15142777750457667,0.7818314824680298,0.6234898018587336
0.0,-0.03636764417087483,0.012422615365993256,-0.04879025953686816,0.7537718023763802,0.48333333333333334,0.48188877418196513,0.5000000000000003,-0.8660254037844385,-0.9377521321470804,0.3473052528448203,0.9749279121818236,-0.22252093395631434
0.0,-0.01242261536599332,-0.01242261536599332,0.0,-0.060624621816434854,0.48333333333333334,0.4819336594999776,0.5000000000000003,-0.8660254037844385,-0.8486442574947509,0.5289640103269624,0.43388373911755823,-0.900968867902419
0.0,0.04879025953686821,0.04879025953686821,0.0,0.06062462181643484,0.48333333333333334,0.4819785448179901,0.5000000000000003,-0.8660254037844385,-0.7247927872291207,0.6889669190756859,-0.433883739117558,-0.9009688679024191
-0.012578590264814227,-0.04879025953686816,-0.04879025953686816,-0.012578590264814227,0.9734491457141037,0.48333333333333334,0.4820234301360025,0.5000000000000003,-0.8660254037844385,-0.5712682150947924,0.8207634412072763,-0.9749279121818236,-0.2225209339563146
0.012578590264814258,0.02469280099920013,0.02469280099920013,0.012578590264814258,-0.3409265869705932,0.48333333333333334,0.48220297140805246,1.2246467991473532e-16,-1.0,0.20129852008866006,0.9795299412524945,0.9749279121818236,-0.22252093395631434
-0.07796154920220709,0.024097458537668114,0.024097458537668114,-0.07796154920220709,-1.1631508098056809,0.48333333333333334,0.48224785672606496,1.2246467991473532e-16,-1.0,0.39435585511331855,0.9189578116202306,0.43388373911755823,-0.900968867902419
0.0,-0.12675180873907532,-0.12675180873907532,0.0,-7.313220387090301,0.48333333333333334,0.4822927420440774,1.2246467991473532e-16,-1.0,0.5712682150947923,0.8207634412072763,-0.433883739117558,-0.9009688679024191
0.0,0.1267518087390753,0.1267518087390753,0.10265435020140708,8.748304912379623,0.48333333333333334,0.4823376273620899,1.2246467991473532e-16,-1.0,0.72479278722912,0.6889669190756866,-0.9749279121818236,-0.2225209339563146
0.07796154920220706,0.0,0.0,0.0,0.2696635669491026,0.48333333333333334,0.48247228331612735,1.2246467991473532e-16,-1.0,0.9884683243281114,0.1514277775045767,0.7818314824680298,0.6234898018587336
0.0,0.04652010233255419,-0.01197628296713594,0.024097458537668114,0.7021970160798632,0.48333333333333334,0.4825171686341398,1.2246467991473532e-16,-1.0,0.9987165071710528,-0.05064916883871264,0.9749279121818236,-0.22252093395631434
0.02469280099920013,0.0,0.0584963852996901,-0.024097458537668107,0.8159227378194498,0.48333333333333334,0.4825620539521523,1.2246467991473532e-16,-1.0,0.9680771188662043,-0.2506525322587204,0.43388373911755823,-0.900968867902419
0.0,0.0,-0.07061756087022235,0.047627867233968404,-2.6922395950755678,0.48333333333333334,0.48260693927016474,1.2246467991473532e-16,-1.0,0.8978045395707416,-0.4403941515576344,-0.433883739117558,-0.9009688679024191
-0.08923122676933502,-0.02298969363625394,-0.08923122676933502,0.0,-0.1941560144409575,0.48333333333333334,0.48265182458817724,1.2246467991473532e-16,-1.0,0.7907757369376989,-0.6121059825476626,-0.9749279121818236,-0.2225209339563146
0.06453842577013495,-0.02353040869630031,0.11332868530700327,-0.07232066823316849,0.8266785731844679,0.48333333333333334,0.4827864805422147,1.2246467991473532e-16,-1.0,0.29936312297335804,-0.9541392564000488,0.7818314824680298,0.6234898018587336
0.0,0.04652010233255419,-0.04879025953686816,0.07232066823316848,0.723918839226699,0.48333333333333334,0.4828313658602271,1.2246467991473532e-16,-1.0,0.10116832198743272,-0.994869323391895,0.9749279121818236,-0.22252093395631434
0.07232066823316848,0.0,0.07232066823316848,0.022989693636254013,-0.42845462633286313,0.48333333333333334,0.4828762511782396,1.2246467991473532e-16,-1.0,-0.10116832198743204,-0.9948693233918952,0.43388373911755823,-0.900968867902419
-0.047627867233968446,-0.005698195005383223,-0.047627867233968446,-0.005698195005383223,-0.12361395596717664,0.48333333333333334,0.4829211364962521,1.2246467991473532e-16,-1.0,-0.29936312297335776,-0.9541392564000489,-0.433883739117558,-0.9009688679024191
0.0,-0.06491936586483908,0.0,-0.06491936586483908,-2.9444389791664407,0.48333333333333334,0.48296602181426457,1.2246467991473532e-16,-1.0,-0.4853019625310808,-0.8743466161445822,-0.9749279121818236,-0.2225209339563146
0.0,0.0,0.0,0.0,-0.6931471805599453,0.48333333333333334,0.483100677768302,1.2246467991473532e-16,-1.0,-0.8978045395707417,-0.44039415155763423,0.7818314824680298,0.6234898018587336
0.0,0.047627867233968404,0.0,0.047627867233968404,2.0794415416798357,0.48333333333333334,0.4831455630863145,1.2246467991473532e-16,-1.0,-0.9680771188662041,-0.2506525322587213,0.9749279121818236,-0.22252093395631434
-0.02469280099920012,-0.047627867233968446,0.0,-0.07232066823316849,1.0560526742493137,0.48333333333333334,0.48319044840432696,1.2246467991473532e-16,-1.0,-0.9987165071710528,-0.05064916883871355,0.43388373911755823,-0.900968867902419
0.0,0.0,-0.02469280099920012,0.0,-1.749199854809259,0.48333333333333334,0.48323533372233946,1.2246467991473532e-16,-1.0,-0.9884683243281114,0.15142777750457667,-0.433883739117558,-0.9009688679024191
0.0,0.03593200594224956,0.060624806941449665,0.0,0.6931471805599453,0.48333333333333334,0.48328021904035195,1.2246467991473532e-16,-1.0,-0.9377521321470804,0.3473052528448203,-0.9749279121818236,-0.2225209339563146
0.0,-0.06062480694144971,-0.06062480694144971,0.0,-0.2876820724517809,0.48333333333333334,0.48341487499438934,1.2246467991473532e-16,-1.0,-0.5712682150947924,0.8207634412072763,0.7818314824680298,0.6234898018587336
-0.09156699364580585,0.08388157934813821,-0.09156699364580585,0.02469280099920013,2.4277482359480516,0.48333333333333334,0.48345976031240184,1.2246467991473532e-16,-1.0,-0.3943558551133187,0.9189578116202306,0.9749279121818236,-0.22252093395631434
-0.1315763430916852,-0.05918877834893825,0.0533457771099935,0.0,0.4054651081081644,0.48333333333333334,0.48350464563041434,1.2246467991473532e-16,-1.0,-0.20129852008866114,0.9795299412524943,0.43388373911755823,-0.900968867902419
0.11778291644710101,-0.06291401753501237,0.0,-0.13005322128959018,-3.2386784521643803,0.48333333333333334,0.4835495309484268,-0.4999999999999997,-0.8660254037844388,0.20129852008866006,0.9795299412524945,-0.433883739117558,-0.9009688679024191
0.08004270767353636,0.06291401753501233,0.012903503918958597,0.10536042029039004,2.9311937524164198,0.48333333333333334,0.4835944162664393,-0.4999999999999997,-0.8660254037844388,0.39435585511331855,0.9189578116202306,-0.9749279121818236,-0.2225209339563146
0.025317712616853654,-0.02469280099920012,0.025317712616853654,0.0,-9.328123407632566,0.48333333333333334,0.4837739575384892,-0.4999999999999997,-0.8660254037844388,0.9377521321470804,0.3473052528448203,0.9749279121818236,-0.22252093395631434
0.02469280099920013,0.02469280099920013,0.02469280099920013,0.02469280099920013,6.1092475827643655,0.48333333333333334,0.4838188428565017,-0.4999999999999997,-0.8660254037844388,0.9884683243281114,0.1514277775045767,0.43388373911755823,-0.900968867902419
0.0,0.0,0.0,0.0,-6.1092475827643655,0.48333333333333334,0.4838637281745142,-0.4999999999999997,-0.8660254037844388,0.9987165071710528,-0.05064916883871264,-0.433883739117558,-0.9009688679024191
-0.13005322128959018,0.0,-0.13005322128959018,0.0,7.495541943884256,0.48333333333333334,0.4839086134925266,-0.4999999999999997,-0.8660254037844388,0.9680771188662043,-0.2506525322587204,-0.9749279121818236,-0.2225209339563146
0.10536042029039004,-0.02469280099920012,0.10536042029039004,-0.02469280099920012,-0.40546510810816444,0.48333333333333334,0.48404326944656406,-0.4999999999999997,-0.8660254037844388,0.6513724827222223,-0.758758122692791,0.7818314824680298,0.6234898018587336
-0.07796154920220709,-0.07796154920220709,-0.07796154920220709,-0.07796154920220709,-2.0794415416798357,0.48333333333333334,0.48408815476457656,-0.4999999999999997,-0.8660254037844388,0.48530196253108104,-0.8743466161445821,0.9749279121818236,-0.22252093395631434
0.026668450568857784,0.07796154920220706,0.026668450568857784,0.07796154920220706,3.58351893845611,0.48333333333333334,0.484133040082589,-0.4999999999999997,-0.8660254037844388,0.29936312297335804,-0.9541392564000488,0.43388373911755823,-0.900968867902419
0.05129309863334913,0.09531036186942246,0.05129309863334913,0.012422615365993256,1.001448540214462,0.48333333333333334,0.4841779254006015,-0.4999999999999997,-0.8660254037844388,0.10116832198743272,-0.994869323391895,-0.433883739117558,-0.9009688679024191
0.012422615365993256,0.0,0.012422615365993256,0.012270185633206832,0.3637924117075963,0.48333333333333334,0.48422281071861395,-0.4999999999999997,-0.8660254037844388,-0.10116832198743204,-0.9948693233918952,-0.9749279121818236,-0.2225209339563146
-0.07696104113612832,0.0,0.012270185633206832,-0.08923122676933502,-0.38441169891033206,0.48333333333333334,0.4843574666726514,-0.4999999999999997,-0.8660254037844388,-0.6513724827222217,-0.7587581226927913,0.7818314824680298,0.6234898018587336
0.0,0.0,0.012121175570532251,0.0,0.703509967595492,0.48333333333333334,0.4844023519906639,-0.4999999999999997,-0.8660254037844388,-0.7907757369376986,-0.6121059825476627,0.9749279121818236,-0.22252093395631434
0.06453842577013495,0.0,0.0584963852996901,0.06453842577013495,-1.833870954578182,0.48333333333333334,0.48444723730867634,-0.4999999999999997,-0.8660254037844388,-0.8978045395707417,-0.44039415155763423,0.43388373911755823,-0.900968867902419
0.0,-0.09531036186942242,-0.09531036186942242,0.0,-8.444622498581403,0.48333333333333334,0.48449212262668884,-0.4999999999999997,-0.8660254037844388,-0.9680771188662041,-0.2506525322587213,-0.433883739117558,-0.9009688679024191
-0.3215833972187497,0.0,-0.10536042029039008,-0.07796154920220709,11.258678168604686,0.48333333333333334,0.48453700794470134,-0.4999999999999997,-0.8660254037844388,-0.9987165071710528,-0.05064916883871355,-0.9749279121818236,-0.2225209339563146
0.033901420134405016,-0.13353118826574187,-0.11778291644710105,-0.05556963906353488,-1.7707060600302227,0.48333333333333334,0.4846716638987388,-0.4999999999999997,-0.8660254037844388,-0.8486442574947509,0.5289640103269624,0.7818314824680298,0.6234898018587336
0.12516303075702132,-0.028987758061581492,0.060624390410167706,-0.028987758061581492,-2.867898902044106,0.48333333333333334,0.4847165492167512,-0.4999999999999997,-0.8660254037844388,-0.7247927872291207,0.6889669190756859,0.9749279121818236,-0.22252093395631434
-0.02985285095269649,-0.02985285095269649,-0.02985285095269649,-0.02985285095269649,-0.916290731874155,0.48333333333333334,0.4847614345347637,-0.4999999999999997,-0.8660254037844388,-0.5712682150947924,0.8207634412072763,0.43388373911755823,-0.900968867902419
0.0,0.0,0.0,0.0,-5.703782474656201,0.48333333333333334,0.48480631985277617,-0.4999999999999997,-0.8660254037844388,-0.3943558551133187,0.9189578116202306,-0.433883739117558,-0.9009688679024191
-0.06252048003609201,0.0,0.0,-0.06252048003609201,8.37793112408273,0.48333333333333334,0.48485120517078867,-0.4999999999999997,-0.8660254037844388,-0.20129852008866114,0.9795299412524943,-0.9749279121818236,-0.2225209339563146
-0.10178270749438163,-0.06252048003609201,-0.06252048003609201,-0.10178270749438163,0.8668106746107854,0.48333333333333334,0.4849858611248261,-0.8660254037844385,-0.5000000000000004,0.39435585511331855,0.9189578116202306,0.7818314824680298,0.6234898018587336
0.06899300772614875,0.03174894057862085,-0.03278969976823274,0.06899300772614875,0.23180161405732438,0.48333333333333334,0.48503074644283856,-0.8660254037844385,-0.5000000000000004,0.5712682150947923,0.8207634412072763,0.9749279121818236,-0.22252093395631434
0.0,-0.06453864034685362,0.0,0.0,-2.386466576974748,0.48333333333333334,0.48507563176085106,-0.8660254037844385,-0.5000000000000004,0.72479278722912,0.6889669190756866,0.43388373911755823,-0.900968867902419
-0.2231435513142097,0.04879016416943204,0.0,0.04879016416943204,2.7245795030534206,0.48333333333333334,0.48512051707886356,-0.8660254037844385,-0.5000000000000004,0.8486442574947509,0.5289640103269624,-0.433883739117558,-0.9009688679024191
0.15415054358806096,0.015748476177421665,-0.06899300772614875,0.015748476177421665,-2.23907168727172,0.48333333333333334,0.485165402396876,-0.8660254037844385,-0.5000000000000004,0.9377521321470804,0.3473052528448203,-0.9749279121818236,-0.2225209339563146
0.13353164807300233,0.3184536986069135,0.13353164807300233,0.19782562412063742,3.894955096915998,0.48333333333333334,0.48530005835091344,-0.8660254037844385,-0.5000000000000004,0.9680771188662043,-0.2506525322587204,0.7818314824680298,0.6234898018587336
0.060624390410167706,-0.058496385299690125,0.2599573133072234,-0.12260232209233239,-1.3973094213505681,0.48333333333333334,0.48534494366892594,-0.8660254037844385,-0.5000000000000004,0.8978045395707416,-0.4403941515576344,0.9749279121818236,-0.22252093395631434
0.05715852603693328,-0.062131689186585924,-0.062131689186585924,0.0425596144187959,-3.270835563798912,0.48333333333333334,0.4853898289869384,-0.8660254037844385,-0.5000000000000004,0.7907757369376989,-0.6121059825476626,0.43388373911755823,-0.900968867902419
0.0,-0.052643836585353376,-0.06624928102895228,0.0,2.2155737160044158,0.48333333333333334,0.4854347143049509,-0.8660254037844385,-0.5000000000000004,0.6513724827222223,-0.758758122692791,-0.433883739117558,-0.9009688679024191
0.0,-0.02739887108818305,-0.013793426644584198,0.0,-9.017968479328726,0.48333333333333334,0.4854795996229634,-0.8660254037844385,-0.5000000000000004,0.48530196253108104,-0.8743466161445821,-0.9749279121818236,-0.2225209339563146
0.0,0.013793426644584283,0.0,0.0,9.367344120785848,0.48333333333333334,0.4856142555770008,-0.8660254037844385,-0.5000000000000004,-0.10116832198743204,-0.9948693233918952,0.7818314824680298,0.6234898018587336
0.0,-0.013793426644584198,0.0,0.0,-9.367344120785848,0.48333333333333334,0.4856591408950133,-0.8660254037844385,-0.5000000000000004,-0.29936312297335776,-0.9541392564000489,0.9749279121818236,-0.22252093395631434
0.0,0.0,0.0,0.0,0.0,0.48333333333333334,0.4857040262130258,-0.8660254037844385,-0.5000000000000004,-0.4853019625310808,-0.8743466161445822,0.43388373911755823,-0.900968867902419
0.0,0.0,0.0,0.0,5.0106352940962555,0.48333333333333334,0.4857489115310382,-0.8660254037844385,-0.5000000000000004,-0.6513724827222217,-0.7587581226927913,-0.433883739117558,-0.9009688679024191
-0.057158526036933346,0.02739887108818303,0.0,0.02739887108818303,4.30406509320417,0.48333333333333334,0.4857937968490507,-0.8660254037844385,-0.5000000000000004,-0.7907757369376986,-0.6121059825476627,-0.9749279121818236,-0.2225209339563146
0.0,-0.06273834730895883,-0.03533947622077577,-0.0845573971251163,-2.512305623976115,0.48333333333333334,0.48592845280308816,-0.8660254037844385,-0.5000000000000004,-0.9987165071710528,-0.05064916883871355,0.7818314824680298,0.6234898018587336
0.0,-0.021819049816157492,-0.021819049816157492,0.0,-6.802394763324311,0.48333333333333334,0.4859733381211006,-0.8660254037844385,-0.5000000000000004,-0.9884683243281114,0.15142777750457667,0.9749279121818236,-0.22252093395631434
0.0,0.05715852603693328,0.05715852603693328,0.0,8.37793112408273,0.48333333333333334,0.4860182234391131,-0.8660254037844385,-0.5000000000000004,-0.9377521321470804,0.3473052528448203,0.43388373911755823,-0.900968867902419
-0.02985285095269649,-0.057158526036933346,-0.08701137698962981,0.0,-0.8823891801984737,0.48333333333333334,0.48606310875712555,-0.8660254037844385,-0.5000000000000004,-0.8486442574947509,0.5289640103269624,-0.433883739117558,-0.9009688679024191
0.0,0.0,0.029852850952696536,0.0,0.5108256237659907,0.48333333333333334,0.48610799407513805,-0.8660254037844385,-0.5000000000000004,-0.7247927872291207,0.6889669190756859,-0.9749279121818236,-0.2225209339563146
0.029852850952696536,0.0,0.0,0.0,-1.0498221244986778,0.48333333333333334,0.4862426500291755,-0.8660254037844385,-0.5000000000000004,-0.20129852008866114,0.9795299412524943,0.7818314824680298,0.6234898018587336
-0.02985285095269649,0.0,0.0,-0.02985285095269649,-0.8472978603872037,0.48333333333333334,0.486287535347188,-0.8660254037844385,-0.5000000000000004,-2.4492935982947064e-16,1.0,0.9749279121818236,-0.22252093395631434
0.0,-0.02985285095269649,-0.02985285095269649,0.0,0.6931471805599453,0.48333333333333334,0.48633242066520044,-1.0,-1.8369701987210297e-16,0.20129852008866006,0.9795299412524945,0.43388373911755823,-0.900968867902419
0.0,0.0,0.0,0.0,0.0,0.48333333333333334,0.48637730598321294,-1.0,-1.8369701987210297e-16,0.39435585511331855,0.9189578116202306,-0.433883739117558,-0.9009688679024191
-0.015267589506095794,-0.015267589506095794,-0.015267589506095794,-0.015267589506095794,-1.791759469228055,0.48333333333333334,0.4864221913012254,-1.0,-1.8369701987210297e-16,0.5712682150947923,0.8207634412072763,-0.9749279121818236,-0.2225209339563146
0.10227896649572554,0.10227896649572554,0.10227896649572554,0.10227896649572554,2.772588722239781,0.48333333333333334,0.4866017325732753,-1.0,-1.8369701987210297e-16,0.9884683243281114,0.1514277775045767,0.9749279121818236,-0.22252093395631434
-0.11778291644710105,0.0,-0.04983226236985959,-0.11778291644710105,0.4054651081081644,0.48333333333333334,0.48664661789128777,-1.0,-1.8369701987210297e-16,0.9987165071710528,-0.05064916883871264,0.43388373911755823,-0.900968867902419
0.01550394995137544,-0.028170767975351816,0.02166149439450774,0.01550394995137544,-2.0794415416798357,0.48333333333333334,0.48669150320930027,-1.0,-1.8369701987210297e-16,0.9680771188662043,-0.2506525322587204,-0.433883739117558,-0.9009688679024191
0.04512044045879227,-0.028987758061581492,-0.028987758061581492,0.04512044045879227,-1.0986122886681098,0.48333333333333334,0.48673638852731277,-1.0,-1.8369701987210297e-16,0.8978045395707416,-0.4403941515576344,-0.9749279121818236,-0.2225209339563146
-0.06062439041016765,-0.04512044045879226,-0.05284236917739523,-0.06062439041016765,2.6390573296152584,0.48333333333333334,0.48687104448135016,-1.0,-1.8369701987210297e-16,0.48530196253108104,-0.8743466161445821,0.7818314824680298,0.6234898018587336
0.0,-0.01550394995137543,-0.007782021232772514,0.0,-1.252762968495368,0.48333333333333334,0.48691592979936266,-1.0,-1.8369701987210297e-16,0.29936312297335804,-0.9541392564000488,0.9749279121818236,-0.22252093395631434
0.0,0.0,0.0,0.0,-1.3862943611198906,0.48333333333333334,0.48696081511737516,-1.0,-1.8369701987210297e-16,0.10116832198743272,-0.994869323391895,0.43388373911755823,-0.900968867902419
-0.11583193473440415,0.0,-0.11583193473440415,0.0,2.8903717578961645,0.48333333333333334,0.4870057004353876,-1.0,-1.8369701987210297e-16,-0.10116832198743204,-0.9948693233918952,-0.433883739117558,-0.9009688679024191
0.11583193473440419,0.0,0.11583193473440419,0.0,-1.0986122886681098,0.48333333333333334,0.4870505857534001,-1.0,-1.8369701987210297e-16,-0.29936312297335776,-0.9541392564000489,-0.9749279121818236,-0.2225209339563146
-0.03984602775648212,0.030771539457471242,0.0,0.0,1.6422277352570913,0.48333333333333334,0.48718524170743754,-1.0,-1.8369701987210297e-16,-0.7907757369376986,-0.6121059825476627,0.7818314824680298,0.6234898018587336
0.03984602775648205,0.029852850952696536,0.060624390410167706,0.060624390410167706,0.22957444164450017,0.48333333333333334,0.48723012702545,-1.0,-1.8369701987210297e-16,-0.8978045395707417,-0.44039415155763423,0.9749279121818236,-0.22252093395631434
-0.015748476177421613,0.0,-0.07637286658758935,0.0,-1.8718021769015913,0.48333333333333334,0.4872750123434625,-1.0,-1.8369701987210297e-16,-0.9680771188662041,-0.2506525322587213,0.43388373911755823,-0.900968867902419
0.0,-0.02985285095269649,0.0,-0.02985285095269649,1.9459101490553132,0.48333333333333334,0.487319897661475,-1.0,-1.8369701987210297e-16,-0.9987165071710528,-0.05064916883871355,-0.433883739117558,-0.9009688679024191
0.0,0.0,0.0,0.0,-1.252762968495368,0.48333333333333334,0.48736478297948743,-1.0,-1.8369701987210297e-16,-0.9884683243281114,0.15142777750457667,-0.9749279121818236,-0.2225209339563146
0.04652001563489291,0.0,0.04652001563489291,0.0,-2.4849066497880004,0.48333333333333334,0.4874994389335249,-1.0,-1.8369701987210297e-16,-0.7247927872291207,0.6889669190756859,0.7818314824680298,0.6234898018587336
-0.03077153945747121,-0.03077153945747121,-0.03077153945747121,-0.03077153945747121,1.3862943611198906,0.48333333333333334,0.4875443242515374,-1.0,-1.8369701987210297e-16,-0.5712682150947924,0.8207634412072763,0.9749279121818236,-0.22252093395631434
0.0,0.030771539457471242,0.030771539457471242,0.0,0.22314355131420976,0.48333333333333334,0.4875892095695498,-1.0,-1.8369701987210297e-16,-0.3943558551133187,0.9189578116202306,0.43388373911755823,-0.900968867902419
0.0,-0.03077153945747121,-0.03077153945747121,0.0,-6.620073206530356,0.48333333333333334,0.4876340948875623,-1.0,-1.8369701987210297e-16,-0.20129852008866114,0.9795299412524943,-0.433883739117558,-0.9009688679024191
0.0,0.030771539457471242,0.0,0.030771539457471242,7.313220387090301,0.48333333333333334,0.48767898020557476,-0.866025403784439,0.49999999999999933,0.20129852008866006,0.9795299412524945,-0.9749279121818236,-0.2225209339563146
-0.1335316480730024,-0.03077153945747121,0.0,-0.0953101798043249,0.47000362924573563,0.48333333333333334,0.4878136361596122,-0.866025403784439,0.49999999999999933,0.72479278722912,0.6889669190756866,0.7818314824680298,0.6234898018587336
0.0,-0.06453864034685362,-0.1335316480730024,0.0,1.0116009116784799,0.48333333333333334,0.4878585214776247,-0.866025403784439,0.49999999999999933,0.8486442574947509,0.5289640103269624,0.9749279121818236,-0.22252093395631434
0.06899300772614875,0.06453864034685358,0.06899300772614875,0.06453864034685358,-0.41689380393178715,0.48333333333333334,0.4879034067956372,-0.866025403784439,0.49999999999999933,0.9377521321470804,0.3473052528448203,0.43388373911755823,-0.900968867902419
0.08004259029822902,0.023167056551550862,0.08004259029822902,0.023167056551550862,-0.6592456288842639,0.48333333333333334,0.48794829211364965,-0.866025403784439,0.49999999999999933,0.9884683243281114,0.1514277775045767,-0.433883739117558,-0.9009688679024191
-0.09684983792639039,-0.023167056551551022,-0.09684983792639039,-0.023167056551551022,-0.6286086594223742,0.48333333333333334,0.48799317743166215,-0.866025403784439,0.49999999999999933,0.9987165071710528,-0.05064916883871264,-0.9749279121818236,-0.2225209339563146
0.0414998602185328,0.0,0.08134588797501492,-0.03984602775648212,-0.9808292530117262,0.48333333333333334,0.4881278333856996,-0.866025403784439,0.49999999999999933,0.7907757369376989,-0.6121059825476626,0.7818314824680298,0.6234898018587336
0.0,-0.03984602775648212,-0.03984602775648212,0.0,-6.1092475827643655,0.48333333333333334,0.48817271870371204,-0.866025403784439,0.49999999999999933,0.6513724827222223,-0.758758122692791,0.9749279121818236,-0.22252093395631434
0.024097551579060524,0.024097551579060524,0.024097551579060524,0.024097551579060524,7.90100705199242,0.48333333333333334,0.48821760402172454,-0.866025403784439,0.49999999999999933,0.48530196253108104,-0.8743466161445821,0.43388373911755823,-0.900968867902419
0.0,0.0,0.0,0.0,-0.9444616088408514,0.48333333333333334,0.488262489339737,-0.866025403784439,0.49999999999999933,0.29936312297335804,-0.9541392564000488,-0.433883739117558,-0.9009688679024191
0.0,0.0,0.0,0.0,-6.956545443151569,0.48333333333333334,0.4883073746577495,-0.866025403784439,0.49999999999999933,0.10116832198743272,-0.994869323391895,-0.9749279121818236,-0.2225209339563146
-0.10008345855698253,0.0,0.0,-0.10008345855698253,8.37793112408273,0.48333333333333334,0.4884420306117869,-0.866025403784439,0.49999999999999933,-0.4853019625310808,-0.8743466161445822,0.7818314824680298,0.6234898018587336
0.0,-0.10008345855698253,-0.10008345855698253,0.0,-8.37793112408273,0.48333333333333334,0.48848691592979937,-0.866025403784439,0.49999999999999933,-0.6513724827222217,-0.7587581226927913,0.9749279121818236,-0.22252093395631434
-0.01769971333859831,0.10008345855698263,0.10008345855698263,-0.01769971333859831,8.146129510025405,0.48333333333333334,0.48853180124781187,-0.866025403784439,0.49999999999999933,-0.7907757369376986,-0.6121059825476627,0.43388373911755823,-0.900968867902419
0.0,-0.11778317189558085,-0.11778317189558085,0.0,-8.146129510025405,0.48333333333333334,0.48857668656582437,-0.866025403784439,0.49999999999999933,-0.8978045395707417,-0.44039415155763423,-0.433883739117558,-0.9009688679024191
0.0,0.03509158759174374,0.0,0.0,7.955074273262696,0.48333333333333334,0.4886215718838368,-0.866025403784439,0.49999999999999933,-0.9680771188662041,-0.2506525322587213,-0.9749279121818236,-0.2225209339563146
0.0,-0.03509158759174378,0.0,0.0,-7.955074273262697,0.48333333333333334,0.48875622783787426,-0.866025403784439,0.49999999999999933,-0.9377521321470804,0.3473052528448203,0.7818314824680298,0.6234898018587336
0.0,0.0,0.0,0.0,0.0,0.48333333333333334,0.48880111315588676,-0.866025403784439,0.49999999999999933,-0.8486442574947509,0.5289640103269624,0.9749279121818236,-0.22252093395631434
0.0,0.0,0.0,0.0,6.620073206530356,0.48333333333333334,0.4888459984738992,-0.866025403784439,0.49999999999999933,-0.7247927872291207,0.6889669190756859,0.43388373911755823,-0.900968867902419
0.0,0.0,0.0,0.0,-6.620073206530356,0.48333333333333334,0.4888908837919117,-0.866025403784439,0.49999999999999933,-0.5712682150947924,0.8207634412072763,-0.433883739117558,-0.9009688679024191
0.0,0.0,0.0,0.0,0.0,0.48333333333333334,0.4889357691099242,-0.866025403784439,0.49999999999999933,-0.3943558551133187,0.9189578116202306,-0.9749279121818236,-0.2225209339563146
0.0,0.0,0.0,0.0,8.268731832117737,0.48333333333333334,0.4890704250639616,-0.5000000000000012,0.8660254037844379,0.20129852008866006,0.9795299412524945,0.7818314824680298,0.6234898018587336
0.0,0.03509158759174374,0.0,0.03509158759174374,-1.8718021769015913,0.48333333333333334,0.4891153103819741,-0.5000000000000012,0.8660254037844379,0.39435585511331855,0.9189578116202306,0.9749279121818236,-0.22252093395631434
0.03509158759174374,0.0,0.03509158759174374,0.0,-1.3862943611198906,0.48333333333333334,0.4891601956999866,-0.5000000000000012,0.8660254037844379,0.5712682150947923,0.8207634412072763,0.43388373911755823,-0.900968867902419
0.0,0.0,0.0,0.0,-5.0106352940962555,0.48333333333333334,0.48920508101799903,-0.5000000000000012,0.8660254037844379,0.72479278722912,0.6889669190756866,-0.433883739117558,-0.9009688679024191
-0.1892421311798047,-0.017391874253145593,-0.017391874253145593,-0.1892421311798047,8.055157731819678,0.48333333333333334,0.48924996633601153,-0.5000000000000012,0.8660254037844379,0.8486442574947509,0.5289640103269624,-0.9749279121818236,-0.2225209339563146
0.010362629728430474,-0.16148762719822876,-0.16148762719822876,0.010362629728430474,-1.6582280766035324,0.48333333333333334,0.489384622290049,-0.5000000000000012,0.8660254037844379,0.9987165071710528,-0.05064916883871264,0.7818314824680298,0.6234898018587336
-0.01036262972843049,0.17887950145137427,0.17887950145137427,-0.01036262972843049,1.9810014688665833,0.48333333333333334,0.4894295076080614,-0.5000000000000012,0.8660254037844379,0.9680771188662043,-0.2506525322587204,0.9749279121818236,-0.22252093395631434
0.0,-0.1892421311798047,-0.1892421311798047,0.0,-0.18924199963852842,0.48333333333333334,0.4894743929260739,-0.5000000000000012,0.8660254037844379,0.8978045395707416,-0.4403941515576344,0.43388373911755823,-0.900968867902419
0.0,0.15415054358806096,0.15415054358806096,0.0,-1.3862943611198906,0.48333333333333334,0.48951927824408636,-0.5000000000000012,0.8660254037844379,0.7907757369376989,-0.6121059825476626,-0.433883739117558,-0.9009688679024191
0.0,0.0,0.0,0.0,0.5108256237659907,0.48333333333333334,0.48956416356209886,-0.5000000000000012,0.8660254037844379,0.6513724827222223,-0.758758122692791,-0.9749279121818236,-0.2225209339563146
0.020619442904652768,-0.03636750793167755,-0.03636750793167755,0.020619442904652768,1.2237754316221157,0.48333333333333334,0.4896988195161363,-0.5000000000000012,0.8660254037844379,0.10116832198743272,-0.994869323391895,0.7818314824680298,0.6234898018587336
0.13353110068340818,0.03636750793167751,0.03636750793167751,0.13353110068340818,-1.2237754316221157,0.48333333333333334,0.4897437048341488,-0.5000000000000012,0.8660254037844379,-0.10116832198743204,-0.9948693233918952,0.9749279121818236,-0.22252093395631434
-0.13353110068340815,-0.1133287016557081,-0.1133287016557081,-0.13353110068340815,0.6931471805599453,0.48333333333333334,0.48978859015216125,-0.5000000000000012,0.8660254037844379,-0.29936312297335776,-0.9541392564000489,0.43388373911755823,-0.900968867902419
0.0,0.07696119372403065,-0.02020239902770011,0.0971635927517307,-2.3025850929940455,0.48333333333333334,0.48983347547017375,-0.5000000000000012,0.8660254037844379,-0.4853019625310808,-0.8743466161445822,-0.433883739117558,-0.9009688679024191
0.0,0.0,0.04976120571355262,0.0,2.970414465569701,0.48333333333333334,0.4898783607881862,-0.5000000000000012,0.8660254037844379,-0.6513724827222217,-0.7587581226927913,-0.9749279121818236,-0.2225209339563146
0.0,0.03636750793167751,-0.049761205713552664,0.03636750793167751,0.4953214372300254,0.48333333333333334,0.49001301674222364,-0.5000000000000012,0.8660254037844379,-0.9680771188662041,-0.2506525322587213,0.7818314824680298,0.6234898018587336
0.0971635927517307,-0.03636750793167755,0.0971635927517307,-0.03636750793167755,0.10379679368164356,0.48333333333333334,0.49005790206023614,-0.5000000000000012,0.8660254037844379,-0.9987165071710528,-0.05064916883871355,0.9749279121818236,-0.22252093395631434
0.0,0.0,0.0,0.0,-2.065455299705096,0.48333333333333334,0.4901027873782486,-0.5000000000000012,0.8660254037844379,-0.9884683243281114,0.15142777750457667,0.43388373911755823,-0.900968867902419
0.0,0.0,0.0,0.0,-7.2078598714324755,0.48333333333333334,0.4901925580142736,-0.5000000000000012,0.8660254037844379,-0.8486442574947509,0.5289640103269624,-0.9749279121818236,-0.2225209339563146
-0.09716359275173071,0.0,0.0,-0.09716359275173071,9.915910072534686,0.48333333333333334,0.49032721396831097,-0.5000000000000012,0.8660254037844379,-0.3943558551133187,0.9189578116202306,0.7818314824680298,0.6234898018587336
0.0,-0.09716359275173071,-0.09716359275173071,0.0,-9.915910072534686,0.48333333333333334,0.49037209928632347,-0.5000000000000012,0.8660254037844379,-0.20129852008866114,0.9795299412524943,0.9749279121818236,-0.22252093395631434
0.0971635927517307,0.0971635927517307,0.0971635927517307,0.0971635927517307,5.0106352940962555,0.48333333333333334,0.49041698460433597,-2.4492935982947064e-16,1.0,0.20129852008866006,0.9795299412524945,0.43388373911755823,-0.900968867902419
-0.05715841383994864,-0.05715841383994864,-0.05715841383994864,-0.05715841383994864,0.6931471805599453,0.48333333333333334,0.4904618699223484,-2.4492935982947064e-16,1.0,0.39435585511331855,0.9189578116202306,-0.433883739117558,-0.9009688679024191
0.0,0.0,0.0,0.0,-5.703782474656201,0.48333333333333334,0.4905067552403609,-2.4492935982947064e-16,1.0,0.5712682150947923,0.8207634412072763,-0.9749279121818236,-0.2225209339563146
-0.2182537521028288,0.0,0.0,-0.060624621816434854,9.521494800613105,0.48333333333333334,0.49064141119439836,-2.4492935982947064e-16,1.0,0.9377521321470804,0.3473052528448203,0.7818314824680298,0.6234898018587336
0.04762841249982948,0.019418232576216318,0.019418232576216318,0.020619442904652768,-0.1670540846631662,0.48333333333333334,0.4906862965124108,-2.4492935982947064e-16,1.0,0.9884683243281114,0.1514277775045767,0.9749279121818236,-0.22252093395631434
0.08894714626117578,-0.08004285439265131,-0.10109642591803998,-0.02061944290465279,-1.0116009116784799,0.48333333333333334,0.4907311818304233,-2.4492935982947064e-16,1.0,0.9987165071710528,-0.05064916883871264,0.43388373911755823,-0.900968867902419
0.02105357152538877,0.0,0.02105357152538877,0.0,-0.6241543090729939,0.48333333333333334,0.4907760671484358,-2.4492935982947064e-16,1.0,0.9680771188662043,-0.2506525322587204,-0.433883739117558,-0.9009688679024191
-0.021053571525388736,0.020619442904652768,0.020619442904652768,0.020619442904652768,0.23638877806423034,0.48333333333333334,0.49082095246644825,-2.4492935982947064e-16,1.0,0.8978045395707416,-0.4403941515576344,-0.9749279121818236,-0.2225209339563146
-0.1612677945337208,-0.11905951571790531,-0.11905951571790531,-0.13062016069121726,1.6902900090631954,0.48333333333333334,0.4909556084204857,-2.4492935982947064e-16,1.0,0.48530196253108104,-0.8743466161445821,0.7818314824680298,0.6234898018587336
0.1397619174967027,0.11905951571790527,0.06669137449867214,0.1306201606912173,-0.5916777203950857,0.48333333333333334,0.4910004937384982,-2.4492935982947064e-16,1.0,0.29936312297335804,-0.9541392564000488,0.9749279121818236,-0.22252093395631434
0.052922078290837254,0.0,0.04725288485054551,0.0,-0.5166907432183888,0.48333333333333334,0.49104537905651063,-2.4492935982947064e-16,1.0,0.10116832198743272,-0.994869323391895,0.43388373911755823,-0.900968867902419
0.010256813176222387,0.0,0.005115256368687494,0.0,-8.536995818712418,0.48333333333333334,0.49109026437452313,-2.4492935982947064e-16,1.0,-0.10116832198743204,-0.9948693233918952,-0.433883739117558,-0.9009688679024191
0.04000517891178202,0.04000517891178202,0.04000517891178202,0.04000517891178202,6.802394763324311,0.48333333333333334,0.4911351496925356,-2.4492935982947064e-16,1.0,-0.29936312297335776,-0.9541392564000489,-0.9749279121818236,-0.2225209339563146
0.0,0.0,0.0,0.0,-6.802394763324311,0.48333333333333334,0.491269805646573,-2.4492935982947064e-16,1.0,-0.7907757369376986,-0.6121059825476627,0.7818314824680298,0.6234898018587336
0.0,0.0,0.0,0.0,5.703782474656201,0.48333333333333334,0.4913146909645855,-2.4492935982947064e-16,1.0,-0.8978045395707417,-0.44039415155763423,0.9749279121818236,-0.22252093395631434
0.0,0.0,0.0,0.0,3.4339872044851463,0.48333333333333334,0.491359576282598,-2.4492935982947064e-16,1.0,-0.9680771188662041,-0.2506525322587213,0.43388373911755823,-0.900968867902419
0.0,0.0,0.0,0.0,0.43721380642274466,0.48333333333333334,0.49140446160061046,-2.4492935982947064e-16,1.0,-0.9987165071710528,-0.05064916883871355,-0.433883739117558,-0.9009688679024191
0.0,0.0,0.0,0.0,-1.2321436812926323,0.48333333333333334,0.4915840028726604,-2.4492935982947064e-16,1.0,-0.7247927872291207,0.6889669190756859,0.7818314824680298,0.6234898018587336
0.0,0.05715841383994862,0.05715841383994862,0.0,0.03509131981127019,0.48333333333333334,0.49162888819067285,-2.4492935982947064e-16,1.0,-0.5712682150947924,0.8207634412072763,0.9749279121818236,-0.22252093395631434
0.0,-0.05715841383994864,-0.05715841383994864,0.0,0.18805223150293962,0.48333333333333334,0.49167377350868535,-2.4492935982947064e-16,1.0,-0.3943558551133187,0.9189578116202306,0.43388373911755823,-0.900968867902419
0.0,0.0,0.0,0.0,-2.169053700369523,0.48333333333333334,0.4917186588266978,-2.4492935982947064e-16,1.0,-0.20129852008866114,0.9795299412524943,-0.433883739117558,-0.9009688679024191
0.0,0.0,0.0,0.0,2.9575110607337933,0.48333333333333334,0.4917635441447103,-2.4492935982947064e-16,1.0,-2.4492935982947064e-16,1.0,-0.9749279121818236,-0.2225209339563146
0.0,0.09352592177162604,0.09352592177162604,0.0,-0.373513508301562,0.5,0.49189820009874774,0.49999999999999994,0.8660254037844387,0.5712682150947923,0.8207634412072763,0.7818314824680298,0.6234898018587336
0.019418232576216318,-0.07410768919540965,-0.07410768919540965,0.019418232576216318,-1.4853852637641216,0.5,0.4919430854167602,0.49999999999999994,0.8660254037844387,0.72479278722912,0.6889669190756866,0.9749279121818236,-0.22252093395631434
0.0,0.0,0.0,0.0,-7.495541943884256,0.5,0.4919879707347727,0.49999999999999994,0.8660254037844387,0.8486442574947509,0.5289640103269624,0.43388373911755823,-0.900968867902419
0.0,0.0,0.0,0.0,0.0,0.5,0.4920328560527852,0.49999999999999994,0.8660254037844387,0.9377521321470804,0.3473052528448203,-0.433883739117558,-0.9009688679024191
0.03774018126373214,0.0918074025340079,0.03774018126373214,0.0918074025340079,6.956545443151569,0.5,0.49207774137079763,0.49999999999999994,0.8660254037844387,0.9884683243281114,0.1514277775045767,-0.9749279121818236,-0.2225209339563146
0.0,-0.05406722127027582,0.0,-0.05406722127027582,-1.252762968495368,0.5,0.49221239732483507,0.49999999999999994,0.8660254037844387,0.8978045395707416,-0.4403941515576344,0.7818314824680298,0.6234898018587336
0.0,0.05406722127027579,0.05406722127027579,0.03636750793167751,2.8622008809294686,0.5,0.49225728264284757,0.49999999999999994,0.8660254037844387,0.7907757369376989,-0.6121059825476626,0.9749279121818236,-0.22252093395631434
0.0,-0.05406722127027582,-0.05406722127027582,-0.03636750793167755,-1.252762968495368,0.5,0.49230216796086,0.49999999999999994,0.8660254037844387,0.6513724827222223,-0.758758122692791,0.43388373911755823,-0.900968867902419
-0.03774018126373219,0.03636750793167751,0.03636750793167751,0.03636750793167751,1.667706820558076,0.5,0.4923470532788725,0.49999999999999994,0.8660254037844387,0.48530196253108104,-0.8743466161445821,-0.433883739117558,-0.9009688679024191
0.0,-0.07410768919540965,-0.07410768919540965,-0.07410768919540965,-0.7121953755306398,0.5,0.492391938596885,0.49999999999999994,0.8660254037844387,0.29936312297335804,-0.9541392564000488,-0.9749279121818236,-0.2225209339563146
0.0,0.03774018126373214,0.03774018126373214,0.0,-1.466337068793427,0.5,0.4925714798689349,0.49999999999999994,0.8660254037844387,-0.4853019625310808,-0.8743466161445822,0.9749279121818236,-0.22252093395631434
0.0,-0.03774018126373219,-0.03774018126373219,0.0,-0.40546510810816444,0.5,0.4926163651869474,0.49999999999999994,0.8660254037844387,-0.6513724827222217,-0.7587581226927913,0.43388373911755823,-0.900968867902419
0.0,0.0918074025340079,0.0,0.0918074025340079,1.0986122886681098,0.5,0.49266125050495985,0.49999999999999994,0.8660254037844387,-0.7907757369376986,-0.6121059825476627,-0.433883739117558,-0.9009688679024191
-0.01941823257621647,0.0,0.0,-0.11122563511022437,2.4054424784337534,0.5,0.49270613582297235,0.49999999999999994,0.8660254037844387,-0.8978045395707417,-0.44039415155763423,-0.9749279121818236,-0.2225209339563146
0.0,-0.11122563511022437,-0.01941823257621647,0.0,-1.754854912292604,0.5,0.4928407917770098,0.49999999999999994,0.8660254037844387,-0.9884683243281114,0.15142777750457667,0.7818314824680298,0.6234898018587336
0.1112256351102244,0.1112256351102244,0.1112256351102244,0.1112256351102244,-3.1354942159291497,0.5,0.49288567709502223,0.49999999999999994,0.8660254037844387,-0.9377521321470804,0.3473052528448203,0.9749279121818236,-0.22252093395631434
-0.11122563511022437,-0.11122563511022437,-0.11122563511022437,-0.11122563511022437,3.258096538021482,0.5,0.49293056241303473,0.49999999999999994,0.8660254037844387,-0.8486442574947509,0.5289640103269624,0.43388373911755823,-0.900968867902419
0.0,0.0,0.0,0.0,-1.466337068793427,0.5,0.49297544773104723,0.49999999999999994,0.8660254037844387,-0.7247927872291207,0.6889669190756859,-0.433883739117558,-0.9009688679024191
0.0,0.0,0.0,0.0,-6.802394763324311,0.5,0.4930203330490597,0.49999999999999994,0.8660254037844387,-0.5712682150947924,0.8207634412072763,-0.9749279121818236,-0.2225209339563146
0.0,0.1112256351102244,0.1112256351102244,0.0,7.313220387090301,0.5,0.4931549890030971,0.49999999999999994,0.8660254037844387,-2.4492935982947064e-16,1.0,0.7818314824680298,0.6234898018587336
0.0,-0.01769971333859831,-0.01769971333859831,0.0,0.7419373447293773,0.5,0.4931998743211096,0.8660254037844386,0.5000000000000001,0.20129852008866006,0.9795299412524945,0.9749279121818236,-0.22252093395631434
0.0,-0.09352592177162616,-0.09352592177162616,0.0,-8.055157731819678,0.5,0.49324475963912207,0.8660254037844386,0.5000000000000001,0.39435585511331855,0.9189578116202306,0.43388373911755823,-0.900968867902419
0.0,0.0,0.0,0.0,7.408530566894626,0.5,0.49328964495713457,0.8660254037844386,0.5000000000000001,0.5712682150947923,0.8207634412072763,-0.433883739117558,-0.9009688679024191
0.09352592177162604,0.09352592177162604,0.09352592177162604,0.09352592177162604,-0.45198512374305727,0.5,0.493334530275147,0.8660254037844386,0.5000000000000001,0.72479278722912,0.6889669190756866,-0.9749279121818236,-0.2225209339563146
-0.09352592177162616,-0.09352592177162616,-0.09352592177162616,-0.09352592177162616,0.3566749439387324,0.5,0.49346918622918445,0.8660254037844386,0.5000000000000001,0.9884683243281114,0.1514277775045767,0.7818314824680298,0.6234898018587336
0.05715841383994862,0.09352592177162604,0.09352592177162604,0.09352592177162604,0.5306282510621704,0.5,0.49351407154719695,0.8660254037844386,0.5000000000000001,0.9987165071710528,-0.05064916883871264,0.9749279121818236,-0.22252093395631434
-0.03774018126373219,0.01769971333859822,0.01769971333859822,-0.07410768919540965,-1.7346010553881064,0.5,0.4935589568652094,0.8660254037844386,0.5000000000000001,0.9680771188662043,-0.2506525322587204,0.43388373911755823,-0.900968867902419
0.07410768919540961,-0.01769971333859831,-0.01769971333859831,0.07410768919540961,0.6931471805599453,0.5,0.4936038421832219,0.8660254037844386,0.5000000000000001,0.8978045395707416,-0.4403941515576344,-0.433883739117558,-0.9009688679024191
-0.018018230547226354,0.0,-0.018018230547226354,0.0,2.782951509275328,0.5,0.4936487275012344,0.8660254037844386,0.5000000000000001,0.7907757369376989,-0.6121059825476626,-0.9749279121818236,-0.2225209339563146
0.01801823054722648,0.0,0.01801823054722648,0.0,-0.937124818776997,0.5,0.49378338345527184,0.8660254037844386,0.5000000000000001,0.29936312297335804,-0.9541392564000488,0.7818314824680298,0.6234898018587336
0.0,0.06899300772614875,0.01769971333859822,0.0,0.332705753825736,0.5,0.4938282687732843,0.8660254037844386,0.5000000000000001,0.10116832198743272,-0.994869323391895,0.9749279121818236,-0.22252093395631434
-0.018018230547226354,0.0,-0.03571794388582465,0.06899300772614875,-0.12014431184206321,0.5,0.4938731540912968,0.8660254037844386,0.5000000000000001,-0.10116832198743204,-0.9948693233918952,0.43388373911755823,-0.900968867902419
0.0531098181389703,0.06453864034685358,0.11980093804160803,-0.033901420134405,1.6387901244466276,0.5,0.49391803940930923,0.8660254037844386,0.5000000000000001,-0.29936312297335776,-0.9541392564000489,-0.433883739117558,-0.9009688679024191
-0.03509158759174378,-0.0984400604812586,-0.10178270749438163,-0.03509158759174378,-0.8542087379270505,0.5,0.49396292472732173,0.8660254037844386,0.5000000000000001,-0.4853019625310808,-0.8743466161445822,-0.9749279121818236,-0.2225209339563146
-0.018018230547226354,0.0,-0.018018230547226354,0.0,-0.15739217375142936,0.5,0.4941424659993716,0.8660254037844386,0.5000000000000001,-0.9680771188662041,-0.2506525322587213,0.9749279121818236,-0.22252093395631434
0.01801823054722648,-0.03509158759174378,0.01801823054722648,0.0,0.0765400771223344,0.5,0.4941873513173841,0.8660254037844386,0.5000000000000001,-0.9987165071710528,-0.05064916883871355,0.43388373911755823,-0.900968867902419
-0.0456697579884959,0.0,-0.0456697579884959,0.0,-0.6026331730191135,0.5,0.4942322366353966,0.8660254037844386,0.5000000000000001,-0.9884683243281114,0.15142777750457667,-0.433883739117558,-0.9009688679024191
-0.04785616378313022,0.0,0.0,0.0,-1.2431935174792175,0.5,0.49427712195340906,0.8660254037844386,0.5000000000000001,-0.9377521321470804,0.3473052528448203,-0.9749279121818236,-0.2225209339563146
0.0,-0.0456697579884959,0.0,-0.09352592177162616,1.076139432816051,0.5,0.4944117779074465,0.8660254037844386,0.5000000000000001,-0.5712682150947924,0.8207634412072763,0.7818314824680298,0.6234898018587336
0.019418232576216318,-0.028437931206913795,-0.028437931206913795,0.019418232576216318,-1.4816045409242156,0.5,0.494456663225459,0.8660254037844386,0.5000000000000001,-0.3943558551133187,0.9189578116202306,0.9749279121818236,-0.22252093395631434
-0.01941823257621647,0.0,0.0,-0.01941823257621647,1.308332819650179,0.5,0.49450154854347145,1.0,6.123233995736766e-17,0.20129852008866006,0.9795299412524945,0.43388373911755823,-0.900968867902419
0.019418232576216318,0.0,0.0,0.019418232576216318,-2.917770732084279,0.5,0.49454643386148395,1.0,6.123233995736766e-17,0.39435585511331855,0.9189578116202306,-0.433883739117558,-0.9009688679024191
0.0,0.0,0.0,0.0,-5.703782474656201,0.5,0.4945913191794964,1.0,6.123233995736766e-17,0.5712682150947923,0.8207634412072763,-0.9749279121818236,-0.2225209339563146
0.0,0.03774018126373214,0.0,0.03774018126373214,9.328123407632566,0.5,0.49472597513353384,1.0,6.123233995736766e-17,0.9377521321470804,0.3473052528448203,0.7818314824680298,0.6234898018587336
0.0918074025340079,0.07145909552342136,0.10054094981763148,0.07145909552342136,-0.02702867238791926,0.5,0.49477086045154633,1.0,6.123233995736766e-17,0.9884683243281114,0.1514277775045767,0.9749279121818236,-0.22252093395631434
0.0,-0.017391874253145593,-0.008733547283623503,-0.017391874253145593,-0.8892620594862358,0.5,0.49481574576955883,1.0,6.123233995736766e-17,0.9987165071710528,-0.05064916883871264,0.43388373911755823,-0.900968867902419
0.0,0.0,0.0,0.0,-0.40546510810816444,0.5,0.4948606310875713,1.0,6.123233995736766e-17,0.9680771188662043,-0.2506525322587204,-0.433883739117558,-0.9009688679024191
-0.07275949823327889,0.0173918742531455,0.0,-0.07275949823327889,0.9745596399981308,0.5,0.4949055164055838,1.0,6.123233995736766e-17,0.8978045395707416,-0.4403941515576344,-0.9749279121818236,-0.2225209339563146
0.0,0.0,0.0173918742531455,0.0,-0.4439313889359605,0.5,0.4950401723596212,1.0,6.123233995736766e-17,0.48530196253108104,-0.8743466161445821,0.7818314824680298,0.6234898018587336
0.0,0.0,-0.09015137248642449,0.09015137248642446,-1.7346010553881064,0.5,0.49508505767763367,1.0,6.123233995736766e-17,0.29936312297335804,-0.9541392564000488,0.9749279121818236,-0.22252093395631434
0.05505978489468061,0.0,0.05505978489468061,0.0,1.466337068793427,0.5,0.49512994299564617,1.0,6.123233995736766e-17,0.10116832198743272,-0.994869323391895,0.43388373911755823,-0.900968867902419
0.0,-0.017391874253145593,0.01769971333859822,-0.03509158759174378,0.109199291964992,0.5,0.4951748283136586,1.0,6.123233995736766e-17,-0.10116832198743204,-0.9948693233918952,-0.433883739117558,-0.9009688679024191
0.0,-0.01769971333859831,-0.01769971333859831,0.0,-8.37793112408273,0.5,0.4952197136316711,1.0,6.123233995736766e-17,-0.29936312297335776,-0.9541392564000489,-0.9749279121818236,-0.2225209339563146
0.0,0.0,0.0,0.0,6.956545443151569,0.5,0.49535436958570855,1.0,6.123233995736766e-17,-0.7907757369376986,-0.6121059825476627,0.7818314824680298,0.6234898018587336
0.026433260622221882,0.03509158759174374,0.026433260622221882,0.03509158759174374,1.8827312474337816,0.5,0.495399254903721,1.0,6.123233995736766e-17,-0.8978045395707417,-0.44039415155763423,0.9749279121818236,-0.22252093395631434
0.008658326969522092,0.033901420134405016,0.008658326969522092,0.033901420134405016,0.5658077581833438,0.5,0.4954441402217335,1.0,6.123233995736766e-17,-0.9680771188662041,-0.2506525322587213,0.43388373911755823,-0.900968867902419
-0.07145909552342133,0.0,0.033901420134405016,-0.10536051565782628,0.3417492937220567,0.5,0.495489025539746,1.0,6.123233995736766e-17,-0.9987165071710528,-0.05064916883871355,-0.433883739117558,-0.9009688679024191
0.03636750793167751,-0.06899300772614875,-0.06899300772614875,0.03636750793167751,-2.2512917986064953,0.5,0.49553391085775844,1.0,6.123233995736766e-17,-0.9884683243281114,0.15142777750457667,-0.9749279121818236,-0.2225209339563146
0.0,0.0,0.0,0.0,-7.495541943884256,0.5,0.4956685668117959,1.0,6.123233995736766e-17,-0.7247927872291207,0.6889669190756859,0.7818314824680298,0.6234898018587336
0.0,0.0,0.0,0.0,0.0,0.5,0.4957134521298084,1.0,6.123233995736766e-17,-0.5712682150947924,0.8207634412072763,0.9749279121818236,-0.22252093395631434
0.0,0.0,0.0,0.0,0.0,0.5,0.49575833744782083,1.0,6.123233995736766e-17,-0.3943558551133187,0.9189578116202306,0.43388373911755823,-0.900968867902419
0.0,0.0,0.0,0.0,9.441452092939569,0.5,0.49580322276583333,1.0,6.123233995736766e-17,-0.20129852008866114,0.9795299412524943,-0.433883739117558,-0.9009688679024191
0.0,0.0,0.0,0.0,0.22314355131420976,0.5,0.49584810808384583,1.0,6.123233995736766e-17,-2.4492935982947064e-16,1.0,-0.9749279121818236,-0.2225209339563146
0.0,0.06899300772614875,0.0,0.06899300772614875,-0.9650808960435872,0.5,0.4959827640378832,0.8660254037844387,-0.4999999999999998,0.5712682150947923,0.8207634412072763,0.7818314824680298,0.6234898018587336
0.0,-0.06899300772614875,0.0,-0.06899300772614875,-0.6931471805599453,0.5,0.4960276493558957,0.8660254037844387,-0.4999999999999998,0.72479278722912,0.6889669190756866,0.9749279121818236,-0.22252093395631434
0.0,0.0,0.0,0.0,-8.006367567650246,0.5,0.4960725346739082,0.8660254037844387,-0.4999999999999998,0.8486442574947509,0.5289640103269624,0.43388373911755823,-0.900968867902419
0.0,0.0,0.0,0.0,7.313220387090301,0.5,0.49611741999192066,0.8660254037844387,-0.4999999999999998,0.9377521321470804,0.3473052528448203,-0.433883739117558,-0.9009688679024191
0.01769971333859822,0.01769971333859822,0.01769971333859822,0.01769971333859822,-0.6931471805599453,0.5,0.49616230530993316,0.8660254037844387,-0.4999999999999998,0.9884683243281114,0.1514277775045767,-0.9749279121818236,-0.2225209339563146
-0.01769971333859831,-0.01769971333859831,-0.01769971333859831,-0.01769971333859831,2.2617630984737906,0.5,0.4962969612639706,0.8660254037844387,-0.4999999999999998,0.8978045395707416,-0.4403941515576344,0.7818314824680298,0.6234898018587336
0.0,0.0,0.0,0.0,-8.881836305004146,0.5,0.49634184658198305,0.8660254037844387,-0.4999999999999998,0.7907757369376989,-0.6121059825476626,0.9749279121818236,-0.22252093395631434
0.0,0.0,0.0,0.0,7.2078598714324755,0.5,0.49638673189999555,0.8660254037844387,-0.4999999999999998,0.6513724827222223,-0.758758122692791,0.43388373911755823,-0.900968867902419
0.0,0.0,0.0,0.0,2.159484249353372,0.5,0.49643161721800805,0.8660254037844387,-0.4999999999999998,0.48530196253108104,-0.8743466161445821,-0.433883739117558,-0.9009688679024191
-0.1133287016557081,0.0,0.0,-0.09352592177162616,-0.05264373348542203,0.5,0.4964765025360205,0.8660254037844387,-0.4999999999999998,0.29936312297335804,-0.9541392564000488,-0.9749279121818236,-0.2225209339563146
-0.02020239902770011,-0.09352592177162616,-0.1133287016557081,0.0,0.3687637412577365,0.5,0.49661115849005794,0.8660254037844387,-0.4999999999999998,-0.29936312297335776,-0.9541392564000489,0.7818314824680298,0.6234898018587336
0.13353110068340818,0.09352592177162604,0.11332870165570806,0.09352592177162604,-2.7269186854065928,0.5,0.49665604380807044,0.8660254037844387,-0.4999999999999998,-0.4853019625310808,-0.8743466161445822,0.9749279121818236,-0.22252093395631434
-0.09352592177162616,-0.09352592177162616,-0.09352592177162616,-0.09352592177162616,1.1451323043030026,0.5,0.4967009291260829,0.8660254037844387,-0.4999999999999998,-0.6513724827222217,-0.7587581226927913,0.43388373911755823,-0.900968867902419
0.0,0.09352592177162604,0.0,0.09352592177162604,-0.38299225225610584,0.5,0.4967458144440954,0.8660254037844387,-0.4999999999999998,-0.7907757369376986,-0.6121059825476627,-0.433883739117558,-0.9009688679024191
0.09352592177162604,0.0,0.09352592177162604,0.0,-7.718685495198466,0.5,0.49692535571614527,0.8660254037844387,-0.4999999999999998,-0.9884683243281114,0.15142777750457667,0.7818314824680298,0.6234898018587336
-0.09352592177162616,0.0,-0.09352592177162616,-0.03636750793167755,7.090076835776092,0.5,0.49697024103415777,0.8660254037844387,-0.4999999999999998,-0.9377521321470804,0.3473052528448203,0.9749279121818236,-0.22252093395631434
0.05715841383994862,-0.03636750793167755,0.05715841383994862,0.0,-7.090076835776092,0.5,0.4970151263521702,0.8660254037844387,-0.4999999999999998,-0.8486442574947509,0.5289640103269624,0.43388373911755823,-0.900968867902419
-0.05715841383994864,-0.05715841383994864,-0.05715841383994864,-0.05715841383994864,8.101677747454572,0.5,0.4970600116701827,0.8660254037844387,-0.4999999999999998,-0.7247927872291207,0.6889669190756859,-0.433883739117558,-0.9009688679024191
0.0,0.0,0.0,0.0,-0.7884573603642702,0.5,0.4971048969881952,0.8660254037844387,-0.4999999999999998,-0.5712682150947924,0.8207634412072763,-0.9749279121818236,-0.2225209339563146
0.0,0.0,0.0,0.0,1.3862943611198906,0.5,0.49723955294223265,0.5000000000000003,-0.8660254037844385,0.20129852008866006,0.9795299412524945,0.7818314824680298,0.6234898018587336
0.0,0.0,0.0,0.0,-1.6094379124341003,0.5,0.4972844382602451,0.5000000000000003,-0.8660254037844385,0.39435585511331855,0.9189578116202306,0.9749279121818236,-0.22252093395631434
0.0,0.0,0.0,0.0,-7.090076835776092,0.5,0.4973293235782576,0.5000000000000003,-0.8660254037844385,0.5712682150947923,0.8207634412072763,0.43388373911755823,-0.900968867902419
0.0,0.0,0.0,0.0,0.0,0.5,0.49737420889627004,0.5000000000000003,-0.8660254037844385,0.72479278722912,0.6889669190756866,-0.433883739117558,-0.9009688679024191
0.0,0.0,0.0,0.0,8.99961934066053,0.5,0.49741909421428254,0.5000000000000003,-0.8660254037844385,0.8486442574947509,0.5289640103269624,-0.9749279121818236,-0.2225209339563146
0.09352592177162604,0.09352592177162604,0.09352592177162604,0.09352592177162604,-2.379546134130174,0.5,0.49755375016832,0.5000000000000003,-0.8660254037844385,0.9987165071710528,-0.05064916883871264,0.7818314824680298,0.6234898018587336
0.0,0.0,0.0,0.0,-6.620073206530356,0.5,0.49759863548633243,0.5000000000000003,-0.8660254037844385,0.9680771188662043,-0.2506525322587204,0.9749279121818236,-0.22252093395631434
0.0,0.0,0.0,0.0,0.0,0.5,0.49764352080434493,0.5000000000000003,-0.8660254037844385,0.8978045395707416,-0.4403941515576344,0.43388373911755823,-0.900968867902419
0.0,0.0,0.0,0.0,0.0,0.5,0.49768840612235743,0.5000000000000003,-0.8660254037844385,0.7907757369376989,-0.6121059825476626,-0.433883739117558,-0.9009688679024191
-0.09352592177162616,-0.09352592177162616,-0.09352592177162616,-0.09352592177162616,9.487972108574462,0.5,0.4977332914403699,0.5000000000000003,-0.8660254037844385,0.6513724827222223,-0.758758122692791,-0.9749279121818236,-0.2225209339563146
0.03846613687694539,0.03846613687694539,0.03846613687694539,0.03846613687694539,-1.0761394328160512,0.5,0.4978679473944073,0.5000000000000003,-0.8660254037844385,0.10116832198743272,-0.994869323391895,0.7818314824680298,0.6234898018587336
0.0370415543474543,0.0370415543474543,0.0370415543474543,0.0370415543474543,-2.70805020110221,0.5,0.4979128327124198,0.5000000000000003,-0.8660254037844385,-0.10116832198743204,-0.9948693233918952,0.9749279121818236,-0.22252093395631434
0.01801823054722648,0.01801823054722648,0.01801823054722648,0.01801823054722648,3.1570004211501135,0.5,0.49795771803043226,0.5000000000000003,-0.8660254037844385,-0.29936312297335776,-0.9541392564000489,0.43388373911755823,-0.900968867902419
0.0,0.01769971333859822,0.0,0.01769971333859822,0.30873548164961323,0.5,0.49800260334844476,0.5000000000000003,-0.8660254037844385,-0.4853019625310808,-0.8743466161445822,-0.433883739117558,-0.9009688679024191
0.0,0.05129329438755048,0.0,0.0,-0.3522205935893521,0.5,0.49804748866645726,0.5000000000000003,-0.8660254037844385,-0.6513724827222217,-0.7587581226927913,-0.9749279121818236,-0.2225209339563146
0.05218576009798748,0.0,0.05218576009798748,0.05129329438755048,-0.3409265869705932,0.5,0.49818214462049465,0.5000000000000003,-0.8660254037844385,-0.9680771188662041,-0.2506525322587213,0.7818314824680298,0.6234898018587336
0.016807247628161236,0.0,0.016807247628161236,0.0,-1.1631508098056809,0.5,0.49822702993850715,0.5000000000000003,-0.8660254037844385,-0.9987165071710528,-0.05064916883871355,0.9749279121818236,-0.22252093395631434
-0.016807247628161333,0.0,-0.016807247628161333,0.0,0.6931471805599453,0.5,0.49827191525651965,0.5000000000000003,-0.8660254037844385,-0.9884683243281114,0.15142777750457667,0.43388373911755823,-0.900968867902419
-0.1262934492933972,0.03278969976823271,0.04959694739639403,-0.1431006969215585,-2.3025850929940455,0.5,0.4983168005745321,0.5000000000000003,-0.8660254037844385,-0.9377521321470804,0.3473052528448203,-0.433883739117558,-0.9009688679024191
0.03774018126373214,-0.10178270749438163,-0.10178270749438163,0.03774018126373214,1.6094379124341003,0.5,0.4983616858925446,0.5000000000000003,-0.8660254037844385,-0.8486442574947509,0.5289640103269624,-0.9749279121818236,-0.2225209339563146
0.0,0.06899300772614875,-0.03636750793167755,0.10536051565782635,0.3364722366212129,0.5,0.4985412271645945,0.5000000000000003,-0.8660254037844385,-0.20129852008866114,0.9795299412524943,0.9749279121818236,-0.22252093395631434
0.03636750793167751,-0.06899300772614875,0.03636750793167751,-0.06899300772614875,-1.0296194171811581,0.5,0.498586112482607,0.5000000000000003,-0.8660254037844385,-2.4492935982947064e-16,1.0,0.43388373911755823,-0.900968867902419
-0.07410768919540965,-0.07410768919540965,-0.07410768919540965,-0.07410768919540965,1.3862943611198906,0.5,0.4986309978006194,1.2246467991473532e-16,-1.0,0.20129852008866006,0.9795299412524945,-0.433883739117558,-0.9009688679024191
0.0,0.0,0.0,0.0,-8.006367567650246,0.5,0.4986758831186319,1.2246467991473532e-16,-1.0,0.39435585511331855,0.9189578116202306,-0.9749279121818236,-0.2225209339563146
0.0,0.0,0.0,0.0,0.0,0.5,0.49881053907266937,1.2246467991473532e-16,-1.0,0.8486442574947509,0.5289640103269624,0.7818314824680298,0.6234898018587336
0.0,0.0,0.0,0.0,6.620073206530356,0.5,0.49885542439068187,1.2246467991473532e-16,-1.0,0.9377521321470804,0.3473052528448203,0.9749279121818236,-0.22252093395631434
0.0,0.0,0.0,0.0,-6.620073206530356,0.5,0.4989003097086943,1.2246467991473532e-16,-1.0,0.9884683243281114,0.1514277775045767,0.43388373911755823,-0.900968867902419
0.07410768919540961,0.07410768919540961,0.07410768919540961,0.07410768919540961,5.0106352940962555,0.5,0.4989451950267068,1.2246467991473532e-16,-1.0,0.9987165071710528,-0.05064916883871264,-0.433883739117558,-0.9009688679024191
0.06899300772614875,0.06899300772614875,0.06899300772614875,0.06899300772614875,2.302585092994046,0.5,0.49899008034471926,1.2246467991473532e-16,-1.0,0.9680771188662043,-0.2506525322587204,-0.9749279121818236,-0.2225209339563146
0.0,0.0,0.0,0.0,-7.313220387090301,0.5,0.4991247362987567,1.2246467991473532e-16,-1.0,0.6513724827222223,-0.758758122692791,0.7818314824680298,0.6234898018587336
-0.06899300772614875,-0.06899300772614875,-0.06899300772614875,-0.06899300772614875,6.620073206530356,0.5,0.4991696216167692,1.2246467991473532e-16,-1.0,0.48530196253108104,-0.8743466161445821,0.9749279121818236,-0.22252093395631434
-0.05505978489468063,0.0,0.0,-0.05505978489468063,1.4350845252893227,0.5,0.49921450693478164,1.2246467991473532e-16,-1.0,0.29936312297335804,-0.9541392564000488,0.43388373911755823,-0.900968867902419
0.0,-0.05505978489468063,-0.05505978489468063,0.0,-8.055157731819678,0.5,0.49925939225279414,1.2246467991473532e-16,-1.0,0.10116832198743272,-0.994869323391895,-0.433883739117558,-0.9009688679024191
0.05505978489468061,0.1240527926208295,0.05505978489468061,0.1240527926208295,7.783224016336037,0.5,0.49930427757080664,1.2246467991473532e-16,-1.0,-0.10116832198743204,-0.9948693233918952,-0.9749279121818236,-0.2225209339563146
0.06899300772614875,0.0,0.06899300772614875,0.0,-7.783224016336037,0.5,0.49943893352484403,1.2246467991473532e-16,-1.0,-0.6513724827222217,-0.7587581226927913,0.7818314824680298,0.6234898018587336
0.0,0.0,0.0,0.0,0.0,0.5,0.49948381884285653,1.2246467991473532e-16,-1.0,-0.7907757369376986,-0.6121059825476627,0.9749279121818236,-0.22252093395631434
0.0,0.0,0.0,0.0,0.0,0.5,0.49952870416086903,1.2246467991473532e-16,-1.0,-0.8978045395707417,-0.44039415155763423,0.43388373911755823,-0.900968867902419
0.0,0.0,0.0,0.0,0.0,0.5,0.4995735894788815,1.2246467991473532e-16,-1.0,-0.9680771188662041,-0.2506525322587213,-0.433883739117558,-0.9009688679024191
0.0,0.0,0.0,0.0,0.0,0.5,0.499618474796894,1.2246467991473532e-16,-1.0,-0.9987165071710528,-0.05064916883871355,-0.9749279121818236,-0.2225209339563146
-0.06899300772614875,-0.06899300772614875,-0.06899300772614875,-0.06899300772614875,5.703782474656201,0.5,0.4997531307509314,1.2246467991473532e-16,-1.0,-0.8486442574947509,0.5289640103269624,0.7818314824680298,0.6234898018587336
0.0,0.0,0.0,0.0,-5.703782474656201,0.5,0.49979801606894386,1.2246467991473532e-16,-1.0,-0.7247927872291207,0.6889669190756859,0.9749279121818236,-0.22252093395631434
0.0,0.0,0.0,0.0,0.0,0.5,0.49984290138695636,1.2246467991473532e-16,-1.0,-0.5712682150947924,0.8207634412072763,0.43388373911755823,-0.900968867902419
0.03509158759174374,0.03509158759174374,0.03509158759174374,0.03509158759174374,7.649692623711514,0.5,0.49988778670496886,1.2246467991473532e-16,-1.0,-0.3943558551133187,0.9189578116202306,-0.433883739117558,-0.9009688679024191
0.0,0.033901420134405016,0.0,0.033901420134405016,0.8266785731844679,0.5,0.4999326720229813,1.2246467991473532e-16,-1.0,-0.20129852008866114,0.9795299412524943,-0.9749279121818236,-0.2225209339563146
0.0,-0.016807247628161333,0.01709417250624367,-0.033901420134405,0.08961215868968714,0.5,0.5000673279770188,-0.4999999999999997,-0.8660254037844388,0.5712682150947923,0.8207634412072763,0.7818314824680298,0.6234898018587336
-0.03509158759174378,-0.05218576009798751,-0.05218576009798751,-0.03509158759174378,-1.252762968495368,0.5,0.5001570986130437,-0.4999999999999997,-0.8660254037844388,0.8486442574947509,0.5289640103269624,0.43388373911755823,-0.900968867902419
0.0,0.0,0.0,0.0,-7.313220387090301,0.5,0.5002019839310562,-0.4999999999999997,-0.8660254037844388,0.9377521321470804,0.3473052528448203,-0.433883739117558,-0.9009688679024191
0.03509158759174374,0.03509158759174374,0.03509158759174374,0.03509158759174374,5.0106352940962555,0.5,0.5002468692490687,-0.4999999999999997,-0.8660254037844388,0.9884683243281114,0.1514277775045767,-0.9749279121818236,-0.2225209339563146
-0.03509158759174378,-0.03509158759174378,-0.03509158759174378,-0.03509158759174378,2.302585092994046,0.5,0.5003815252031061,-0.4999999999999997,-0.8660254037844388,0.8978045395707416,-0.4403941515576344,0.7818314824680298,0.6234898018587336
0.0,0.0,0.0,0.0,1.3862943611198906,0.5,0.5004264105211186,-0.4999999999999997,-0.8660254037844388,0.7907757369376989,-0.6121059825476626,0.9749279121818236,-0.22252093395631434
-0.241162093973036,-0.154150543588061,-0.154150543588061,-0.241162093973036,-2.3025850929940455,0.5,0.5004712958391311,-0.4999999999999997,-0.8660254037844388,0.6513724827222223,-0.758758122692791,0.43388373911755823,-0.900968867902419
0.0870115503849751,0.22314355131420976,0.08004285439265127,0.2762536815647798,3.3141860046725258,0.5,0.5005161811571436,-0.4999999999999997,-0.8660254037844388,0.48530196253108104,-0.8743466161445821,-0.433883739117558,-0.9009688679024191
0.22314355131420976,0.0,0.14310069692155844,0.033901420134405016,-4.007333185232471,0.5,0.500561066475156,-0.4999999999999997,-0.8660254037844388,0.29936312297335804,-0.9541392564000488,-0.9749279121818236,-0.2225209339563146
-0.06899300772614875,-0.04255974710392706,-0.04255974710392706,-0.06899300772614875,2.3513752571634776,0.5,0.5006957224291935,-0.4999999999999997,-0.8660254037844388,-0.29936312297335776,-0.9541392564000489,0.7818314824680298,0.6234898018587336
0.06899300772614875,0.04255974710392708,0.04255974710392708,0.06899300772614875,-1.6582280766035324,0.5,0.500740607747206,-0.4999999999999997,-0.8660254037844388,-0.4853019625310808,-0.8743466161445822,0.9749279121818236,-0.22252093395631434
-0.04255974710392706,0.0,0.0,0.0,0.22314355131420976,0.5,0.5007854930652184,-0.4999999999999997,-0.8660254037844388,-0.6513724827222217,-0.7587581226927913,0.43388373911755823,-0.900968867902419
-0.04445149116944816,-0.04255974710392706,-0.04255974710392706,-0.08701123827337513,0.8754687373538999,0.5,0.5008303783832309,-0.4999999999999997,-0.8660254037844388,-0.7907757369376986,-0.6121059825476627,-0.433883739117558,-0.9009688679024191
0.0,0.04255974710392708,0.04255974710392708,0.0,1.777773227253315,0.5,0.5008752637012434,-0.4999999999999997,-0.8660254037844388,-0.8978045395707417,-0.44039415155763423,-0.9749279121818236,-0.2225209339563146
0.0531098181389703,0.0,-0.033901420134405,0.0531098181389703,-1.490091154801534,0.5,0.5010099196552807,-0.4999999999999997,-0.8660254037844388,-0.9884683243281114,0.15142777750457667,0.7818314824680298,0.6234898018587336
0.0,-0.033901420134405,0.0,0.0,-7.783224016336037,0.5,0.5010548049732932,-0.4999999999999997,-0.8660254037844388,-0.9377521321470804,0.3473052528448203,0.9749279121818236,-0.22252093395631434
0.0,0.0,0.0,0.0,0.0,0.5,0.5010996902913057,-0.4999999999999997,-0.8660254037844388,-0.8486442574947509,0.5289640103269624,0.43388373911755823,-0.900968867902419
0.0,0.0,0.0,0.0,0.0,0.5,0.5011445756093182,-0.4999999999999997,-0.8660254037844388,-0.7247927872291207,0.6889669190756859,-0.433883739117558,-0.9009688679024191
0.0,0.0,0.0,0.0,0.0,0.5,0.5011894609273307,-0.4999999999999997,-0.8660254037844388,-0.5712682150947924,0.8207634412072763,-0.9749279121818236,-0.2225209339563146
-0.03509158759174378,-0.03509158759174378,-0.03509158759174378,-0.03509158759174378,5.703782474656201,0.5,0.5013241168813681,-0.4999999999999997,-0.8660254037844388,-2.4492935982947064e-16,1.0,0.7818314824680298,0.6234898018587336
0.0,0.0,0.0,0.0,1.0986122886681098,0.5,0.5013690021993806,-0.8660254037844385,-0.5000000000000004,0.20129852008866006,0.9795299412524945,0.9749279121818236,-0.22252093395631434
0.0,0.0,0.0,0.0,0.0,0.5,0.5014138875173931,-0.8660254037844385,-0.5000000000000004,0.39435585511331855,0.9189578116202306,0.43388373911755823,-0.900968867902419
-0.018018230547226354,-0.018018230547226354,-0.018018230547226354,-0.018018230547226354,3.0757749812275277,0.5,0.5014587728354055,-0.8660254037844385,-0.5000000000000004,0.5712682150947923,0.8207634412072763,-0.433883739117558,-0.9009688679024191
0.0,0.0,0.0,0.0,-9.878169744551839,0.5,0.501503658153418,-0.8660254037844385,-0.5000000000000004,0.72479278722912,0.6889669190756866,-0.9749279121818236,-0.2225209339563146
0.0,0.0,0.0,0.0,0.0,0.5,0.5016383141074555,-0.8660254037844385,-0.5000000000000004,0.9884683243281114,0.1514277775045767,0.7818314824680298,0.6234898018587336
0.0,0.009049696803663257,0.009049696803663257,0.0,8.444622498581403,0.5,0.5016831994254679,-0.8660254037844385,-0.5000000000000004,0.9987165071710528,-0.05064916883871264,0.9749279121818236,-0.22252093395631434
0.0,-0.009049696803663345,-0.009049696803663345,0.0,-3.4339872044851463,0.5,0.5017280847434804,-0.8660254037844385,-0.5000000000000004,0.9680771188662043,-0.2506525322587204,0.43388373911755823,-0.900968867902419
0.0,0.0,0.0,0.0,2.3978952727983707,0.5,0.5017729700614929,-0.8660254037844385,-0.5000000000000004,0.8978045395707416,-0.4403941515576344,-0.433883739117558,-0.9009688679024191
0.0,0.0,0.0,0.0,1.2909841813155658,0.5,0.5018178553795054,-0.8660254037844385,-0.5000000000000004,0.7907757369376989,-0.6121059825476626,-0.9749279121818236,-0.2225209339563146
0.009049696803663257,0.009049696803663257,0.009049696803663257,0.009049696803663257,-2.5902671654458267,0.5,0.5019525113335428,-0.8660254037844385,-0.5000000000000004,0.29936312297335804,-0.9541392564000488,0.7818314824680298,0.6234898018587336
-0.009049696803663345,-0.009049696803663345,-0.009049696803663345,-0.009049696803663345,0.6931471805599453,0.5,0.5019973966515553,-0.8660254037844385,-0.5000000000000004,0.10116832198743272,-0.994869323391895,0.9749279121818236,-0.22252093395631434
0.0,0.0,0.0,0.0,1.2039728043259361,0.5,0.5020422819695678,-0.8660254037844385,-0.5000000000000004,-0.10116832198743204,-0.9948693233918952,0.43388373911755823,-0.900968867902419
0.0,0.0,0.0,0.0,-8.006367567650246,0.5,0.5020871672875803,-0.8660254037844385,-0.5000000000000004,-0.29936312297335776,-0.9541392564000489,-0.433883739117558,-0.9009688679024191
0.0,0.0,0.0,0.0,0.0,0.5,0.5021320526055928,-0.8660254037844385,-0.5000000000000004,-0.4853019625310808,-0.8743466161445822,-0.9749279121818236,-0.2225209339563146
0.0,0.0,0.0,0.0,0.0,0.5,0.5022667085596302,-0.8660254037844385,-0.5000000000000004,-0.8978045395707417,-0.44039415155763423,0.7818314824680298,0.6234898018587336
0.0,0.0,0.0,0.0,7.649692623711514,0.5,0.5023115938776427,-0.8660254037844385,-0.5000000000000004,-0.9680771188662041,-0.2506525322587213,0.9749279121818236,-0.22252093395631434
0.0,0.0,0.0,0.0,-7.649692623711514,0.5,0.5023564791956552,-0.8660254037844385,-0.5000000000000004,-0.9987165071710528,-0.05064916883871355,0.43388373911755823,-0.900968867902419
0.0,0.0,0.0,0.0,0.0,0.5,0.5024013645136676,-0.8660254037844385,-0.5000000000000004,-0.9884683243281114,0.15142777750457667,-0.433883739117558,-0.9009688679024191
-0.018349277384451124,-0.018349277384451124,-0.018349277384451124,-0.018349277384451124,5.0106352940962555,0.5,0.5024462498316801,-0.8660254037844385,-0.5000000000000004,-0.9377521321470804,0.3473052528448203,-0.9749279121818236,-0.2225209339563146
-0.11778303565638351,0.01834927738445114,0.01834927738445114,-0.03774018126373219,3.713572066704308,0.5,0.5025809057857176,-0.8660254037844385,-0.5000000000000004,-0.5712682150947924,0.8207634412072763,0.7818314824680298,0.6234898018587336
0.08004285439265127,-0.056089458648183294,-0.056089458648183294,0.0,-8.724207360800564,0.5,0.50262579110373,-0.8660254037844385,-0.5000000000000004,-0.3943558551133187,0.9189578116202306,0.9749279121818236,-0.22252093395631434
0.0,0.0,0.0,0.0,0.0,0.5,0.5026706764217425,-0.8660254037844385,-0.5000000000000004,-0.20129852008866114,0.9795299412524943,0.43388373911755823,-0.900968867902419
0.0,0.0,0.0,0.0,0.0,0.5,0.502715561739755,-0.8660254037844385,-0.5000000000000004,-2.4492935982947064e-16,1.0,-0.433883739117558,-0.9009688679024191
0.0,0.0,0.0,0.0,0.0,0.5,0.5027604470577675,-1.0,-1.8369701987210297e-16,0.20129852008866006,0.9795299412524945,-0.9749279121818236,-0.2225209339563146
0.0,0.10919927678715351,0.07410768919540961,0.0,8.507142855562735,0.5,0.5029399883298173,-1.0,-1.8369701987210297e-16,0.8486442574947509,0.5289640103269624,0.9749279121818236,-0.22252093395631434
-0.08004285439265131,-0.10919927678715356,-0.07410768919540965,-0.08004285439265131,1.3397743454849977,0.5,0.5029848736478298,-1.0,-1.8369701987210297e-16,0.9377521321470804,0.3473052528448203,0.43388373911755823,-0.900968867902419
0.0,-0.08004285439265131,-0.08004285439265131,0.0,-9.846917201047734,0.5,0.5030297589658423,-1.0,-1.8369701987210297e-16,0.9884683243281114,0.1514277775045767,-0.433883739117558,-0.9009688679024191
0.07038064861820542,0.07038064861820542,0.07038064861820542,0.07038064861820542,5.0106352940962555,0.5,0.5030746442838547,-1.0,-1.8369701987210297e-16,0.9987165071710528,-0.05064916883871264,-0.9749279121818236,-0.2225209339563146
0.009662205774445837,0.06575166442262904,0.06575166442262904,0.009662205774445837,3.1354942159291497,0.5,0.5032093002378922,-1.0,-1.8369701987210297e-16,0.7907757369376989,-0.6121059825476626,0.7818314824680298,0.6234898018587336
-0.08004285439265131,-0.056089458648183294,-0.056089458648183294,-0.08004285439265131,-0.19105523676270922,0.5,0.5032541855559047,-1.0,-1.8369701987210297e-16,0.6513724827222223,-0.758758122692791,0.9749279121818236,-0.22252093395631434
0.0,-0.08004285439265131,-0.08004285439265131,0.0,-7.955074273262697,0.5,0.5032990708739171,-1.0,-1.8369701987210297e-16,0.48530196253108104,-0.8743466161445821,0.43388373911755823,-0.900968867902419
0.040821841932352866,0.040821841932352866,0.040821841932352866,0.040821841932352866,6.1092475827643655,0.5,0.5033439561919296,-1.0,-1.8369701987210297e-16,0.29936312297335804,-0.9541392564000488,-0.433883739117558,-0.9009688679024191
0.0,0.0,0.0,0.0,-6.1092475827643655,0.5,0.5033888415099421,-1.0,-1.8369701987210297e-16,0.10116832198743272,-0.994869323391895,-0.9749279121818236,-0.2225209339563146
0.0,0.0,0.0,0.0,6.396929655216146,0.5,0.5035234974639796,-1.0,-1.8369701987210297e-16,-0.4853019625310808,-0.8743466161445822,0.7818314824680298,0.6234898018587336
0.0,0.0,0.0,0.0,-0.6931471805599453,0.5,0.503568382781992,-1.0,-1.8369701987210297e-16,-0.6513724827222217,-0.7587581226927913,0.9749279121818236,-0.22252093395631434
0.0,0.0,0.0,0.0,-5.703782474656201,0.5,0.5036132681000045,-1.0,-1.8369701987210297e-16,-0.7907757369376986,-0.6121059825476627,0.43388373911755823,-0.900968867902419
0.0,0.0,0.0,0.0,7.649692623711514,0.5,0.503658153418017,-1.0,-1.8369701987210297e-16,-0.8978045395707417,-0.44039415155763423,-0.433883739117558,-0.9009688679024191
-0.04082184193235286,0.0,0.0,0.0,0.7949298748698876,0.5,0.5037030387360295,-1.0,-1.8369701987210297e-16,-0.9680771188662041,-0.2506525322587213,-0.9749279121818236,-0.2225209339563146
0.040821841932352866,0.0,0.0,0.0,-8.444622498581403,0.5,0.5038376946900669,-1.0,-1.8369701987210297e-16,-0.9377521321470804,0.3473052528448203,0.7818314824680298,0.6234898018587336
0.0,0.0,0.0,0.0,0.0,0.5,0.5038825800080794,-1.0,-1.8369701987210297e-16,-0.8486442574947509,0.5289640103269624,0.9749279121818236,-0.22252093395631434
0.0,0.0,0.0,0.0,0.0,0.5,0.5039274653260919,-1.0,-1.8369701987210297e-16,-0.7247927872291207,0.6889669190756859,0.43388373911755823,-0.900968867902419
0.0,0.0,0.0,0.0,8.006367567650246,0.5,0.5039723506441044,-1.0,-1.8369701987210297e-16,-0.5712682150947924,0.8207634412072763,-0.433883739117558,-0.9009688679024191
0.0,0.0,0.0,0.0,-8.006367567650246,0.5,0.5040172359621168,-1.0,-1.8369701987210297e-16,-0.3943558551133187,0.9189578116202306,-0.9749279121818236,-0.2225209339563146
-0.04082184193235286,-0.04082184193235286,-0.04082184193235286,-0.04082184193235286,9.137769679141348,0.5,0.5041518919161543,-0.866025403784439,0.49999999999999933,0.39435585511331855,0.9189578116202306,0.7818314824680298,0.6234898018587336
0.0,0.0,0.0,0.0,-9.137769679141348,0.5,0.5041967772341668,-0.866025403784439,0.49999999999999933,0.5712682150947923,0.8207634412072763,0.9749279121818236,-0.22252093395631434
0.0,0.020619442904652768,0.020619442904652768,0.0,8.055157731819678,0.5,0.5042416625521792,-0.866025403784439,0.49999999999999933,0.72479278722912,0.6889669190756866,0.43388373911755823,-0.900968867902419
0.0,-0.02061944290465279,-0.02061944290465279,0.0,-8.055157731819678,0.5,0.5042865478701917,-0.866025403784439,0.49999999999999933,0.8486442574947509,0.5289640103269624,-0.433883739117558,-0.9009688679024191
0.0,0.0,0.0,0.0,0.0,0.5,0.5043314331882042,-0.866025403784439,0.49999999999999933,0.9377521321470804,0.3473052528448203,-0.9749279121818236,-0.2225209339563146
0.005194974999257953,0.005194974999257953,0.005194974999257953,0.005194974999257953,5.0106352940962555,0.5,0.5044660891422416,-0.866025403784439,0.49999999999999933,0.9680771188662043,-0.2506525322587204,0.7818314824680298,0.6234898018587336
0.0,0.0,0.0,0.0,-5.0106352940962555,0.5,0.5045109744602541,-0.866025403784439,0.49999999999999933,0.8978045395707416,-0.4403941515576344,0.9749279121818236,-0.22252093395631434
0.0,0.0,0.0,0.0,0.0,0.5,0.5045558597782666,-0.866025403784439,0.49999999999999933,0.7907757369376989,-0.6121059825476626,0.43388373911755823,-0.900968867902419
0.0,0.0,0.0,0.0,0.0,0.5,0.5046007450962791,-0.866025403784439,0.49999999999999933,0.6513724827222223,-0.758758122692791,-0.433883739117558,-0.9009688679024191
0.0,0.0,0.0,0.0,0.0,0.5,0.5046456304142916,-0.866025403784439,0.49999999999999933,0.48530196253108104,-0.8743466161445821,-0.9749279121818236,-0.2225209339563146
0.07484787939339338,0.13093733804157662,0.07484787939339338,0.13093733804157662,8.34283980427146,0.5,0.504780286368329,-0.866025403784439,0.49999999999999933,-0.10116832198743204,-0.9948693233918952,0.7818314824680298,0.6234898018587336
0.05608945864818331,0.1035406652966194,0.05608945864818331,0.01801823054722648,1.4469189829363254,0.5,0.5048251716863414,-0.866025403784439,0.49999999999999933,-0.29936312297335776,-0.9541392564000489,0.9749279121818236,-0.22252093395631434
0.08701123827337516,-0.01652942702324423,0.08701123827337516,0.06899300772614875,-1.5602476682433286,0.5,0.504870057004354,-0.866025403784439,0.49999999999999933,-0.4853019625310808,-0.8743466161445822,0.43388373911755823,-0.900968867902419
0.0,0.03278969976823271,0.0,0.016529427023244152,-0.2744368457017603,0.5,0.5049149423223663,-0.866025403784439,0.49999999999999933,-0.6513724827222217,-0.7587581226927913,-0.433883739117558,-0.9009688679024191
-0.12405279262082942,0.03174894057862085,-0.12405279262082942,0.04800921332360947,0.666478933477784,0.5,0.5049598276403788,-0.866025403784439,0.49999999999999933,-0.7907757369376986,-0.6121059825476627,-0.9749279121818236,-0.2225209339563146
0.18859143296768302,0.0,0.18859143296768302,0.0,-8.62155320674048,0.5,0.5050944835944163,-0.866025403784439,0.49999999999999933,-0.9987165071710528,-0.05064916883871355,0.7818314824680298,0.6234898018587336
-0.28768219166106335,-0.015748476177421613,-0.015748476177421613,-0.28768219166106335,7.955074273262696,0.5,0.5051393689124288,-0.866025403784439,0.49999999999999933,-0.9884683243281114,0.15142777750457667,0.9749279121818236,-0.22252093395631434
0.0,-0.2719337154836418,-0.2719337154836418,0.0,-7.955074273262697,0.5,0.5051842542304412,-0.866025403784439,0.49999999999999933,-0.9377521321470804,0.3473052528448203,0.43388373911755823,-0.900968867902419
0.0,0.0,0.0,0.0,0.0,0.5,0.5052291395484537,-0.866025403784439,0.49999999999999933,-0.8486442574947509,0.5289640103269624,-0.433883739117558,-0.9009688679024191
0.0,0.0,0.0,0.0,0.0,0.5,0.5052740248664662,-0.866025403784439,0.49999999999999933,-0.7247927872291207,0.6889669190756859,-0.9749279121818236,-0.2225209339563146
0.0,0.0,0.0,0.0,0.0,0.5,0.5054086808205036,-0.866025403784439,0.49999999999999933,-0.20129852008866114,0.9795299412524943,0.7818314824680298,0.6234898018587336
0.0,0.0,0.0,0.0,0.0,0.5,0.5054535661385161,-0.866025403784439,0.49999999999999933,-2.4492935982947064e-16,1.0,0.9749279121818236,-0.22252093395631434
0.0,0.0,0.0,0.0,0.0,0.5,0.5054984514565286,-0.5000000000000012,0.8660254037844379,0.20129852008866006,0.9795299412524945,0.43388373911755823,-0.900968867902419
0.040821841932352866,0.27193371548364176,0.040821841932352866,0.27193371548364176,6.956545443151569,0.5,0.5055433367745411,-0.5000000000000012,0.8660254037844379,0.39435585511331855,0.9189578116202306,-0.433883739117558,-0.9009688679024191
0.0,-0.23111187355128895,0.0,-0.23111187355128895,-1.9459101490553135,0.5,0.5055882220925536,-0.5000000000000012,0.8660254037844379,0.5712682150947923,0.8207634412072763,-0.9749279121818236,-0.2225209339563146
0.03922101246029837,0.03922101246029837,0.03922101246029837,0.03922101246029837,2.5649493574615367,0.5,0.505722878046591,-0.5000000000000012,0.8660254037844379,0.9377521321470804,0.3473052528448203,0.7818314824680298,0.6234898018587336
-0.03922101246029839,-0.03922101246029839,-0.03922101246029839,-0.03922101246029839,-1.8718021769015913,0.5,0.5057677633646035,-0.5000000000000012,0.8660254037844379,0.9884683243281114,0.1514277775045767,0.9749279121818236,-0.22252093395631434
0.0,0.0,0.0,0.0,-5.703782474656201,0.5,0.505812648682616,-0.5000000000000012,0.8660254037844379,0.9987165071710528,-0.05064916883871264,0.43388373911755823,-0.900968867902419
-0.04082184193235286,0.11332870165570806,0.0,-0.04082184193235286,9.635608107380527,0.5,0.5058575340006284,-0.5000000000000012,0.8660254037844379,0.9680771188662043,-0.2506525322587204,-0.433883739117558,-0.9009688679024191
0.0,-0.13353110068340815,-0.04082184193235286,0.020619442904652768,0.3448404862917296,0.5,0.5059024193186409,-0.5000000000000012,0.8660254037844379,0.8978045395707416,-0.4403941515576344,-0.9749279121818236,-0.2225209339563146
-0.18232136605910954,0.05942341148799857,0.0,-0.20294080896376232,-1.2086131838824383,0.5,0.5060370752726784,-0.5000000000000012,0.8660254037844379,0.48530196253108104,-0.8743466161445821,0.7818314824680298,0.6234898018587336
0.2231432079914623,-0.03922101246029839,0.040821841932352866,0.2231432079914623,-3.068052935133617,0.5,0.5060819605906908,-0.5000000000000012,0.8660254037844379,0.29936312297335804,-0.9541392564000488,0.9749279121818236,-0.22252093395631434
-0.22314320799146234,0.0,-0.005012235880989851,0.0,2.0794415416798357,0.5,0.5061268459087033,-0.5000000000000012,0.8660254037844379,0.10116832198743272,-0.994869323391895,0.43388373911755823,-0.900968867902419
0.2231432079914623,0.0,0.005012235880989837,0.0,-7.783224016336037,0.5,0.5061717312267158,-0.5000000000000012,0.8660254037844379,-0.10116832198743204,-0.9948693233918952,-0.433883739117558,-0.9009688679024191
-0.22314320799146234,-0.04082184193235286,-0.12216748138630523,-0.04082184193235286,8.101677747454572,0.5,0.5062166165447283,-0.5000000000000012,0.8660254037844379,-0.29936312297335776,-0.9541392564000489,-0.9749279121818236,-0.2225209339563146
0.1823213660591096,0.0,0.0813456394539524,0.0,-2.3978952727983707,0.5,0.5063512724987657,-0.5000000000000012,0.8660254037844379,-0.7907757369376986,-0.6121059825476627,0.7818314824680298,0.6234898018587336
-0.03713971190935209,0.15415054358806096,-0.03713971190935209,0.15415054358806096,0.4054651081081644,0.5,0.5063961578167782,-0.5000000000000012,0.8660254037844379,-0.8978045395707417,-0.44039415155763423,0.9749279121818236,-0.22252093395631434
0.03713971190935199,-0.154150543588061,0.03713971190935199,-0.154150543588061,1.3862943611198906,0.5,0.5064410431347907,-0.5000000000000012,0.8660254037844379,-0.9680771188662041,-0.2506525322587213,0.43388373911755823,-0.900968867902419
0.0,0.0,0.0,0.0,-7.495541943884256,0.5,0.5065308137708155,-0.5000000000000012,0.8660254037844379,-0.9884683243281114,0.15142777750457667,-0.9749279121818236,-0.2225209339563146
0.0,0.0,0.0,0.0,0.0,0.5,0.506665469724853,-0.5000000000000012,0.8660254037844379,-0.7247927872291207,0.6889669190756859,0.7818314824680298,0.6234898018587336
0.0,0.0,0.0,0.0,0.0,0.5,0.5067103550428655,-0.5000000000000012,0.8660254037844379,-0.5712682150947924,0.8207634412072763,0.9749279121818236,-0.22252093395631434
0.0,0.0,0.0,0.0,6.396929655216146,0.5,0.506755240360878,-0.5000000000000012,0.8660254037844379,-0.3943558551133187,0.9189578116202306,0.43388373911755823,-0.900968867902419
-0.021053571525388736,0.15415054358806096,0.15415054358806096,0.0,1.252762968495368,0.5,0.5068001256788904,-0.5000000000000012,0.8660254037844379,-0.20129852008866114,0.9795299412524943,-0.433883739117558,-0.9009688679024191
0.02105357152538877,-0.154150543588061,-0.154150543588061,0.0,-7.649692623711514,0.5,0.5068450109969029,-2.4492935982947064e-16,1.0,0.20129852008866006,0.9795299412524945,-0.9749279121818236,-0.2225209339563146
-0.021053571525388736,-0.021053571525388736,-0.021053571525388736,-0.021053571525388736,7.313220387090301,0.5,0.5069796669509404,-2.4492935982947064e-16,1.0,0.72479278722912,0.6889669190756866,0.7818314824680298,0.6234898018587336
0.0,0.0,0.0,0.0,-7.313220387090301,0.5,0.5070245522689528,-2.4492935982947064e-16,1.0,0.8486442574947509,0.5289640103269624,0.9749279121818236,-0.22252093395631434
0.0,0.0,0.0,0.0,0.0,0.5,0.5070694375869653,-2.4492935982947064e-16,1.0,0.9377521321470804,0.3473052528448203,0.43388373911755823,-0.900968867902419
0.02105357152538877,0.02105357152538877,0.02105357152538877,0.02105357152538877,7.718685495198466,0.5,0.5071143229049778,-2.4492935982947064e-16,1.0,0.9884683243281114,0.1514277775045767,-0.433883739117558,-0.9009688679024191
0.15415054358806096,0.15415054358806096,0.15415054358806096,0.15415054358806096,-2.70805020110221,0.5,0.5071592082229903,-2.4492935982947064e-16,1.0,0.9987165071710528,-0.05064916883871264,-0.9749279121818236,-0.2225209339563146
-0.008968533743563104,-0.008968533743563104,-0.008968533743563104,-0.008968533743563104,0.6931471805599453,0.5,0.5072938641770277,-2.4492935982947064e-16,1.0,0.7907757369376989,-0.6121059825476626,0.7818314824680298,0.6234898018587336
-0.027398974188114388,-0.009049696803663345,-0.009049696803663345,-0.027398974188114388,4.653960350157523,0.5,0.5073387494950402,-2.4492935982947064e-16,1.0,0.6513724827222223,-0.758758122692791,0.9749279121818236,-0.22252093395631434
0.0,-0.018349277384451124,-0.018349277384451124,0.0,-10.357742824813725,0.5,0.5073836348130527,-2.4492935982947064e-16,1.0,0.48530196253108104,-0.8743466161445821,0.43388373911755823,-0.900968867902419
-0.11778303565638351,-0.11778303565638351,-0.11778303565638351,-0.11778303565638351,6.1092475827643655,0.5,0.5074285201310652,-2.4492935982947064e-16,1.0,0.29936312297335804,-0.9541392564000488,-0.433883739117558,-0.9009688679024191
0.13613231304083456,0.13613231304083456,0.13613231304083456,0.13613231304083456,0.5108256237659907,0.5,0.5074734054490776,-2.4492935982947064e-16,1.0,0.10116832198743272,-0.994869323391895,-0.9749279121818236,-0.2225209339563146
-0.13093733804157667,0.0,-0.13093733804157667,0.0,0.3364722366212129,0.5,0.5076080614031151,-2.4492935982947064e-16,1.0,-0.4853019625310808,-0.8743466161445822,0.7818314824680298,0.6234898018587336
0.01542446790539474,0.0,0.13093733804157662,-0.018349277384451124,3.1416861861770706,0.5,0.5076529467211276,-2.4492935982947064e-16,1.0,-0.6513724827222217,-0.7587581226927913,0.9749279121818236,-0.22252093395631434
0.0971635927517307,-0.018349277384451124,-0.018349277384451124,0.0,-10.09823162932864,0.5,0.50769783203914,-2.4492935982947064e-16,1.0,-0.7907757369376986,-0.6121059825476627,0.43388373911755823,-0.900968867902419
-0.27541216594277734,-0.09716359275173071,-0.09716359275173071,-0.13883660718177215,10.994571574783446,0.5,0.5077427173571525,-2.4492935982947064e-16,1.0,-0.8978045395707417,-0.44039415155763423,-0.433883739117558,-0.9009688679024191
0.15762913028639394,-0.02061944290465279,-0.02061944290465279,0.02105357152538877,0.46019497601325016,0.5,0.507787602675165,-2.4492935982947064e-16,1.0,-0.9680771188662041,-0.2506525322587213,-0.9749279121818236,-0.2225209339563146
-0.2876820724517809,0.0,-0.04255944856240683,0.0,-3.0768354267139664,0.5,0.5079671439472149,-2.4492935982947064e-16,1.0,-0.8486442574947509,0.5289640103269624,0.9749279121818236,-0.22252093395631434
0.054067020496715315,0.0,0.04255944856240681,-0.2336150519550656,-1.1700712526502546,0.5,0.5080120292652274,-2.4492935982947064e-16,1.0,-0.7247927872291207,0.6889669190756859,0.43388373911755823,-0.900968867902419
0.05129368589595613,-0.18232136605910954,-0.18232136605910954,0.05129368589595613,2.407945608651872,0.5,0.5080569145832399,-2.4492935982947064e-16,1.0,-0.5712682150947924,0.8207634412072763,-0.433883739117558,-0.9009688679024191
0.0,0.300104401715493,0.09530981567413441,0.300104401715493,-0.6539264674066639,0.5,0.5081017999012524,-2.4492935982947064e-16,1.0,-0.3943558551133187,0.9189578116202306,-0.9749279121818236,-0.2225209339563146
0.2231432079914623,0.0,0.20479458604135847,-0.07696119372403064,-1.6486586255873816,0.5166666666666666,0.5082813411733023,0.49999999999999994,0.8660254037844387,0.39435585511331855,0.9189578116202306,0.9749279121818236,-0.22252093395631434
0.0,-0.07696119372403064,-0.07696119372403064,0.0,-7.313220387090301,0.5166666666666666,0.5083262264913148,0.49999999999999994,0.8660254037844387,0.5712682150947923,0.8207634412072763,0.43388373911755823,-0.900968867902419
0.03922101246029837,0.03922101246029837,0.03922101246029837,0.03922101246029837,5.703782474656201,0.5166666666666666,0.5083711118093271,0.49999999999999994,0.8660254037844387,0.72479278722912,0.6889669190756866,-0.433883739117558,-0.9009688679024191
0.0,0.0,0.0,0.0,-5.703782474656201,0.5166666666666666,0.5084159971273396,0.49999999999999994,0.8660254037844387,0.8486442574947509,0.5289640103269624,-0.9749279121818236,-0.2225209339563146
-0.08004285439265131,-0.08004285439265131,-0.08004285439265131,-0.08004285439265131,7.575584651557793,0.5166666666666666,0.5085506530813771,0.49999999999999994,0.8660254037844387,0.9987165071710528,-0.05064916883871264,0.7818314824680298,0.6234898018587336
0.0,0.0,0.0,0.0,-7.575584651557793,0.5166666666666666,0.5085955383993896,0.49999999999999994,0.8660254037844387,0.9680771188662043,-0.2506525322587204,0.9749279121818236,-0.22252093395631434
0.0,0.0,0.0,0.0,0.0,0.5166666666666666,0.508640423717402,0.49999999999999994,0.8660254037844387,0.8978045395707416,-0.4403941515576344,0.43388373911755823,-0.900968867902419
0.0,0.0,0.0,0.0,0.0,0.5166666666666666,0.5086853090354145,0.49999999999999994,0.8660254037844387,0.7907757369376989,-0.6121059825476626,-0.433883739117558,-0.9009688679024191
0.010362629728430474,0.11778303565638346,0.11778303565638346,0.010362629728430474,9.185022563991893,0.5166666666666666,0.508730194353427,0.49999999999999994,0.8660254037844387,0.6513724827222223,-0.758758122692791,-0.9749279121818236,-0.2225209339563146
0.0,-0.10742040592795292,-0.10742040592795292,0.0,-9.185022563991893,0.5166666666666666,0.5089097356254769,0.49999999999999994,0.8660254037844387,-0.10116832198743204,-0.9948693233918952,0.9749279121818236,-0.22252093395631434
0.030459212203922295,0.030459212203922295,0.030459212203922295,0.030459212203922295,8.411832675758411,0.5166666666666666,0.5089546209434894,0.49999999999999994,0.8660254037844387,-0.29936312297335776,-0.9541392564000489,0.43388373911755823,-0.900968867902419
0.0,0.0,0.0,0.0,-8.411832675758411,0.5166666666666666,0.5089995062615019,0.49999999999999994,0.8660254037844387,-0.4853019625310808,-0.8743466161445822,-0.433883739117558,-0.9009688679024191
0.0,0.0,0.0,0.0,0.0,0.5166666666666666,0.5090443915795144,0.49999999999999994,0.8660254037844387,-0.6513724827222217,-0.7587581226927913,-0.9749279121818236,-0.2225209339563146
0.01980277988408207,0.01980277988408207,0.01980277988408207,0.01980277988408207,5.0106352940962555,0.5166666666666666,0.5091790475335518,0.49999999999999994,0.8660254037844387,-0.9680771188662041,-0.2506525322587213,0.7818314824680298,0.6234898018587336
-0.019802779884081988,-0.019802779884081988,-0.019802779884081988,-0.019802779884081988,1.6094379124341003,0.5166666666666666,0.5092239328515643,0.49999999999999994,0.8660254037844387,-0.9987165071710528,-0.05064916883871355,0.9749279121818236,-0.22252093395631434
0.0,0.0,0.0,0.0,-6.620073206530356,0.5166666666666666,0.5092688181695768,0.49999999999999994,0.8660254037844387,-0.9884683243281114,0.15142777750457667,0.43388373911755823,-0.900968867902419
0.01980277988408207,0.01980277988408207,0.01980277988408207,0.01980277988408207,8.006367567650246,0.5166666666666666,0.5093137034875892,0.49999999999999994,0.8660254037844387,-0.9377521321470804,0.3473052528448203,-0.433883739117558,-0.9009688679024191
0.0,0.0,0.0,0.0,-8.006367567650246,0.5166666666666666,0.5093585888056017,0.49999999999999994,0.8660254037844387,-0.8486442574947509,0.5289640103269624,-0.9749279121818236,-0.2225209339563146
0.12861750936336985,0.12861750936336985,0.12861750936336985,0.12861750936336985,8.674196940225903,0.5166666666666666,0.5094932447596392,0.49999999999999994,0.8660254037844387,-0.3943558551133187,0.9189578116202306,0.7818314824680298,0.6234898018587336
-0.10919927678715356,-0.10919927678715356,-0.10919927678715356,-0.10919927678715356,-2.9704144655697013,0.5166666666666666,0.5095381300776516,0.49999999999999994,0.8660254037844387,-0.20129852008866114,0.9795299412524943,0.9749279121818236,-0.22252093395631434
0.03774018126373214,0.14310069692155844,0.03774018126373214,0.14310069692155844,2.2512917986064953,0.5166666666666666,0.5095830153956641,0.49999999999999994,0.8660254037844387,-2.4492935982947064e-16,1.0,0.43388373911755823,-0.900968867902419
0.10536051565782635,0.06453864034685358,0.10536051565782635,0.06453864034685358,0.2336148511815051,0.5166666666666666,0.5096279007136766,0.8660254037844386,0.5000000000000001,0.20129852008866006,0.9795299412524945,-0.433883739117558,-0.9009688679024191
0.06453864034685358,0.0,0.06453864034685358,0.0,-8.1886891244442,0.5166666666666666,0.5096727860316891,0.8660254037844386,0.5000000000000001,0.39435585511331855,0.9189578116202306,-0.9749279121818236,-0.2225209339563146
-0.03174894057862082,-0.027724667224137363,-0.027724667224137363,-0.03174894057862082,7.408530566894626,0.5166666666666666,0.5098074419857265,0.8660254037844386,0.5000000000000001,0.8486442574947509,0.5289640103269624,0.7818314824680298,0.6234898018587336
-0.03278969976823274,-0.03265583634510573,-0.03265583634510573,-0.03278969976823274,0.4353180712578455,0.5166666666666666,0.509852327303739,0.8660254037844386,0.5000000000000001,0.9377521321470804,0.3473052528448203,0.9749279121818236,-0.22252093395631434
0.0,-0.004158136777610501,-0.004158136777610501,0.0,-7.843848638152472,0.5166666666666666,0.5098972126217515,0.8660254037844386,0.5000000000000001,0.9884683243281114,0.1514277775045767,0.43388373911755823,-0.900968867902419
0.0,0.0,0.0,0.0,6.396929655216146,0.5166666666666666,0.509942097939764,0.8660254037844386,0.5000000000000001,0.9987165071710528,-0.05064916883871264,-0.433883739117558,-0.9009688679024191
0.0,0.0,0.0,0.0,0.0,0.5166666666666666,0.5099869832577764,0.8660254037844386,0.5000000000000001,0.9680771188662043,-0.2506525322587204,-0.9749279121818236,-0.2225209339563146
0.0,0.0,0.0,0.0,-6.396929655216146,0.5166666666666666,0.5101216392118139,0.8660254037844386,0.5000000000000001,0.6513724827222223,-0.758758122692791,0.7818314824680298,0.6234898018587336
0.06453864034685358,0.12516303075702132,0.06453864034685358,0.06453864034685358,8.444622498581403,0.5166666666666666,0.5101665245298264,0.8660254037844386,0.5000000000000001,0.48530196253108104,-0.8743466161445821,0.9749279121818236,-0.22252093395631434
0.0,-0.014814859716602211,0.0,0.04580953069356544,0.22957444164450017,0.5166666666666666,0.5102114098478389,0.8660254037844386,0.5000000000000001,0.29936312297335804,-0.9541392564000488,0.43388373911755823,-0.900968867902419
0.060624390410167706,0.04380261777818377,0.060624390410167706,0.04380261777818377,-0.2962658161431724,0.5166666666666666,0.5102562951658512,0.8660254037844386,0.5000000000000001,0.10116832198743272,-0.994869323391895,-0.433883739117558,-0.9009688679024191
0.04317217660592664,0.014184418544345155,0.04317217660592664,0.014184418544345155,0.2702903297399117,0.5166666666666666,0.5103011804838637,0.8660254037844386,0.5000000000000001,-0.10116832198743204,-0.9948693233918952,-0.9749279121818236,-0.2225209339563146
-0.014184418544345195,0.0,0.0,-0.014184418544345195,-0.41871033485818493,0.5166666666666666,0.5104807217559136,0.8660254037844386,0.5000000000000001,-0.7907757369376986,-0.6121059825476627,0.9749279121818236,-0.22252093395631434
-0.0588406090142779,-0.07302502755862307,-0.07302502755862307,-0.0588406090142779,-0.916290731874155,0.5166666666666666,0.5105256070739261,0.8660254037844386,0.5000000000000001,-0.8978045395707417,-0.44039415155763423,0.43388373911755823,-0.900968867902419
0.0,0.0,0.0,0.0,-7.313220387090301,0.5166666666666666,0.5105704923919386,0.8660254037844386,0.5000000000000001,-0.9680771188662041,-0.2506525322587213,-0.433883739117558,-0.9009688679024191
0.05884060901427801,0.05884060901427801,0.05884060901427801,0.05884060901427801,6.620073206530356,0.5166666666666666,0.5106153777099511,0.8660254037844386,0.5000000000000001,-0.9987165071710528,-0.05064916883871355,-0.9749279121818236,-0.2225209339563146
0.0,0.007117358777519476,0.0,0.007117358777519476,0.3364722366212129,0.5166666666666666,0.5107500336639885,0.8660254037844386,0.5000000000000001,-0.8486442574947509,0.5289640103269624,0.7818314824680298,0.6234898018587336
0.0,-0.007117358777519468,0.0,-0.007117358777519468,0.3566749439387324,0.5166666666666666,0.510794918982001,0.8660254037844386,0.5000000000000001,-0.7247927872291207,0.6889669190756859,0.9749279121818236,-0.22252093395631434
0.0,0.0,0.0,0.0,-7.313220387090301,0.5166666666666666,0.5108398043000135,0.8660254037844386,0.5000000000000001,-0.5712682150947924,0.8207634412072763,0.43388373911755823,-0.900968867902419
0.0,0.0,0.0,0.0,0.0,0.5166666666666666,0.510884689618026,1.0,6.123233995736766e-17,0.20129852008866006,0.9795299412524945,-0.433883739117558,-0.9009688679024191
-0.09745556529001008,-0.08961214847174921,-0.08961214847174921,-0.09745556529001008,7.575584651557793,0.5166666666666666,0.5109295749360384,1.0,6.123233995736766e-17,0.39435585511331855,0.9189578116202306,-0.9749279121818236,-0.2225209339563146
0.0,-0.00784341681826093,-0.00784341681826093,0.0,-7.575584651557793,0.5166666666666666,0.5110642308900759,1.0,6.123233995736766e-17,0.8486442574947509,0.5289640103269624,0.7818314824680298,0.6234898018587336
0.06846780722842866,0.06846780722842866,0.06846780722842866,0.06846780722842866,5.703782474656201,0.5166666666666666,0.5111091162080884,1.0,6.123233995736766e-17,0.9377521321470804,0.3473052528448203,0.9749279121818236,-0.22252093395631434
0.0,0.0,0.0,0.0,-5.703782474656201,0.5166666666666666,0.5111540015261008,1.0,6.123233995736766e-17,0.9884683243281114,0.1514277775045767,0.43388373911755823,-0.900968867902419
0.0,0.0,0.0,0.0,6.802394763324311,0.5166666666666666,0.5111988868441133,1.0,6.123233995736766e-17,0.9987165071710528,-0.05064916883871264,-0.433883739117558,-0.9009688679024191
0.0,0.0,0.0,0.0,-0.6931471805599453,0.5166666666666666,0.5112437721621258,1.0,6.123233995736766e-17,0.9680771188662043,-0.2506525322587204,-0.9749279121818236,-0.2225209339563146
0.0,0.0,0.0,0.0,2.0794415416798357,0.5166666666666666,0.5113784281161632,1.0,6.123233995736766e-17,0.6513724827222223,-0.758758122692791,0.7818314824680298,0.6234898018587336
0.0,0.02898775806158143,0.0,0.02898775806158143,0.08004270767353636,0.5166666666666666,0.5114233134341757,1.0,6.123233995736766e-17,0.48530196253108104,-0.8743466161445821,0.9749279121818236,-0.22252093395631434
0.02898775806158143,0.0,0.02898775806158143,0.0,-8.268731832117737,0.5166666666666666,0.5114681987521882,1.0,6.123233995736766e-17,0.29936312297335804,-0.9541392564000488,0.43388373911755823,-0.900968867902419
-0.09745556529001008,0.014184418544345155,-0.09745556529001008,0.014184418544345155,7.408530566894626,0.5166666666666666,0.5115130840702007,1.0,6.123233995736766e-17,0.10116832198743272,-0.994869323391895,-0.433883739117558,-0.9009688679024191
0.09745556529001022,-0.014184418544345195,0.09745556529001022,-0.014184418544345195,0.24116205681688804,0.5166666666666666,0.5115579693882132,1.0,6.123233995736766e-17,-0.10116832198743204,-0.9948693233918952,-0.9749279121818236,-0.2225209339563146
0.0,0.0,0.0,0.0,-7.649692623711514,0.5166666666666666,0.5116926253422506,1.0,6.123233995736766e-17,-0.6513724827222217,-0.7587581226927913,0.7818314824680298,0.6234898018587336
0.0,0.0,0.0,0.0,0.0,0.5166666666666666,0.5117375106602631,1.0,6.123233995736766e-17,-0.7907757369376986,-0.6121059825476627,0.9749279121818236,-0.22252093395631434
-0.08961214847174921,0.0,0.0,-0.08961214847174921,6.620073206530356,0.5166666666666666,0.5117823959782756,1.0,6.123233995736766e-17,-0.8978045395707417,-0.44039415155763423,0.43388373911755823,-0.900968867902419
0.0,-0.08961214847174921,-0.08961214847174921,0.0,-6.620073206530356,0.5166666666666666,0.5118272812962881,1.0,6.123233995736766e-17,-0.9680771188662041,-0.2506525322587213,-0.433883739117558,-0.9009688679024191
0.0,0.0,0.0,0.0,0.0,0.5166666666666666,0.5118721666143005,1.0,6.123233995736766e-17,-0.9987165071710528,-0.05064916883871355,-0.9749279121818236,-0.2225209339563146
0.0,0.0,0.0,0.0,0.0,0.5166666666666666,0.512006822568338,1.0,6.123233995736766e-17,-0.8486442574947509,0.5289640103269624,0.7818314824680298,0.6234898018587336
0.0,0.0,0.0,0.0,0.0,0.5166666666666666,0.5120517078863505,1.0,6.123233995736766e-17,-0.7247927872291207,0.6889669190756859,0.9749279121818236,-0.22252093395631434
0.0,0.0,0.0,0.0,5.0106352940962555,0.5166666666666666,0.5120965932043628,1.0,6.123233995736766e-17,-0.5712682150947924,0.8207634412072763,0.43388373911755823,-0.900968867902419
0.0,0.0,0.0,0.0,-5.0106352940962555,0.5166666666666666,0.5121414785223753,1.0,6.123233995736766e-17,-0.3943558551133187,0.9189578116202306,-0.433883739117558,-0.9009688679024191
0.0,0.0,0.0,0.0,0.0,0.5166666666666666,0.5121863638403878,1.0,6.123233995736766e-17,-0.20129852008866114,0.9795299412524943,-0.9749279121818236,-0.2225209339563146
0.0896121484717492,0.0896121484717492,0.0896121484717492,0.0896121484717492,7.408530566894626,0.5166666666666666,0.5123210197944252,0.8660254037844387,-0.4999999999999998,0.39435585511331855,0.9189578116202306,0.7818314824680298,0.6234898018587336
0.0,0.0,0.0,0.0,-7.408530566894626,0.5166666666666666,0.5123659051124377,0.8660254037844387,-0.4999999999999998,0.5712682150947923,0.8207634412072763,0.9749279121818236,-0.22252093395631434
0.0,0.0,0.0,0.0,0.0,0.5166666666666666,0.5124107904304502,0.8660254037844387,-0.4999999999999998,0.72479278722912,0.6889669190756866,0.43388373911755823,-0.900968867902419
-0.08961214847174921,-0.0588406090142779,-0.0588406090142779,-0.08961214847174921,6.396929655216146,0.5166666666666666,0.5124556757484627,0.8660254037844387,-0.4999999999999998,0.8486442574947509,0.5289640103269624,-0.433883739117558,-0.9009688679024191
0.0,-0.03077153945747121,-0.03077153945747121,0.0,-6.396929655216146,0.5166666666666666,0.5125005610664752,0.8660254037844387,-0.4999999999999998,0.9377521321470804,0.3473052528448203,-0.9749279121818236,-0.2225209339563146
0.0,0.0,0.0,0.0,0.0,0.5166666666666666,0.5126352170205126,0.8660254037844387,-0.4999999999999998,0.9680771188662043,-0.2506525322587204,0.7818314824680298,0.6234898018587336
0.0,0.0,0.0,0.0,5.0106352940962555,0.5166666666666666,0.5126801023385251,0.8660254037844387,-0.4999999999999998,0.8978045395707416,-0.4403941515576344,0.9749279121818236,-0.22252093395631434
0.0,0.0,0.0,0.0,-5.0106352940962555,0.5166666666666666,0.5127249876565376,0.8660254037844387,-0.4999999999999998,0.7907757369376989,-0.6121059825476626,0.43388373911755823,-0.900968867902419
-0.007528258313359787,0.01734835627429764,-0.007528258313359787,0.01734835627429764,5.703782474656201,0.5166666666666666,0.51276987297455,0.8660254037844387,-0.4999999999999998,0.6513724827222223,-0.758758122692791,-0.433883739117558,-0.9009688679024191
-0.04376526194442216,-0.06601366248335444,-0.04376526194442216,-0.06864187653207966,1.7047480922384253,0.5166666666666666,0.5129494142466,0.8660254037844387,-0.4999999999999998,-0.10116832198743204,-0.9948693233918952,0.7818314824680298,0.6234898018587336
0.0,-0.002628214048725181,0.0,0.0,-7.408530566894626,0.5166666666666666,0.5129942995646124,0.8660254037844387,-0.4999999999999998,-0.29936312297335776,-0.9541392564000489,0.9749279121818236,-0.22252093395631434
0.06864187653207966,0.06864187653207966,0.06864187653207966,0.06864187653207966,5.0106352940962555,0.5166666666666666,0.5130391848826249,0.8660254037844387,-0.4999999999999998,-0.4853019625310808,-0.8743466161445822,0.43388373911755823,-0.900968867902419
-0.017348356274297705,-0.017348356274297705,-0.017348356274297705,-0.017348356274297705,1.791759469228055,0.5166666666666666,0.5130840702006374,0.8660254037844387,-0.4999999999999998,-0.6513724827222217,-0.7587581226927913,-0.433883739117558,-0.9009688679024191
0.0,0.104359909002451,0.104359909002451,0.0,0.15415067982725836,0.5166666666666666,0.5131289555186499,0.8660254037844387,-0.4999999999999998,-0.7907757369376986,-0.6121059825476627,-0.9749279121818236,-0.2225209339563146
0.0,-0.10435990900245101,-0.10435990900245101,0.0,-1.9459101490553135,0.5166666666666666,0.5132636114726873,0.8660254037844387,-0.4999999999999998,-0.9987165071710528,-0.05064916883871355,0.7818314824680298,0.6234898018587336
0.0,0.0,0.0,0.0,0.6931471805599453,0.5166666666666666,0.5133084967906998,0.8660254037844387,-0.4999999999999998,-0.9884683243281114,0.15142777750457667,0.9749279121818236,-0.22252093395631434
0.0,0.0,0.0,0.0,-5.703782474656201,0.5166666666666666,0.5133533821087123,0.8660254037844387,-0.4999999999999998,-0.9377521321470804,0.3473052528448203,0.43388373911755823,-0.900968867902419
-0.0512935202577819,-0.0512935202577819,-0.0512935202577819,-0.0512935202577819,5.703782474656201,0.5166666666666666,0.5133982674267248,0.8660254037844387,-0.4999999999999998,-0.8486442574947509,0.5289640103269624,-0.433883739117558,-0.9009688679024191
0.0,0.0,0.0,0.0,-5.703782474656201,0.5166666666666666,0.5134431527447373,0.8660254037844387,-0.4999999999999998,-0.7247927872291207,0.6889669190756859,-0.9749279121818236,-0.2225209339563146
-0.002634762320405913,-0.002634762320405913,-0.002634762320405913,-0.002634762320405913,5.0106352940962555,0.5166666666666666,0.5135778086987747,0.8660254037844387,-0.4999999999999998,-0.20129852008866114,0.9795299412524943,0.7818314824680298,0.6234898018587336
-0.06541843979529743,-0.06541843979529743,-0.06541843979529743,-0.06541843979529743,2.8903717578961645,0.5166666666666666,0.5136226940167872,0.5000000000000003,-0.8660254037844385,0.20129852008866006,0.9795299412524945,0.9749279121818236,-0.22252093395631434
0.0,0.0,0.0,0.0,-7.901007051992421,0.5166666666666666,0.5136675793347997,0.5000000000000003,-0.8660254037844385,0.39435585511331855,0.9189578116202306,0.43388373911755823,-0.900968867902419
0.0,0.0,0.0,0.0,5.703782474656201,0.5166666666666666,0.5137124646528121,0.5000000000000003,-0.8660254037844385,0.5712682150947923,0.8207634412072763,-0.433883739117558,-0.9009688679024191
-0.07302526780883704,0.054808082026631795,-0.014184925699517055,0.054808082026631795,2.740840023925201,0.5166666666666666,0.5137573499708246,0.5000000000000003,-0.8660254037844385,0.72479278722912,0.6889669190756866,-0.9749279121818236,-0.2225209339563146
0.058840342109320064,0.0,0.0,0.0,-1.1314021114911006,0.5166666666666666,0.5138920059248621,0.5000000000000003,-0.8660254037844385,0.9884683243281114,0.1514277775045767,0.7818314824680298,0.6234898018587336
0.02817105294232276,0.01324512008907158,0.05557009693767369,0.01324512008907158,0.47000362924573563,0.5166666666666666,0.5139368912428744,0.5000000000000003,-0.8660254037844385,0.9987165071710528,-0.05064916883871264,0.9749279121818236,-0.22252093395631434
0.027399043995350817,-0.02666803087754687,0.0,-0.02666803087754687,0.6286086594223741,0.5166666666666666,0.513981776560887,0.5000000000000003,-0.8660254037844385,0.9680771188662043,-0.2506525322587204,0.43388373911755823,-0.900968867902419
0.0026987649163819198,0.0026987649163819198,0.0026987649163819198,0.0026987649163819198,-1.2039728043259361,0.5166666666666666,0.5140266618788994,0.5000000000000003,-0.8660254037844385,0.8978045395707416,-0.4403941515576344,-0.433883739117558,-0.9009688679024191
0.0,0.0,0.0,0.0,-7.2078598714324755,0.5166666666666666,0.514071547196912,0.5000000000000003,-0.8660254037844385,0.7907757369376989,-0.6121059825476626,-0.9749279121818236,-0.2225209339563146
-0.08431951747946116,-0.08431951747946116,-0.08431951747946116,-0.08431951747946116,5.0106352940962555,0.5166666666666666,0.5142062031509493,0.5000000000000003,-0.8660254037844385,0.29936312297335804,-0.9541392564000488,0.7818314824680298,0.6234898018587336
0.0843195174794612,0.0843195174794612,0.0843195174794612,0.0843195174794612,2.772588722239781,0.5166666666666666,0.5142510884689618,0.5000000000000003,-0.8660254037844385,0.10116832198743272,-0.994869323391895,0.9749279121818236,-0.22252093395631434
-0.14788105566791365,-0.016304696348252882,-0.016304696348252882,-0.14788105566791365,0.5947071077466928,0.5166666666666666,0.5142959737869743,0.5000000000000003,-0.8660254037844385,-0.10116832198743204,-0.9948693233918952,0.43388373911755823,-0.900968867902419
-0.12996634515276767,-0.01379311256347985,-0.2615427044724284,0.08961219381385828,-0.8023464725249373,0.5166666666666666,0.5143408591049868,0.5000000000000003,-0.8660254037844385,-0.29936312297335776,-0.9541392564000489,-0.433883739117558,-0.9009688679024191
0.21957853896662585,-0.0281710529423227,0.21957853896662585,0.0,-0.48550781578170077,0.5166666666666666,0.5143857444229992,0.5000000000000003,-0.8660254037844385,-0.4853019625310808,-0.8743466161445822,-0.9749279121818236,-0.2225209339563146
-0.08961219381385825,-0.08961219381385825,-0.08961219381385825,-0.08961219381385825,-0.6931471805599453,0.5166666666666666,0.5145204003770367,0.5000000000000003,-0.8660254037844385,-0.8978045395707417,-0.44039415155763423,0.7818314824680298,0.6234898018587336
0.0031203477202531847,0.030771851704538226,0.030771851704538226,0.030771851704538226,0.8109302162163288,0.5166666666666666,0.5145652856950492,0.5000000000000003,-0.8660254037844385,-0.9680771188662041,-0.2506525322587213,0.9749279121818236,-0.22252093395631434
0.02765150398428485,0.0,0.0,0.0,-1.0986122886681098,0.5166666666666666,0.5146101710130616,0.5000000000000003,-0.8660254037844385,-0.9987165071710528,-0.05064916883871355,0.43388373911755823,-0.900968867902419
0.006042093141873166,0.19237199018232254,0.18735918418140451,0.19237199018232254,1.9459101490553132,0.5166666666666666,0.5146550563310741,0.5000000000000003,-0.8660254037844385,-0.9884683243281114,0.15142777750457667,-0.433883739117558,-0.9009688679024191
0.1813170910395315,0.07232066989655231,0.005012806000918003,0.0024966099710412156,0.5108256237659907,0.5166666666666666,0.5146999416490866,0.5000000000000003,-0.8660254037844385,-0.9377521321470804,0.3473052528448203,-0.9749279121818236,-0.2225209339563146
-0.02030515787243643,-0.06237061523124831,-0.02531796387335437,-0.0024966099710412807,-1.252762968495368,0.5166666666666666,0.5148794829211365,0.5000000000000003,-0.8660254037844385,-0.3943558551133187,0.9189578116202306,0.9749279121818236,-0.22252093395631434
0.035268018538658234,0.0,0.035268018538658234,0.009950054665303987,-2.3025850929940455,0.5166666666666666,0.514924368239149,0.5000000000000003,-0.8660254037844385,-0.20129852008866114,0.9795299412524943,0.43388373911755823,-0.900968867902419
-0.048171225684847566,-0.00995005466530393,-0.00995005466530393,-0.048171225684847566,2.772588722239781,0.5166666666666666,0.5149692535571615,0.5000000000000003,-0.8660254037844385,-2.4492935982947064e-16,1.0,-0.433883739117558,-0.9009688679024191
0.0,-0.03822117101954367,-0.03822117101954367,0.0,-7.783224016336037,0.5166666666666666,0.515014138875174,1.2246467991473532e-16,-1.0,0.20129852008866006,0.9795299412524945,-0.9749279121818236,-0.2225209339563146
0.012903207146189357,0.05064358946945362,0.04817122568484761,0.012903207146189357,8.34283980427146,0.5166666666666666,0.5151487948292114,1.2246467991473532e-16,-1.0,0.72479278722912,0.6889669190756866,0.7818314824680298,0.6234898018587336
0.037740382323264515,0.10090623173293113,0.10337859551753707,0.037740382323264515,-2.2335922215070942,0.5166666666666666,0.5151936801472239,1.2246467991473532e-16,-1.0,0.8486442574947509,0.5289640103269624,0.9749279121818236,-0.22252093395631434
0.0,-0.10090623173293109,-0.10090623173293109,0.0,-6.1092475827643655,0.5166666666666666,0.5152385654652364,1.2246467991473532e-16,-1.0,0.9377521321470804,0.3473052528448203,0.43388373911755823,-0.900968867902419
0.036367609480340964,0.04348507060633644,0.04348507060633644,0.036367609480340964,6.620073206530356,0.5166666666666666,0.5152834507832489,1.2246467991473532e-16,-1.0,0.9884683243281114,0.1514277775045767,-0.433883739117558,-0.9009688679024191
-0.007168482740163348,-0.014285943866159048,-0.014285943866159048,-0.007168482740163348,-1.6094379124341003,0.5166666666666666,0.5153283361012613,1.2246467991473532e-16,-1.0,0.9987165071710528,-0.05064916883871264,-0.9749279121818236,-0.2225209339563146
0.0,0.0,0.0,0.0,-5.0106352940962555,0.5166666666666666,0.5154629920552988,1.2246467991473532e-16,-1.0,0.7907757369376989,-0.6121059825476626,0.7818314824680298,0.6234898018587336
0.0,0.0,0.0,0.0,0.0,0.5166666666666666,0.5155078773733113,1.2246467991473532e-16,-1.0,0.6513724827222223,-0.758758122692791,0.9749279121818236,-0.22252093395631434
0.0,0.0,0.0,0.0,0.0,0.5166666666666666,0.5155527626913237,1.2246467991473532e-16,-1.0,0.48530196253108104,-0.8743466161445821,0.43388373911755823,-0.900968867902419
-0.04162154519008747,-0.04162154519008747,-0.04162154519008747,-0.04162154519008747,6.620073206530356,0.5166666666666666,0.5155976480093362,1.2246467991473532e-16,-1.0,0.29936312297335804,-0.9541392564000488,-0.433883739117558,-0.9009688679024191
0.0,0.0,0.0,0.0,-6.620073206530356,0.5166666666666666,0.5156425333273487,1.2246467991473532e-16,-1.0,0.10116832198743272,-0.994869323391895,-0.9749279121818236,-0.2225209339563146
-0.015113621471721236,0.058268931740907436,0.058268931740907436,-0.015113621471721236,5.703782474656201,0.5166666666666666,0.515777189281386,1.2246467991473532e-16,-1.0,-0.4853019625310808,-0.8743466161445822,0.7818314824680298,0.6234898018587336
0.0025345812295608974,-0.07084797198306769,-0.07084797198306769,0.0025345812295608974,-0.6931471805599453,0.5166666666666666,0.5158220745993986,1.2246467991473532e-16,-1.0,-0.6513724827222217,-0.7587581226927913,0.9749279121818236,-0.22252093395631434
-0.002534581229560965,0.07320343065232796,-0.002534581229560965,0.07320343065232796,2.6390573296152584,0.5166666666666666,0.515866959917411,1.2246467991473532e-16,-1.0,-0.7907757369376986,-0.6121059825476627,0.43388373911755823,-0.900968867902419
0.015113621471721312,0.0,0.07573801188188888,-0.06062439041016765,-1.9459101490553135,0.5166666666666666,0.5159118452354235,1.2246467991473532e-16,-1.0,-0.8978045395707417,-0.44039415155763423,-0.433883739117558,-0.9009688679024191
0.0,-0.06062439041016765,-0.06062439041016765,0.0,-5.703782474656201,0.5166666666666666,0.515956730553436,1.2246467991473532e-16,-1.0,-0.9680771188662041,-0.2506525322587213,-0.9749279121818236,-0.2225209339563146
-0.04866530620905674,-0.046043887946689246,-0.046043887946689246,-0.04866530620905674,5.703782474656201,0.5166666666666666,0.5160913865074734,1.2246467991473532e-16,-1.0,-0.9377521321470804,0.3473052528448203,0.7818314824680298,0.6234898018587336
-0.08486634186394566,0.1043128196875966,0.1043128196875966,-0.08486634186394566,0.6931471805599453,0.5166666666666666,0.5161362718254859,1.2246467991473532e-16,-1.0,-0.8486442574947509,0.5289640103269624,0.9749279121818236,-0.22252093395631434
-0.049790515376327504,-0.24159109519023736,-0.24159109519023736,-0.049790515376327504,-1.3862943611198906,0.5166666666666666,0.5161811571434984,1.2246467991473532e-16,-1.0,-0.7247927872291207,0.6889669190756859,0.43388373911755823,-0.900968867902419
0.24394655385949762,0.25796546332452547,0.24394655385949762,0.25796546332452547,1.6094379124341003,0.5166666666666666,0.5162260424615108,1.2246467991473532e-16,-1.0,-0.5712682150947924,0.8207634412072763,-0.433883739117558,-0.9009688679024191
0.007034020759173742,-0.004651083944225139,0.007034020759173742,-0.004651083944225139,0.3364722366212129,0.5166666666666666,0.5162709277795233,1.2246467991473532e-16,-1.0,-0.3943558551133187,0.9189578116202306,-0.9749279121818236,-0.2225209339563146
0.0023338047616292164,0.0,0.0023338047616292164,0.0,-6.956545443151569,0.5166666666666666,0.5164055837335608,-0.4999999999999997,-0.8660254037844388,0.39435585511331855,0.9189578116202306,0.7818314824680298,0.6234898018587336
0.0,0.0,0.0,0.0,0.0,0.5166666666666666,0.5164504690515732,-0.4999999999999997,-0.8660254037844388,0.5712682150947923,0.8207634412072763,0.9749279121818236,-0.22252093395631434
0.0,0.0,0.0,0.0,0.0,0.5166666666666666,0.5165402396875982,-0.4999999999999997,-0.8660254037844388,0.8486442574947509,0.5289640103269624,-0.433883739117558,-0.9009688679024191
-0.12128573618875246,-0.12128573618875246,-0.12128573618875246,-0.12128573618875246,7.575584651557793,0.5166666666666666,0.5165851250056107,-0.4999999999999997,-0.8660254037844388,0.9377521321470804,0.3473052528448203,-0.9749279121818236,-0.2225209339563146
-0.04027396230941792,0.0,0.0,-0.04027396230941792,-0.9555114450274363,0.5166666666666666,0.5167197809596481,-0.4999999999999997,-0.8660254037844388,0.9680771188662043,-0.2506525322587204,0.7818314824680298,0.6234898018587336
0.0,-0.02666803087754687,-0.02666803087754687,0.0,1.4350845252893227,0.5166666666666666,0.5167646662776606,-0.4999999999999997,-0.8660254037844388,0.8978045395707416,-0.4403941515576344,0.9749279121818236,-0.22252093395631434
-0.01379311256347985,-0.027399043995350897,-0.027399043995350897,-0.01379311256347985,-1.6582280766035324,0.5166666666666666,0.5168095515956731,-0.4999999999999997,-0.8660254037844388,0.7907757369376989,-0.6121059825476626,0.43388373911755823,-0.900968867902419
0.054067074872897795,0.054067074872897795,0.054067074872897795,0.054067074872897795,-1.3862943611198906,0.5166666666666666,0.5168544369136856,-0.4999999999999997,-0.8660254037844388,0.6513724827222223,-0.758758122692791,-0.433883739117558,-0.9009688679024191
0.0,0.0,0.0,0.0,-5.0106352940962555,0.5166666666666666,0.5168993222316981,-0.4999999999999997,-0.8660254037844388,0.48530196253108104,-0.8743466161445821,-0.9749279121818236,-0.2225209339563146
-0.07653980654862569,0.0,0.0,0.0,7.408530566894626,0.5166666666666666,0.5170339781857355,-0.4999999999999997,-0.8660254037844388,-0.10116832198743204,-0.9948693233918952,0.7818314824680298,0.6234898018587336
0.07653980654862572,0.0,0.0,0.0,-7.408530566894626,0.5166666666666666,0.517078863503748,-0.4999999999999997,-0.8660254037844388,-0.29936312297335776,-0.9541392564000489,0.9749279121818236,-0.22252093395631434
0.0,0.0,0.0,0.0,6.620073206530356,0.5166666666666666,0.5171237488217605,-0.4999999999999997,-0.8660254037844388,-0.4853019625310808,-0.8743466161445822,0.43388373911755823,-0.900968867902419
0.0,0.0,0.0,0.0,-6.620073206530356,0.5166666666666666,0.5171686341397729,-0.4999999999999997,-0.8660254037844388,-0.6513724827222217,-0.7587581226927913,-0.433883739117558,-0.9009688679024191
0.0,0.0,0.0,0.0,5.0106352940962555,0.5166666666666666,0.5172135194577854,-0.4999999999999997,-0.8660254037844388,-0.7907757369376986,-0.6121059825476627,-0.9749279121818236,-0.2225209339563146
0.0,0.0,0.0,0.0,-5.0106352940962555,0.5166666666666666,0.5173481754118229,-0.4999999999999997,-0.8660254037844388,-0.9987165071710528,-0.05064916883871355,0.7818314824680298,0.6234898018587336
0.0,0.0,0.0,0.0,0.0,0.5166666666666666,0.5173930607298353,-0.4999999999999997,-0.8660254037844388,-0.9884683243281114,0.15142777750457667,0.9749279121818236,-0.22252093395631434
0.0,0.0,0.0,0.0,0.0,0.5166666666666666,0.5174379460478478,-0.4999999999999997,-0.8660254037844388,-0.9377521321470804,0.3473052528448203,0.43388373911755823,-0.900968867902419
0.0,0.0,0.0,0.0,0.0,0.5166666666666666,0.5174828313658603,-0.4999999999999997,-0.8660254037844388,-0.8486442574947509,0.5289640103269624,-0.433883739117558,-0.9009688679024191
0.0,0.0,0.0,0.0,0.0,0.5166666666666666,0.5175277166838728,-0.4999999999999997,-0.8660254037844388,-0.7247927872291207,0.6889669190756859,-0.9749279121818236,-0.2225209339563146
-0.06805320211570344,-0.002634762320405913,-0.002634762320405913,-0.06805320211570344,6.1092475827643655,0.5166666666666666,0.5176623726379102,-0.4999999999999997,-0.8660254037844388,-0.20129852008866114,0.9795299412524943,0.7818314824680298,0.6234898018587336
0.06805320211570348,0.0026347623204059398,0.0026347623204059398,0.06805320211570348,1.6094379124341003,0.5166666666666666,0.5177072579559227,-0.4999999999999997,-0.8660254037844388,-2.4492935982947064e-16,1.0,0.9749279121818236,-0.22252093395631434
0.0,0.08810745460157665,0.08810745460157665,0.0,-0.7621400520468967,0.5166666666666666,0.5177521432739352,-0.8660254037844385,-0.5000000000000004,0.20129852008866006,0.9795299412524945,0.43388373911755823,-0.900968867902419
-0.04027396230941792,-0.12838141691099456,-0.12838141691099456,-0.04027396230941792,-1.252762968495368,0.5166666666666666,0.5177970285919477,-0.8660254037844385,-0.5000000000000004,0.39435585511331855,0.9189578116202306,-0.433883739117558,-0.9009688679024191
0.04027396230941796,0.04027396230941796,0.04027396230941796,0.04027396230941796,-0.6931471805599453,0.5166666666666666,0.51784191390996,-0.8660254037844385,-0.5000000000000004,0.5712682150947923,0.8207634412072763,-0.9749279121818236,-0.2225209339563146
0.0,0.0,0.0,0.0,-5.0106352940962555,0.5166666666666666,0.5179765698639975,-0.8660254037844385,-0.5000000000000004,0.9377521321470804,0.3473052528448203,0.7818314824680298,0.6234898018587336
-0.06805320211570344,0.08810745460157665,-0.018592625423351685,-0.021277284095414083,9.328123407632566,0.5166666666666666,0.51802145518201,-0.8660254037844385,-0.5000000000000004,0.9884683243281114,0.1514277775045767,0.9749279121818236,-0.22252093395631434
0.041385171238156576,-0.09074221692198256,0.015957863102945797,-0.005390746782132809,-0.5332984796180493,0.5166666666666666,0.5180663405000224,-0.8660254037844385,-0.5000000000000004,0.9987165071710528,-0.05064916883871264,0.43388373911755823,-0.900968867902419
0.0,-0.024033268557140938,-0.024033268557140938,0.0,-2.6855773452501515,0.5166666666666666,0.5181112258180349,-0.8660254037844385,-0.5000000000000004,0.9680771188662043,-0.2506525322587204,-0.433883739117558,-0.9009688679024191
0.0,0.0,0.0,0.0,-6.1092475827643655,0.5166666666666666,0.5181561111360474,-0.8660254037844385,-0.5000000000000004,0.8978045395707416,-0.4403941515576344,-0.9749279121818236,-0.2225209339563146
0.0,0.0,0.0,0.0,0.0,0.5166666666666666,0.5182907670900848,-0.8660254037844385,-0.5000000000000004,0.48530196253108104,-0.8743466161445821,0.7818314824680298,0.6234898018587336
0.07796155113532884,0.07796155113532884,0.07796155113532884,0.07796155113532884,5.703782474656201,0.5166666666666666,0.5183356524080973,-0.8660254037844385,-0.5000000000000004,0.29936312297335804,-0.9541392564000488,0.9749279121818236,-0.22252093395631434
0.0,0.0,0.0,0.0,-5.703782474656201,0.5166666666666666,0.5183805377261098,-0.8660254037844385,-0.5000000000000004,0.10116832198743272,-0.994869323391895,0.43388373911755823,-0.900968867902419
-0.1335316480730024,-0.06453864034685362,-0.06453864034685362,-0.1335316480730024,7.090076835776092,0.5166666666666666,0.5184254230441223,-0.8660254037844385,-0.5000000000000004,-0.10116832198743204,-0.9948693233918952,-0.433883739117558,-0.9009688679024191
0.0,-0.0661398391843271,-0.0661398391843271,0.0,-0.9808292530117262,0.5166666666666666,0.5184703083621348,-0.8660254037844385,-0.5000000000000004,-0.29936312297335776,-0.9541392564000489,-0.9749279121818236,-0.2225209339563146
0.0,-0.002853168541821674,-0.002853168541821674,0.0,-6.1092475827643655,0.5166666666666666,0.5186049643161722,-0.8660254037844385,-0.5000000000000004,-0.7907757369376986,-0.6121059825476627,0.7818314824680298,0.6234898018587336
0.05557009693767369,0.05557009693767369,0.05557009693767369,0.05557009693767369,6.1092475827643655,0.5166666666666666,0.5186498496341847,-0.8660254037844385,-0.5000000000000004,-0.8978045395707417,-0.44039415155763423,0.9749279121818236,-0.22252093395631434
-0.04138517123815653,-0.04138517123815653,-0.04138517123815653,-0.04138517123815653,-0.40546510810816444,0.5166666666666666,0.5186947349521972,-0.8660254037844385,-0.5000000000000004,-0.9680771188662041,-0.2506525322587213,0.43388373911755823,-0.900968867902419
0.0,0.07330283442679612,0.054808082026631795,0.07330283442679612,3.1986731175506815,0.5166666666666666,0.5187396202702097,-0.8660254037844385,-0.5000000000000004,-0.9987165071710528,-0.05064916883871355,-0.433883739117558,-0.9009688679024191
0.0,-0.07330283442679614,-0.05480808202663178,-0.07330283442679614,-3.891820298110627,0.5166666666666666,0.5187845055882221,-0.8660254037844385,-0.5000000000000004,-0.9884683243281114,0.15142777750457667,-0.9749279121818236,-0.2225209339563146
0.0028126368920556428,0.0028126368920556428,0.0028126368920556428,0.0028126368920556428,0.0,0.5166666666666666,0.5189191615422596,-0.8660254037844385,-0.5000000000000004,-0.7247927872291207,0.6889669190756859,0.7818314824680298,0.6234898018587336
0.0,0.0,0.0,0.0,-5.0106352940962555,0.5166666666666666,0.5189640468602721,-0.8660254037844385,-0.5000000000000004,-0.5712682150947924,0.8207634412072763,0.9749279121818236,-0.22252093395631434
0.0,0.0,0.0,0.0,0.0,0.5166666666666666,0.5190089321782845,-0.8660254037844385,-0.5000000000000004,-0.3943558551133187,0.9189578116202306,0.43388373911755823,-0.900968867902419
0.0,0.0,0.0,0.0,0.0,0.5166666666666666,0.519053817496297,-0.8660254037844385,-0.5000000000000004,-0.20129852008866114,0.9795299412524943,-0.433883739117558,-0.9009688679024191
0.0,0.0,0.0,0.0,0.0,0.5166666666666666,0.5190987028143095,-0.8660254037844385,-0.5000000000000004,-2.4492935982947064e-16,1.0,-0.9749279121818236,-0.2225209339563146
-0.016997562591572566,-0.014144394049750833,-0.016997562591572566,-0.014144394049750833,6.620073206530356,0.5166666666666666,0.5192782440863594,-1.0,-1.8369701987210297e-16,0.72479278722912,0.6889669190756866,0.9749279121818236,-0.22252093395631434
0.00285316854182165,0.0,0.00285316854182165,0.0,-6.620073206530356,0.5166666666666666,0.5193231294043719,-1.0,-1.8369701987210297e-16,0.8486442574947509,0.5289640103269624,0.43388373911755823,-0.900968867902419
-0.017241790486774565,-0.002853168541821674,-0.002853168541821674,-0.017241790486774565,7.2078598714324755,0.5166666666666666,0.5193680147223844,-1.0,-1.8369701987210297e-16,0.9377521321470804,0.3473052528448203,-0.433883739117558,-0.9009688679024191
0.0,-0.014388621944952803,-0.014388621944952803,0.0,-7.2078598714324755,0.5166666666666666,0.5194129000403969,-1.0,-1.8369701987210297e-16,0.9884683243281114,0.1514277775045767,-0.9749279121818236,-0.2225209339563146
-0.06899269378367479,-0.014598680516750846,-0.017544293138656752,-0.05971906725045683,7.649692623711514,0.5166666666666666,0.5195475559944343,-1.0,-1.8369701987210297e-16,0.8978045395707416,-0.4403941515576344,0.7818314824680298,0.6234898018587336
-0.034758939060541,-0.07637312236998896,-0.07342750974808301,-0.031252735636282974,2.404367787303988,0.5166666666666666,0.5198617532205216,-1.0,-1.8369701987210297e-16,-0.29936312297335776,-0.9541392564000489,0.7818314824680298,0.6234898018587336
-0.0032202660119518803,0.0,-0.016000095969427884,-0.016000095969427884,-0.23940407218599005,0.5166666666666666,0.519906638538534,-1.0,-1.8369701987210297e-16,-0.4853019625310808,-0.8743466161445822,0.9749279121818236,-0.22252093395631434
-0.11980157317191552,0.0,0.0,-0.11980157317191552,-1.1931031320890322,0.5166666666666666,0.5199515238565465,-1.0,-1.8369701987210297e-16,-0.6513724827222217,-0.7587581226927913,0.43388373911755823,-0.900968867902419
-0.018348991763804872,-0.15415066090514817,-0.1381505649357203,-0.018348991763804872,-2.512305623976115,0.5166666666666666,0.519996409174559,-1.0,-1.8369701987210297e-16,-0.7907757369376986,-0.6121059825476627,-0.433883739117558,-0.9009688679024191
0.08855362184102952,0.08855362184102952,0.08855362184102952,0.08855362184102952,0.5108256237659907,0.5166666666666666,0.5200412944925715,-1.0,-1.8369701987210297e-16,-0.8978045395707417,-0.44039415155763423,-0.9749279121818236,-0.2225209339563146
-0.25325333319823884,-0.05218575533538735,-0.24889649939290445,-0.16551444575135912,1.824549292051046,0.5166666666666666,0.5201759504466089,-1.0,-1.8369701987210297e-16,-0.9884683243281114,0.15142777750457667,0.7818314824680298,0.6234898018587336
0.2010675778628516,0.0,0.19671074405751698,0.11332869041597167,-3.4339872044851463,0.5166666666666666,0.5202208357646214,-1.0,-1.8369701987210297e-16,-0.9377521321470804,0.3473052528448203,0.9749279121818236,-0.22252093395631434
-0.0035780095007758007,0.0,-0.0035780095007758007,0.0,0.6931471805599453,0.5166666666666666,0.5202657210826339,-1.0,-1.8369701987210297e-16,-0.8486442574947509,0.5289640103269624,0.43388373911755823,-0.900968867902419
0.0035780095007757044,0.0,0.0035780095007757044,0.0,-5.703782474656201,0.5166666666666666,0.5203106064006464,-1.0,-1.8369701987210297e-16,-0.7247927872291207,0.6889669190756859,-0.433883739117558,-0.9009688679024191
-0.040078575402574354,-0.040078575402574354,-0.040078575402574354,-0.040078575402574354,5.0106352940962555,0.5166666666666666,0.5203554917186589,-1.0,-1.8369701987210297e-16,-0.5712682150947924,0.8207634412072763,-0.9749279121818236,-0.2225209339563146
-0.07325011501339736,0.0,0.0,-0.07325011501339736,2.302585092994046,0.5166666666666666,0.5204901476726963,-0.866025403784439,0.49999999999999933,0.20129852008866006,0.9795299412524945,0.7818314824680298,0.6234898018587336
0.0,-0.07325011501339736,-0.07325011501339736,0.0,0.7419373447293773,0.5166666666666666,0.5205350329907088,-0.866025403784439,0.49999999999999933,0.39435585511331855,0.9189578116202306,0.9749279121818236,-0.22252093395631434
0.0,0.0,0.0,0.0,-8.055157731819678,0.5166666666666666,0.5205799183087213,-0.866025403784439,0.49999999999999933,0.5712682150947923,0.8207634412072763,0.43388373911755823,-0.900968867902419
0.0,0.0,0.0,0.0,0.0,0.5166666666666666,0.5206248036267337,-0.866025403784439,0.49999999999999933,0.72479278722912,0.6889669190756866,-0.433883739117558,-0.9009688679024191
0.0039916605070856185,0.0039916605070856185,0.0039916605070856185,0.0039916605070856185,5.0106352940962555,0.5166666666666666,0.5206696889447462,-0.866025403784439,0.49999999999999933,0.8486442574947509,0.5289640103269624,-0.9749279121818236,-0.2225209339563146
0.0,0.07296916340324391,0.0,0.07296916340324391,2.4849066497880004,0.5166666666666666,0.5208043448987837,-0.866025403784439,0.49999999999999933,0.9987165071710528,-0.05064916883871264,0.7818314824680298,0.6234898018587336
0.01581080410349322,0.0,0.06925845450631167,0.0,0.22314355131420976,0.5166666666666666,0.5208492302167961,-0.866025403784439,0.49999999999999933,0.9680771188662043,-0.2506525322587204,0.9749279121818236,-0.22252093395631434
0.05715835929975084,0.0,0.0037107088969323306,0.0,0.23638877806423034,0.5166666666666666,0.5208941155348086,-0.866025403784439,0.49999999999999933,0.8978045395707416,-0.4403941515576344,0.43388373911755823,-0.900968867902419
-0.06899287621747896,-0.06899287621747896,-0.06899287621747896,-0.06899287621747896,-2.9444389791664407,0.5166666666666666,0.5209390008528211,-0.866025403784439,0.49999999999999933,0.7907757369376989,-0.6121059825476626,-0.433883739117558,-0.9009688679024191
0.019646840282413383,0.12656292625796303,0.019646840282413383,0.12656292625796303,2.3978952727983707,0.5166666666666666,0.5209838861708336,-0.866025403784439,0.49999999999999933,0.6513724827222223,-0.758758122692791,-0.9749279121818236,-0.2225209339563146
0.07132498728533831,0.07734926657291802,0.09283117182939014,0.07734926657291802,0.24116205681688804,0.5166666666666666,0.521118542124871,-0.866025403784439,0.49999999999999933,0.10116832198743272,-0.994869323391895,0.7818314824680298,0.6234898018587336
0.08338159079850707,0.0032312483223182957,0.06187540625445525,0.0032312483223182957,1.1676051601550612,0.5166666666666666,0.5211634274428835,-0.866025403784439,0.49999999999999933,-0.10116832198743204,-0.9948693233918952,0.9749279121818236,-0.22252093395631434
0.032790022786940445,0.0,0.032790022786940445,0.0,-8.817297783866575,0.5166666666666666,0.521208312760896,-0.866025403784439,0.49999999999999933,-0.29936312297335776,-0.9541392564000489,0.43388373911755823,-0.900968867902419
0.03797920507249295,0.24231312863196258,0.24231312863196258,0.03797920507249295,7.495541943884256,0.5166666666666666,0.5212531980789085,-0.866025403784439,0.49999999999999933,-0.4853019625310808,-0.8743466161445822,-0.433883739117558,-0.9009688679024191
0.0,-0.2043339235594697,-0.2043339235594697,0.0,-7.495541943884256,0.5166666666666666,0.5212980833969209,-0.866025403784439,0.49999999999999933,-0.6513724827222217,-0.7587581226927913,-0.9749279121818236,-0.2225209339563146
0.0,0.0,0.0,0.0,0.0,0.5166666666666666,0.5214327393509584,-0.866025403784439,0.49999999999999933,-0.9680771188662041,-0.2506525322587213,0.7818314824680298,0.6234898018587336
0.0,0.0,0.0,0.0,0.0,0.5166666666666666,0.5214776246689709,-0.866025403784439,0.49999999999999933,-0.9987165071710528,-0.05064916883871355,0.9749279121818236,-0.22252093395631434
0.0,0.0,0.0,0.0,0.0,0.5166666666666666,0.5215225099869832,-0.866025403784439,0.49999999999999933,-0.9884683243281114,0.15142777750457667,0.43388373911755823,-0.900968867902419
-0.06744132212187319,-0.06744132212187319,-0.06744132212187319,-0.06744132212187319,5.0106352940962555,0.5166666666666666,0.5215673953049957,-0.866025403784439,0.49999999999999933,-0.9377521321470804,0.3473052528448203,-0.433883739117558,-0.9009688679024191
0.09198229574118078,0.09198229574118078,0.09198229574118078,0.09198229574118078,1.6094379124341003,0.5166666666666666,0.5216122806230082,-0.866025403784439,0.49999999999999933,-0.8486442574947509,0.5289640103269624,-0.9749279121818236,-0.2225209339563146
0.0,0.0,0.0,0.0,-6.620073206530356,0.5166666666666666,0.5217469365770456,-0.866025403784439,0.49999999999999933,-0.3943558551133187,0.9189578116202306,0.7818314824680298,0.6234898018587336
0.10080450761512268,0.3101549066294235,0.10080450761512268,0.26469266007887476,9.341368634382587,0.5166666666666666,0.5217918218950581,-0.866025403784439,0.49999999999999933,-0.20129852008866114,0.9795299412524943,0.9749279121818236,-0.22252093395631434
0.18687740227852648,0.10335863434650282,0.2093503990143008,0.11000078258928109,0.6390799592896695,0.5166666666666666,0.5218367072130706,-0.866025403784439,0.49999999999999933,-2.4492935982947064e-16,1.0,0.43388373911755823,-0.900968867902419
-0.06575114871881609,-0.04090575209942314,0.056170144243687034,-0.10767815261063765,-0.5154660033224929,0.5166666666666666,0.5218815925310831,-0.5000000000000012,0.8660254037844379,0.20129852008866006,0.9795299412524945,-0.433883739117558,-0.9009688679024191
0.01923125693774044,-0.13144577076392963,-0.1251630327605371,-0.02585327194494463,-2.5084371471981943,0.5166666666666666,0.5219264778490956,-0.5000000000000012,0.8660254037844379,0.39435585511331855,0.9189578116202306,-0.9749279121818236,-0.2225209339563146
0.0,0.17435330880724018,0.0,0.1703453626695464,2.9368917735310576,0.5166666666666666,0.522061133803133,-0.5000000000000012,0.8660254037844379,0.8486442574947509,0.5289640103269624,0.7818314824680298,0.6234898018587336
0.04879020066207161,0.08801100150997725,0.2193268418444327,0.06038850293910567,0.6265864140416063,0.5166666666666666,0.5221060191211455,-0.5000000000000012,0.8660254037844379,0.9377521321470804,0.3473052528448203,0.9749279121818236,-0.22252093395631434
0.06581323251580311,0.17281375034510713,0.13734811912419825,-0.007590297264543564,-0.4034428627273966,0.5166666666666666,0.522150904439158,-0.5000000000000012,0.8660254037844379,0.9884683243281114,0.1514277775045767,0.43388373911755823,-0.900968867902419
0.13671098564197653,-0.11068208997834898,-0.10536054214877988,0.09617551863310506,-1.0116009116784799,0.5166666666666666,0.5221957897571705,-0.5000000000000012,0.8660254037844379,0.9987165071710528,-0.05064916883871264,-0.433883739117558,-0.9009688679024191
-0.07496303768031291,-0.0034482145357434156,0.06973333732838101,-0.11346699910931173,0.0,0.5166666666666666,0.5222406750751829,-0.5000000000000012,0.8660254037844379,0.9680771188662043,-0.2506525322587204,-0.9749279121818236,-0.2225209339563146
0.031436883052090456,-0.051384085471569585,-0.073443780330981,0.061991682845121125,-0.456758402495715,0.5166666666666666,0.5223753310292204,-0.5000000000000012,0.8660254037844379,0.6513724827222223,-0.758758122692791,0.7818314824680298,0.6234898018587336
0.017258320475583667,0.01623117817840883,0.012927023981457423,0.0018198999636398335,0.4567584024957149,0.5166666666666666,0.5224202163472329,-0.5000000000000012,0.8660254037844379,0.48530196253108104,-0.8743466161445821,0.9749279121818236,-0.22252093395631434
0.022557391150038814,0.06911199690081979,0.09447584595718272,-0.0202028851362004,0.8329091229351039,0.5166666666666666,0.5224651016652453,-0.5000000000000012,0.8660254037844379,0.29936312297335804,-0.9541392564000488,0.43388373911755823,-0.900968867902419
0.02205969485941137,-0.0016707230592392659,-0.0016707230592392659,0.020202885136200457,-1.749199854809259,0.5166666666666666,0.5225099869832578,-0.5000000000000012,0.8660254037844379,0.10116832198743272,-0.994869323391895,-0.433883739117558,-0.9009688679024191
-0.10536061680509862,-0.0836724520199894,-0.11132395418119449,0.0,1.7197859696029656,0.5166666666666666,0.5225548723012703,-0.5000000000000012,0.8660254037844379,-0.10116832198743204,-0.9948693233918952,-0.9749279121818236,-0.2225209339563146
-0.09309033143433625,0.0,-0.1707994460782298,-0.09531036186942242,-1.5656352897757075,0.5166666666666666,0.5226895282553077,-0.5000000000000012,0.8660254037844379,-0.6513724827222217,-0.7587581226927913,0.7818314824680298,0.6234898018587336
0.10314058637001247,0.0,0.11506914705773331,0.0,-0.4989911661189879,0.5166666666666666,0.5227344135733202,-0.5000000000000012,0.8660254037844379,-0.7907757369376986,-0.6121059825476627,0.9749279121818236,-0.22252093395631434
0.0,-0.07550761115656235,-0.01192856068772078,0.019802750712860095,0.46262352194811296,0.5166666666666666,0.5227792988913327,-0.5000000000000012,0.8660254037844379,-0.8978045395707417,-0.44039415155763423,0.43388373911755823,-0.900968867902419
0.04879025953686821,0.05158731943009099,0.07139007014295093,0.028987508824008093,0.7472144018302211,0.5166666666666666,0.5228690695273577,-0.5000000000000012,0.8660254037844379,-0.9987165071710528,-0.05064916883871355,-0.9749279121818236,-0.2225209339563146
-0.05884051447254439,-0.02450645530627073,-0.02450645530627073,-0.05884051447254439,0.01739174271186924,0.5166666666666666,0.5230037254813951,-0.5000000000000012,0.8660254037844379,-0.8486442574947509,0.5289640103269624,0.7818314824680298,0.6234898018587336
-0.05395486580124629,-0.05895618564616862,-0.05895618564616862,-0.05395486580124629,-2.114532861491106,0.5166666666666666,0.5230486107994076,-0.5000000000000012,0.8660254037844379,-0.7247927872291207,0.6889669190756859,0.9749279121818236,-0.22252093395631434
-0.008565507494164785,-0.04980285421409143,-0.04980285421409143,0.0021296957133426298,2.0243817644968085,0.5166666666666666,0.5230934961174201,-0.5000000000000012,0.8660254037844379,-0.5712682150947924,0.8207634412072763,0.43388373911755823,-0.900968867902419
0.01916997403301824,0.010582326390230599,0.008474770825510701,0.010582326390230599,-1.5723966407537513,0.5166666666666666,0.5231383814354325,-0.5000000000000012,0.8660254037844379,-0.3943558551133187,0.9189578116202306,-0.433883739117558,-0.9009688679024191
-0.01916997403301815,-0.021277529597738126,-0.01916997403301815,-0.021277529597738126,-0.6061358035703156,0.5166666666666666,0.523183266753445,-0.5000000000000012,0.8660254037844379,-0.20129852008866114,0.9795299412524943,-0.9749279121818236,-0.2225209339563146
-0.11375877416260916,0.021277529597738164,-0.11375877416260916,0.021277529597738164,2.987364023883474,0.5166666666666666,0.5233179227074825,-2.4492935982947064e-16,1.0,0.5712682150947923,0.8207634412072763,0.7818314824680298,0.6234898018587336
0.1329287481956274,0.05129309863334913,0.1329287481956274,0.041242843697673094,-1.3133875903118029,0.5166666666666666,0.5233628080254948,-2.4492935982947064e-16,1.0,0.72479278722912,0.6889669190756866,0.9749279121818236,-0.22252093395631434
0.053400654198069185,0.044973533037192565,0.053400654198069185,0.05502378797286873,-1.3862943611198906,0.5166666666666666,0.5234076933435073,-2.4492935982947064e-16,1.0,0.8486442574947509,0.5289640103269624,0.43388373911755823,-0.900968867902419
0.02955877724231209,0.0038167264996756987,0.04879025953686821,-0.015414755794880388,0.7537718023763802,0.5166666666666666,0.5234525786615198,-2.4492935982947064e-16,1.0,0.9377521321470804,0.3473052528448203,-0.433883739117558,-0.9009688679024191
0.0,-0.019231482294556138,-0.019231482294556138,0.0,-7.843848638152472,0.5166666666666666,0.5234974639795323,-2.4492935982947064e-16,1.0,0.9884683243281114,0.1514277775045767,-0.9749279121818236,-0.2225209339563146
-0.029558777242312026,-0.029558777242312026,-0.029558777242312026,-0.029558777242312026,6.1092475827643655,0.5166666666666666,0.5236321199335697,-2.4492935982947064e-16,1.0,0.8978045395707416,-0.4403941515576344,0.7818314824680298,0.6234898018587336
-0.020202543830491578,0.0,-0.020202543830491578,0.0,2.8903717578961645,0.5166666666666666,0.5236770052515822,-2.4492935982947064e-16,1.0,0.7907757369376989,-0.6121059825476626,0.9749279121818236,-0.22252093395631434
0.008129973021003274,0.0,0.02020254383049165,-0.012072570809488268,0.0,0.5166666666666666,0.5237218905695947,-2.4492935982947064e-16,1.0,0.6513724827222223,-0.758758122692791,0.43388373911755823,-0.900968867902419
0.0,-0.012072570809488268,-0.012072570809488268,0.0,-8.99961934066053,0.5166666666666666,0.5237667758876072,-2.4492935982947064e-16,1.0,0.48530196253108104,-0.8743466161445821,-0.433883739117558,-0.9009688679024191
-0.008129973021003224,0.0,0.0,-0.008129973021003224,8.411832675758411,0.5166666666666666,0.5238116612056197,-2.4492935982947064e-16,1.0,0.29936312297335804,-0.9541392564000488,-0.9749279121818236,-0.2225209339563146
0.002038588935534534,-0.006091384085468764,-0.006091384085468764,0.002038588935534534,-2.70805020110221,0.5166666666666666,0.5239463171596571,-2.4492935982947064e-16,1.0,-0.29936312297335776,-0.9541392564000489,0.7818314824680298,0.6234898018587336
-0.08497663147505545,0.002034659609878685,0.002034659609878685,-0.08497663147505545,3.5263605246161616,0.5166666666666666,0.5239912024776696,-2.4492935982947064e-16,1.0,-0.4853019625310808,-0.8743466161445822,0.9749279121818236,-0.22252093395631434
0.062318702118354594,0.11143965715450094,-0.022611350425520777,0.18748192834355087,-0.1941560144409575,0.5166666666666666,0.5240360877956821,-2.4492935982947064e-16,1.0,-0.6513724827222217,-0.7587581226927913,0.43388373911755823,-0.900968867902419
0.018576367746392982,-0.012809076603756332,0.12124193097626532,-0.06453859126067822,-1.1921383466789333,0.5166666666666666,0.5240809731136945,-2.4492935982947064e-16,1.0,-0.7907757369376986,-0.6121059825476627,-0.433883739117558,-0.9009688679024191
-0.01857636774639301,-0.02046567708056386,-0.06269853455280598,-0.01980275071286009,0.0,0.5166666666666666,0.524125858431707,-2.4492935982947064e-16,1.0,-0.8978045395707417,-0.44039415155763423,-0.9749279121818236,-0.2225209339563146
0.028749313442169532,-0.07410817899459063,-0.03187532152234846,-0.012072570809488268,-2.833213344056216,0.5166666666666666,0.5242605143857445,-2.4492935982947064e-16,1.0,-0.9884683243281114,0.15142777750457667,0.7818314824680298,0.6234898018587336
-0.028749313442169522,0.0020223158738121635,-0.008129973021003224,-0.028749313442169522,4.2626798770413155,0.5166666666666666,0.5243502850217694,-2.4492935982947064e-16,1.0,-0.8486442574947509,0.5289640103269624,0.43388373911755823,-0.900968867902419
-0.01257876994641129,-0.030771629315981694,-0.02061934042116629,-0.010471214381691376,-0.5491078103370076,0.5166666666666666,0.5243951703397819,-2.4492935982947064e-16,1.0,-0.7247927872291207,0.6889669190756859,-0.433883739117558,-0.9009688679024191
0.0021075555647199155,0.0,0.0,0.0,-0.8803587226480918,0.5166666666666666,0.5244400556577944,-2.4492935982947064e-16,1.0,-0.5712682150947924,0.8207634412072763,-0.9749279121818236,-0.2225209339563146
0.010471214381691412,0.08961214378852603,0.0761889982636101,0.010471214381691412,0.8556661100577203,0.5166666666666666,0.5245747116118318,-2.4492935982947064e-16,1.0,-2.4492935982947064e-16,1.0,0.7818314824680298,0.6234898018587336
-0.021053540771921914,0.0,-0.08666021264530144,0.04082188425165785,1.1863178690872151,0.5333333333333333,0.5246644822478568,0.49999999999999994,0.8660254037844387,0.39435585511331855,0.9189578116202306,0.43388373911755823,-0.900968867902419
0.021053540771921887,0.00947866748065689,0.05129309863334913,-0.020202543830491578,-0.11302338840339538,0.5333333333333333,0.5247093675658693,0.49999999999999994,0.8660254037844387,0.5712682150947923,0.8207634412072763,-0.433883739117558,-0.9009688679024191
0.060624634964517955,0.00938993269069209,0.019802750712860095,0.08786140353870892,-2.1972245773362196,0.5333333333333333,0.5247542528838817,0.49999999999999994,0.8660254037844387,0.72479278722912,0.6889669190756866,-0.9749279121818236,-0.2225209339563146
0.0,0.16503906627850745,0.0,0.0807613353227864,1.817077277212345,0.5333333333333333,0.5248889088379192,0.49999999999999994,0.8660254037844387,0.9884683243281114,0.1514277775045767,0.7818314824680298,0.6234898018587336
0.0,-0.025683684495311814,0.12861744431814343,-0.1286174443181435,-0.8556661100577202,0.5333333333333333,0.5249337941559317,0.49999999999999994,0.8660254037844387,0.9987165071710528,-0.05064916883871264,0.9749279121818236,-0.22252093395631434
0.06637494027860827,-0.0672522866770228,-0.008658240216613627,0.06637494027860827,-1.916922612182061,0.5333333333333333,0.524978679473944,0.49999999999999994,0.8660254037844387,0.9680771188662043,-0.2506525322587204,0.43388373911755823,-0.900968867902419
0.021779426885783628,-0.03180483693713788,-0.03180483693713788,0.021779426885783628,0.3364722366212129,0.5333333333333333,0.5250235647919566,0.49999999999999994,0.8660254037844387,0.8978045395707416,-0.4403941515576344,-0.433883739117558,-0.9009688679024191
-0.012646756007829638,-0.012646756007829638,-0.012646756007829638,-0.012646756007829638,1.488077055429833,0.5333333333333333,0.525068450109969,0.49999999999999994,0.8660254037844387,0.7907757369376989,-0.6121059825476626,-0.9749279121818236,-0.2225209339563146
-0.03704143485189726,-0.00913267087795397,-0.00913267087795397,-0.03704143485189726,-0.29849298855599654,0.5333333333333333,0.5252031060640066,0.49999999999999994,0.8660254037844387,0.29936312297335804,-0.9541392564000488,0.7818314824680298,0.6234898018587336
-0.028710149775213172,-0.0469568045262185,-0.056618913749156376,-0.019048040552275224,0.4754236967150748,0.5333333333333333,0.5252479913820189,0.49999999999999994,0.8660254037844387,0.10116832198743272,-0.994869323391895,0.9749279121818236,-0.22252093395631434
0.05294250802335403,0.09005147085997843,0.05478256473122632,0.050620005305515824,0.5937747067467416,0.5333333333333333,0.5252928767000314,0.49999999999999994,0.8660254037844387,-0.10116832198743204,-0.9948693233918952,0.43388373911755823,-0.900968867902419
0.1406424377099222,0.09387136565036001,0.1388023810020499,0.1333028312048226,-3.1060803307228566,0.5333333333333333,0.5253377620180439,0.49999999999999994,0.8660254037844387,-0.29936312297335776,-0.9541392564000489,-0.433883739117558,-0.9009688679024191
-0.049190252365122485,-0.008032278754894748,-0.008032278754894748,-0.049190252365122485,1.2039728043259361,0.5333333333333333,0.5253826473360564,0.49999999999999994,0.8660254037844387,-0.4853019625310808,-0.8743466161445822,-0.9749279121818236,-0.2225209339563146
-0.07501340924758224,0.0,0.0,-0.07501340924758224,1.1631508098056809,0.5333333333333333,0.5255621886081063,0.49999999999999994,0.8660254037844387,-0.9680771188662041,-0.2506525322587213,0.9749279121818236,-0.22252093395631434
-0.035026721663020066,-0.11980108235127122,-0.11980108235127122,-0.0036296994934612577,-0.6325225587435105,0.5333333333333333,0.5256070739261188,0.49999999999999994,0.8660254037844387,-0.9987165071710528,-0.05064916883871355,0.43388373911755823,-0.900968867902419
0.031397022169558926,0.0,0.0,0.0,-0.5306282510621704,0.5333333333333333,0.5256519592441313,0.49999999999999994,0.8660254037844387,-0.9884683243281114,0.15142777750457667,-0.433883739117558,-0.9009688679024191
0.0,0.0,0.0,0.0,-7.313220387090301,0.5333333333333333,0.5256968445621437,0.49999999999999994,0.8660254037844387,-0.9377521321470804,0.3473052528448203,-0.9749279121818236,-0.2225209339563146
-0.29132514694738015,0.11980108235127113,0.11980108235127113,-0.16788099010050975,8.902455592206882,0.5333333333333333,0.5258315005161812,0.49999999999999994,0.8660254037844387,-0.5712682150947924,0.8207634412072763,0.7818314824680298,0.6234898018587336
0.134139360054378,-0.032789792059302734,-0.26851209841876267,0.0725706282310873,-0.5596157879354228,0.5333333333333333,0.5258763858341937,0.49999999999999994,0.8660254037844387,-0.3943558551133187,0.9189578116202306,0.9749279121818236,-0.22252093395631434
0.1964063349872679,-0.044300153394287445,0.19142215296517248,0.13453090996368816,-1.0296194171811581,0.5333333333333333,0.5259212711522061,0.49999999999999994,0.8660254037844387,-0.20129852008866114,0.9795299412524943,0.43388373911755823,-0.900968867902419
-0.0035025647381941873,0.003478136522290238,-0.0069931535416094155,0.006968725325705443,-0.35667494393873245,0.5333333333333333,0.5259661564702186,0.49999999999999994,0.8660254037844387,-2.4492935982947064e-16,1.0,-0.433883739117558,-0.9009688679024191
0.010471290063899701,0.0,0.010471290063899701,0.0,-1.9459101490553135,0.5333333333333333,0.5260110417882311,0.8660254037844386,0.5000000000000001,0.20129852008866006,0.9795299412524945,-0.9749279121818236,-0.2225209339563146
0.0,0.0,0.0,0.0,0.0,0.5333333333333333,0.5261456977422685,0.8660254037844386,0.5000000000000001,0.72479278722912,0.6889669190756866,0.7818314824680298,0.6234898018587336
-0.04618927341997126,-0.028170914219600877,-0.028170914219600877,-0.04618927341997126,3.1780538303479458,0.5333333333333333,0.526190583060281,0.8660254037844386,0.5000000000000001,0.8486442574947509,0.5289640103269624,0.9749279121818236,-0.22252093395631434
-0.018349251856811452,-0.0363676110571819,-0.0363676110571819,-0.018349251856811452,-0.08701137698962981,0.5333333333333333,0.5262354683782935,0.8660254037844386,0.5000000000000001,0.9377521321470804,0.3473052528448203,0.43388373911755823,-0.900968867902419
-0.30260766391032745,-0.07696111001261097,-0.18010169638262336,-0.07696111001261097,1.0360919316867758,0.5333333333333333,0.526280353696306,0.8660254037844386,0.5000000000000001,0.9884683243281114,0.1514277775045767,-0.433883739117558,-0.9009688679024191
0.029631768819758722,-0.020202543830491578,0.0829380425395208,-0.053400654198069095,0.2673147696273472,0.5333333333333333,0.5263252390143185,0.8660254037844386,0.5000000000000001,0.9987165071710528,-0.05064916883871264,-0.9749279121818236,-0.2225209339563146
0.12344415684687049,-0.033198110367577645,-0.033198110367577645,-0.002112082346359436,-0.7055697005585025,0.5333333333333333,0.5264598949683559,0.8660254037844386,0.5000000000000001,0.7907757369376989,-0.6121059825476626,0.7818314824680298,0.6234898018587336
0.0064308844141964675,0.0,0.0,-0.010627007272462219,-0.5978370007556204,0.5333333333333333,0.5265047802863684,0.8660254037844386,0.5000000000000001,0.6513724827222223,-0.758758122692791,0.9749279121818236,-0.22252093395631434
-0.428156615519506,-0.14261413087988858,-0.24500546875836884,-0.3049238629385555,3.0248496721247182,0.5333333333333333,0.5265496656043809,0.8660254037844386,0.5000000000000001,0.48530196253108104,-0.8743466161445821,0.43388373911755823,-0.900968867902419
0.0787810324165833,-0.10509010279486214,-0.10207144791087112,-0.02941396411186291,-1.2717050390244429,0.5333333333333333,0.5265945509223933,0.8660254037844386,0.5000000000000001,0.29936312297335804,-0.9541392564000488,-0.433883739117558,-0.9009688679024191
-0.06252017869180046,-0.06995871888262636,0.029413964111862912,-0.06155783877487702,-1.0375245966882716,0.5333333333333333,0.5266394362404058,0.8660254037844386,0.5000000000000001,0.10116832198743272,-0.994869323391895,-0.9749279121818236,-0.2225209339563146
0.0,0.02857354764446992,-0.06280084077055076,0.025079551180671327,-0.06899287148695143,0.5333333333333333,0.5268189775124557,0.8660254037844386,0.5000000000000001,-0.6513724827222217,-0.7587581226927913,0.9749279121818236,-0.22252093395631434
-0.03279002278694042,-0.07302526780883704,-0.0030914109355177164,0.02144053154170121,0.9897182004289723,0.5333333333333333,0.5268638628304682,0.8660254037844386,0.5000000000000001,-0.7907757369376986,-0.6121059825476627,0.43388373911755823,-0.900968867902419
0.0,-0.06252017869180046,-0.04107964715009931,-0.06252017869180046,-1.3951833085371366,0.5333333333333333,0.5269087481484807,0.8660254037844386,0.5000000000000001,-0.8978045395707417,-0.44039415155763423,-0.433883739117558,-0.9009688679024191
-0.10536054214877988,0.0,0.0,-0.1381505649357203,0.8109302162163288,0.5333333333333333,0.5269536334664932,0.8660254037844386,0.5000000000000001,-0.9680771188662041,-0.2506525322587213,-0.9749279121818236,-0.2225209339563146
0.0,-0.03279002278694042,-0.03279002278694042,0.0036970564089763105,0.8197099038683746,0.5333333333333333,0.5270882894205305,0.8660254037844386,0.5000000000000001,-0.9377521321470804,0.3473052528448203,0.7818314824680298,0.6234898018587336
0.02919899936759219,0.013245449483142099,0.0,0.050370178803906644,-0.14256306465487048,0.5333333333333333,0.527133174738543,0.8660254037844386,0.5000000000000001,-0.8486442574947509,0.5289640103269624,0.9749279121818236,-0.22252093395631434
0.03186114016886841,0.11191779164321516,0.1251632411263573,0.12825438780845427,-3.028522096376982,0.5333333333333333,0.5271780600565555,0.8660254037844386,0.5000000000000001,-0.7247927872291207,0.6889669190756859,0.43388373911755823,-0.900968867902419
0.13657548595751381,0.0,-0.00294561262190596,0.015314002472637254,1.0414538748281612,0.5333333333333333,0.527222945374568,0.8660254037844386,0.5000000000000001,-0.5712682150947924,0.8207634412072763,-0.433883739117558,-0.9009688679024191
-0.07247247474851154,0.0,0.0029456126219060065,-0.07247247474851154,0.6007738604289301,0.5333333333333333,0.5272678306925805,1.0,6.123233995736766e-17,0.20129852008866006,0.9795299412524945,-0.9749279121818236,-0.2225209339563146
-0.08523060397524801,-0.026827213633086783,-0.026827213633086783,-0.08523060397524801,-0.8690378470236094,0.5333333333333333,0.5274024866466179,1.0,6.123233995736766e-17,0.72479278722912,0.6889669190756866,0.7818314824680298,0.6234898018587336
0.12683679092337533,-0.006060944148075853,-0.006060944148075853,0.12683679092337533,0.20763936477824455,0.5333333333333333,0.5274473719646304,1.0,6.123233995736766e-17,0.8486442574947509,0.5289640103269624,0.9749279121818236,-0.22252093395631434
0.0031295542293923017,0.0180728741860506,0.0180728741860506,0.0031295542293923017,-0.6931471805599453,0.5333333333333333,0.5274922572826429,1.0,6.123233995736766e-17,0.9377521321470804,0.3473052528448203,0.43388373911755823,-0.900968867902419
-0.018927994936899298,-0.015037756052504304,-0.05838804054110492,0.0,1.0560526742493137,0.5333333333333333,0.5275371426006553,1.0,6.123233995736766e-17,0.9884683243281114,0.1514277775045767,-0.433883739117558,-0.9009688679024191
-0.029081185775145842,-0.02144053154170126,0.02190975294689927,-0.04800918071204507,-0.24512245803298496,0.5333333333333333,0.5275820279186678,1.0,6.123233995736766e-17,0.9987165071710528,-0.05064916883871264,-0.9749279121818236,-0.2225209339563146
0.0032734395345255683,0.02446635755623076,0.015361600445445135,0.08180685843111275,1.1700712526502546,0.5333333333333333,0.5277166838727053,1.0,6.123233995736766e-17,0.7907757369376989,-0.6121059825476626,0.7818314824680298,0.6234898018587336
0.012987414190257413,0.026827213633086874,0.03593197074387261,-0.06554600470633001,-0.4769240720903093,0.5333333333333333,0.5277615691907177,1.0,6.123233995736766e-17,0.6513724827222223,-0.758758122692791,0.9749279121818236,-0.22252093395631434
0.0,-0.060624891352154535,-0.0923732183394168,0.03174832698726238,-0.49247648509779407,0.5333333333333333,0.5278064545087302,1.0,6.123233995736766e-17,0.48530196253108104,-0.8743466161445821,0.43388373911755823,-0.900968867902419
0.03174832698726238,0.045809607757042514,0.03174832698726238,0.045809607757042514,1.1856236656577395,0.5333333333333333,0.5278513398267427,1.0,6.123233995736766e-17,0.29936312297335804,-0.9541392564000488,-0.433883739117558,-0.9009688679024191
0.04879033979027501,0.0438025860568157,0.04879033979027501,0.035194218587378964,0.22314355131420976,0.5333333333333333,0.5278962251447552,1.0,6.123233995736766e-17,0.10116832198743272,-0.994869323391895,-0.9749279121818236,-0.2225209339563146
0.04082185402358313,0.0716562177230551,0.04367502256540495,0.0802645851924919,-0.3409265869705932,0.5333333333333333,0.5280308810987926,1.0,6.123233995736766e-17,-0.4853019625310808,-0.8743466161445822,0.7818314824680298,0.6234898018587336
0.033711030245010584,-0.0026632099969063922,0.03361667900519021,-0.0026632099969063922,-1.7609878105613013,0.5333333333333333,0.5280757664168051,1.0,6.123233995736766e-17,-0.6513724827222217,-0.7587581226927913,0.9749279121818236,-0.22252093395631434
0.021859066692663076,0.0,0.032523160179136756,-0.01342291078847523,-1.0116009116784799,0.5333333333333333,0.5281206517348176,1.0,6.123233995736766e-17,-0.7907757369376986,-0.6121059825476627,0.43388373911755823,-0.900968867902419
-0.06417846440711031,-0.024292669118037107,-0.024292669118037107,-0.05557009693767359,0.8109302162163288,0.5333333333333333,0.5281655370528301,1.0,6.123233995736766e-17,-0.8978045395707417,-0.44039415155763423,-0.433883739117558,-0.9009688679024191
-0.053267092773429565,0.0054494050941136275,-0.0855221926316949,-0.011494059893658547,0.5753641449035618,0.5333333333333333,0.5282104223708425,1.0,6.123233995736766e-17,-0.9680771188662041,-0.2506525322587213,-0.9749279121818236,-0.2225209339563146
0.003035118133546271,-0.05875811117166205,0.03221348655414638,0.0028856924242218586,0.27193371548364176,0.5333333333333333,0.52834507832488,1.0,6.123233995736766e-17,-0.9377521321470804,0.3473052528448203,0.7818314824680298,0.6234898018587336
0.050231974639883305,0.0,0.0,0.0,-8.055157731819678,0.5333333333333333,0.5283899636428925,1.0,6.123233995736766e-17,-0.8486442574947509,0.5289640103269624,0.9749279121818236,-0.22252093395631434
0.0,0.0227932931689538,0.0227932931689538,0.0,6.620073206530356,0.5333333333333333,0.5284348489609049,1.0,6.123233995736766e-17,-0.7247927872291207,0.6889669190756859,0.43388373911755823,-0.900968867902419
0.008608367469436823,-0.014184925699517055,-0.014184925699517055,0.008608367469436823,0.0,0.5333333333333333,0.5284797342789174,1.0,6.123233995736766e-17,-0.5712682150947924,0.8207634412072763,-0.433883739117558,-0.9009688679024191
0.00285316854182165,0.00285316854182165,0.00285316854182165,0.00285316854182165,-1.6094379124341003,0.5333333333333333,0.5286592755509674,0.8660254037844387,-0.4999999999999998,0.20129852008866006,0.9795299412524945,0.7818314824680298,0.6234898018587336
0.01133175715769525,0.052716928395851834,0.052716928395851834,0.052716928395851834,2.9444389791664403,0.5333333333333333,0.5287041608689798,0.8660254037844387,-0.4999999999999998,0.39435585511331855,0.9189578116202306,0.9749279121818236,-0.22252093395631434
-0.0227932931689538,0.0,0.0,-0.06417846440711031,0.5520685823000399,0.5333333333333333,0.5287490461869923,0.8660254037844387,-0.4999999999999998,0.5712682150947923,0.8207634412072763,0.43388373911755823,-0.900968867902419
0.011461536011258378,-0.04703520143487794,-0.04703520143487794,0.011461536011258378,-0.12921173148000623,0.5333333333333333,0.5287939315050048,0.8660254037844387,-0.4999999999999998,0.72479278722912,0.6889669190756866,-0.433883739117558,-0.9009688679024191
-0.017241790486774565,0.022410180636305094,0.019636157439527145,0.028091907597278993,-0.534082485930258,0.5333333333333333,0.5288388168230173,0.8660254037844387,-0.4999999999999998,0.8486442574947509,0.5289640103269624,-0.9749279121818236,-0.2225209339563146
0.0453336980840535,0.0,0.002774023196778036,0.0,-7.843848638152472,0.5333333333333333,0.5289734727770546,0.8660254037844387,-0.4999999999999998,0.9987165071710528,-0.05064916883871264,0.7818314824680298,0.6234898018587336
-0.005555862627086941,-0.005555862627086941,-0.005555862627086941,-0.005555862627086941,5.0106352940962555,0.5333333333333333,0.5290183580950671,0.8660254037844387,-0.4999999999999998,0.9680771188662043,-0.2506525322587204,0.9749279121818236,-0.22252093395631434
-0.051439869137419485,-0.0027891001733227993,-0.0027891001733227993,-0.051439869137419485,2.4849066497880004,0.5333333333333333,0.5290632434130796,0.8660254037844387,-0.4999999999999998,0.8978045395707416,-0.4403941515576344,0.43388373911755823,-0.900968867902419
0.04585346724520087,-0.0027973017188957995,-0.0027973017188957995,0.04585346724520087,-2.4849066497880004,0.5333333333333333,0.5291081287310921,0.8660254037844387,-0.4999999999999998,0.7907757369376989,-0.6121059825476626,-0.433883739117558,-0.9009688679024191
-0.002805249028222663,0.0357672853178784,0.0,0.0357672853178784,3.9318256327243257,0.5333333333333333,0.5291530140491045,0.8660254037844387,-0.4999999999999998,0.6513724827222223,-0.758758122692791,-0.9749279121818236,-0.2225209339563146
0.038572534346101084,0.0,0.0357672853178784,0.0,-0.08167803101426724,0.5333333333333333,0.529287670003142,0.8660254037844387,-0.4999999999999998,0.10116832198743272,-0.994869323391895,0.7818314824680298,0.6234898018587336
-0.03576728531787838,-0.03576728531787838,-0.03576728531787838,-0.03576728531787838,-1.547562508716013,0.5333333333333333,0.5293325553211545,0.8660254037844387,-0.4999999999999998,-0.10116832198743204,-0.9948693233918952,0.9749279121818236,-0.22252093395631434
-0.002805249028222663,0.0,0.0,-0.002805249028222663,0.8754687373538999,0.5333333333333333,0.5293774406391669,0.8660254037844387,-0.4999999999999998,-0.29936312297335776,-0.9541392564000489,0.43388373911755823,-0.900968867902419
-0.02849162248523106,0.0357672853178784,0.0357672853178784,-0.02849162248523106,-0.7801585575495751,0.5333333333333333,0.5294223259571794,0.8660254037844387,-0.4999999999999998,-0.4853019625310808,-0.8743466161445822,-0.433883739117558,-0.9009688679024191
0.0,-0.06706415683133209,-0.06706415683133209,0.0,-7.408530566894626,0.5333333333333333,0.5294672112751919,0.8660254037844387,-0.4999999999999998,-0.6513724827222217,-0.7587581226927913,-0.9749279121818236,-0.2225209339563146
-0.03230852616315726,0.06706415683133216,0.06706415683133216,0.0,7.783224016336037,0.5333333333333333,0.5296018672292293,0.8660254037844387,-0.4999999999999998,-0.9680771188662041,-0.2506525322587213,0.7818314824680298,0.6234898018587336
0.03230852616315729,-0.06706415683133209,-0.06706415683133209,0.0,-7.783224016336037,0.5333333333333333,0.5296467525472418,0.8660254037844387,-0.4999999999999998,-0.9987165071710528,-0.05064916883871355,0.9749279121818236,-0.22252093395631434
0.011494059893658527,0.011494059893658527,0.011494059893658527,0.011494059893658527,5.0106352940962555,0.5333333333333333,0.5296916378652543,0.8660254037844387,-0.4999999999999998,-0.9884683243281114,0.15142777750457667,0.43388373911755823,-0.900968867902419
-0.011494059893658547,0.00285316854182165,0.00285316854182165,-0.011494059893658547,2.302585092994046,0.5333333333333333,0.5297365231832668,0.8660254037844387,-0.4999999999999998,-0.9377521321470804,0.3473052528448203,-0.433883739117558,-0.9009688679024191
0.020028955396454138,0.0056817269609740146,0.0056817269609740146,0.020028955396454138,0.0,0.5333333333333333,0.5297814085012793,0.8660254037844387,-0.4999999999999998,-0.8486442574947509,0.5289640103269624,-0.9749279121818236,-0.2225209339563146
-0.0028365742362009274,0.019636157439527145,0.019636157439527145,-0.0028365742362009274,0.5877866649021191,0.5333333333333333,0.5299160644553167,0.8660254037844387,-0.4999999999999998,-0.3943558551133187,0.9189578116202306,0.7818314824680298,0.6234898018587336
-0.008559243788905728,0.016529285665789057,0.013793112563479853,0.019690892245419013,1.1169614273363062,0.5333333333333333,0.5299609497733292,0.8660254037844387,-0.4999999999999998,-0.20129852008866114,0.9795299412524943,0.9749279121818236,-0.22252093395631434
-0.02318973310309473,0.010869758329561802,0.0,0.02747442779115074,1.5494948764670669,0.5333333333333333,0.5300058350913417,0.5000000000000003,-0.8660254037844385,0.20129852008866006,0.9795299412524945,0.43388373911755823,-0.900968867902419
0.02605065562540579,0.06284792966360765,0.0,-0.05286364130316452,-1.3824407918039006,0.5333333333333333,0.5300507204093541,0.5000000000000003,-0.8660254037844385,0.39435585511331855,0.9189578116202306,-0.433883739117558,-0.9009688679024191
0.00285316854182165,-0.11556485805945951,-0.03911099696398084,0.00285316854182165,-2.5649493574615367,0.5333333333333333,0.5300956057273666,0.5000000000000003,-0.8660254037844385,0.5712682150947923,0.8207634412072763,-0.9749279121818236,-0.2225209339563146
0.0,0.0,0.0,0.0,-6.620073206530356,0.5333333333333333,0.5302302616814041,0.5000000000000003,-0.8660254037844385,0.9377521321470804,0.3473052528448203,0.7818314824680298,0.6234898018587336
-0.028903824167227383,0.07938495927339881,0.07938495927339881,-0.028903824167227383,8.411832675758411,0.5333333333333333,0.5302751469994166,0.5000000000000003,-0.8660254037844385,0.9884683243281114,0.1514277775045767,0.9749279121818236,-0.22252093395631434
0.0,-0.1082887834406261,-0.1082887834406261,0.0,-8.411832675758411,0.5333333333333333,0.530320032317429,0.5000000000000003,-0.8660254037844385,0.9987165071710528,-0.05064916883871264,0.43388373911755823,-0.900968867902419
-0.0029366468362980124,-0.0029366468362980124,-0.0029366468362980124,-0.0029366468362980124,7.090076835776092,0.5333333333333333,0.5303649176354415,0.5000000000000003,-0.8660254037844385,0.9680771188662043,-0.2506525322587204,-0.433883739117558,-0.9009688679024191
0.0,0.0029366468362980193,0.0029366468362980193,0.0,0.0,0.5333333333333333,0.530409802953454,0.5000000000000003,-0.8660254037844385,0.8978045395707416,-0.4403941515576344,-0.9749279121818236,-0.2225209339563146
-0.1119177916432152,0.008759172772935926,-0.023739859750921858,-0.060624891352154535,1.9810014688665833,0.5333333333333333,0.5305444589074914,0.5000000000000003,-0.8660254037844385,0.48530196253108104,-0.8743466161445821,0.7818314824680298,0.6234898018587336
0.05129290029106067,-0.07232071096138853,-0.03982167843753065,0.0,-9.071078304642676,0.5333333333333333,0.5305893442255039,0.5000000000000003,-0.8660254037844385,0.29936312297335804,-0.9541392564000488,0.9749279121818236,-0.22252093395631434
0.0,0.08961219381385828,0.0,0.0752235718689053,8.1886891244442,0.5333333333333333,0.5306342295435164,0.5000000000000003,-0.8660254037844385,0.10116832198743272,-0.994869323391895,0.43388373911755823,-0.900968867902419
0.030771851704538226,0.12600338975964265,0.030771851704538226,-0.014598680516750846,0.22314355131420976,0.5333333333333333,0.5306791148615289,0.5000000000000003,-0.8660254037844385,-0.10116832198743204,-0.9948693233918952,-0.433883739117558,-0.9009688679024191
0.029853039647616323,-0.15499069222134626,0.029853039647616323,0.0,-8.411832675758411,0.5333333333333333,0.5307240001795414,0.5000000000000003,-0.8660254037844385,-0.29936312297335776,-0.9541392564000489,-0.9749279121818236,-0.2225209339563146
0.0,0.0,0.0,0.0,5.0106352940962555,0.5333333333333333,0.5308586561335787,0.5000000000000003,-0.8660254037844385,-0.7907757369376986,-0.6121059825476627,0.7818314824680298,0.6234898018587336
0.0,0.0,0.0,0.0,1.0986122886681098,0.5333333333333333,0.5309035414515912,0.5000000000000003,-0.8660254037844385,-0.8978045395707417,-0.44039415155763423,0.9749279121818236,-0.22252093395631434
-0.03288815778116264,-0.00294561262190596,-0.00294561262190596,-0.03288815778116264,0.28768207245178085,0.5333333333333333,0.5309484267696037,0.5000000000000003,-0.8660254037844385,-0.9680771188662041,-0.2506525322587213,0.43388373911755823,-0.900968867902419
-0.015314002472637256,0.0,-0.020865333883837406,-0.015314002472637256,1.8325814637483102,0.5333333333333333,0.5309933120876161,0.5000000000000003,-0.8660254037844385,-0.9987165071710528,-0.05064916883871355,-0.433883739117558,-0.9009688679024191
-0.05715847227587421,-0.04525654763189394,-0.02439121374805653,-0.040950792073665115,0.9707789171582248,0.5333333333333333,0.5310381974056286,0.5000000000000003,-0.8660254037844385,-0.9884683243281114,0.15142777750457667,-0.9749279121818236,-0.2225209339563146
0.03215730839345728,-0.02500116388241703,-0.02500116388241703,0.01594962819124801,-4.189654742026425,0.5333333333333333,0.5312177386776785,0.5000000000000003,-0.8660254037844385,-0.5712682150947924,0.8207634412072763,0.9749279121818236,-0.22252093395631434
0.0,0.031154803958633997,0.0,0.031154803958633997,3.091042453358316,0.5333333333333333,0.531262623995691,0.5000000000000003,-0.8660254037844385,-0.3943558551133187,0.9189578116202306,0.43388373911755823,-0.900968867902419
0.046376110503130244,0.05954176274562813,0.046376110503130244,0.04204852017758288,0.9864949905474035,0.5333333333333333,0.5313075093137035,0.5000000000000003,-0.8660254037844385,-0.20129852008866114,0.9795299412524943,-0.433883739117558,-0.9009688679024191
0.026827213633086874,-0.0028945620512943588,0.026827213633086874,0.014598680516750891,-0.6435502394205731,0.5333333333333333,0.531352394631716,0.5000000000000003,-0.8660254037844385,-2.4492935982947064e-16,1.0,-0.9749279121818236,-0.2225209339563146
-0.1285023186143155,-0.008733671785050415,0.005865008731700483,-0.0505306512606234,-0.25593337413720063,0.5333333333333333,0.5314870505857534,1.2246467991473532e-16,-1.0,0.5712682150947923,0.8207634412072763,0.7818314824680298,0.6234898018587336
0.09257034787044299,-0.041796979475572975,-0.041796979475572975,0.0,-8.1886891244442,0.5333333333333333,0.5315319359037659,1.2246467991473532e-16,-1.0,0.72479278722912,0.6889669190756866,0.9749279121818236,-0.22252093395631434
0.0,0.0,0.0,0.0,0.0,0.5333333333333333,0.5315768212217784,1.2246467991473532e-16,-1.0,0.8486442574947509,0.5289640103269624,0.43388373911755823,-0.900968867902419
-0.024692920608282022,-0.024692920608282022,-0.024692920608282022,-0.024692920608282022,5.0106352940962555,0.5333333333333333,0.5316217065397909,1.2246467991473532e-16,-1.0,0.9377521321470804,0.3473052528448203,-0.433883739117558,-0.9009688679024191
0.015504504618448435,0.033797677719067776,0.015504504618448435,0.033797677719067776,1.6094379124341003,0.5333333333333333,0.5316665918578033,1.2246467991473532e-16,-1.0,0.9884683243281114,0.1514277775045767,-0.9749279121818236,-0.2225209339563146
0.015267347086089731,0.0,0.01829317310061933,-0.0030258260145295786,-0.5108256237659907,0.5333333333333333,0.5318012478118408,1.2246467991473532e-16,-1.0,0.8978045395707416,-0.4403941515576344,0.7818314824680298,0.6234898018587336
-0.08535988006789277,-0.033797677719067734,-0.033797677719067734,-0.030771851704538108,2.367123614131617,0.5333333333333333,0.5318461331298533,1.2246467991473532e-16,-1.0,0.7907757369376989,-0.6121059825476626,0.9749279121818236,-0.22252093395631434
0.0700925329818032,0.033797677719067776,0.015504504618448435,0.033797677719067776,-1.1631508098056809,0.5333333333333333,0.5318910184478658,1.2246467991473532e-16,-1.0,0.6513724827222223,-0.758758122692791,0.43388373911755823,-0.900968867902419
-0.06679740490950921,-0.009104757110785665,-0.047252831605710865,-0.06554600470633001,0.8754687373538999,0.5333333333333333,0.5319359037658782,1.2246467991473532e-16,-1.0,0.48530196253108104,-0.8743466161445821,-0.433883739117558,-0.9009688679024191
0.01954457330379834,-0.05644124759554435,0.0,0.0,-8.1886891244442,0.5333333333333333,0.5319807890838907,1.2246467991473532e-16,-1.0,0.29936312297335804,-0.9541392564000488,-0.9749279121818236,-0.2225209339563146
0.03174832698726238,0.06554600470633014,0.03174832698726238,0.06554600470633014,7.783224016336037,0.5333333333333333,0.5321154450379282,1.2246467991473532e-16,-1.0,-0.29936312297335776,-0.9541392564000489,0.7818314824680298,0.6234898018587336
-0.04800918071204507,-0.030677329998814406,0.0031203477202531847,-0.07201886005961286,-0.2876820724517809,0.5333333333333333,0.5321603303559406,1.2246467991473532e-16,-1.0,-0.4853019625310808,-0.8743466161445822,0.9749279121818236,-0.22252093395631434
0.03226094969421054,0.04268926003678928,-0.018868578738087744,0.08403079009758758,1.0414538748281612,0.5333333333333333,0.5322052156739531,1.2246467991473532e-16,-1.0,-0.6513724827222217,-0.7587581226927913,0.43388373911755823,-0.900968867902419
0.0,0.0,0.06155783877487702,-0.06155783877487702,-0.4353180712578455,0.5333333333333333,0.5322501009919656,1.2246467991473532e-16,-1.0,-0.7907757369376986,-0.6121059825476627,-0.433883739117558,-0.9009688679024191
0.03125273563628302,0.0,-0.015037756052504304,0.06155783877487702,-0.8938178760220964,0.5333333333333333,0.5322949863099781,1.2246467991473532e-16,-1.0,-0.8978045395707417,-0.44039415155763423,-0.9749279121818236,-0.2225209339563146
0.0,-0.030305103138594008,-0.01526734708608968,-0.030305103138594008,-0.40546510810816444,0.5333333333333333,0.5324296422640155,1.2246467991473532e-16,-1.0,-0.9884683243281114,0.15142777750457667,0.7818314824680298,0.6234898018587336
-0.015504504618448524,-0.015504504618448524,-0.015504504618448524,-0.015504504618448524,-0.1823215567939546,0.5333333333333333,0.532474527582028,1.2246467991473532e-16,-1.0,-0.9377521321470804,0.3473052528448203,0.9749279121818236,-0.22252093395631434
-0.015748231017834517,-0.015748231017834517,-0.015748231017834517,-0.015748231017834517,-1.6094379124341003,0.5333333333333333,0.5325194129000405,1.2246467991473532e-16,-1.0,-0.8486442574947509,0.5289640103269624,0.43388373911755823,-0.900968867902419
-0.04879011875636827,0.015748231017834582,-0.016000095969427884,0.015748231017834582,3.6375861597263857,0.5333333333333333,0.532564298218053,1.2246467991473532e-16,-1.0,-0.7247927872291207,0.6889669190756859,-0.433883739117558,-0.9009688679024191
0.06453834977420277,0.0,0.03174832698726238,0.0,-8.648221453822641,0.5333333333333333,0.5326091835360653,1.2246467991473532e-16,-1.0,-0.5712682150947924,0.8207634412072763,-0.9749279121818236,-0.2225209339563146
0.0,0.0,0.0,0.0,6.802394763324311,0.5333333333333333,0.5327438394901028,-0.4999999999999997,-0.8660254037844388,0.20129852008866006,0.9795299412524945,0.7818314824680298,0.6234898018587336
0.0,0.0,0.0,0.0,-0.1823215567939546,0.5333333333333333,0.5327887248081153,-0.4999999999999997,-0.8660254037844388,0.39435585511331855,0.9189578116202306,0.9749279121818236,-0.22252093395631434
-0.06453834977420275,0.0,0.0,-0.06121044403664262,2.2407096892759584,0.5333333333333333,0.5328336101261277,-0.4999999999999997,-0.8660254037844388,0.5712682150947923,0.8207634412072763,0.43388373911755823,-0.900968867902419
0.0,-0.06453834977420275,-0.06453834977420275,-0.0033279057375601917,-2.463853240590168,0.5333333333333333,0.5329233807621527,-0.4999999999999997,-0.8660254037844388,0.8486442574947509,0.5289640103269624,-0.9749279121818236,-0.2225209339563146
0.0,0.02955877446462218,0.0,0.02955877446462218,1.252762968495368,0.5333333333333333,0.5330580367161901,-0.4999999999999997,-0.8660254037844388,0.9987165071710528,-0.05064916883871264,0.7818314824680298,0.6234898018587336
-0.020202687854778488,0.06271630888057254,0.09227508334519469,-0.04976146231940071,-0.8472978603872037,0.5333333333333333,0.5331029220342026,-0.4999999999999997,-0.8660254037844388,0.9680771188662043,-0.2506525322587204,0.9749279121818236,-0.22252093395631434
0.1305506453860237,0.05038140034920773,0.0180728741860506,0.14536592898113582,0.6931471805599453,0.5333333333333333,0.5331478073522151,-0.4999999999999997,-0.8660254037844388,0.8978045395707416,-0.4403941515576344,0.43388373911755823,-0.900968867902419
-0.0029893221429474585,-0.03230852616315726,0.0,-0.01780460573805943,-0.8754687373538999,0.5333333333333333,0.5331926926702276,-0.4999999999999997,-0.8660254037844388,0.7907757369376989,-0.6121059825476626,-0.433883739117558,-0.9009688679024191
-0.10735863538829785,-0.07755793474430482,-0.11034795753124531,-0.0745686126013574,-0.5108256237659907,0.5333333333333333,0.5332375779882401,-0.4999999999999997,-0.8660254037844388,0.6513724827222223,-0.758758122692791,-0.9749279121818236,-0.2225209339563146
0.009950321410848074,0.03174832698726238,0.009950321410848074,0.0,2.120263536200091,0.5333333333333333,0.5333722339422775,-0.4999999999999997,-0.8660254037844388,0.10116832198743272,-0.994869323391895,0.7818314824680298,0.6234898018587336
-0.00995032141084811,-0.003129554229392289,0.05145847413396229,-0.03279002278694042,-0.7339691750802004,0.5333333333333333,0.53341711926029,-0.4999999999999997,-0.8660254037844388,-0.10116832198743204,-0.9948693233918952,0.9749279121818236,-0.22252093395631434
0.0033279057375601713,-0.0580808898072503,-0.0580808898072503,0.0033279057375601713,-0.8754687373538999,0.5333333333333333,0.5334620045783025,-0.4999999999999997,-0.8660254037844388,-0.29936312297335776,-0.9541392564000489,0.43388373911755823,-0.900968867902419
0.0,0.0,0.0,0.0,-6.620073206530356,0.5333333333333333,0.5335068898963149,-0.4999999999999997,-0.8660254037844388,-0.4853019625310808,-0.8743466161445822,-0.433883739117558,-0.9009688679024191
0.029462117049380267,0.04228244909974332,0.04228244909974332,0.029462117049380267,5.703782474656201,0.5333333333333333,0.5335517752143274,-0.4999999999999997,-0.8660254037844388,-0.6513724827222217,-0.7587581226927913,-0.9749279121818236,-0.2225209339563146
-0.03279002278694042,-0.029081185775145842,-0.029081185775145842,-0.03279002278694042,2.1400661634962708,0.5333333333333333,0.5336864311683649,-0.4999999999999997,-0.8660254037844388,-0.9680771188662041,-0.2506525322587213,0.7818314824680298,0.6234898018587336
0.0,-0.0165291690621576,-0.0165291690621576,0.0,-7.843848638152472,0.5333333333333333,0.5337313164863774,-0.4999999999999997,-0.8660254037844388,-0.9987165071710528,-0.05064916883871355,0.9749279121818236,-0.22252093395631434
0.0,0.061408795544810435,0.0,0.061408795544810435,7.313220387090301,0.5333333333333333,0.5337762018043898,-0.4999999999999997,-0.8660254037844388,-0.9884683243281114,0.15142777750457667,0.43388373911755823,-0.900968867902419
0.055119135261286166,-0.006289660283524285,0.055119135261286166,-0.006289660283524285,-1.6094379124341003,0.5333333333333333,0.5338210871224023,-0.4999999999999997,-0.8660254037844388,-0.9377521321470804,0.3473052528448203,-0.433883739117558,-0.9009688679024191
0.0,0.0,0.0,0.0,-5.703782474656201,0.5333333333333333,0.5338659724404148,-0.4999999999999997,-0.8660254037844388,-0.8486442574947509,0.5289640103269624,-0.9749279121818236,-0.2225209339563146
-0.003159218271145846,0.009419214512916536,-0.003159218271145846,0.009419214512916536,7.090076835776092,0.5333333333333333,0.5340006283944522,-0.4999999999999997,-0.8660254037844388,-0.3943558551133187,0.9189578116202306,0.7818314824680298,0.6234898018587336
0.012578432784062434,0.0,0.012578432784062434,0.0,-7.090076835776092,0.5333333333333333,0.5340455137124647,-0.4999999999999997,-0.8660254037844388,-0.20129852008866114,0.9795299412524943,0.9749279121818236,-0.22252093395631434
-0.003129554229392289,0.0,-0.003129554229392289,0.0,7.408530566894626,0.5333333333333333,0.5340903990304772,-0.4999999999999997,-0.8660254037844388,-2.4492935982947064e-16,1.0,0.43388373911755823,-0.900968867902419
-0.061408795544810484,-0.006269495631793504,-0.044879626482652764,-0.006269495631793504,-0.0953101798043249,0.5333333333333333,0.5341352843484897,-0.8660254037844385,-0.5000000000000004,0.20129852008866006,0.9795299412524945,-0.433883739117558,-0.9009688679024191
0.0033279057375601713,0.01869222673014823,-0.013201263324597463,0.01869222673014823,-1.6094379124341003,0.5333333333333333,0.5341801696665022,-0.8660254037844385,-0.5000000000000004,0.39435585511331855,0.9189578116202306,-0.9749279121818236,-0.2225209339563146
0.0,-0.07363317513499724,0.0,-0.07363317513499724,-0.6931471805599453,0.5333333333333333,0.5343148256205396,-0.8660254037844385,-0.5000000000000004,0.8486442574947509,0.5289640103269624,0.7818314824680298,0.6234898018587336
0.0,0.0,0.0,0.0,-5.0106352940962555,0.5333333333333333,0.5343597109385521,-0.8660254037844385,-0.5000000000000004,0.9377521321470804,0.3473052528448203,0.9749279121818236,-0.22252093395631434
0.0,0.0,0.0,0.0,0.0,0.5333333333333333,0.5344045962565646,-0.8660254037844385,-0.5000000000000004,0.9884683243281114,0.1514277775045767,0.43388373911755823,-0.900968867902419
0.0,0.0,0.0,0.0,0.0,0.5333333333333333,0.534449481574577,-0.8660254037844385,-0.5000000000000004,0.9987165071710528,-0.05064916883871264,-0.433883739117558,-0.9009688679024191
0.0,0.0,0.0,0.0,0.0,0.5333333333333333,0.5344943668925894,-0.8660254037844385,-0.5000000000000004,0.9680771188662043,-0.2506525322587204,-0.9749279121818236,-0.2225209339563146
0.009917543745582024,0.01647470285912295,0.01647470285912295,0.009917543745582024,8.101677747454572,0.5333333333333333,0.534629022846627,-0.8660254037844385,-0.5000000000000004,0.6513724827222223,-0.758758122692791,0.7818314824680298,0.6234898018587336
0.01954457330379834,0.012987414190257413,0.012987414190257413,0.01954457330379834,-3.0910424533583156,0.5333333333333333,0.5346739081646393,-0.8660254037844385,-0.5000000000000004,0.48530196253108104,-0.8743466161445821,0.9749279121818236,-0.22252093395631434
-0.016260853724782802,-0.016260853724782802,-0.016260853724782802,-0.016260853724782802,1.3862943611198906,0.5333333333333333,0.5347187934826518,-0.8660254037844385,-0.5000000000000004,0.29936312297335804,-0.9541392564000488,0.43388373911755823,-0.900968867902419
-0.0165291690621576,0.0,0.0,-0.0032837195790155612,2.803360380906535,0.5333333333333333,0.5347636788006643,-0.8660254037844385,-0.5000000000000004,0.10116832198743272,-0.994869323391895,-0.433883739117558,-0.9009688679024191
0.02955877446462218,0.09381878846908762,0.013029605402464624,0.09710250804810325,-1.6247053845648889,0.5333333333333333,0.5348085641186768,-0.8660254037844385,-0.5000000000000004,-0.10116832198743204,-0.9948693233918952,-0.9749279121818236,-0.2225209339563146
0.08078918306662305,0.0,0.08078918306662305,0.0,-7.575584651557793,0.5333333333333333,0.5349432200727142,-0.8660254037844385,-0.5000000000000004,-0.6513724827222217,-0.7587581226927913,0.7818314824680298,0.6234898018587336
-0.07755793474430482,0.02651110320434598,0.02651110320434598,-0.07755793474430482,6.620073206530356,0.5333333333333333,0.5349881053907267,-0.8660254037844385,-0.5000000000000004,-0.7907757369376986,-0.6121059825476627,0.9749279121818236,-0.22252093395631434
0.0,-0.10406903794865077,-0.10406903794865077,0.0,-6.620073206530356,0.5333333333333333,0.5350329907087392,-0.8660254037844385,-0.5000000000000004,-0.8978045395707417,-0.44039415155763423,0.43388373911755823,-0.900968867902419
-0.022839701376092328,-0.022839701376092328,-0.022839701376092328,-0.022839701376092328,7.90100705199242,0.5333333333333333,0.5350778760267517,-0.8660254037844385,-0.5000000000000004,-0.9680771188662041,-0.2506525322587213,-0.433883739117558,-0.9009688679024191
0.0,0.12981160023226002,0.0,0.0032951280722939924,0.0,0.5333333333333333,0.5351227613447641,-0.8660254037844385,-0.5000000000000004,-0.9987165071710528,-0.05064916883871355,-0.9749279121818236,-0.2225209339563146
0.0032951280722939924,-0.126516472159966,0.0032951280722939924,0.0,-7.901007051992421,0.5333333333333333,0.5352574172988016,-0.8660254037844385,-0.5000000000000004,-0.8486442574947509,0.5289640103269624,0.7818314824680298,0.6234898018587336
0.0,0.0065571591135410575,0.003283719579015465,0.0,8.101677747454572,0.5333333333333333,0.5353023026168141,-0.8660254037844385,-0.5000000000000004,-0.7247927872291207,0.6889669190756859,0.9749279121818236,-0.22252093395631434
0.003283719579015465,0.060240245795968046,0.0,0.03554466927322609,-0.0953101798043249,0.5333333333333333,0.5353471879348266,-0.8660254037844385,-0.5000000000000004,-0.5712682150947924,0.8207634412072763,0.43388373911755823,-0.900968867902419
0.03226094969421054,-0.031252735636282974,0.03226094969421054,0.0,-2.995732273553991,0.5333333333333333,0.535392073252839,-0.8660254037844385,-0.5000000000000004,-0.3943558551133187,0.9189578116202306,-0.433883739117558,-0.9009688679024191
-0.032260949694210624,-0.032260949694210624,-0.032260949694210624,-0.032260949694210624,3.091042453358316,0.5333333333333333,0.5354369585708515,-0.8660254037844385,-0.5000000000000004,-0.20129852008866114,0.9795299412524943,-0.9749279121818236,-0.2225209339563146
-0.0032837195790155612,-0.0032837195790155612,-0.0032837195790155612,-0.0032837195790155612,-2.3978952727983707,0.5333333333333333,0.5356164998429014,-1.0,-1.8369701987210297e-16,0.5712682150947923,0.8207634412072763,0.9749279121818236,-0.22252093395631434
-0.0032951280722940033,0.0,0.0,-0.0032951280722940033,2.0794415416798357,0.5333333333333333,0.5356613851609139,-1.0,-1.8369701987210297e-16,0.72479278722912,0.6889669190756866,0.43388373911755823,-0.900968867902419
0.0,-0.0032951280722940033,-0.0032951280722940033,0.0,-7.783224016336037,0.5333333333333333,0.5357062704789264,-1.0,-1.8369701987210297e-16,0.8486442574947509,0.5289640103269624,-0.433883739117558,-0.9009688679024191
0.0,0.0,0.0,0.0,5.0106352940962555,0.5333333333333333,0.5357511557969389,-1.0,-1.8369701987210297e-16,0.9377521321470804,0.3473052528448203,-0.9749279121818236,-0.2225209339563146
0.0,0.0,0.0,0.0,1.3862943611198906,0.5333333333333333,0.5358858117509763,-1.0,-1.8369701987210297e-16,0.9680771188662043,-0.2506525322587204,0.7818314824680298,0.6234898018587336
0.0,0.0,0.0,0.0,-6.396929655216146,0.5333333333333333,0.5359306970689888,-1.0,-1.8369701987210297e-16,0.8978045395707416,-0.4403941515576344,0.9749279121818236,-0.22252093395631434
0.0,0.0,0.0,0.0,0.0,0.5333333333333333,0.5359755823870013,-1.0,-1.8369701987210297e-16,0.7907757369376989,-0.6121059825476626,0.43388373911755823,-0.900968867902419
-0.0066224156732878755,0.0,-0.0066224156732878755,-0.0066224156732878755,8.594154232552366,0.5333333333333333,0.5360204677050138,-1.0,-1.8369701987210297e-16,0.6513724827222223,-0.758758122692791,-0.433883739117558,-0.9009688679024191
0.0,-0.0066224156732878755,0.0,0.0,-8.594154232552366,0.5333333333333333,0.5360653530230262,-1.0,-1.8369701987210297e-16,0.48530196253108104,-0.8743466161445821,-0.9749279121818236,-0.2225209339563146
-0.016751094412563117,-0.016751094412563117,-0.016751094412563117,-0.016751094412563117,5.0106352940962555,0.5333333333333333,0.5362000089770637,-1.0,-1.8369701987210297e-16,-0.10116832198743204,-0.9948693233918952,0.7818314824680298,0.6234898018587336
0.0,0.0,0.0,0.0,1.0986122886681098,0.5333333333333333,0.5362448942950762,-1.0,-1.8369701987210297e-16,-0.29936312297335776,-0.9541392564000489,0.9749279121818236,-0.22252093395631434
0.0,0.0,0.0,0.0,-6.1092475827643655,0.5333333333333333,0.5362897796130885,-1.0,-1.8369701987210297e-16,-0.4853019625310808,-0.8743466161445822,0.43388373911755823,-0.900968867902419
0.003372862454575331,0.07483198421981342,0.003372862454575331,0.07169204281741225,6.620073206530356,0.5333333333333333,0.536334664931101,-1.0,-1.8369701987210297e-16,-0.6513724827222217,-0.7587581226927913,-0.433883739117558,-0.9009688679024191
0.06831918036283685,-0.003139941402401193,0.06831918036283685,0.0,-6.620073206530356,0.5333333333333333,0.5363795502491135,-1.0,-1.8369701987210297e-16,-0.7907757369376986,-0.6121059825476627,-0.9749279121818236,-0.2225209339563146
-0.07169204281741216,-0.06495765587869656,-0.06495765587869656,-0.06831918036283685,7.408530566894626,0.5333333333333333,0.5365142062031509,-1.0,-1.8369701987210297e-16,-0.9987165071710528,-0.05064916883871355,0.7818314824680298,0.6234898018587336
0.003372862454575331,-0.0033615244841402286,-0.0033615244841402286,0.0,-7.408530566894626,0.5333333333333333,0.5365590915211634,-1.0,-1.8369701987210297e-16,-0.9884683243281114,0.15142777750457667,0.9749279121818236,-0.22252093395631434
0.0,0.0,0.0,0.0,0.0,0.5333333333333333,0.5366039768391759,-1.0,-1.8369701987210297e-16,-0.9377521321470804,0.3473052528448203,0.43388373911755823,-0.900968867902419
0.0,0.0,0.0,0.0,0.0,0.5333333333333333,0.5366488621571884,-1.0,-1.8369701987210297e-16,-0.8486442574947509,0.5289640103269624,-0.433883739117558,-0.9009688679024191
0.0,0.0,0.0,0.0,0.0,0.5333333333333333,0.5366937474752009,-1.0,-1.8369701987210297e-16,-0.7247927872291207,0.6889669190756859,-0.9749279121818236,-0.2225209339563146
0.0,0.0,0.0,0.0,0.0,0.5333333333333333,0.5368284034292383,-1.0,-1.8369701987210297e-16,-0.20129852008866114,0.9795299412524943,0.7818314824680298,0.6234898018587336
-0.010152361634350938,0.01005032622042762,0.01005032622042762,-0.010152361634350938,8.229511118964457,0.5333333333333333,0.5368732887472508,-0.866025403784439,0.49999999999999933,0.20129852008866006,0.9795299412524945,0.9749279121818236,-0.22252093395631434
-0.013699015915525197,-0.0033390774879581914,-0.0033390774879581914,-0.013699015915525197,-1.8325814637483102,0.5333333333333333,0.5369181740652633,-0.866025403784439,0.49999999999999933,0.39435585511331855,0.9189578116202306,0.43388373911755823,-0.900968867902419
0.0,-0.030562626282345587,-0.030562626282345587,0.0,-6.396929655216146,0.5333333333333333,0.5369630593832758,-0.866025403784439,0.49999999999999933,0.5712682150947923,0.8207634412072763,-0.433883739117558,-0.9009688679024191
0.0,0.0,0.0,0.0,0.0,0.5333333333333333,0.5370079447012882,-0.866025403784439,0.49999999999999933,0.72479278722912,0.6889669190756866,-0.9749279121818236,-0.2225209339563146
0.0,0.0,0.0,0.0,7.408530566894626,0.5333333333333333,0.5371426006553257,-0.866025403784439,0.49999999999999933,0.9884683243281114,0.1514277775045767,0.7818314824680298,0.6234898018587336
-0.07145883837847618,-0.0640788693792256,-0.0640788693792256,-0.07145883837847618,-1.7047480922384253,0.5333333333333333,0.5371874859733382,-0.866025403784439,0.49999999999999933,0.9987165071710528,-0.05064916883871264,0.9749279121818236,-0.22252093395631434
-0.14738366517427617,-0.07241223561437321,-0.07241223561437321,-0.11778299426426876,3.9219733362813143,0.5333333333333333,0.5372323712913506,-0.866025403784439,0.49999999999999933,0.9680771188662043,-0.2506525322587204,0.43388373911755823,-0.900968867902419
0.02542507909948551,-0.05275072764914611,-0.05275072764914611,0.0,-1.9760631872260008,0.5333333333333333,0.5372772566093631,-0.866025403784439,0.49999999999999933,0.8978045395707416,-0.4403941515576344,-0.433883739117558,-0.9009688679024191
-0.038384291477084345,0.10660970408393436,-0.04255988328760612,-0.021053236407789187,1.074514737089049,0.5333333333333333,0.5373221419273756,-0.866025403784439,0.49999999999999933,0.7907757369376989,-0.6121059825476626,-0.9749279121818236,-0.2225209339563146
0.021506646879816904,-0.12766294049172364,0.021506646879816904,0.0,-8.724207360800564,0.5333333333333333,0.537456797881413,-0.866025403784439,0.49999999999999933,0.29936312297335804,-0.9541392564000488,0.7818314824680298,0.6234898018587336
0.0,0.0,0.0,0.0,0.0,0.5333333333333333,0.5375016831994255,-0.866025403784439,0.49999999999999933,0.10116832198743272,-0.994869323391895,0.9749279121818236,-0.22252093395631434
0.07774838589989506,0.13512552177512582,0.13512552177512582,0.13512552177512582,6.620073206530356,0.5333333333333333,0.537546568517438,-0.866025403784439,0.49999999999999933,-0.10116832198743204,-0.9948693233918952,0.43388373911755823,-0.900968867902419
-0.011881318631081087,-0.003724062506471118,-0.06925845450631184,-0.003724062506471118,0.3364722366212129,0.5333333333333333,0.5375914538354505,-0.866025403784439,0.49999999999999933,-0.29936312297335776,-0.9541392564000489,-0.433883739117558,-0.9009688679024191
0.0,-0.003738518776931071,0.0,-0.003738518776931071,0.5389965007326869,0.5333333333333333,0.537636339153463,-0.866025403784439,0.49999999999999933,-0.4853019625310808,-0.8743466161445822,-0.9749279121818236,-0.2225209339563146
0.01581080410349322,-0.045985069119416466,0.01581080410349322,-0.045985069119416466,-1.791759469228055,0.5333333333333333,0.5377709951075004,-0.866025403784439,0.49999999999999933,-0.8978045395707417,-0.44039415155763423,0.7818314824680298,0.6234898018587336
0.0,0.0,0.0,0.0,-5.703782474656201,0.5333333333333333,0.5378158804255129,-0.866025403784439,0.49999999999999933,-0.9680771188662041,-0.2506525322587213,0.9749279121818236,-0.22252093395631434
0.003914035184651853,0.011696028347801337,0.003914035184651853,0.011696028347801337,6.1092475827643655,0.5333333333333333,0.5378607657435254,-0.866025403784439,0.49999999999999933,-0.9987165071710528,-0.05064916883871355,0.43388373911755823,-0.900968867902419
0.04580955271169563,0.03802755954854611,0.04580955271169563,0.03802755954854611,0.5108256237659907,0.5333333333333333,0.5379056510615378,-0.866025403784439,0.49999999999999933,-0.9884683243281114,0.15142777750457667,-0.433883739117558,-0.9009688679024191
0.0,0.0,0.0,0.0,-6.620073206530356,0.5333333333333333,0.5379505363795503,-0.866025403784439,0.49999999999999933,-0.9377521321470804,0.3473052528448203,-0.9749279121818236,-0.2225209339563146
0.0,0.0,0.0,0.0,0.0,0.5333333333333333,0.5380851923335878,-0.866025403784439,0.49999999999999933,-0.5712682150947924,0.8207634412072763,0.7818314824680298,0.6234898018587336
0.0,0.0,0.0,0.0,0.0,0.5333333333333333,0.5381300776516001,-0.866025403784439,0.49999999999999933,-0.3943558551133187,0.9189578116202306,0.9749279121818236,-0.22252093395631434
0.0,0.0,0.0,0.0,0.0,0.5333333333333333,0.5381749629696126,-0.866025403784439,0.49999999999999933,-0.20129852008866114,0.9795299412524943,0.43388373911755823,-0.900968867902419
0.04022462840826964,0.04022462840826964,0.04022462840826964,0.04022462840826964,6.1092475827643655,0.5333333333333333,0.5382198482876251,-0.866025403784439,0.49999999999999933,-2.4492935982947064e-16,1.0,-0.433883739117558,-0.9009688679024191
0.0035780095007757044,0.0035780095007757044,0.0035780095007757044,0.0035780095007757044,0.6931471805599453,0.5333333333333333,0.5382647336056376,-0.5000000000000012,0.8660254037844379,0.20129852008866006,0.9795299412524945,-0.9749279121818236,-0.2225209339563146
0.0,0.0,0.0,0.0,-6.802394763324311,0.5333333333333333,0.538399389559675,-0.5000000000000012,0.8660254037844379,0.72479278722912,0.6889669190756866,0.7818314824680298,0.6234898018587336
0.0,0.0,0.0,0.0,0.0,0.5333333333333333,0.5384442748776875,-0.5000000000000012,0.8660254037844379,0.8486442574947509,0.5289640103269624,0.9749279121818236,-0.22252093395631434
-0.018018874741837214,-0.018018874741837214,-0.018018874741837214,-0.018018874741837214,6.396929655216146,0.5333333333333333,0.5384891601957,-0.5000000000000012,0.8660254037844379,0.9377521321470804,0.3473052528448203,0.43388373911755823,-0.900968867902419
0.0,0.0,0.0,0.0,-6.396929655216146,0.5333333333333333,0.5385340455137125,-0.5000000000000012,0.8660254037844379,0.9884683243281114,0.1514277775045767,-0.433883739117558,-0.9009688679024191
0.0,0.0,0.0,0.0,0.0,0.5333333333333333,0.538578930831725,-0.5000000000000012,0.8660254037844379,0.9987165071710528,-0.05064916883871264,-0.9749279121818236,-0.2225209339563146
-0.22314311240730028,-0.0953098156741345,-0.0953098156741345,-0.22314311240730028,8.411832675758411,0.5333333333333333,0.5387135867857624,-0.5000000000000012,0.8660254037844379,0.7907757369376989,-0.6121059825476626,0.7818314824680298,0.6234898018587336
0.026907420552164826,-0.10092587618100099,-0.10092587618100099,0.026907420552164826,-2.70805020110221,0.5333333333333333,0.5387584721037749,-0.5000000000000012,0.8660254037844379,0.6513724827222223,-0.758758122692791,0.9749279121818236,-0.22252093395631434
0.017543822539455835,0.017543822539455835,0.017543822539455835,0.017543822539455835,0.9162907318741551,0.5333333333333333,0.5388033574217874,-0.5000000000000012,0.8660254037844379,0.48530196253108104,-0.8743466161445821,0.43388373911755823,-0.900968867902419
0.0,0.0,0.0,0.0,-6.620073206530356,0.5333333333333333,0.5388482427397998,-0.5000000000000012,0.8660254037844379,0.29936312297335804,-0.9541392564000488,-0.433883739117558,-0.9009688679024191
0.0,0.0,0.0,0.0,0.0,0.5333333333333333,0.5388931280578123,-0.5000000000000012,0.8660254037844379,0.10116832198743272,-0.994869323391895,-0.9749279121818236,-0.2225209339563146
0.0,0.0,0.0,0.0,7.408530566894626,0.5333333333333333,0.5390277840118498,-0.5000000000000012,0.8660254037844379,-0.4853019625310808,-0.8743466161445822,0.7818314824680298,0.6234898018587336
0.021506646879816904,0.034191792020174784,0.034191792020174784,0.021506646879816904,-0.3184537311185346,0.5333333333333333,0.5390726693298622,-0.5000000000000012,0.8660254037844379,-0.6513724827222217,-0.7587581226927913,0.9749279121818236,-0.22252093395631434
-0.034635929074382205,-0.04732107421473998,-0.04732107421473998,-0.034635929074382205,0.22314355131420976,0.5333333333333333,0.5391175546478747,-0.5000000000000012,0.8660254037844379,-0.7907757369376986,-0.6121059825476627,0.43388373911755823,-0.900968867902419
0.0,0.0,0.0,0.0,-7.313220387090301,0.5333333333333333,0.5391624399658872,-0.5000000000000012,0.8660254037844379,-0.8978045395707417,-0.44039415155763423,-0.433883739117558,-0.9009688679024191
0.0,0.0,0.0,0.0,0.0,0.5333333333333333,0.5392073252838997,-0.5000000000000012,0.8660254037844379,-0.9680771188662041,-0.2506525322587213,-0.9749279121818236,-0.2225209339563146
0.0,0.00877244838923073,0.0,0.00877244838923073,8.961879012677683,0.5333333333333333,0.5393419812379371,-0.5000000000000012,0.8660254037844379,-0.9377521321470804,0.3473052528448203,0.7818314824680298,0.6234898018587336
0.00877244838923073,0.0,0.00877244838923073,0.0,-8.961879012677683,0.5333333333333333,0.5393868665559496,-0.5000000000000012,0.8660254037844379,-0.8486442574947509,0.5289640103269624,0.9749279121818236,-0.22252093395631434
0.0,0.0,0.0,0.0,0.0,0.5333333333333333,0.5394317518739621,-0.5000000000000012,0.8660254037844379,-0.7247927872291207,0.6889669190756859,0.43388373911755823,-0.900968867902419
0.0,0.0,0.0,0.0,0.0,0.5333333333333333,0.539521522509987,-0.5000000000000012,0.8660254037844379,-0.3943558551133187,0.9189578116202306,-0.9749279121818236,-0.2225209339563146
-0.008772448389230768,-0.008772448389230768,-0.008772448389230768,-0.008772448389230768,5.703782474656201,0.5333333333333333,0.5396561784640245,-2.4492935982947064e-16,1.0,0.39435585511331855,0.9189578116202306,0.7818314824680298,0.6234898018587336
0.0,0.0,0.0,0.0,-5.703782474656201,0.5333333333333333,0.539701063782037,-2.4492935982947064e-16,1.0,0.5712682150947923,0.8207634412072763,0.9749279121818236,-0.22252093395631434
-0.004414540344890506,0.026088494572164146,-0.004414540344890506,0.021787801355567498,8.055157731819678,0.5333333333333333,0.5397459491000494,-2.4492935982947064e-16,1.0,0.72479278722912,0.6889669190756866,0.43388373911755823,-0.900968867902419
-0.02690742055216476,-0.03050303491705462,0.0,-0.053109762252622705,-0.2113090936672069,0.5333333333333333,0.5397908344180619,-2.4492935982947064e-16,1.0,0.8486442574947509,0.5289640103269624,-0.433883739117558,-0.9009688679024191
-0.03704173175048969,-0.06394915230265445,-0.06394915230265445,-0.03704173175048969,-1.2237754316221157,0.5333333333333333,0.5398357197360744,-2.4492935982947064e-16,1.0,0.9377521321470804,0.3473052528448203,-0.9749279121818236,-0.2225209339563146
-0.023867290303408704,0.05951432209098406,-0.023867290303408704,0.05951432209098406,0.0,0.5333333333333333,0.5399703756901117,-2.4492935982947064e-16,1.0,0.9680771188662043,-0.2506525322587204,0.7818314824680298,0.6234898018587336
0.0,-0.008928381634337158,0.0,-0.008928381634337158,0.1823215567939546,0.5333333333333333,0.5400152610081242,-2.4492935982947064e-16,1.0,0.8978045395707416,-0.4403941515576344,0.9749279121818236,-0.22252093395631434
-0.019513059757131974,-0.09396629051718758,-0.019513059757131974,-0.09396629051718758,-0.1823215567939546,0.5333333333333333,0.5400601463261367,-2.4492935982947064e-16,1.0,0.7907757369376989,-0.6121059825476626,0.43388373911755823,-0.900968867902419
0.08042208181103037,0.11613988635319909,0.08495674599205807,0.08042208181103037,1.33500106673234,0.5333333333333333,0.5401050316441492,-2.4492935982947064e-16,1.0,0.6513724827222223,-0.758758122692791,-0.433883739117558,-0.9009688679024191
0.0,-0.03118314036114088,-0.004534664181027786,0.004534664181027785,0.10008345855698263,0.5333333333333333,0.5401499169621617,-2.4492935982947064e-16,1.0,0.48530196253108104,-0.8743466161445821,-0.9749279121818236,-0.2225209339563146
0.004534664181027785,0.0,0.004534664181027785,0.0,-8.055157731819678,0.5333333333333333,0.5402845729161991,-2.4492935982947064e-16,1.0,-0.10116832198743204,-0.9948693233918952,0.7818314824680298,0.6234898018587336
0.04425520970607829,0.04425520970607829,0.04425520970607829,0.04425520970607829,5.0106352940962555,0.5333333333333333,0.5403294582342116,-2.4492935982947064e-16,1.0,-0.29936312297335776,-0.9541392564000489,0.9749279121818236,-0.22252093395631434
0.0,0.0,0.0,0.0,-5.0106352940962555,0.5333333333333333,0.5403743435522241,-2.4492935982947064e-16,1.0,-0.4853019625310808,-0.8743466161445822,0.43388373911755823,-0.900968867902419
0.0,0.0,0.0,0.0,0.0,0.5333333333333333,0.5404192288702366,-2.4492935982947064e-16,1.0,-0.6513724827222217,-0.7587581226927913,-0.433883739117558,-0.9009688679024191
-0.09531017206346179,-0.057922838413617776,-0.057922838413617776,-0.06252013224662265,6.1092475827643655,0.5333333333333333,0.540464114188249,-2.4492935982947064e-16,1.0,-0.7907757369376986,-0.6121059825476627,-0.9749279121818236,-0.2225209339563146
-0.08441707401084252,0.0,-0.06148460070502601,0.004597293833004832,3.355735007585398,0.5333333333333333,0.5405987701422865,-2.4492935982947064e-16,1.0,-0.9987165071710528,-0.05064916883871355,0.7818314824680298,0.6234898018587336
0.12180440766068662,0.0,0.0614846007050261,0.0,-9.464982590349763,0.5333333333333333,0.540643655460299,-2.4492935982947064e-16,1.0,-0.9884683243281114,0.15142777750457667,0.9749279121818236,-0.22252093395631434
0.0,0.0,0.0,0.0,0.0,0.5333333333333333,0.5407334260963239,-2.4492935982947064e-16,1.0,-0.8486442574947509,0.5289640103269624,-0.433883739117558,-0.9009688679024191
-0.12699949766137447,-0.08617771920798492,-0.08617771920798492,-0.12699949766137447,7.718685495198466,0.5333333333333333,0.5407783114143364,-2.4492935982947064e-16,1.0,-0.7247927872291207,0.6889669190756859,-0.9749279121818236,-0.2225209339563146
-0.010471007726145006,-0.05129278617953468,-0.05129278617953468,-0.010471007726145006,-0.3101549283038396,0.5333333333333333,0.5409129673683738,-2.4492935982947064e-16,1.0,-0.20129852008866114,0.9795299412524943,0.7818314824680298,0.6234898018587336
0.051292786179534644,0.051292786179534644,0.051292786179534644,0.051292786179534644,-0.7884573603642702,0.5333333333333333,0.5409578526863863,-2.4492935982947064e-16,1.0,-2.4492935982947064e-16,1.0,0.9749279121818236,-0.22252093395631434
0.0,0.0,0.0,0.0,-6.620073206530356,0.55,0.5410476233224113,0.49999999999999994,0.8660254037844387,0.39435585511331855,0.9189578116202306,-0.433883739117558,-0.9009688679024191
-0.15665358417511563,0.0,0.0,-0.15665358417511563,8.146129510025405,0.55,0.5410925086404238,0.49999999999999994,0.8660254037844387,0.5712682150947923,0.8207634412072763,-0.9749279121818236,-0.2225209339563146
0.06234287719403129,0.0,0.0,0.06234287719403129,-2.4423470353692043,0.55,0.5412271645944612,0.49999999999999994,0.8660254037844387,0.9377521321470804,0.3473052528448203,0.7818314824680298,0.6234898018587336
0.0,-0.0943107069810843,-0.0943107069810843,0.0,-5.703782474656201,0.55,0.5412720499124737,0.49999999999999994,0.8660254037844387,0.9884683243281114,0.1514277775045767,0.9749279121818236,-0.22252093395631434
0.0,0.0,0.0,0.0,0.0,0.55,0.5413169352304862,0.49999999999999994,0.8660254037844387,0.9987165071710528,-0.05064916883871264,0.43388373911755823,-0.900968867902419
0.0,0.0,0.0,0.0,0.0,0.55,0.5413618205484986,0.49999999999999994,0.8660254037844387,0.9680771188662043,-0.2506525322587204,-0.433883739117558,-0.9009688679024191
-0.12260234345090662,-0.04495115070847238,-0.04495115070847238,-0.10414029280118697,8.817297783866575,0.55,0.5414067058665111,0.49999999999999994,0.8660254037844387,0.8978045395707416,-0.4403941515576344,-0.9749279121818236,-0.2225209339563146
0.01846205064971957,-0.05918914209271468,-0.05918914209271468,0.0,-8.817297783866575,0.55,0.5415413618205486,0.49999999999999994,0.8660254037844387,0.48530196253108104,-0.8743466161445821,0.7818314824680298,0.6234898018587336
-0.01226975337834479,0.04762864233101219,0.04762864233101219,-0.01226975337834479,6.396929655216146,0.55,0.541586247138561,0.49999999999999994,0.8660254037844387,0.29936312297335804,-0.9541392564000488,0.9749279121818236,-0.22252093395631434
0.0,-0.05989839570935697,-0.05989839570935697,0.0,-6.396929655216146,0.55,0.5416311324565735,0.49999999999999994,0.8660254037844387,0.10116832198743272,-0.994869323391895,0.43388373911755823,-0.900968867902419
0.012269753378344656,0.22067160806252972,0.21072075316061603,0.21570855799966607,8.724207360800564,0.55,0.541676017774586,0.49999999999999994,0.8660254037844387,-0.10116832198743204,-0.9948693233918952,-0.433883739117558,-0.9009688679024191
0.20343880462132133,-0.004963050062863685,0.004987804839050011,0.0,-8.724207360800564,0.55,0.5417209030925985,0.49999999999999994,0.8660254037844387,-0.29936312297335776,-0.9541392564000489,-0.9749279121818236,-0.2225209339563146
-0.1385186865666262,-0.056280591018584694,-0.056280591018584694,-0.1385186865666262,7.649692623711514,0.55,0.5419004443646483,0.49999999999999994,0.8660254037844387,-0.8978045395707417,-0.44039415155763423,0.9749279121818236,-0.22252093395631434
0.0,-0.08223809554804146,-0.08223809554804146,0.0,-7.649692623711514,0.55,0.5419453296826608,0.49999999999999994,0.8660254037844387,-0.9680771188662041,-0.2506525322587213,0.43388373911755823,-0.900968867902419
0.0,0.0,0.0,0.0,0.0,0.55,0.5419902150006733,0.49999999999999994,0.8660254037844387,-0.9987165071710528,-0.05064916883871355,-0.433883739117558,-0.9009688679024191
0.0,0.0,0.0,0.0,0.0,0.55,0.5420351003186858,0.49999999999999994,0.8660254037844387,-0.9884683243281114,0.15142777750457667,-0.9749279121818236,-0.2225209339563146
0.0,0.0,0.0,0.0,0.0,0.55,0.5421697562727232,0.49999999999999994,0.8660254037844387,-0.7247927872291207,0.6889669190756859,0.7818314824680298,0.6234898018587336
0.0,0.0,0.0,0.0,0.0,0.55,0.5422146415907357,0.49999999999999994,0.8660254037844387,-0.5712682150947924,0.8207634412072763,0.9749279121818236,-0.22252093395631434
-0.01729147572368288,-0.01729147572368288,-0.01729147572368288,-0.01729147572368288,5.703782474656201,0.55,0.5422595269087482,0.49999999999999994,0.8660254037844387,-0.3943558551133187,0.9189578116202306,0.43388373911755823,-0.900968867902419
0.0,0.0,0.0,0.0,-5.703782474656201,0.55,0.5423044122267606,0.49999999999999994,0.8660254037844387,-0.20129852008866114,0.9795299412524943,-0.433883739117558,-0.9009688679024191
0.06199140561425827,0.06199140561425827,0.06199140561425827,0.06199140561425827,6.1092475827643655,0.55,0.5423492975447731,0.49999999999999994,0.8660254037844387,-2.4492935982947064e-16,1.0,-0.9749279121818236,-0.2225209339563146
0.0,0.0,0.0,0.0,-6.1092475827643655,0.55,0.5424839534988106,0.8660254037844386,0.5000000000000001,0.5712682150947923,0.8207634412072763,0.7818314824680298,0.6234898018587336
0.0,0.0,0.0,0.0,8.536995818712418,0.55,0.542528838816823,0.8660254037844386,0.5000000000000001,0.72479278722912,0.6889669190756866,0.9749279121818236,-0.22252093395631434
0.0,0.0,0.0,0.0,-8.536995818712418,0.55,0.5425737241348355,0.8660254037844386,0.5000000000000001,0.8486442574947509,0.5289640103269624,0.43388373911755823,-0.900968867902419
-0.04469992989057544,0.0,-0.04469992989057544,0.0,6.1092475827643655,0.55,0.542618609452848,0.8660254037844386,0.5000000000000001,0.9377521321470804,0.3473052528448203,-0.433883739117558,-0.9009688679024191
-0.023122702447539504,-0.06782263233811493,-0.023122702447539504,-0.06782263233811493,0.5108256237659907,0.55,0.5426634947708605,0.8660254037844386,0.5000000000000001,0.9884683243281114,0.1514277775045767,-0.9749279121818236,-0.2225209339563146
0.0,0.0,0.0,0.0,-1.6094379124341003,0.55,0.5427981507248979,0.8660254037844386,0.5000000000000001,0.8978045395707416,-0.4403941515576344,0.7818314824680298,0.6234898018587336
-0.005865429470416632,0.0,-0.005865429470416632,0.0,0.6931471805599453,0.55,0.5428430360429104,0.8660254037844386,0.5000000000000001,0.7907757369376989,-0.6121059825476626,0.9749279121818236,-0.22252093395631434
0.005865429470416555,0.0,0.005865429470416555,0.0,-5.703782474656201,0.55,0.5428879213609229,0.8660254037844386,0.5000000000000001,0.6513724827222223,-0.758758122692791,0.43388373911755823,-0.900968867902419
-0.005865429470416632,-0.005865429470416632,-0.005865429470416632,-0.005865429470416632,7.90100705199242,0.55,0.5429328066789354,0.8660254037844386,0.5000000000000001,0.48530196253108104,-0.8743466161445821,-0.433883739117558,-0.9009688679024191
-0.005899083550448898,0.0,0.0,-0.005899083550448898,-2.1972245773362196,0.55,0.5429776919969478,0.8660254037844386,0.5000000000000001,0.29936312297335804,-0.9541392564000488,-0.9749279121818236,-0.2225209339563146
-0.011905529745784566,-0.011834130823163275,-0.011834130823163275,-0.005935047272714401,1.9459101490553132,0.55,0.5431572332689978,0.8660254037844386,0.5000000000000001,-0.4853019625310808,-0.8743466161445822,0.9749279121818236,-0.22252093395631434
0.05249025136792696,0.06899290696590589,0.04651976889485677,0.06899290696590589,-1.540445040947149,0.55,0.5432021185870102,0.8660254037844386,0.5000000000000001,-0.6513724827222217,-0.7587581226927913,0.43388373911755823,-0.900968867902419
-0.005697506153737215,-0.028170644224786382,-0.005697506153737215,-0.028170644224786382,0.5108256237659907,0.55,0.5432470039050227,0.8660254037844386,0.5000000000000001,-0.7907757369376986,-0.6121059825476627,-0.433883739117558,-0.9009688679024191
-0.04679274521418977,-0.04679274521418977,-0.04679274521418977,-0.04679274521418977,-0.5108256237659907,0.55,0.5432918892230352,0.8660254037844386,0.5000000000000001,-0.8978045395707417,-0.44039415155763423,-0.9749279121818236,-0.2225209339563146
0.0,0.0,0.0,0.0,-6.1092475827643655,0.55,0.5434265451770726,0.8660254037844386,0.5000000000000001,-0.9884683243281114,0.15142777750457667,0.7818314824680298,0.6234898018587336
0.0,0.0,0.0,0.0,0.0,0.55,0.5434714304950851,0.8660254037844386,0.5000000000000001,-0.9377521321470804,0.3473052528448203,0.9749279121818236,-0.22252093395631434
-0.0303971262188502,-0.00600537387464338,-0.00600537387464338,-0.0303971262188502,6.802394763324311,0.55,0.5435163158130976,0.8660254037844386,0.5000000000000001,-0.8486442574947509,0.5289640103269624,0.43388373911755823,-0.900968867902419
0.0,-0.02439175234420683,-0.02439175234420683,0.0,-6.802394763324311,0.55,0.5435612011311101,0.8660254037844386,0.5000000000000001,-0.7247927872291207,0.6889669190756859,-0.433883739117558,-0.9009688679024191
0.0,0.0,0.0,0.0,0.0,0.55,0.5436060864491226,0.8660254037844386,0.5000000000000001,-0.5712682150947924,0.8207634412072763,-0.9749279121818236,-0.2225209339563146
0.0,0.0,0.0,0.0,5.0106352940962555,0.55,0.54374074240316,1.0,6.123233995736766e-17,0.5712682150947923,0.8207634412072763,0.7818314824680298,0.6234898018587336
0.0,0.0,0.0,0.0,-5.0106352940962555,0.55,0.5437856277211724,1.0,6.123233995736766e-17,0.72479278722912,0.6889669190756866,0.9749279121818236,-0.22252093395631434
-0.03774040439905813,-0.006192297271374889,-0.006192297271374889,-0.03774040439905813,7.783224016336037,0.55,0.543830513039185,1.0,6.123233995736766e-17,0.8486442574947509,0.5289640103269624,0.43388373911755823,-0.900968867902419
0.0,-0.03154810712768326,-0.03154810712768326,0.0,-2.772588722239781,0.55,0.5438753983571974,1.0,6.123233995736766e-17,0.9377521321470804,0.3473052528448203,-0.433883739117558,-0.9009688679024191
0.0,0.0,0.0,0.0,-5.0106352940962555,0.55,0.5439202836752098,1.0,6.123233995736766e-17,0.9884683243281114,0.1514277775045767,-0.9749279121818236,-0.2225209339563146
-0.03257578481114336,-0.025975815194130437,-0.03257578481114336,-0.025975815194130437,7.575584651557793,0.55,0.5440549396292473,1.0,6.123233995736766e-17,0.8978045395707416,-0.4403941515576344,0.7818314824680298,0.6234898018587336
0.006599969617012913,0.0,0.006599969617012913,0.0,-7.575584651557793,0.55,0.5440998249472598,1.0,6.123233995736766e-17,0.7907757369376989,-0.6121059825476626,0.9749279121818236,-0.22252093395631434
-0.00659996961701281,-0.00659996961701281,-0.00659996961701281,-0.00659996961701281,6.1092475827643655,0.55,0.5441447102652722,1.0,6.123233995736766e-17,0.6513724827222223,-0.758758122692791,0.43388373911755823,-0.900968867902419
0.0,0.0,0.0,0.0,-6.1092475827643655,0.55,0.5441895955832847,1.0,6.123233995736766e-17,0.48530196253108104,-0.8743466161445821,-0.433883739117558,-0.9009688679024191
0.0,0.0,0.0,0.0,0.0,0.55,0.5442344809012972,1.0,6.123233995736766e-17,0.29936312297335804,-0.9541392564000488,-0.9749279121818236,-0.2225209339563146
-0.0405461021528875,0.0,-0.006644891662355947,-0.0405461021528875,8.817297783866575,0.55,0.5443691368553346,1.0,6.123233995736766e-17,-0.29936312297335776,-0.9541392564000489,0.7818314824680298,0.6234898018587336
-0.027974195763923834,-0.04746690853435306,-0.04082201687199717,-0.027974195763923834,-2.1972245773362196,0.55,0.5444140221733471,1.0,6.123233995736766e-17,-0.4853019625310808,-0.8743466161445822,0.9749279121818236,-0.22252093395631434
0.06852029791681123,0.04746690853435312,0.04746690853435312,0.06852029791681123,-0.2231435513142097,0.55,0.5444589074913596,1.0,6.123233995736766e-17,-0.6513724827222217,-0.7587581226927913,0.43388373911755823,-0.900968867902419
0.006599969617012913,0.026144554305390456,0.006599969617012913,0.026144554305390456,0.0,0.55,0.5445037928093721,1.0,6.123233995736766e-17,-0.7907757369376986,-0.6121059825476627,-0.433883739117558,-0.9009688679024191
0.01954458468837755,0.0,0.01954458468837755,0.0,-6.396929655216146,0.55,0.5445486781273846,1.0,6.123233995736766e-17,-0.8978045395707417,-0.44039415155763423,-0.9749279121818236,-0.2225209339563146
0.0,0.0,0.0,0.0,0.0,0.55,0.544683334081422,1.0,6.123233995736766e-17,-0.9884683243281114,0.15142777750457667,0.7818314824680298,0.6234898018587336
0.0,0.0,0.0,0.0,0.0,0.55,0.5447282193994345,1.0,6.123233995736766e-17,-0.9377521321470804,0.3473052528448203,0.9749279121818236,-0.22252093395631434
0.0,0.0,0.0,0.0,0.0,0.55,0.544773104717447,1.0,6.123233995736766e-17,-0.8486442574947509,0.5289640103269624,0.43388373911755823,-0.900968867902419
0.0,0.0,0.0,0.0,0.0,0.55,0.5448179900354594,1.0,6.123233995736766e-17,-0.7247927872291207,0.6889669190756859,-0.433883739117558,-0.9009688679024191
-0.03278944596774642,-0.03278944596774642,-0.03278944596774642,-0.03278944596774642,6.396929655216146,0.55,0.5448628753534719,1.0,6.123233995736766e-17,-0.5712682150947924,0.8207634412072763,-0.9749279121818236,-0.2225209339563146
-0.06187540625445534,-0.06187540625445534,-0.06187540625445534,-0.06187540625445534,-1.3862943611198906,0.55,0.5449975313075094,1.0,6.123233995736766e-17,-2.4492935982947064e-16,1.0,0.7818314824680298,0.6234898018587336
0.0,0.0,0.0,0.0,-5.0106352940962555,0.55,0.5450424166255218,0.8660254037844387,-0.4999999999999998,0.20129852008866006,0.9795299412524945,0.9749279121818236,-0.22252093395631434
0.0,0.0,0.0,0.0,0.0,0.55,0.5450873019435343,0.8660254037844387,-0.4999999999999998,0.39435585511331855,0.9189578116202306,0.43388373911755823,-0.900968867902419
0.0,0.0,0.0,0.0,0.0,0.55,0.5451321872615468,0.8660254037844387,-0.4999999999999998,0.5712682150947923,0.8207634412072763,-0.433883739117558,-0.9009688679024191
0.014084413967283048,0.014084413967283048,0.014084413967283048,0.014084413967283048,8.565983355585669,0.55,0.5451770725795593,0.8660254037844387,-0.4999999999999998,0.72479278722912,0.6889669190756866,-0.9749279121818236,-0.2225209339563146
0.0,0.0,0.0,0.0,-8.565983355585669,0.55,0.5453117285335967,0.8660254037844387,-0.4999999999999998,0.9884683243281114,0.1514277775045767,0.7818314824680298,0.6234898018587336
0.0,0.0,0.0,0.0,0.0,0.55,0.5453566138516092,0.8660254037844387,-0.4999999999999998,0.9987165071710528,-0.05064916883871264,0.9749279121818236,-0.22252093395631434
0.0,0.0,0.0,0.0,0.0,0.55,0.5454014991696217,0.8660254037844387,-0.4999999999999998,0.9680771188662043,-0.2506525322587204,0.43388373911755823,-0.900968867902419
0.0,0.0,0.0,0.0,0.0,0.55,0.5454463844876342,0.8660254037844387,-0.4999999999999998,0.8978045395707416,-0.4403941515576344,-0.433883739117558,-0.9009688679024191
0.0,0.0,0.0,0.0,7.313220387090301,0.55,0.5454912698056467,0.8660254037844387,-0.4999999999999998,0.7907757369376989,-0.6121059825476626,-0.9749279121818236,-0.2225209339563146
0.0,0.0,0.0,0.0,-7.313220387090301,0.55,0.545625925759684,0.8660254037844387,-0.4999999999999998,0.29936312297335804,-0.9541392564000488,0.7818314824680298,0.6234898018587336
0.013889781796640716,0.013889781796640716,0.013889781796640716,0.013889781796640716,8.922658299524402,0.55,0.5456708110776965,0.8660254037844387,-0.4999999999999998,0.10116832198743272,-0.994869323391895,0.9749279121818236,-0.22252093395631434
0.006872196804724992,0.027211868712115367,0.027211868712115367,0.006872196804724992,-0.616186139423817,0.55,0.545715696395709,0.8660254037844387,-0.4999999999999998,-0.10116832198743204,-0.9948693233918952,0.43388373911755823,-0.900968867902419
-0.03484639256864885,0.006689341778416032,-0.05518606447603933,0.027029013685806492,-0.40546510810816444,0.55,0.5457605817137214,0.8660254037844387,-0.4999999999999998,-0.29936312297335776,-0.9541392564000489,-0.433883739117558,-0.9009688679024191
0.06187540625445525,0.0,0.06187540625445525,0.0,-7.901007051992421,0.55,0.5459401229857714,0.8660254037844387,-0.4999999999999998,-0.8978045395707417,-0.44039415155763423,0.7818314824680298,0.6234898018587336
-0.04779099228717222,0.03922067647349922,0.03922067647349922,-0.04779099228717222,6.620073206530356,0.55,0.5459850083037838,0.8660254037844387,-0.4999999999999998,-0.9680771188662041,-0.2506525322587213,0.9749279121818236,-0.22252093395631434
0.09340180270134585,0.006390133940674559,0.006390133940674559,0.09340180270134585,-0.916290731874155,0.55,0.5460298936217963,0.8660254037844387,-0.4999999999999998,-0.9987165071710528,-0.05064916883871355,0.43388373911755823,-0.900968867902419
-0.045610810414173676,0.0,-0.045610810414173676,-0.03236594913480488,3.7612001156935624,0.55,0.5460747789398088,0.8660254037844387,-0.4999999999999998,-0.9884683243281114,0.15142777750457667,-0.433883739117558,-0.9009688679024191
0.10735820709140755,0.10854014189142361,0.10735820709140755,0.14090609102622853,-2.8449093838194073,0.55,0.5461196642578213,0.8660254037844387,-0.4999999999999998,-0.9377521321470804,0.3473052528448203,-0.9749279121818236,-0.2225209339563146
0.046792745214189795,0.0,0.046792745214189795,0.0,-6.620073206530356,0.55,0.5462543202118587,0.8660254037844387,-0.4999999999999998,-0.5712682150947924,0.8207634412072763,0.7818314824680298,0.6234898018587336
0.0,0.0,0.0,0.0,0.0,0.55,0.5462992055298712,0.8660254037844387,-0.4999999999999998,-0.3943558551133187,0.9189578116202306,0.9749279121818236,-0.22252093395631434
-0.05884075082685643,-0.05884075082685643,-0.05884075082685643,-0.05884075082685643,5.0106352940962555,0.55,0.5463440908478837,0.8660254037844387,-0.4999999999999998,-0.20129852008866114,0.9795299412524943,0.43388373911755823,-0.900968867902419
0.0,0.0,0.0,0.0,-5.0106352940962555,0.55,0.5463889761658962,0.5000000000000003,-0.8660254037844385,0.20129852008866006,0.9795299412524945,-0.433883739117558,-0.9009688679024191
0.0,0.0,0.0,0.0,6.396929655216146,0.55,0.5464338614839086,0.5000000000000003,-0.8660254037844385,0.39435585511331855,0.9189578116202306,-0.9749279121818236,-0.2225209339563146
0.006042631738023293,0.006042631738023293,0.006042631738023293,0.006042631738023293,1.6582280766035324,0.55,0.5465685174379461,0.5000000000000003,-0.8660254037844385,0.8486442574947509,0.5289640103269624,0.7818314824680298,0.6234898018587336
0.0,0.0,0.0,0.0,-1.252762968495368,0.55,0.5466134027559586,0.5000000000000003,-0.8660254037844385,0.9377521321470804,0.3473052528448203,0.9749279121818236,-0.22252093395631434
0.0,0.0,0.0,0.0,-6.802394763324311,0.55,0.546658288073971,0.5000000000000003,-0.8660254037844385,0.9884683243281114,0.1514277775045767,0.43388373911755823,-0.900968867902419
0.0,0.0,0.0,0.0,5.0106352940962555,0.55,0.5467031733919835,0.5000000000000003,-0.8660254037844385,0.9987165071710528,-0.05064916883871264,-0.433883739117558,-0.9009688679024191
0.0,0.0,0.0,0.0,-5.0106352940962555,0.55,0.546748058709996,0.5000000000000003,-0.8660254037844385,0.9680771188662043,-0.2506525322587204,-0.9749279121818236,-0.2225209339563146
0.0,0.0,0.0,0.0,0.0,0.55,0.5468827146640334,0.5000000000000003,-0.8660254037844385,0.6513724827222223,-0.758758122692791,0.7818314824680298,0.6234898018587336
0.0,0.0,0.0,0.0,0.0,0.55,0.5469275999820459,0.5000000000000003,-0.8660254037844385,0.48530196253108104,-0.8743466161445821,0.9749279121818236,-0.22252093395631434
0.0,0.0,0.0,0.0,0.0,0.55,0.5469724853000584,0.5000000000000003,-0.8660254037844385,0.29936312297335804,-0.9541392564000488,0.43388373911755823,-0.900968867902419
0.023809987170876876,0.023809987170876876,0.023809987170876876,0.023809987170876876,5.0106352940962555,0.55,0.5470173706180709,0.5000000000000003,-0.8660254037844385,0.10116832198743272,-0.994869323391895,-0.433883739117558,-0.9009688679024191
0.057158776142742666,0.057158776142742666,0.057158776142742666,0.057158776142742666,0.6931471805599453,0.55,0.5470622559360834,0.5000000000000003,-0.8660254037844385,-0.10116832198743204,-0.9948693233918952,-0.9749279121818236,-0.2225209339563146
-0.045462119948469326,0.0,-0.045462119948469326,0.0,2.3513752571634776,0.55,0.5471969118901208,0.5000000000000003,-0.8660254037844385,-0.6513724827222217,-0.7587581226927913,0.7818314824680298,0.6234898018587336
0.04546211994846919,0.0,0.04546211994846919,0.0,-2.3513752571634776,0.55,0.5472417972081333,0.5000000000000003,-0.8660254037844385,-0.7907757369376986,-0.6121059825476627,0.9749279121818236,-0.22252093395631434
-0.08701139505164282,-0.057158776142742555,-0.057158776142742555,-0.08701139505164282,0.6931471805599453,0.55,0.5472866825261458,0.5000000000000003,-0.8660254037844385,-0.8978045395707417,-0.44039415155763423,0.43388373911755823,-0.900968867902419
-0.006079367227838798,-0.029852618908900147,-0.029852618908900147,-0.006079367227838798,2.3978952727983707,0.55,0.5473315678441583,0.5000000000000003,-0.8660254037844385,-0.9680771188662041,-0.2506525322587213,-0.433883739117558,-0.9009688679024191
-0.0892308342509021,-0.006079367227838798,-0.09531020147874086,0.0,-1.3862943611198906,0.55,0.5473764531621707,0.5000000000000003,-0.8660254037844385,-0.9987165071710528,-0.05064916883871355,-0.9749279121818236,-0.2225209339563146
0.08923083425090213,0.07628355977574866,0.1133286895644778,0.07628355977574866,0.8602012652231116,0.55,0.5475559944342206,0.5000000000000003,-0.8660254037844385,-0.7247927872291207,0.6889669190756859,0.9749279121818236,-0.22252093395631434
-0.0759859729715334,0.0,0.05218570446217316,-0.1522695327472821,-0.7731898882334817,0.55,0.547600879752233,0.5000000000000003,-0.8660254037844385,-0.5712682150947924,0.8207634412072763,0.43388373911755823,-0.900968867902419
0.0,-0.1522695327472821,-0.1522695327472821,0.0,-7.495541943884256,0.55,0.5476457650702455,0.5000000000000003,-0.8660254037844385,-0.3943558551133187,0.9189578116202306,-0.433883739117558,-0.9009688679024191
0.01954458468837755,0.27443697275380463,0.18012626577272023,0.16907673525101496,7.90100705199242,0.55,0.547690650388258,0.5000000000000003,-0.8660254037844385,-0.20129852008866114,0.9795299412524943,-0.9749279121818236,-0.2225209339563146
0.0,-0.1803236269417658,-0.08601291996068157,-0.14953215056263724,-2.1972245773362196,0.55,0.5478253063422954,1.2246467991473532e-16,-1.0,0.39435585511331855,0.9189578116202306,0.7818314824680298,0.6234898018587336
-0.03278944596774642,-0.07456876112366116,-0.1007133154290516,-0.03278944596774642,2.4423470353692043,0.55,0.5478701916603079,1.2246467991473532e-16,-1.0,0.5712682150947923,0.8207634412072763,0.9749279121818236,-0.22252093395631434
0.0,-0.03278944596774642,-0.006644891662355947,0.0,-8.146129510025405,0.55,0.5479150769783204,1.2246467991473532e-16,-1.0,0.72479278722912,0.6889669190756866,0.43388373911755823,-0.900968867902419
0.0,0.0,0.0,0.0,0.0,0.55,0.5479599622963329,1.2246467991473532e-16,-1.0,0.8486442574947509,0.5289640103269624,-0.433883739117558,-0.9009688679024191
0.0,0.0,0.0,0.0,5.0106352940962555,0.55,0.5480048476143454,1.2246467991473532e-16,-1.0,0.9377521321470804,0.3473052528448203,-0.9749279121818236,-0.2225209339563146
0.0,0.0,0.0,0.0,3.332204510175204,0.55,0.5481395035683828,1.2246467991473532e-16,-1.0,0.9680771188662043,-0.2506525322587204,0.7818314824680298,0.6234898018587336
0.0,0.0,0.0,0.0,-8.34283980427146,0.55,0.5481843888863953,1.2246467991473532e-16,-1.0,0.8978045395707416,-0.4403941515576344,0.9749279121818236,-0.22252093395631434
0.0,0.0,0.0,0.0,0.0,0.55,0.5482292742044078,1.2246467991473532e-16,-1.0,0.7907757369376989,-0.6121059825476626,0.43388373911755823,-0.900968867902419
-0.013422705394134777,0.006644891662355919,0.006644891662355919,0.006644891662355919,9.053686561930807,0.55,0.5482741595224202,1.2246467991473532e-16,-1.0,0.6513724827222223,-0.758758122692791,-0.433883739117558,-0.9009688679024191
0.020067597056490666,0.0,0.0,0.0,-9.053686561930807,0.55,0.5483190448404327,1.2246467991473532e-16,-1.0,0.48530196253108104,-0.8743466161445821,-0.9749279121818236,-0.2225209339563146
0.0,0.0,0.0,0.0,0.0,0.55,0.5484537007944702,1.2246467991473532e-16,-1.0,-0.10116832198743204,-0.9948693233918952,0.7818314824680298,0.6234898018587336
-0.006644891662355947,-0.006644891662355947,-0.006644891662355947,-0.006644891662355947,5.0106352940962555,0.55,0.5484985861124826,1.2246467991473532e-16,-1.0,-0.29936312297335776,-0.9541392564000489,0.9749279121818236,-0.22252093395631434
0.06453879680901527,0.38299251776767,0.06453879680901527,0.31237495253613223,4.2626798770413155,0.55,0.5485434714304951,1.2246467991473532e-16,-1.0,-0.4853019625310808,-0.8743466161445822,0.43388373911755823,-0.900968867902419
0.15057259049885205,0.12783329673316582,0.290802140253026,-0.09726356522826488,0.11934675763256623,0.55,0.5485883567485076,1.2246467991473532e-16,-1.0,-0.6513724827222217,-0.7587581226927913,-0.433883739117558,-0.9009688679024191
0.16788113045980266,-0.061875406761728285,0.027651580705628648,0.21233237355142315,0.371563556432483,0.55,0.5486332420665201,1.2246467991473532e-16,-1.0,-0.7907757369376986,-0.6121059825476627,-0.9749279121818236,-0.2225209339563146
0.04445124309162047,0.041672284887815436,0.07020379717351118,0.06317893176763252,-0.6760527472006452,0.55,0.5487678980205575,1.2246467991473532e-16,-1.0,-0.9987165071710528,-0.05064916883871355,0.7818314824680298,0.6234898018587336
0.0,-0.020619048480026346,0.01680732920571561,-0.041672284887815506,0.2531958963806116,0.55,0.54881278333857,1.2246467991473532e-16,-1.0,-0.9884683243281114,0.15142777750457667,0.9749279121818236,-0.22252093395631434
-0.06744123197877483,-0.021053236407789187,-0.021053236407789187,-0.08894787885859178,-1.4403615823901665,0.55,0.5488576686565825,1.2246467991473532e-16,-1.0,-0.9377521321470804,0.3473052528448203,0.43388373911755823,-0.900968867902419
0.0,0.016877644597267486,-0.08894787885859178,0.09742234531996966,-1.0986122886681098,0.55,0.548902553974595,1.2246467991473532e-16,-1.0,-0.8486442574947509,0.5289640103269624,-0.433883739117558,-0.9009688679024191
0.09742234531996966,-0.008403178135889495,0.09742234531996966,0.0,-6.802394763324311,0.55,0.5489474392926075,1.2246467991473532e-16,-1.0,-0.7247927872291207,0.6889669190756859,-0.9749279121818236,-0.2225209339563146
-0.15485443824384565,0.033197818426437674,-0.10676803280938985,0.033197818426437674,6.620073206530356,0.55,0.5490820952466449,1.2246467991473532e-16,-1.0,-0.20129852008866114,0.9795299412524943,0.7818314824680298,0.6234898018587336
0.009804516579492483,-0.17824774009079075,-0.03828188885496332,-0.17824774009079075,-0.2231435513142097,0.55,0.5491269805646574,-0.4999999999999997,-0.8660254037844388,0.20129852008866006,0.9795299412524945,0.9749279121818236,-0.22252093395631434
0.0,0.0,0.0,0.0,-6.396929655216146,0.55,0.5491718658826699,-0.4999999999999997,-0.8660254037844388,0.39435585511331855,0.9189578116202306,0.43388373911755823,-0.900968867902419
0.009708543177639353,0.009708543177639353,0.009708543177639353,0.009708543177639353,6.396929655216146,0.55,0.5492167512006823,-0.4999999999999997,-0.8660254037844388,0.5712682150947923,0.8207634412072763,-0.433883739117558,-0.9009688679024191
0.0,0.03791903316674404,0.0,0.03791903316674404,0.22314355131420976,0.55,0.5493962924727323,-0.4999999999999997,-0.8660254037844388,0.9884683243281114,0.1514277775045767,0.7818314824680298,0.6234898018587336
0.014388723877542623,0.08894787885859183,0.1268669120253359,-0.0235303092892013,1.7227665977411035,0.55,0.5494411777907446,-0.4999999999999997,-0.8660254037844388,0.9987165071710528,-0.05064916883871264,0.9749279121818236,-0.22252093395631434
0.0,-0.11247818814779313,-0.11247818814779313,0.0,-8.34283980427146,0.55,0.5494860631087571,-0.4999999999999997,-0.8660254037844388,0.9680771188662043,-0.2506525322587204,0.43388373911755823,-0.900968867902419
0.0,0.0,0.0,0.0,5.703782474656201,0.55,0.5495309484267696,-0.4999999999999997,-0.8660254037844388,0.8978045395707416,-0.4403941515576344,-0.433883739117558,-0.9009688679024191
0.0,0.023530309289201263,0.023530309289201263,0.0,0.9162907318741551,0.55,0.5495758337447821,-0.4999999999999997,-0.8660254037844388,0.7907757369376989,-0.6121059825476626,-0.9749279121818236,-0.2225209339563146
0.023530309289201263,0.0,0.0,0.023530309289201263,-0.2231435513142097,0.55,0.5497104896988195,-0.4999999999999997,-0.8660254037844388,0.29936312297335804,-0.9541392564000488,0.7818314824680298,0.6234898018587336
0.0,0.13062016374640734,0.0,0.13062016374640734,0.22314355131420976,0.55,0.549755375016832,-0.4999999999999997,-0.8660254037844388,0.10116832198743272,-0.994869323391895,0.9749279121818236,-0.22252093395631434
0.022989988887154474,0.12275972775762596,0.022989988887154474,0.12275972775762596,3.6686767467964168,0.55,0.5498002603348445,-0.4999999999999997,-0.8660254037844388,-0.10116832198743204,-0.9948693233918952,0.43388373911755823,-0.900968867902419
-0.04176944561903666,-0.07884010608848249,0.15154979652839637,-0.17297944714765964,-0.2282586519809802,0.55,0.549845145652857,-0.4999999999999997,-0.8660254037844388,-0.29936312297335776,-0.9541392564000489,-0.433883739117558,-0.9009688679024191
0.10772733559047411,-0.043919621669143455,-0.043919621669143455,0.008547434502218058,-2.5649493574615367,0.55,0.5498900309708694,-0.4999999999999997,-0.8660254037844388,-0.4853019625310808,-0.8743466161445822,-0.9749279121818236,-0.2225209339563146
0.05786717452175318,0.016194889633937677,0.016194889633937677,0.05786717452175318,-2.4849066497880004,0.55,0.5500246869249069,-0.4999999999999997,-0.8660254037844388,-0.8978045395707417,-0.44039415155763423,0.7818314824680298,0.6234898018587336
-0.10135247415269621,0.004008232239975048,-0.10135247415269621,0.004008232239975048,0.6931471805599453,0.55,0.5500695722429194,-0.4999999999999997,-0.8660254037844388,-0.9680771188662041,-0.2506525322587213,0.9749279121818236,-0.22252093395631434
0.10536070639267146,0.0,0.10536070639267146,0.0,-5.703782474656201,0.55,0.5501144575609318,-0.4999999999999997,-0.8660254037844388,-0.9987165071710528,-0.05064916883871355,0.43388373911755823,-0.900968867902419
0.0,0.0,0.0,0.0,5.0106352940962555,0.55,0.5501593428789443,-0.4999999999999997,-0.8660254037844388,-0.9884683243281114,0.15142777750457667,-0.433883739117558,-0.9009688679024191
-0.17435359490952146,0.0,-0.1601689731097403,0.0,3.332204510175204,0.55,0.5502042281969568,-0.4999999999999997,-0.8660254037844388,-0.9377521321470804,0.3473052528448203,-0.9749279121818236,-0.2225209339563146
0.046520298176355765,-0.08338205364154522,0.07678691946819499,-0.12329863255213808,-0.9343092373768334,0.55,0.5503388841509943,-0.4999999999999997,-0.8660254037844388,-0.5712682150947924,0.8207634412072763,0.7818314824680298,0.6234898018587336
-0.022989988887154332,0.06317893176763252,-0.04445124309162049,0.1030955106782252,-0.2006706954621511,0.55,0.5503837694690067,-0.4999999999999997,-0.8660254037844388,-0.3943558551133187,0.9189578116202306,0.9749279121818236,-0.22252093395631434
0.04546257922764877,0.0,0.10763017485925296,-0.08515758451875857,0.36772478012531734,0.55,0.5504286547870192,-0.4999999999999997,-0.8660254037844388,-0.20129852008866114,0.9795299412524943,0.43388373911755823,-0.900968867902419
0.08106804196483047,0.49020667959408565,0.11551293754804727,0.5753642641128442,4.501517612675421,0.55,0.5504735401050317,-0.4999999999999997,-0.8660254037844388,-2.4492935982947064e-16,1.0,-0.433883739117558,-0.9009688679024191
0.5873310742662896,0.262364223202741,0.6077876135908075,0.1612679117139113,-0.25742766409397866,0.55,0.5505184254230442,-0.8660254037844385,-0.5000000000000004,0.20129852008866006,0.9795299412524945,-0.9749279121818236,-0.2225209339563146
0.024748064328825304,-0.009662109222937816,0.01766481757990645,-0.010695203207507584,-0.8821132800725685,0.55,0.5506530813770816,-0.8660254037844385,-0.5000000000000004,0.72479278722912,0.6889669190756866,0.7818314824680298,0.6234898018587336
-0.14053987887418995,-0.04163134805180036,-0.039687923196672664,-0.14807609853536255,0.125163142954006,0.55,0.5506979666950941,-0.8660254037844385,-0.5000000000000004,0.8486442574947509,0.5289640103269624,0.9749279121818236,-0.22252093395631434
0.02275696242708896,-0.1341098042647279,-0.1341098042647279,0.03431732437275335,-1.7894092918831015,0.55,0.5507428520131066,-0.8660254037844385,-0.5000000000000004,0.9377521321470804,0.3473052528448203,0.43388373911755823,-0.900968867902419
0.007472006851975214,-0.04014702731948027,-0.04014702731948027,-0.024391515893884642,-0.9668430110369863,0.55,0.5507877373311191,-0.8660254037844385,-0.5000000000000004,0.9884683243281114,0.1514277775045767,-0.433883739117558,-0.9009688679024191
-0.04309942353137031,-0.004831095447303897,-0.004831095447303897,0.012269993519953604,-0.16034265007517937,0.55,0.5508326226491315,-0.8660254037844385,-0.5000000000000004,0.9987165071710528,-0.05064916883871264,-0.9749279121818236,-0.2225209339563146
0.03562741667939505,-0.029486228925449536,-0.031982838896490756,-0.024692411969863593,0.7357067949787413,0.55,0.550967278603169,-0.8660254037844385,-0.5000000000000004,0.7907757369376989,-0.6121059825476626,0.7818314824680298,0.6234898018587336
-0.09156748256719983,0.007453444694262628,-0.02531796387335437,0.0,-0.3158529494184773,0.55,0.5510121639211815,-0.8660254037844385,-0.5000000000000004,0.6513724827222223,-0.758758122692791,0.9749279121818236,-0.22252093395631434
0.09655492977835989,-0.004962607454143858,0.030305411084514445,0.004987447211160034,-3.5553480614894135,0.55,0.5510570492391939,-0.8660254037844385,-0.5000000000000004,0.48530196253108104,-0.8743466161445821,0.43388373911755823,-0.900968867902419
-0.004987447211160107,0.004962607454143882,-0.004987447211160107,-0.004987447211160107,2.8903717578961645,0.55,0.5511019345572064,-0.8660254037844385,-0.5000000000000004,0.29936312297335804,-0.9541392564000488,-0.433883739117558,-0.9009688679024191
0.0,0.0024723637846062307,0.012422418449910084,0.0,-0.9444616088408514,0.55,0.5511468198752189,-0.8660254037844385,-0.5000000000000004,0.10116832198743272,-0.994869323391895,-0.9749279121818236,-0.2225209339563146
0.0,0.01713635254260053,-0.012422418449910077,0.012422418449910084,1.7676619176489945,0.55,0.5512814758292562,-0.8660254037844385,-0.5000000000000004,-0.4853019625310808,-0.8743466161445822,0.7818314824680298,0.6234898018587336
0.0024966099710412156,-0.004866359022647004,0.004987447211160034,0.012269993519953604,-1.148622709242771,0.55,0.5513263611472687,-0.8660254037844385,-0.5000000000000004,-0.6513724827222217,-0.7587581226927913,0.9749279121818236,-0.22252093395631434
0.009925808478868897,-0.009803815331533962,0.007434971238750044,-0.009803815331533962,0.4795730802618863,0.55,0.5513712464652812,-0.8660254037844385,-0.5000000000000004,-0.7907757369376986,-0.6121059825476627,0.43388373911755823,-0.900968867902419
0.0,0.10289431980877128,0.0,0.03627972136654322,0.3894647667617233,0.55,0.5514161317832937,-0.8660254037844385,-0.5000000000000004,-0.8978045395707417,-0.44039415155763423,-0.433883739117558,-0.9009688679024191
0.05055223128012209,0.03063686361225643,0.05055223128012209,0.08641720703891113,0.25489224962879004,0.55,0.5514610171013062,-0.8660254037844385,-0.5000000000000004,-0.9680771188662041,-0.2506525322587213,-0.9749279121818236,-0.2225209339563146
-0.10119582074957582,-0.008657822135162915,0.0658580138241808,-0.07696113463361645,-0.4700036292457356,0.55,0.5515956730553436,-0.8660254037844385,-0.5000000000000004,-0.9377521321470804,0.3473052528448203,0.7818314824680298,0.6234898018587336
0.0382211710195437,-0.10294802358039987,-0.10170411189467955,-0.023810456066373047,0.5877866649021191,0.55,0.5516405583733561,-0.8660254037844385,-0.5000000000000004,-0.8486442574947509,0.5289640103269624,0.9749279121818236,-0.22252093395631434
0.012422418449910084,-0.012121522373931095,-0.014706133209623379,-0.012121522373931095,0.5108256237659907,0.55,0.5516854436913686,-0.8660254037844385,-0.5000000000000004,-0.7247927872291207,0.6889669190756859,0.43388373911755823,-0.900968867902419
-0.012422418449910077,-0.009803815331533962,-0.012422418449910077,-0.009803815331533962,-0.1431008436406733,0.55,0.551730329009381,-0.8660254037844385,-0.5000000000000004,-0.5712682150947924,0.8207634412072763,-0.433883739117558,-0.9009688679024191
0.03198283889649079,0.01709424225816114,0.03198283889649079,0.01709424225816114,-2.7880929087757464,0.55,0.5517752143273935,-0.8660254037844385,-0.5000000000000004,-0.3943558551133187,0.9189578116202306,-0.9749279121818236,-0.2225209339563146
-0.031982838896490756,0.07462686803373572,-0.007290426926627162,-0.019560420446580726,2.7880929087757464,0.55,0.5519547555994434,-1.0,-1.8369701987210297e-16,0.39435585511331855,0.9189578116202306,0.9749279121818236,-0.22252093395631434
0.0024966099710412156,-0.011299787218899942,0.00243613968966967,0.04111812305391974,-0.46081520319132935,0.55,0.5519996409174559,-1.0,-1.8369701987210297e-16,0.5712682150947923,0.8207634412072763,0.43388373911755823,-0.900968867902419
-0.0024966099710412807,-0.04414160170645369,0.024039766345339643,-0.03128995617769317,1.220901866426384,0.55,0.5520445262354684,-1.0,-1.8369701987210297e-16,0.72479278722912,0.6889669190756866,-0.433883739117558,-0.9009688679024191
0.03681393434379458,0.08859363991932152,-0.0023782900746220892,0.11751137259805786,-0.7755908497710199,0.55,0.5520894115534809,-1.0,-1.8369701987210297e-16,0.8486442574947509,0.5289640103269624,-0.9749279121818236,-0.2225209339563146
0.0401470273194802,0.017241634996405766,0.09097192999394366,0.017241634996405766,-0.3746934494414107,0.55,0.5522240675075183,-1.0,-1.8369701987210297e-16,0.9987165071710528,-0.05064916883871264,0.7818314824680298,0.6234898018587336
0.011507431811134056,-0.006430884414196457,0.010810750582209353,-0.06853519944619126,-1.4816045409242156,0.55,0.5522689528255308,-1.0,-1.8369701987210297e-16,0.9680771188662043,-0.2506525322587204,0.9749279121818236,-0.22252093395631434
-0.027844003064241268,-0.032789792059302734,-0.04846775116647449,-0.027844003064241268,1.791759469228055,0.55,0.5523138381435433,-1.0,-1.8369701987210297e-16,0.8978045395707416,-0.4403941515576344,0.43388373911755823,-0.900968867902419
0.014018909465027863,0.03278979205930277,-0.027461657464733707,0.0899483180962361,-2.3025850929940455,0.55,0.5523587234615558,-1.0,-1.8369701987210297e-16,0.7907757369376989,-0.6121059825476626,-0.433883739117558,-0.9009688679024191
0.0,-0.0021529284470463506,0.07377648018416187,-0.07592940863120815,0.0,0.55,0.5524036087795683,-1.0,-1.8369701987210297e-16,0.6513724827222223,-0.758758122692791,-0.9749279121818236,-0.2225209339563146
-0.04995088790533201,-0.09725146205448452,-0.12372736808949389,-0.02347498187032264,1.3862943611198906,0.55,0.5525382647336057,-1.0,-1.8369701987210297e-16,0.10116832198743272,-0.994869323391895,0.7818314824680298,0.6234898018587336
0.024097615960387207,0.09725146205448447,0.026475906035009256,0.0023722234989568096,0.15415067982725836,0.55,0.5525831500516182,-1.0,-1.8369701987210297e-16,-0.10116832198743204,-0.9948693233918952,0.9749279121818236,-0.22252093395631434
0.0,-0.01958711650514455,0.018823897926097545,0.025732640216608496,1.13370360847938,0.55,0.5526280353696307,-1.0,-1.8369701987210297e-16,-0.29936312297335776,-0.9541392564000489,0.43388373911755823,-0.900968867902419
0.004750513573578714,0.021740044952190785,0.029853098001814567,0.07129952678596559,-1.6326947745983675,0.55,0.5526729206876431,-1.0,-1.8369701987210297e-16,-0.4853019625310808,-0.8743466161445822,-0.433883739117558,-0.9009688679024191
0.007083848906338076,-0.023940027639431694,-0.004535394221458271,-0.08994831809623607,0.6007738604289301,0.55,0.5527178060056556,-1.0,-1.8369701987210297e-16,-0.6513724827222217,-0.7587581226927913,-0.9749279121818236,-0.2225209339563146
0.002350259319864507,-0.002205228016926568,-0.03233526998129453,0.04373551859228329,-0.4895482253187058,0.55,0.5528524619596931,-1.0,-1.8369701987210297e-16,-0.9680771188662041,-0.2506525322587213,0.7818314824680298,0.6234898018587336
0.009346020166520096,-0.0022100226760900475,0.04363505720019453,-0.03203923910589879,0.8842024173226545,0.55,0.5528973472777055,-1.0,-1.8369701987210297e-16,-0.9987165071710528,-0.05064916883871355,0.9749279121818236,-0.22252093395631434
0.03877326480025097,-0.004434513726854492,0.004484227766576659,0.04323747400257149,-0.995428052432879,0.55,0.552942232595718,-1.0,-1.8369701987210297e-16,-0.9884683243281114,0.15142777750457667,0.43388373911755823,-0.900968867902419
-0.004484227766576531,-0.002224772547977291,-0.004484227766576531,-0.008948436968897144,0.5679840376059393,0.55,0.5529871179137305,-1.0,-1.8369701987210297e-16,-0.9377521321470804,0.3473052528448203,-0.433883739117558,-0.9009688679024191
-0.0022497979277756124,0.01766072258120583,0.0,-0.0022497979277756124,-1.2039728043259361,0.55,0.553032003231743,-1.0,-1.8369701987210297e-16,-0.8486442574947509,0.5289640103269624,-0.9749279121818236,-0.2225209339563146
-0.0437355185922833,-0.03790894676900291,-0.045985316520058855,-0.0437355185922833,1.7147984280919266,0.55,0.5531666591857803,-1.0,-1.8369701987210297e-16,-0.3943558551133187,0.9189578116202306,0.7818314824680298,0.6234898018587336
-0.011834362479916802,-0.0068415262369176996,0.027844003064241226,-0.011834362479916802,0.19885085874516517,0.55,0.5532115445037928,-1.0,-1.8369701987210297e-16,-0.20129852008866114,0.9795299412524943,0.9749279121818236,-0.22252093395631434
0.009478903810656405,-0.025493743744376803,-0.03019946173350155,0.014184621799781118,-0.676886659688165,0.55,0.5532564298218053,-0.866025403784439,0.49999999999999933,0.20129852008866006,0.9795299412524945,0.43388373911755823,-0.900968867902419
-0.009478903810656544,-0.014184621799781234,-0.009478903810656544,-0.014184621799781234,-3.4339872044851463,0.55,0.5533013151398178,-0.866025403784439,0.49999999999999933,0.39435585511331855,0.9189578116202306,-0.433883739117558,-0.9009688679024191
0.0023782900746220107,0.025853271944944654,0.009478903810656405,0.009478903810656405,3.7612001156935624,0.55,0.5533462004578302,-0.866025403784439,0.49999999999999933,0.5712682150947923,0.8207634412072763,-0.9749279121818236,-0.2225209339563146
0.009456072405294749,0.00923809778154489,0.0023554586692602934,0.023310806395255436,-0.8167611365271219,0.55,0.5534808564118677,-0.866025403784439,0.49999999999999933,0.9377521321470804,0.3473052528448203,0.7818314824680298,0.6234898018587336
0.014018909465027863,-0.0069204359934654305,0.014018909465027863,-0.006936438260967184,0.3136575588550416,0.55,0.5535257417298802,-0.866025403784439,0.49999999999999933,0.9884683243281114,0.1514277775045767,0.9749279121818236,-0.22252093395631434
-0.02585327194494463,-0.01164147962945059,-0.011668650145163419,-0.011668650145163419,-0.31365755885504165,0.55,0.5535706270478926,-0.866025403784439,0.49999999999999933,0.9987165071710528,-0.05064916883871264,0.43388373911755823,-0.900968867902419
-0.019231256937740356,-0.004695091623656656,-0.02616071538623744,-0.00235025931986447,0.666478933477784,0.55,0.5536155123659051,-0.866025403784439,0.49999999999999933,0.9680771188662043,-0.2506525322587204,-0.433883739117558,-0.9009688679024191
0.01923125693774044,0.009367825520802725,0.011976093586456219,0.009367825520802725,-0.3528213746227423,0.55,0.5536603976839176,-0.866025403784439,0.49999999999999933,0.8978045395707416,-0.4403941515576344,-0.9749279121818236,-0.2225209339563146
0.03048315379018724,0.013889181725769988,0.03278971020591176,0.00928096578946777,-0.31365755885504165,0.55,0.5537950536379551,-0.866025403784439,0.49999999999999933,0.48530196253108104,-0.8743466161445821,0.7818314824680298,0.6234898018587336
0.009195211753970834,0.058051878690308215,0.0068886553382462605,0.031820752976365024,-0.4595323293784402,0.55,0.5538399389559675,-0.866025403784439,0.49999999999999933,0.29936312297335804,-0.9541392564000488,0.9749279121818236,-0.22252093395631434
0.020385740410270442,-0.01971584617309305,0.031534356893069736,-0.0022398008121237256,-0.2876820724517809,0.55,0.55388482427398,-0.866025403784439,0.49999999999999933,0.10116832198743272,-0.994869323391895,0.43388373911755823,-0.900968867902419
0.0022398008121236076,-0.011123495477152393,-0.00890881567067557,0.0022398008121236076,0.20067069546215124,0.55,0.5539297095919925,-0.866025403784439,0.49999999999999933,-0.10116832198743204,-0.9948693233918952,-0.433883739117558,-0.9009688679024191
-0.038773264800250846,-0.004484227766576531,-0.004484227766576531,-0.038773264800250846,1.0360919316867758,0.55,0.553974594910005,-0.866025403784439,0.49999999999999933,-0.29936312297335776,-0.9541392564000489,-0.9749279121818236,-0.2225209339563146
0.022989249814774466,0.04611138162232061,0.04611138162232061,0.04989676027740334,-0.03278982282299084,0.55,0.5541092508640424,-0.866025403784439,0.49999999999999933,-0.7907757369376986,-0.6121059825476627,0.7818314824680298,0.6234898018587336
-0.01834895804805172,0.0,-0.039392438369706156,0.030503658378591807,1.0414538748281612,0.55,0.5541541361820549,-0.866025403784439,0.49999999999999933,-0.8978045395707417,-0.44039415155763423,0.9749279121818236,-0.22252093395631434
0.07576012688927235,0.0,0.03939243836970617,0.0,-9.453286550586572,0.55,0.5541990215000674,-0.866025403784439,0.49999999999999933,-0.9680771188662041,-0.2506525322587213,0.43388373911755823,-0.900968867902419
-0.0305036583785917,-0.012959130628352753,-0.012959130628352753,-0.0305036583785917,8.055157731819678,0.55,0.5542439068180799,-0.866025403784439,0.49999999999999933,-0.9987165071710528,-0.05064916883871355,-0.433883739117558,-0.9009688679024191
-0.0022146798064768573,-0.019759207556715855,-0.019759207556715855,-0.0022146798064768573,-1.4350845252893227,0.55,0.5542887921360923,-0.866025403784439,0.49999999999999933,-0.9884683243281114,0.15142777750457667,-0.9749279121818236,-0.2225209339563146
-0.024692830656152024,-0.024692830656152024,-0.024692830656152024,-0.024692830656152024,-0.916290731874155,0.55,0.5544234480901298,-0.866025403784439,0.49999999999999933,-0.7247927872291207,0.6889669190756859,0.7818314824680298,0.6234898018587336
0.0,0.022472996735774332,0.0,0.022472996735774332,2.8622008809294686,0.55,0.5544683334081423,-0.866025403784439,0.49999999999999933,-0.5712682150947924,0.8207634412072763,0.9749279121818236,-0.22252093395631434
0.029117533138719065,0.06661977457979087,0.029117533138719065,0.03063686361225643,0.20585205420414882,0.55,0.5545132187261547,-0.866025403784439,0.49999999999999933,-0.3943558551133187,0.9189578116202306,0.43388373911755823,-0.900968867902419
0.04108697350455054,0.018538101880107665,0.04108697350455054,0.054521012847642124,-0.8167611365271219,0.55,0.5545581040441672,-0.866025403784439,0.49999999999999933,-0.20129852008866114,0.9795299412524943,-0.433883739117558,-0.9009688679024191
0.035383393877630114,0.028170777625623446,0.047578655447218836,0.02020254383049165,0.9057086225436182,0.55,0.5546029893621797,-0.866025403784439,0.49999999999999933,-2.4492935982947064e-16,1.0,-0.9749279121818236,-0.2225209339563146
0.028227583063685214,0.021590543447180036,0.020000789742954207,0.02955877724231209,-1.0775588794702773,0.55,0.554737645316217,-0.5000000000000012,0.8660254037844379,0.5712682150947923,0.8207634412072763,0.7818314824680298,0.6234898018587336
0.013820684154439706,0.0381000824659053,0.009852215905582225,0.0019400018183494097,1.0116009116784799,0.55,0.5547825306342296,-0.5000000000000012,0.8660254037844379,0.72479278722912,0.6889669190756866,0.9749279121818236,-0.22252093395631434
0.013632204671528269,-0.02077524487153702,0.013632204671528269,0.015384835776018901,-0.04652001563489282,0.55,0.554827415952242,-0.5000000000000012,0.8660254037844379,0.8486442574947509,0.5289640103269624,0.43388373911755823,-0.900968867902419
0.015355304152479684,0.042957276934085374,0.032352864447888145,0.042957276934085374,0.25131442828090617,0.55,0.5548723012702546,-0.5000000000000012,0.8660254037844379,0.9377521321470804,0.3473052528448203,-0.433883739117558,-0.9009688679024191
-0.009569373071618285,0.0,0.024053071938489302,-0.04295727693408543,-0.8534898306351247,0.55,0.554917186588267,-0.5000000000000012,0.8660254037844379,0.9884683243281114,0.1514277775045767,-0.9749279121818236,-0.2225209339563146
-0.013553022041065068,-0.01659022476075474,-0.01659022476075474,-0.001910081799487855,0.6486954179891115,0.55,0.5550518425423044,-0.5000000000000012,0.8660254037844379,0.8978045395707416,-0.4403941515576344,0.7818314824680298,0.6234898018587336
0.013553022041065052,-0.034029780544760975,-0.034029780544760975,-0.005752646571942555,-1.5869650565820417,0.55,0.5550967278603169,-0.5000000000000012,0.8660254037844379,0.7907757369376989,-0.6121059825476626,0.9749279121818236,-0.22252093395631434
-0.10109631148882968,-0.0019249953289802988,-0.013553022041065068,-0.10109631148882968,1.1700712526502546,0.55,0.5551416131783294,-0.5000000000000012,0.8660254037844379,0.6513724827222223,-0.758758122692791,0.43388373911755823,-0.900968867902419
0.129534284731797,0.17620146477104986,0.06417302734658084,0.27537278093089923,2.9316534168694686,0.55,0.5551864984963418,-0.5000000000000012,0.8660254037844379,0.48530196253108104,-0.8743466161445821,-0.433883739117558,-0.9009688679024191
0.02765150216120505,-0.0016169292813064382,0.07567353700842387,-0.10913723232814977,-0.7936177109235798,0.55,0.5552313838143543,-0.5000000000000012,0.8660254037844379,0.29936312297335804,-0.9541392564000488,-0.9749279121818236,-0.2225209339563146
-0.05416845313411408,-0.04636599784682349,0.0,-0.010869661673387007,-0.8418924418202957,0.55,0.5553660397683918,-0.5000000000000012,0.8660254037844379,-0.29936312297335776,-0.9541392564000489,0.7818314824680298,0.6234898018587336
-0.03914383640301042,-0.07202396687340694,-0.07202396687340694,-0.04470020236891438,-0.8347976976229721,0.55,0.5554109250864043,-0.5000000000000012,0.8660254037844379,-0.4853019625310808,-0.8743466161445822,0.9749279121818236,-0.22252093395631434
0.001994159239521828,-0.00731277091431412,-0.0894982303339627,0.03738743145460033,-1.1895840668738362,0.55,0.5554558104044167,-0.5000000000000012,0.8660254037844379,-0.6513724827222217,-0.7587581226927913,0.43388373911755823,-0.900968867902419
0.05992110812804365,-0.02038987115919191,0.05992110812804365,-0.02038987115919191,-0.5596157879354228,0.55,0.5555006957224292,-0.5000000000000012,0.8660254037844379,-0.7907757369376986,-0.6121059825476627,-0.433883739117558,-0.9009688679024191
-0.059921108128043576,-0.026566933367026556,-0.05793127314144314,-0.026566933367026556,1.5314763709643886,0.55,0.5555455810404417,-0.5000000000000012,0.8660254037844379,-0.8978045395707417,-0.44039415155763423,-0.9749279121818236,-0.2225209339563146
0.0,0.0,-0.001989834986600516,0.0,0.28090238546640217,0.55,0.5556802369944791,-0.5000000000000012,0.8660254037844379,-0.9884683243281114,0.15142777750457667,0.7818314824680298,0.6234898018587336
0.029442723812568586,0.0,0.029442723812568586,0.0,-0.42608439531090014,0.55,0.5557251223124916,-0.5000000000000012,0.8660254037844379,-0.9377521321470804,0.3473052528448203,0.9749279121818236,-0.22252093395631434
0.0038609357518812485,-0.0019249953289802988,0.0038609357518812485,-0.0019249953289802988,-1.8562979903656263,0.55,0.5557700076305041,-0.5000000000000012,0.8660254037844379,-0.8486442574947509,0.5289640103269624,0.43388373911755823,-0.900968867902419
-0.03330365956444974,0.034094179006681276,-0.03330365956444974,0.034094179006681276,0.8754687373538999,0.55,0.5558597782665291,-0.5000000000000012,0.8660254037844379,-0.5712682150947924,0.8207634412072763,-0.9749279121818236,-0.2225209339563146
0.06739783857113103,0.10926346680570022,0.06739783857113103,0.07703012488805266,2.327277705584417,0.55,0.5559944342205665,-2.4492935982947064e-16,1.0,0.20129852008866006,0.9795299412524945,0.7818314824680298,0.6234898018587336
0.0055710398696598214,0.0,0.10926346680570022,-0.07145908501839265,-0.48145101508608634,0.55,0.556039319538579,-2.4492935982947064e-16,1.0,0.39435585511331855,0.9189578116202306,0.9749279121818236,-0.22252093395631434
0.0,-0.1036924269360402,-0.1036924269360402,0.0,-9.341368634382587,0.55,0.5560842048565915,-2.4492935982947064e-16,1.0,0.5712682150947923,0.8207634412072763,0.43388373911755823,-0.900968867902419
-0.028170850475742682,0.016529351893171736,0.0,-0.028170850475742682,9.185022563991893,0.55,0.5561290901746039,-2.4492935982947064e-16,1.0,0.72479278722912,0.6889669190756866,-0.433883739117558,-0.9009688679024191
0.028170850475742706,-0.016529351893171625,0.0,0.028170850475742706,-3.481240089335692,0.55,0.5561739754926164,-2.4492935982947064e-16,1.0,0.8486442574947509,0.5289640103269624,-0.9749279121818236,-0.2225209339563146
0.0,0.02016558617933664,0.02016558617933664,0.0,2.1400661634962708,0.55,0.5563086314466539,-2.4492935982947064e-16,1.0,0.9987165071710528,-0.05064916883871264,0.7818314824680298,0.6234898018587336
0.0,0.05129349883905593,0.05129349883905593,0.0,-2.1400661634962708,0.55,0.5563535167646663,-2.4492935982947064e-16,1.0,0.9680771188662043,-0.2506525322587204,0.9749279121818236,-0.22252093395631434
0.0,-0.06040919352102635,-0.06040919352102635,0.0,2.772588722239781,0.55,0.5563984020826788,-2.4492935982947064e-16,1.0,0.8978045395707416,-0.4403941515576344,0.43388373911755823,-0.900968867902419
0.0,-0.011049891497366387,-0.011049891497366387,0.0,-0.7576857016975165,0.55,0.5564432874006913,-2.4492935982947064e-16,1.0,0.7907757369376989,-0.6121059825476626,-0.433883739117558,-0.9009688679024191
0.0,0.05231124731261741,0.016529351893171736,0.01834925185681152,0.7576857016975165,0.55,0.5564881727187038,-2.4492935982947064e-16,1.0,0.6513724827222223,-0.758758122692791,-0.9749279121818236,-0.2225209339563146
0.01834925185681152,-0.033961995455805846,0.0018198999636398335,0.0,-8.476371196895983,0.55,0.5566228286727412,-2.4492935982947064e-16,1.0,0.10116832198743272,-0.994869323391895,0.7818314824680298,0.6234898018587336
-0.018349251856811452,0.023361198846728663,0.009049761709747204,0.023361198846728663,7.843848638152472,0.55,0.5566677139907537,-2.4492935982947064e-16,1.0,-0.10116832198743204,-0.9948693233918952,0.9749279121818236,-0.22252093395631434
0.0,-0.04171045070354027,-0.02739901356655871,-0.04171045070354027,-2.833213344056216,0.55,0.5567125993087662,-2.4492935982947064e-16,1.0,-0.29936312297335776,-0.9541392564000489,0.43388373911755823,-0.900968867902419
0.0,0.0,0.0,0.0,3.9512437185814275,0.55,0.5567574846267787,-2.4492935982947064e-16,1.0,-0.4853019625310808,-0.8743466161445822,-0.433883739117558,-0.9009688679024191
0.0,0.0,0.0,0.0,-0.9555114450274363,0.55,0.556802369944791,-2.4492935982947064e-16,1.0,-0.6513724827222217,-0.7587581226927913,-0.9749279121818236,-0.2225209339563146
0.0,0.0,0.0,0.0,-8.006367567650246,0.55,0.5569370258988285,-2.4492935982947064e-16,1.0,-0.9680771188662041,-0.2506525322587213,0.7818314824680298,0.6234898018587336
-0.045462330951949494,0.027399013566558723,-0.026267834152638756,0.0,9.543234787249512,0.55,0.556981911216841,-2.4492935982947064e-16,1.0,-0.9987165071710528,-0.05064916883871355,0.9749279121818236,-0.22252093395631434
0.019194496799310838,-0.02739901356655871,0.0,0.0,-2.45315795147342,0.55,0.5570267965348535,-2.4492935982947064e-16,1.0,-0.9884683243281114,0.15142777750457667,0.43388373911755823,-0.900968867902419
0.02626783415263881,0.0,0.02626783415263881,0.0,-7.090076835776092,0.55,0.5571165671708784,-2.4492935982947064e-16,1.0,-0.8486442574947509,0.5289640103269624,-0.9749279121818236,-0.2225209339563146
-0.028170850475742682,0.001850269784256911,0.001850269784256911,-0.028170850475742682,8.34283980427146,0.55,0.5572512231249159,-2.4492935982947064e-16,1.0,-0.3943558551133187,0.9189578116202306,0.7818314824680298,0.6234898018587336
-0.019231482294556138,-0.030021120259999604,-0.030021120259999604,-0.019231482294556138,0.4744579795951159,0.55,0.5572961084429283,-2.4492935982947064e-16,1.0,-0.20129852008866114,0.9795299412524943,0.9749279121818236,-0.22252093395631434
0.0,-0.019231482294556138,-0.019231482294556138,0.0,-1.8607523407150064,0.55,0.5573409937609408,-2.4492935982947064e-16,1.0,-2.4492935982947064e-16,1.0,0.43388373911755823,-0.900968867902419
-0.019608242435034038,0.1594075297418412,-0.00975602652945189,0.0510991252472783,2.344549292093078,0.5666666666666667,0.5574307643969658,0.49999999999999994,0.8660254037844387,0.39435585511331855,0.9189578116202306,-0.9749279121818236,-0.2225209339563146
0.07070736768231248,-0.02175827810985155,0.14740527816144147,0.04685562986758201,-1.51787071890861,0.5666666666666667,0.5575654203510032,0.49999999999999994,0.8660254037844387,0.8486442574947509,0.5289640103269624,0.7818314824680298,0.6234898018587336
0.04332810357641939,-0.043222022808291766,-0.043222022808291766,-0.0035275262911625524,-2.772588722239781,0.5666666666666667,0.5576103056690157,0.49999999999999994,0.8660254037844387,0.9377521321470804,0.3473052528448203,0.9749279121818236,-0.22252093395631434
-0.037808315074541424,-0.037808315074541424,-0.037808315074541424,-0.037808315074541424,3.1354942159291497,0.5666666666666667,0.5576551909870282,0.49999999999999994,0.8660254037844387,0.9884683243281114,0.1514277775045767,0.43388373911755823,-0.900968867902419
0.027151030078324347,0.06911519243476448,0.06911519243476448,0.027151030078324347,0.5533852381847866,0.5666666666666667,0.5577000763050407,0.49999999999999994,0.8660254037844387,0.9987165071710528,-0.05064916883871264,-0.433883739117558,-0.9009688679024191
-0.05505979405226765,-0.041964162356440037,-0.041964162356440037,-0.014388659706909139,0.5452270504833231,0.5666666666666667,0.5577449616230531,0.49999999999999994,0.8660254037844387,0.9680771188662043,-0.2506525322587204,-0.9749279121818236,-0.2225209339563146
0.03704143485189719,-0.016202024877845205,-0.016202024877845205,-0.0018133651709359795,-2.03688192726104,0.5666666666666667,0.5578796175770906,0.49999999999999994,0.8660254037844387,0.6513724827222223,-0.758758122692791,0.7818314824680298,0.6234898018587336
0.0018163343225251968,0.016202024877845257,0.0,0.0,0.7472144018302211,0.5666666666666667,0.5579245028951031,0.49999999999999994,0.8660254037844387,0.48530196253108104,-0.8743466161445821,0.9749279121818236,-0.22252093395631434
0.0,-0.016202024877845205,0.0,0.0,-1.845826690498331,0.5666666666666667,0.5579693882131155,0.49999999999999994,0.8660254037844387,0.29936312297335804,-0.9541392564000488,0.43388373911755823,-0.900968867902419
0.0,0.0,0.0,0.0,0.0,0.5666666666666667,0.558014273531128,0.49999999999999994,0.8660254037844387,0.10116832198743272,-0.994869323391895,-0.433883739117558,-0.9009688679024191
0.0,0.033901649033546186,0.009033670474505727,0.033901649033546186,1.466337068793427,0.5666666666666667,0.5580591588491405,0.49999999999999994,0.8660254037844387,-0.10116832198743204,-0.9948693233918952,-0.9749279121818236,-0.2225209339563146
-0.0018163343225252066,-0.01769962415570108,0.007168354403339553,-0.030278265704223806,0.14310084364067324,0.5666666666666667,0.5582387001211904,0.49999999999999994,0.8660254037844387,-0.7907757369376986,-0.6121059825476627,0.9749279121818236,-0.22252093395631434
0.009049761709747204,0.07232059920266658,0.0,0.08157157264012066,2.0104486701928845,0.5666666666666667,0.5582835854392029,0.49999999999999994,0.8660254037844387,-0.8978045395707417,-0.44039415155763423,0.43388373911755823,-0.900968867902419
0.03713951171022402,0.008271574568939122,0.08059217377160563,0.008298676708992411,-2.0104486701928845,0.5666666666666667,0.5583284707572154,0.49999999999999994,0.8660254037844387,-0.9680771188662041,-0.2506525322587213,-0.433883739117558,-0.9009688679024191
0.0017347281592593748,0.048240814567097286,-0.011599242680007652,0.03252339410520516,2.341805806147327,0.5666666666666667,0.5583733560752279,0.49999999999999994,0.8660254037844387,-0.9987165071710528,-0.05064916883871355,-0.9749279121818236,-0.2225209339563146
0.04738596542173026,0.04301723497631195,0.064538573291634,-0.017756936119390408,0.8109302162163288,0.5666666666666667,0.5585080120292653,0.49999999999999994,0.8660254037844387,-0.8486442574947509,0.5289640103269624,0.7818314824680298,0.6234898018587336
0.008230726863246619,-0.030536586286846776,0.0077821326449361294,-0.006535731122568036,-1.7832487795601464,0.5666666666666667,0.5585528973472778,0.49999999999999994,0.8660254037844387,-0.7247927872291207,0.6889669190756859,0.9749279121818236,-0.22252093395631434
-0.011541866805848428,-0.026710123310805512,-0.06733316917017934,0.0,0.17095779814363948,0.5666666666666667,0.5585977826652903,0.49999999999999994,0.8660254037844387,-0.5712682150947924,0.8207634412072763,0.43388373911755823,-0.900968867902419
-0.049287690160678216,-0.042282914514695936,-0.001659868655322076,-0.06082955696652661,-0.6649763035932491,0.5666666666666667,0.5586426679833026,0.49999999999999994,0.8660254037844387,-0.3943558551133187,0.9189578116202306,-0.433883739117558,-0.9009688679024191
-0.024692777697310507,-0.023530355965847145,-0.07232059920266665,0.0,-0.6931471805599453,0.5666666666666667,0.5586875533013151,0.49999999999999994,0.8660254037844387,-0.20129852008866114,0.9795299412524943,-0.9749279121818236,-0.2225209339563146
0.019452596598604672,0.036732091427017506,0.05556998405705827,-0.005240181098705967,1.3581234841531944,0.5666666666666667,0.5588222092553526,0.8660254037844386,0.5000000000000001,0.39435585511331855,0.9189578116202306,0.7818314824680298,0.6234898018587336
0.015638877362606104,-0.0016408051721976246,-0.020478510095847512,0.02251156575783544,-1.1130010261202092,0.5666666666666667,0.5588670945733651,0.8660254037844386,0.5000000000000001,0.5712682150947923,0.8207634412072763,0.9749279121818236,-0.22252093395631434
0.0051590774161018125,0.0016408051721977727,0.0455006998103948,-0.0017136109791273287,0.3908663086870116,0.5666666666666667,0.5589119798913775,0.8660254037844386,0.5000000000000001,0.72479278722912,0.6889669190756866,0.43388373911755823,-0.900968867902419
-0.013817317632715419,-0.031643026859328224,-0.04205842066963471,0.013628756427196123,-0.8183103235139514,0.5666666666666667,0.55895686520939,0.8660254037844386,0.5000000000000001,0.8486442574947509,0.5289640103269624,-0.433883739117558,-0.9009688679024191
0.03419151579607587,0.011774785015110192,0.02209099643870221,0.011774785015110192,0.7576857016975165,0.5666666666666667,0.5590017505274025,0.8660254037844386,0.5000000000000001,0.9377521321470804,0.3473052528448203,-0.9749279121818236,-0.2225209339563146
-0.07501340924758224,0.003338838271979054,0.008368181550924825,-0.08004275252652822,1.6156684621847364,0.5666666666666667,0.5591364064814399,0.8660254037844386,0.5000000000000001,0.9680771188662043,-0.2506525322587204,0.7818314824680298,0.6234898018587336
0.0,0.014888598400041446,-0.08338159079850715,0.09827018919854866,-2.191032607088298,0.5666666666666667,0.5591812917994524,0.8660254037844386,0.5000000000000001,0.8978045395707416,-0.4403941515576344,0.9749279121818236,-0.22252093395631434
-0.0018133651709359795,-0.0016435018391218101,-0.0018133651709359795,-0.06618190533593832,-0.25131442828090605,0.5666666666666667,0.5592261771174649,0.8660254037844386,0.5000000000000001,0.7907757369376989,-0.6121059825476626,0.43388373911755823,-0.900968867902419
0.06669156293324094,-0.026668043595459285,0.07177200893490351,0.03278991389969472,-1.0296194171811581,0.5666666666666667,0.5592710624354774,0.8660254037844386,0.5000000000000001,0.6513724827222223,-0.758758122692791,-0.433883739117558,-0.9009688679024191
-0.04337201321825311,0.0,0.0,-0.04337201321825311,-0.2231435513142097,0.5666666666666667,0.5593159477534899,0.8660254037844386,0.5000000000000001,0.48530196253108104,-0.8743466161445821,-0.9749279121818236,-0.2225209339563146
-0.02513588403751306,-0.03962634780162282,-0.05200479380460092,-0.014285879240482174,2.9575110607337933,0.5666666666666667,0.5594954890255398,0.8660254037844386,0.5000000000000001,-0.29936312297335776,-0.9541392564000489,0.9749279121818236,-0.22252093395631434
-0.027651502161205155,-0.007054570156374625,-0.0035651902524573586,-0.03850150695823603,0.8152498773608452,0.5666666666666667,0.5595403743435523,0.8660254037844386,0.5000000000000001,-0.4853019625310808,-0.8743466161445822,0.43388373911755823,-0.900968867902419
-0.0478561089953572,-0.01966121795167863,-0.010772151852617795,-0.03229174569626502,-0.40546510810816444,0.5666666666666667,0.5595852596615647,0.8660254037844386,0.5000000000000001,-0.6513724827222217,-0.7587581226927913,-0.433883739117558,-0.9009688679024191
0.0,-0.03489770950895779,-0.08275381850431493,0.02290181300557286,-0.2537805207760996,0.5666666666666667,0.5596301449795772,0.8660254037844386,0.5000000000000001,-0.7907757369376986,-0.6121059825476627,-0.9749279121818236,-0.2225209339563146
-0.01980275071286009,0.014842425557448745,0.06269853455280597,0.0,1.1972838161751393,0.5666666666666667,0.5597648009336147,0.8660254037844386,0.5000000000000001,-0.9987165071710528,-0.05064916883871355,0.7818314824680298,0.6234898018587336
-0.05762891038289494,-0.03752775222847361,-0.08050321293336814,-0.013295393980332679,-1.9594238682220362,0.5666666666666667,0.5598096862516271,0.8660254037844386,0.5000000000000001,-0.9884683243281114,0.15142777750457667,0.9749279121818236,-0.22252093395631434
0.020964883867599666,-0.005752646571942555,-0.03866209884759342,-0.005752646571942555,-0.2113090936672069,0.5666666666666667,0.5598545715696396,0.8660254037844386,0.5000000000000001,-0.9377521321470804,0.3473052528448203,0.43388373911755823,-0.900968867902419
0.052537573352501275,-0.005785931080861507,0.052537573352501275,-0.005785931080861507,-2.1400661634962708,0.5666666666666667,0.5598994568876521,0.8660254037844386,0.5000000000000001,-0.8486442574947509,0.5289640103269624,-0.433883739117558,-0.9009688679024191
-0.01787533278109319,-0.017561408547182616,0.0,-0.027452888825968046,0.9162907318741551,0.5666666666666667,0.5599443422056646,0.8660254037844386,0.5000000000000001,-0.7247927872291207,0.6889669190756859,-0.9749279121818236,-0.2225209339563146
0.0020017859438874255,0.013685230405106255,0.013685230405106255,-0.005982066558420435,0.7419373447293773,0.5666666666666667,0.560078998159702,1.0,6.123233995736766e-17,0.20129852008866006,0.9795299412524945,0.7818314824680298,0.6234898018587336
-0.036664026515295364,-0.019608242435034038,-0.045688072527390516,0.0,2.6659045796514467,0.5666666666666667,0.5601238834777145,1.0,6.123233995736766e-17,0.39435585511331855,0.9189578116202306,0.9749279121818236,-0.22252093395631434
0.03666402651529537,-0.001982301012145979,0.016129295285078383,0.007968233795131887,-1.6673757495403194,0.5666666666666667,0.560168768795727,1.0,6.123233995736766e-17,0.5712682150947923,0.8207634412072763,0.43388373911755823,-0.900968867902419
0.005982066558420333,0.06528243321487895,0.005982066558420333,0.06528243321487895,-2.097141118779237,0.5666666666666667,0.5602136541137395,1.0,6.123233995736766e-17,0.72479278722912,0.6889669190756866,-0.433883739117558,-0.9009688679024191
0.03131382457784918,-0.035954775873741275,0.03131382457784918,-0.035954775873741275,1.9042374526547452,0.5666666666666667,0.5602585394317519,1.0,6.123233995736766e-17,0.8486442574947509,0.5289640103269624,-0.9749279121818236,-0.2225209339563146
-0.027345356328991703,-0.005797112075608216,-0.027345356328991703,-0.005797112075608216,-0.714653385780909,0.5666666666666667,0.5603931953857894,1.0,6.123233995736766e-17,0.9987165071710528,-0.05064916883871264,0.7818314824680298,0.6234898018587336
0.019608242435034125,0.09777357826456697,0.019608242435034125,0.07286134451850834,1.4078005663408544,0.5666666666666667,0.5604380807038019,1.0,6.123233995736766e-17,0.9680771188662043,-0.2506525322587204,0.9749279121818236,-0.22252093395631434
0.023033696763959232,-0.00882611141829283,0.09088746866462342,-0.00904976170974725,-0.19948936041632004,0.5666666666666667,0.5604829660218144,1.0,6.123233995736766e-17,0.8978045395707416,-0.4403941515576344,0.43388373911755823,-0.900968867902419
0.009443134178830997,-0.05841063772183322,-0.05841063772183322,-0.03327475368432008,-2.7343675094195836,0.5666666666666667,0.5605278513398267,1.0,6.123233995736766e-17,0.7907757369376989,-0.6121059825476626,-0.433883739117558,-0.9009688679024191
0.0,0.0,0.0,0.0,-6.620073206530356,0.5666666666666667,0.5605727366578392,1.0,6.123233995736766e-17,0.6513724827222223,-0.758758122692791,-0.9749279121818236,-0.2225209339563146
-0.011342332325130143,-0.011342332325130143,-0.011342332325130143,-0.011342332325130143,5.0106352940962555,0.5666666666666667,0.5607073926118767,1.0,6.123233995736766e-17,0.10116832198743272,-0.994869323391895,0.7818314824680298,0.6234898018587336
0.005687280941439587,0.005687280941439587,0.005687280941439587,0.005687280941439587,0.6931471805599453,0.5666666666666667,0.5607522779298891,1.0,6.123233995736766e-17,-0.10116832198743204,-0.9948693233918952,0.9749279121818236,-0.22252093395631434
-0.04445199611369095,0.03892980506801075,0.03892980506801075,0.026120728464254464,1.791759469228055,0.5666666666666667,0.5607971632479016,1.0,6.123233995736766e-17,-0.29936312297335776,-0.9541392564000489,0.43388373911755823,-0.900968867902419
0.06503254932489021,-0.016498982072554576,-0.016498982072554576,-0.005540175253055251,-0.08701137698962981,0.5666666666666667,0.5608420485659141,1.0,6.123233995736766e-17,-0.4853019625310808,-0.8743466161445822,-0.433883739117558,-0.9009688679024191
0.0,0.041634866110067656,0.041634866110067656,0.0,0.49247648509779424,0.5666666666666667,0.5608869338839266,1.0,6.123233995736766e-17,-0.6513724827222217,-0.7587581226927913,-0.9749279121818236,-0.2225209339563146
-0.011173290180334456,-0.049056175763984536,-0.05278738619871823,-0.005571039869659899,-0.9444616088408514,0.5666666666666667,0.561021589837964,1.0,6.123233995736766e-17,-0.9680771188662041,-0.2506525322587213,0.7818314824680298,0.6234898018587336
0.005602250310674402,0.0,0.003731210434733724,0.0,-6.956545443151569,0.5666666666666667,0.5610664751559765,1.0,6.123233995736766e-17,-0.9987165071710528,-0.05064916883871355,0.9749279121818236,-0.22252093395631434
0.00371740659027103,0.00371740659027103,0.00371740659027103,0.00371740659027103,5.703782474656201,0.5666666666666667,0.561111360473989,1.0,6.123233995736766e-17,-0.9884683243281114,0.15142777750457667,0.43388373911755823,-0.900968867902419
-0.016838549715696878,-0.016838549715696878,-0.016838549715696878,-0.016838549715696878,0.4054651081081644,0.5666666666666667,0.5611562457920015,1.0,6.123233995736766e-17,-0.9377521321470804,0.3473052528448203,-0.433883739117558,-0.9009688679024191
-0.019048040552275224,-0.009478667480657028,-0.009478667480657028,-0.019048040552275224,0.6931471805599453,0.5666666666666667,0.5612011311100139,1.0,6.123233995736766e-17,-0.8486442574947509,0.5289640103269624,-0.9749279121818236,-0.2225209339563146
-0.01941813575238984,-0.019231482294556138,-0.019231482294556138,-0.01941813575238984,-0.40546510810816444,0.5666666666666667,0.5613357870640514,1.0,6.123233995736766e-17,-0.3943558551133187,0.9189578116202306,0.7818314824680298,0.6234898018587336
-0.07109584934620929,-0.029558777242312026,-0.08085187587566124,-0.01980275071286009,3.0325462466767075,0.5666666666666667,0.5613806723820639,1.0,6.123233995736766e-17,-0.20129852008866114,0.9795299412524943,0.9749279121818236,-0.22252093395631434
0.04728515249565535,0.058268927017525264,0.049291312689461894,0.058268927017525264,-0.6346509738783367,0.5666666666666667,0.5614255577000763,1.0,6.123233995736766e-17,-2.4492935982947064e-16,1.0,0.43388373911755823,-0.900968867902419
0.08096905615030484,0.03704143485189719,0.07896289595649829,0.03704143485189719,-0.35020242943311486,0.5666666666666667,0.5614704430180888,0.8660254037844387,-0.4999999999999998,0.20129852008866006,0.9795299412524945,-0.433883739117558,-0.9009688679024191
0.01834925185681152,0.08534317507922876,0.01834925185681152,0.06169350676086591,0.6603573577369545,0.5666666666666667,0.5615153283361013,0.8660254037844387,-0.4999999999999998,0.39435585511331855,0.9189578116202306,-0.9749279121818236,-0.2225209339563146
0.03220317048774998,-0.02879106277688729,0.05655211230234131,-0.02072617244601174,-1.3217558399823195,0.5666666666666667,0.5616499842901387,0.8660254037844387,-0.4999999999999998,0.8486442574947509,0.5289640103269624,0.7818314824680298,0.6234898018587336
-0.023153408778002735,-0.015584777987487312,-0.02083412894626986,-0.022948975114483655,-0.2876820724517809,0.5666666666666667,0.5616948696081512,0.8660254037844387,-0.4999999999999998,0.9377521321470804,0.3473052528448203,0.9749279121818236,-0.22252093395631434
0.008968597490623209,-0.022948975114483655,-0.01769962415570108,0.0,-2.4849066497880004,0.5666666666666667,0.5617397549261637,0.8660254037844387,-0.4999999999999998,0.9884683243281114,0.1514277775045767,0.43388373911755823,-0.900968867902419
-0.019838259164010205,0.04025055137731271,0.0264332337445973,0.04025055137731271,3.4657359027997265,0.5666666666666667,0.5617846402441762,0.8660254037844387,-0.4999999999999998,0.9987165071710528,-0.05064916883871264,-0.433883739117558,-0.9009688679024191
-0.010989176640116416,0.0034245961831828545,0.017241913815898208,-0.0710779871814394,-0.8266785731844679,0.5666666666666667,0.5619641815162261,0.8660254037844387,-0.4999999999999998,0.6513724827222223,-0.758758122692791,0.7818314824680298,0.6234898018587336
0.0,-0.07450258336462207,-0.07450258336462207,0.0,-7.649692623711514,0.5666666666666667,0.5620090668342386,0.8660254037844387,-0.4999999999999998,0.48530196253108104,-0.8743466161445821,0.9749279121818236,-0.22252093395631434
0.0,0.0,0.0,0.0,7.313220387090301,0.5666666666666667,0.5620539521522511,0.8660254037844387,-0.4999999999999998,0.29936312297335804,-0.9541392564000488,0.43388373911755823,-0.900968867902419
0.0,0.0,0.0,0.0,-7.313220387090301,0.5666666666666667,0.5620988374702636,0.8660254037844387,-0.4999999999999998,0.10116832198743272,-0.994869323391895,-0.433883739117558,-0.9009688679024191
-0.0018433827760757642,0.06246449290430712,0.057260669548723934,0.014625410926281614,9.20029003612268,0.5666666666666667,0.562143722788276,0.8660254037844387,-0.4999999999999998,-0.10116832198743204,-0.9948693233918952,-0.9749279121818236,-0.2225209339563146
0.007353099020386907,-0.005203823355583104,0.0,0.021544864524203643,-1.3564413979702095,0.5666666666666667,0.5622783787423135,0.8660254037844387,-0.4999999999999998,-0.6513724827222217,-0.7587581226927913,0.7818314824680298,0.6234898018587336
0.03066055920617378,-0.021090394098238846,-0.021090394098238846,0.0,-7.843848638152472,0.5666666666666667,0.562323264060326,0.8660254037844387,-0.4999999999999998,-0.7907757369376986,-0.6121059825476627,0.9749279121818236,-0.22252093395631434
-0.0017776493939009842,0.034907711730954354,-0.0017776493939009842,0.03147110116058418,8.1886891244442,0.5666666666666667,0.5623681493783383,0.8660254037844387,-0.4999999999999998,-0.8978045395707417,-0.44039415155763423,0.43388373911755823,-0.900968867902419
-0.0017810063043781595,-0.012079637157711863,0.024605723967143514,-0.010380707062345385,0.9328200338253656,0.5666666666666667,0.5624130346963508,0.8660254037844387,-0.4999999999999998,-0.9680771188662041,-0.2506525322587213,-0.433883739117558,-0.9009688679024191
-0.019802543148449682,-0.010471290063899706,-0.010471290063899706,-0.04445159294496759,-0.3973017974690035,0.5666666666666667,0.5624579200143633,0.8660254037844387,-0.4999999999999998,-0.9987165071710528,-0.05064916883871355,-0.9749279121818236,-0.2225209339563146
-0.007299360359445094,-0.03390164903354624,-0.043017343715516576,0.0018163343225251968,-0.2478361639045812,0.5666666666666667,0.5625925759684007,0.8660254037844387,-0.4999999999999998,-0.8486442574947509,0.5289640103269624,0.7818314824680298,0.6234898018587336
-0.018484929787226292,-0.0036362342861650286,0.0018298902607884757,-0.027600624469196568,-0.09844007281325252,0.5666666666666667,0.5626374612864132,0.8660254037844387,-0.4999999999999998,-0.7247927872291207,0.6889669190756859,0.9749279121818236,-0.22252093395631434
-0.0018672120145337649,-0.018382985172560495,-0.014733415037543723,-0.0018672120145337649,-0.18924199963852842,0.5666666666666667,0.5626823466044257,0.8660254037844387,-0.4999999999999998,-0.5712682150947924,0.8207634412072763,0.43388373911755823,-0.900968867902419
0.0018672120145336885,0.02201921945872565,0.0,0.0018672120145336885,-0.6131044728864089,0.5666666666666667,0.5627272319224382,0.8660254037844387,-0.4999999999999998,-0.3943558551133187,0.9189578116202306,-0.433883739117558,-0.9009688679024191
0.0,-0.027600624469196568,-0.005581405010470999,0.0,-7.575584651557793,0.5666666666666667,0.5627721172404507,0.8660254037844387,-0.4999999999999998,-0.20129852008866114,0.9795299412524943,-0.9749279121818236,-0.2225209339563146
0.0,0.0,0.0,0.0,0.0,0.5666666666666667,0.5629067731944881,0.5000000000000003,-0.8660254037844385,0.5712682150947923,0.8207634412072763,0.7818314824680298,0.6234898018587336
0.022141106883466696,0.02396439018303167,0.022141106883466696,0.02396439018303167,7.843848638152472,0.5666666666666667,0.5629516585125006,0.5000000000000003,-0.8660254037844385,0.72479278722912,0.6889669190756866,0.9749279121818236,-0.22252093395631434
0.0018232832995648339,0.0,0.0018232832995648339,0.0,-7.843848638152472,0.5666666666666667,0.5629965438305131,0.5000000000000003,-0.8660254037844385,0.8486442574947509,0.5289640103269624,0.43388373911755823,-0.900968867902419
0.0,0.0,0.0,0.0,0.0,0.5666666666666667,0.5630414291485255,0.5000000000000003,-0.8660254037844385,0.9377521321470804,0.3473052528448203,-0.433883739117558,-0.9009688679024191
0.0,0.0,0.0,0.0,0.0,0.5666666666666667,0.563086314466538,0.5000000000000003,-0.8660254037844385,0.9884683243281114,0.1514277775045767,-0.9749279121818236,-0.2225209339563146
-0.02957712220591902,-0.012832559416192145,-0.02957712220591902,-0.014679082108914778,8.699514748210191,0.5666666666666667,0.5632209704205755,0.5000000000000003,-0.8660254037844385,0.8978045395707416,-0.4403941515576344,0.7818314824680298,0.6234898018587336
0.0,0.030883637558240834,0.014898040097004283,0.021938699724402374,0.7537718023763802,0.5666666666666667,0.5632658557385879,0.5000000000000003,-0.8660254037844385,0.7907757369376989,-0.6121059825476626,0.9749279121818236,-0.22252093395631434
0.02042800227367476,0.008904705859104196,0.009199621713109495,-0.012739078011292777,-0.3995999886557664,0.5666666666666667,0.5633107410566004,0.5000000000000003,-0.8660254037844385,0.6513724827222223,-0.758758122692791,0.43388373911755823,-0.900968867902419
0.0054995497972273035,-0.01069527888945819,0.0018298902607884757,0.005479460395805221,-1.7404661748405046,0.5666666666666667,0.5633556263746129,0.5000000000000003,-0.8660254037844385,0.48530196253108104,-0.8743466161445821,-0.433883739117558,-0.9009688679024191
-0.012879781758154862,-0.007194397800302249,-0.0018298902607884263,-0.016529351893171625,-0.2231435513142097,0.5666666666666667,0.5634005116926254,0.5000000000000003,-0.8660254037844385,0.29936312297335804,-0.9541392564000488,-0.9749279121818236,-0.2225209339563146
-0.0829791771572466,-0.02559545920456418,-0.011049891497366387,-0.04934575762542652,2.12525107771113,0.5666666666666667,0.5635351676466628,0.5000000000000003,-0.8660254037844385,-0.29936312297335776,-0.9541392564000489,0.7818314824680298,0.6234898018587336
0.03168593156882045,-0.051293245588426094,-0.051293245588426094,-0.0019474879629995587,-4.204692619390966,0.5666666666666667,0.5635800529646753,0.5000000000000003,-0.8660254037844385,-0.4853019625310808,-0.8743466161445822,0.9749279121818236,-0.22252093395631434
-0.052011669982341094,-0.027669650368072236,-0.04179715970926327,-0.027669650368072236,1.791759469228055,0.5666666666666667,0.5636249382826878,0.5000000000000003,-0.8660254037844385,-0.6513724827222217,-0.7587581226927913,0.43388373911755823,-0.900968867902419
-0.03128510482473883,0.0020017859438874255,-0.02053473123021694,0.0020017859438874255,1.8191584434161694,0.5666666666666667,0.5636698236007003,0.5000000000000003,-0.8660254037844385,-0.7907757369376986,-0.6121059825476627,-0.433883739117558,-0.9009688679024191
0.05762891038289495,0.0,0.03666402651529537,0.0,-8.62155320674048,0.5666666666666667,0.5637147089187128,0.5000000000000003,-0.8660254037844385,-0.8978045395707417,-0.44039415155763423,-0.9749279121818236,-0.2225209339563146
-0.04709149117358372,0.009950534807277886,-0.04709149117358372,0.009950534807277886,8.229511118964457,0.5666666666666667,0.5638493648727502,0.5000000000000003,-0.8660254037844385,-0.9884683243281114,0.15142777750457667,0.7818314824680298,0.6234898018587336
0.04709149117358378,0.019608242435034125,0.04709149117358378,0.01766481757990645,0.36464311358790924,0.5666666666666667,0.5638942501907627,0.5000000000000003,-0.8660254037844385,-0.9377521321470804,0.3473052528448203,0.9749279121818236,-0.22252093395631434
0.003992231571819909,0.09442722882369785,0.12398600606600987,-0.02362312081536448,-1.2809338454620642,0.5666666666666667,0.5639391355087752,0.5000000000000003,-0.8660254037844385,-0.8486442574947509,0.5289640103269624,0.43388373911755823,-0.900968867902419
-0.04273287728241909,0.0,-0.11999377449418999,-0.012024180040079513,1.7227665977411035,0.5666666666666667,0.5639840208267876,0.5000000000000003,-0.8660254037844385,-0.7247927872291207,0.6889669190756859,-0.433883739117558,-0.9009688679024191
0.0307086972423396,-0.09442722882369776,-0.012024180040079513,0.02783469918111969,-0.4144337780909248,0.5666666666666667,0.5640289061448001,0.5000000000000003,-0.8660254037844385,-0.5712682150947924,0.8207634412072763,-0.9749279121818236,-0.2225209339563146
0.019960509155980313,-0.00975602652945189,0.02783469918111969,-0.00787419002513937,-0.5198754592859085,0.5666666666666667,0.56420844741685,1.2246467991473532e-16,-1.0,0.20129852008866006,0.9795299412524945,0.9749279121818236,-0.22252093395631434
0.03495505414895942,0.028987508824008093,0.027080864123820294,0.03686169884914743,-0.3184537311185346,0.5666666666666667,0.5642533327348624,1.2246467991473532e-16,-1.0,0.39435585511331855,0.9189578116202306,0.43388373911755823,-0.900968867902419
-0.03693308002940229,0.0,-0.03693308002940229,0.0,0.11778303565638346,0.5666666666666667,0.564298218052875,1.2246467991473532e-16,-1.0,0.5712682150947923,0.8207634412072763,-0.433883739117558,-0.9009688679024191
0.04453774042562379,0.01886860017134911,0.04453774042562379,0.01886860017134911,-1.5040773967762742,0.5666666666666667,0.5643431033708874,1.2246467991473532e-16,-1.0,0.72479278722912,0.6889669190756866,-0.9749279121818236,-0.2225209339563146
0.013170584475315382,0.0,0.013170584475315382,0.0,-6.396929655216146,0.5666666666666667,0.5644777593249248,1.2246467991473532e-16,-1.0,0.9884683243281114,0.1514277775045767,0.7818314824680298,0.6234898018587336
-0.05770832490093939,0.01851883128325114,-0.05770832490093939,0.01851883128325114,7.783224016336037,0.5666666666666667,0.5645226446429373,1.2246467991473532e-16,-1.0,0.9987165071710528,-0.05064916883871264,0.9749279121818236,-0.22252093395631434
0.03883972472959028,-0.037387431454600197,0.03883972472959028,-0.037387431454600197,-7.783224016336037,0.5666666666666667,0.5645675299609498,1.2246467991473532e-16,-1.0,0.9680771188662043,-0.2506525322587204,0.43388373911755823,-0.900968867902419
0.011363747874334085,0.013245348648234196,0.013245348648234196,0.011363747874334085,8.724207360800564,0.5666666666666667,0.5646124152789623,1.2246467991473532e-16,-1.0,0.8978045395707416,-0.4403941515576344,-0.433883739117558,-0.9009688679024191
-0.024786893399249946,0.003752211647174334,0.0,-0.019012098675893915,-0.2478361639045812,0.5666666666666667,0.5647919565510122,1.2246467991473532e-16,-1.0,0.29936312297335804,-0.9541392564000488,0.7818314824680298,0.6234898018587336
0.00385377245329757,-0.009407263030864792,-0.020893699449793923,0.0,-0.7576857016975165,0.5666666666666667,0.5648368418690247,1.2246467991473532e-16,-1.0,0.10116832198743272,-0.994869323391895,0.9749279121818236,-0.22252093395631434
-0.0019249953289802988,0.0,0.0,0.011450565270962786,0.3829922522561057,0.5666666666666667,0.5648817271870371,1.2246467991473532e-16,-1.0,-0.10116832198743204,-0.9948693233918952,0.43388373911755823,-0.900968867902419
0.0019249953289803953,0.0018883702161134658,-0.0019210222700584603,0.0037880827951405306,-0.45198512374305727,0.5666666666666667,0.5649266125050496,1.2246467991473532e-16,-1.0,-0.29936312297335776,-0.9541392564000489,-0.433883739117558,-0.9009688679024191
0.0,-0.001888370216113455,0.0,-0.015238648066103401,-0.6931471805599453,0.5666666666666667,0.5649714978230621,1.2246467991473532e-16,-1.0,-0.4853019625310808,-0.8743466161445822,-0.9749279121818236,-0.2225209339563146
0.009569373071618278,0.05157656107584026,0.04143701602434052,0.0076483508015598375,2.097141118779237,0.5666666666666667,0.5651061537770995,1.2246467991473532e-16,-1.0,-0.8978045395707417,-0.44039415155763423,0.7818314824680298,0.6234898018587336
-0.019231482294556138,-0.021779426885783736,-0.026169627256688595,0.024460407473142674,-0.40546510810816444,0.5666666666666667,0.565151039095112,1.2246467991473532e-16,-1.0,-0.9680771188662041,-0.2506525322587213,0.9749279121818236,-0.22252093395631434
-0.029558777242312026,-0.007366311194600556,0.016901794910049242,-0.0018605968670599344,0.3513978868378886,0.5666666666666667,0.5651959244131245,1.2246467991473532e-16,-1.0,-0.9987165071710528,-0.05064916883871355,0.43388373911755823,-0.900968867902419
0.03149877906066144,-0.024323104563966,-0.02450645530627073,-0.018797596136679827,-2.1972245773362196,0.5666666666666667,0.565240809731137,1.2246467991473532e-16,-1.0,-0.9884683243281114,0.15142777750457667,-0.433883739117558,-0.9009688679024191
0.11000085622873218,0.3837668125930629,0.1354380373247106,0.3595171711364096,6.050519309889297,0.5666666666666667,0.5652856950491495,1.2246467991473532e-16,-1.0,-0.9377521321470804,0.3473052528448203,-0.9749279121818236,-0.2225209339563146
0.3285040297191315,0.39465417194067526,0.28768201284713435,0.40325519599218185,1.4845104055020777,0.5666666666666667,0.5654203510031869,1.2246467991473532e-16,-1.0,-0.5712682150947924,0.8207634412072763,0.7818314824680298,0.6234898018587336
0.38441171793309203,0.25968500972838227,0.44147557150459754,0.14933515293608043,0.8996510544503988,0.5666666666666667,0.5654652363211994,1.2246467991473532e-16,-1.0,-0.3943558551133187,0.9189578116202306,0.9749279121818236,-0.22252093395631434
-0.02150612317497713,-0.10752386560693344,0.03708513945940779,-0.040441042593238684,-1.5464481573485,0.5666666666666667,0.5655101216392119,1.2246467991473532e-16,-1.0,-0.20129852008866114,0.9795299412524943,0.43388373911755823,-0.900968867902419
-0.03720538088197943,-0.018086382555944795,-0.01797629517353375,-0.10271847084708832,-0.7624557277776972,0.5666666666666667,0.5655550069572244,-0.4999999999999997,-0.8660254037844388,0.20129852008866006,0.9795299412524945,-0.433883739117558,-0.9009688679024191
-0.04712183471643343,-0.015326064981822506,-0.1623332908053183,0.11612037085355077,1.0607458493287678,0.5666666666666667,0.5655998922752368,-0.4999999999999997,-0.8660254037844388,0.39435585511331855,0.9189578116202306,-0.9749279121818236,-0.2225209339563146
0.3230015956272223,0.4661351838302304,0.3209804412140889,0.39206328379014027,2.553769189496306,0.5666666666666667,0.5657794335472868,-0.4999999999999997,-0.8660254037844388,0.9377521321470804,0.3473052528448203,0.9749279121818236,-0.22252093395631434
0.08969049222715235,0.05422018995864813,0.3689146739181597,-0.1634531205906348,-0.8616551761105781,0.5666666666666667,0.5658243188652992,-0.4999999999999997,-0.8660254037844388,0.9884683243281114,0.1514277775045767,0.43388373911755823,-0.900968867902419
-0.10348370277088201,-0.2952061702499605,-0.33192238003297325,-0.0348688385888237,-1.342717352264711,0.5666666666666667,0.5658692041833117,-0.4999999999999997,-0.8660254037844388,0.9987165071710528,-0.05064916883871264,-0.433883739117558,-0.9009688679024191
0.09846172582782368,0.1523876974895204,0.08153811697534544,0.1977926812839114,0.7794839562615236,0.5666666666666667,0.5659140895013242,-0.4999999999999997,-0.8660254037844388,0.9680771188662043,-0.2506525322587204,-0.9749279121818236,-0.2225209339563146
0.07747370720662124,0.12382321420122955,0.15064365015516984,-0.0821624353396202,0.6697497155258522,0.5666666666666667,0.5660487454553615,-0.4999999999999997,-0.8660254037844388,0.6513724827222223,-0.758758122692791,0.7818314824680298,0.6234898018587336
-0.02895329271367767,-0.15010516701857718,-0.10507497715315664,-0.013306559752975268,-0.9715340767549829,0.5666666666666667,0.566093630773374,-0.4999999999999997,-0.8660254037844388,0.48530196253108104,-0.8743466161445821,0.9749279121818236,-0.22252093395631434
-0.02981664486787204,-0.04218165158669053,-0.008027558472386703,-0.004085249306472014,-0.6048864235044404,0.5666666666666667,0.5661385160913865,-0.4999999999999997,-0.8660254037844388,0.29936312297335804,-0.9541392564000488,0.43388373911755823,-0.900968867902419
-0.01807459655738386,0.006216419015973067,-0.03634628692562487,-0.035112129369379054,-0.010864705542727232,0.5666666666666667,0.566183401409399,-0.4999999999999997,-0.8660254037844388,0.10116832198743272,-0.994869323391895,-0.433883739117558,-0.9009688679024191
-0.01520949484440939,-0.03438730988462712,0.014815029268005951,-0.028257468926641296,-0.3499159516751656,0.5666666666666667,0.5662282867274115,-0.4999999999999997,-0.8660254037844388,-0.10116832198743204,-0.9948693233918952,-0.9749279121818236,-0.2225209339563146
-0.012853543056182894,-0.009962025248522506,-0.060624563964867956,0.026438693888360926,-0.48550781578170077,0.5666666666666667,0.5663629426814489,-0.4999999999999997,-0.8660254037844388,-0.6513724827222217,-0.7587581226927913,0.7818314824680298,0.6234898018587336
0.02806303790059235,-0.010657284544894995,0.0037429826045755517,-0.024571236978473583,-0.7755467123270122,0.5666666666666667,0.5664078279994614,-0.4999999999999997,-0.8660254037844388,-0.7907757369376986,-0.6121059825476627,0.9749279121818236,-0.22252093395631434
-0.12726184965843418,-0.027151007033275464,0.017284364123482332,-0.12574381328956752,0.9767950529385651,0.5666666666666667,0.5664527133174739,-0.4999999999999997,-0.8660254037844388,-0.8978045395707417,-0.44039415155763423,0.43388373911755823,-0.900968867902419
-0.10854017703592019,-0.10978745527602021,-0.14886068572631972,-0.08304436352550171,-0.3363952424727301,0.5666666666666667,0.5664975986354863,-0.4999999999999997,-0.8660254037844388,-0.9680771188662041,-0.2506525322587213,-0.433883739117558,-0.9009688679024191
-0.0007964377437509038,-0.04538311151455804,-0.08211643089192282,-0.001533631415798109,-0.6176543264768642,0.5666666666666667,0.5665424839534988,-0.4999999999999997,-0.8660254037844388,-0.9987165071710528,-0.05064916883871355,-0.9749279121818236,-0.2225209339563146
-0.07441447211292096,-0.07410790141414356,0.0015408309107409156,-0.06992526354777215,0.2549172368228544,0.5666666666666667,0.5666771399075363,-0.4999999999999997,-0.8660254037844388,-0.8486442574947509,0.5289640103269624,0.7818314824680298,0.6234898018587336
0.03375838795931575,0.03774029130306627,-0.04648325585153058,0.027599127108209373,-0.009338589267799763,0.5666666666666667,0.5667220252255487,-0.4999999999999997,-0.8660254037844388,-0.7247927872291207,0.6889669190756859,0.9749279121818236,-0.22252093395631434
-0.06958581494302894,-0.04623787885127108,0.0080320489501534,-0.06448514276227299,-0.13185737850668283,0.5666666666666667,0.5667669105435612,-0.4999999999999997,-0.8660254037844388,-0.5712682150947924,0.8207634412072763,0.43388373911755823,-0.900968867902419
0.03582742698371323,0.23777605575292649,-0.04082195637328177,0.3245680586714529,1.4173633291392134,0.5666666666666667,0.5668117958615737,-0.4999999999999997,-0.8660254037844388,-0.3943558551133187,0.9189578116202306,-0.433883739117558,-0.9009688679024191
0.24269361805354342,0.1219198688720016,0.39035144447952186,-0.07496301044909447,0.9711211639214794,0.5666666666666667,0.5668566811795862,-0.4999999999999997,-0.8660254037844388,-0.20129852008866114,0.9795299412524943,-0.9749279121818236,-0.2225209339563146
-0.2097653900040905,-0.24614556076876176,-0.2426501678621671,-0.18112475531242048,-0.6655745387038341,0.5666666666666667,0.5669913371336236,-0.8660254037844385,-0.5000000000000004,0.39435585511331855,0.9189578116202306,0.7818314824680298,0.6234898018587336
-0.007503094490498426,-0.0710230076773096,-0.0989111578609865,-0.0063999011777303725,-0.3468146169206445,0.5666666666666667,0.5670362224516361,-0.8660254037844385,-0.5000000000000004,0.5712682150947923,0.8207634412072763,0.9749279121818236,-0.22252093395631434
0.026425953808548775,-0.021037677430084174,0.0015860417162349906,-0.005633869609012347,-1.1050540807355922,0.5666666666666667,0.5670811077696486,-0.8660254037844385,-0.5000000000000004,0.72479278722912,0.6889669190756866,0.43388373911755823,-0.900968867902419
-0.028101114279185442,-0.03398007127426012,-0.009554204099321511,-0.02699553679632499,-0.5006732523019726,0.5666666666666667,0.5671259930876611,-0.8660254037844385,-0.5000000000000004,0.8486442574947509,0.5289640103269624,-0.433883739117558,-0.9009688679024191
-0.04456596856363245,-0.019834087806125597,-0.09123839297372792,-0.041478671725278166,0.28050147137692044,0.5666666666666667,0.5671708784056736,-0.8660254037844385,-0.5000000000000004,0.9377521321470804,0.3473052528448203,-0.9749279121818236,-0.2225209339563146
-0.05032516396477373,0.036196004083094716,0.009594419728448992,0.030640666922073817,0.9922621638251171,0.5666666666666667,0.567305534359711,-0.8660254037844385,-0.5000000000000004,0.9680771188662043,-0.2506525322587204,0.7818314824680298,0.6234898018587336
0.0702824225755928,-0.014792058740159037,0.06957134521532773,-0.010109596762714078,-1.065229494814904,0.5666666666666667,0.5673504196777235,-0.8660254037844385,-0.5000000000000004,0.8978045395707416,-0.4403941515576344,0.9749279121818236,-0.22252093395631434
-0.01995725861081908,-0.026223227348959044,-0.06265090879366844,0.007591763037555645,-0.2748449256911002,0.5666666666666667,0.567395304995736,-0.8660254037844385,-0.5000000000000004,0.7907757369376989,-0.6121059825476626,0.43388373911755823,-0.900968867902419
0.020815995475314632,-0.023626272554417467,0.03056262257037641,0.0,-0.858565585233546,0.5666666666666667,0.5674401903137484,-0.8660254037844385,-0.5000000000000004,0.6513724827222223,-0.758758122692791,-0.433883739117558,-0.9009688679024191
-0.010353835507059922,0.013104071175393452,-0.03401679236478569,-0.01951687475990965,0.51195812671829,0.5666666666666667,0.5674850756317609,-0.8660254037844385,-0.5000000000000004,0.48530196253108104,-0.8743466161445821,-0.9749279121818236,-0.2225209339563146
-0.0026052963225047148,-0.024712932695996226,-0.005203822709948949,-0.00687878217792115,-0.07397738122960551,0.5666666666666667,0.5676197315857984,-0.8660254037844385,-0.5000000000000004,-0.10116832198743204,-0.9948693233918952,0.7818314824680298,0.6234898018587336
-0.044451847383767146,-0.010901445045099802,0.019802607783662447,-0.0413974554382512,0.33999176055666935,0.5666666666666667,0.5676646169038108,-0.8660254037844385,-0.5000000000000004,-0.29936312297335776,-0.9541392564000489,0.9749279121818236,-0.22252093395631434
-0.016498984235987703,-0.017865256472487188,-0.07338686475929923,-0.012669776117553917,-0.2252602988276844,0.5666666666666667,0.5677095022218233,-0.8660254037844385,-0.5000000000000004,-0.4853019625310808,-0.8743466161445822,0.43388373911755823,-0.900968867902419
-0.05119603435456539,-0.026969917932106697,0.002748510251710937,-0.06199168284512119,0.3481628611144259,0.5666666666666667,0.5677543875398358,-0.8660254037844385,-0.5000000000000004,-0.6513724827222217,-0.7587581226927913,-0.433883739117558,-0.9009688679024191
-0.024619564196513826,0.14503898085699293,-0.06131111925039425,0.2308656174540466,1.826162749000009,0.5666666666666667,0.5677992728578483,-0.8660254037844385,-0.5000000000000004,-0.7907757369376986,-0.6121059825476627,-0.9749279121818236,-0.2225209339563146
0.22174679365810815,0.11989965812772342,0.2650545032148542,-0.010050381425350467,0.33612803899542615,0.5666666666666667,0.5679339288118856,-0.8660254037844385,-0.5000000000000004,-0.9987165071710528,-0.05064916883871355,0.7818314824680298,0.6234898018587336
-0.008019396065102168,-0.043560298886484,0.0029806252786399416,0.05590574368584,-0.6875356787908992,0.5666666666666667,0.5679788141298981,-0.8660254037844385,-0.5000000000000004,-0.9884683243281114,0.15142777750457667,0.9749279121818236,-0.22252093395631434
0.030918067186308087,-0.04332813980878083,0.008151151667735428,-0.03438291800299871,-0.902560539062253,0.5666666666666667,0.5680236994479106,-0.8660254037844385,-0.5000000000000004,-0.9377521321470804,0.3473052528448203,0.43388373911755823,-0.900968867902419
0.0023392358406720136,0.08146102222721788,-0.03377434089263372,0.019578811957786768,1.142339150880995,0.5666666666666667,0.5680685847659231,-0.8660254037844385,-0.5000000000000004,-0.8486442574947509,0.5289640103269624,-0.433883739117558,-0.9009688679024191
0.01622276456269838,-0.053802703547908406,0.01890419185691078,-0.01654171544061714,-1.321030939624371,0.5666666666666667,0.5681134700839355,-0.8660254037844385,-0.5000000000000004,-0.7247927872291207,0.6889669190756859,-0.9749279121818236,-0.2225209339563146
-0.03906743106936478,-0.05762297130071494,-0.05227934162982135,-0.03471234016591778,-0.4888129612032318,0.5666666666666667,0.568248126037973,-0.8660254037844385,-0.5000000000000004,-0.20129852008866114,0.9795299412524943,0.7818314824680298,0.6234898018587336
-0.0365152360547004,0.0015196469430770073,0.010208110966255658,-0.011049826205691546,0.4279942211681926,0.5666666666666667,0.5682930113559855,-0.8660254037844385,-0.5000000000000004,-2.4492935982947064e-16,1.0,0.9749279121818236,-0.22252093395631434
0.008230491384116023,-0.035552397139187265,-0.04718978102106996,-0.025724751079231258,-0.8130984066274418,0.5666666666666667,0.5683378966739979,-1.0,-1.8369701987210297e-16,0.20129852008866006,0.9795299412524945,0.43388373911755823,-0.900968867902419
-0.024897588079177486,-0.017460744212904333,0.000818606274334806,-0.004080144184769873,0.2867514069588277,0.5666666666666667,0.5683827819920104,-1.0,-1.8369701987210297e-16,0.39435585511331855,0.9189578116202306,-0.433883739117558,-0.9009688679024191
-0.016095146798507227,-0.014516369705966757,-0.01483949986186803,-0.023997760523578306,-0.3246706418211215,0.5666666666666667,0.5684276673100229,-1.0,-1.8369701987210297e-16,0.5712682150947923,0.8207634412072763,-0.9749279121818236,-0.2225209339563146
0.026960385836829553,0.22590171186932279,-0.0008308496479713378,0.24074323900939185,2.4300473811682717,0.5666666666666667,0.5686072085820728,-1.0,-1.8369701987210297e-16,0.9884683243281114,0.1514277775045767,0.9749279121818236,-0.22252093395631434
0.11157557570761904,0.0634037069554474,0.27576590724206645,-0.11572785883363292,0.4069100108286298,0.5666666666666667,0.5686520939000853,-1.0,-1.8369701987210297e-16,0.9987165071710528,-0.05064916883871264,0.43388373911755823,-0.900968867902419
-0.025603891184214318,-0.12902299174980053,-0.13632931966784065,0.0,-1.4523552831846387,0.5666666666666667,0.5686969792180978,-1.0,-1.8369701987210297e-16,0.9680771188662043,-0.2506525322587204,-0.433883739117558,-0.9009688679024191
0.06568202396770592,0.0669146205029057,0.09708336060143061,0.05114536349236227,1.1989031157196488,0.5666666666666667,0.5687418645361103,-1.0,-1.8369701987210297e-16,0.8978045395707416,-0.4403941515576344,-0.9749279121818236,-0.2225209339563146
-0.01801843676381528,-0.03759098476583453,-0.0326804847821216,-0.021292481194161366,-1.4185444594809913,0.5666666666666667,0.5688765204901477,-1.0,-1.8369701987210297e-16,0.48530196253108104,-0.8743466161445821,0.7818314824680298,0.6234898018587336
0.004354139014543665,-0.009453133512742226,-0.052185754902424344,0.018479643104595184,0.11140010673920106,0.5666666666666667,0.5689214058081602,-1.0,-1.8369701987210297e-16,0.29936312297335804,-0.9541392564000488,0.9749279121818236,-0.22252093395631434
-0.0036271833210007854,-0.02056273313384639,-0.007168379948188417,-0.012044109266708777,-0.9771512941672731,0.5666666666666667,0.5689662911261727,-1.0,-1.8369701987210297e-16,0.10116832198743272,-0.994869323391895,0.43388373911755823,-0.900968867902419
-0.00436999557336217,-0.010442181176990226,0.02486799110738693,-0.014357734430059067,0.3729458631296822,0.5666666666666667,0.5690111764441852,-1.0,-1.8369701987210297e-16,-0.10116832198743204,-0.9948693233918952,-0.433883739117558,-0.9009688679024191
0.02166147664363472,0.12730136404942485,0.009081486696326217,0.08785456286657833,1.871991905021765,0.5666666666666667,0.5690560617621976,-1.0,-1.8369701987210297e-16,-0.29936312297335776,-0.9541392564000489,-0.9749279121818236,-0.2225209339563146
0.07696106762708212,0.16177933369125738,0.07371044517929821,0.23132200494229557,0.779810695160427,0.5666666666666667,0.5691907177162351,-1.0,-1.8369701987210297e-16,-0.7907757369376986,-0.6121059825476627,0.7818314824680298,0.6234898018587336
0.09939034481891688,0.02177377855672993,0.22983946060323687,-0.10752323639146093,-0.26599970051447197,0.5666666666666667,0.5692356030342476,-1.0,-1.8369701987210297e-16,-0.8978045395707417,-0.44039415155763423,0.9749279121818236,-0.22252093395631434
0.05815594774229483,0.1823215812471419,-0.07568875437303461,0.07981763289472393,1.3398013657788612,0.5666666666666667,0.56928048835226,-1.0,-1.8369701987210297e-16,-0.9680771188662041,-0.2506525322587213,0.43388373911755823,-0.900968867902419
0.06823926571951622,-0.04412157957554552,0.04968619911994404,0.09378648493676559,0.013814005118747983,0.5666666666666667,0.5693253736702725,-1.0,-1.8369701987210297e-16,-0.9987165071710528,-0.05064916883871355,-0.433883739117558,-0.9009688679024191
0.11502343978753357,0.02252248912857865,0.14492573524838645,0.06797583053220167,-0.617681628138578,0.5666666666666667,0.569370258988285,-1.0,-1.8369701987210297e-16,-0.9884683243281114,0.15142777750457667,-0.9749279121818236,-0.2225209339563146
0.048207623255598776,0.1134066375550731,0.05195395087481602,0.15624923007067443,0.482961887220046,0.5666666666666667,0.5695049149423224,-1.0,-1.8369701987210297e-16,-0.7247927872291207,0.6889669190756859,0.7818314824680298,0.6234898018587336
0.021725538905645353,0.10219763013848665,0.15557143594069647,-0.09346434275327997,0.030873295135957678,0.5666666666666667,0.5695498002603349,-1.0,-1.8369701987210297e-16,-0.5712682150947924,0.8207634412072763,0.9749279121818236,-0.22252093395631434
-0.023969167282447124,-0.12387336272770087,-0.19304550987472752,0.02892585160546833,-0.5477637302927046,0.5666666666666667,0.5695946855783474,-1.0,-1.8369701987210297e-16,-0.3943558551133187,0.9189578116202306,0.43388373911755823,-0.900968867902419
0.02440769856286754,-0.006795913304878964,0.06689423256189736,-0.016913706583937805,-0.6532777205465516,0.5666666666666667,0.5696395708963599,-1.0,-1.8369701987210297e-16,-0.20129852008866114,0.9795299412524943,-0.433883739117558,-0.9009688679024191
-0.011464022577017577,-0.02806779627206257,-0.008438921110857048,-0.004701832932541706,-0.3586100714232513,0.5666666666666667,0.5696844562143724,-0.866025403784439,0.49999999999999933,0.20129852008866006,0.9795299412524945,-0.9749279121818236,-0.2225209339563146
-0.05515173440200469,-0.0225290915458815,0.004228392632270334,-0.06688348675912403,0.24009175751743977,0.5666666666666667,0.5698191121684097,-0.866025403784439,0.49999999999999933,0.72479278722912,0.6889669190756866,0.7818314824680298,0.6234898018587336
-0.03529227284226958,0.0553988130029578,-0.10958887461515515,0.13758870614893012,0.5985133685405601,0.5666666666666667,0.5698639974864222,-0.866025403784439,0.49999999999999933,0.8486442574947509,0.5289640103269624,0.9749279121818236,-0.22252093395631434
0.20274271963816326,0.1968527478614733,0.17254391857552234,0.10236196697657361,0.9898313645670462,0.5666666666666667,0.5699088828044347,-0.866025403784439,0.49999999999999933,0.9377521321470804,0.3473052528448203,0.43388373911755823,-0.900968867902419
0.06223205513437492,-0.03164283849734582,0.1388656600425498,-0.007233297670294502,-0.5611481417910239,0.5666666666666667,0.5699537681224471,-0.866025403784439,0.49999999999999933,0.9884683243281114,0.1514277775045767,-0.433883739117558,-0.9009688679024191
0.0018604373304690665,-0.03582890507781219,-0.06150855057198579,-0.0007262677084667427,-0.60305317187557,0.5666666666666667,0.5699986534404596,-0.866025403784439,0.49999999999999933,0.9987165071710528,-0.05064916883871264,-0.9749279121818236,-0.2225209339563146
-0.025603784826484285,-0.019837684725222578,0.015645227092389424,-0.0268743801798987,-0.4081121731673966,0.5666666666666667,0.5701333093944971,-0.866025403784439,0.49999999999999933,0.7907757369376989,-0.6121059825476626,0.7818314824680298,0.6234898018587336
-0.0019087326903251252,0.05938210663470363,-0.05186353056161925,0.07647723490302553,0.9223653651599941,0.5666666666666667,0.5701781947125095,-0.866025403784439,0.49999999999999933,0.6513724827222223,-0.758758122692791,0.9749279121818236,-0.22252093395631434
0.12754290215526548,0.08897618983292761,0.139927337355082,0.10085671365827102,0.31280751029246656,0.5666666666666667,0.570223080030522,-0.866025403784439,0.49999999999999933,0.48530196253108104,-0.8743466161445821,0.43388373911755823,-0.900968867902419
-0.03770153181569468,-0.009296574037970106,0.0565521136023988,-0.1064026497204775,-0.869380776674953,0.5666666666666667,0.5702679653485345,-0.866025403784439,0.49999999999999933,0.29936312297335804,-0.9541392564000488,-0.433883739117558,-0.9009688679024191
-0.0472021389463857,-0.07664984732754637,-0.08199714606624701,0.018595608102206937,-0.38357721863722033,0.5666666666666667,0.570312850666547,-0.866025403784439,0.49999999999999933,0.10116832198743272,-0.994869323391895,-0.9749279121818236,-0.2225209339563146
0.052080242624042004,0.06537851565140511,-0.007488163886651518,0.054444191391118335,0.4996753339286844,0.5666666666666667,0.5704475066205844,-0.866025403784439,0.49999999999999933,-0.4853019625310808,-0.8743466161445822,0.7818314824680298,0.6234898018587336
0.021321233739962284,-0.0034694168611637856,0.06032320847403911,-0.04156271832552653,-0.8211446273780749,0.5666666666666667,0.5704923919385969,-0.866025403784439,0.49999999999999933,-0.6513724827222217,-0.7587581226927913,0.9749279121818236,-0.22252093395631434
-0.009572615728903784,-0.013038787969704663,-0.06100668597536968,0.03637968605506731,-0.21235794448023879,0.5666666666666667,0.5705372772566094,-0.866025403784439,0.49999999999999933,-0.7907757369376986,-0.6121059825476627,0.43388373911755823,-0.900968867902419
0.022419346883957265,-0.0019225052824347528,0.05778499073612383,-0.02100501854568109,-0.35982811310389257,0.5666666666666667,0.5705821625746219,-0.866025403784439,0.49999999999999933,-0.8978045395707417,-0.44039415155763423,-0.433883739117558,-0.9009688679024191
-0.060939629021444286,0.06817999110447354,-0.051989879063280585,-0.05874003929923945,1.4886112794053656,0.5666666666666667,0.5706270478926344,-0.866025403784439,0.49999999999999933,-0.9680771188662041,-0.2506525322587213,-0.9749279121818236,-0.2225209339563146
-0.05165029921955353,-0.12221162099395434,-0.01541386435202446,-0.0249299909498913,-0.9115949427396884,0.5666666666666667,0.5707617038466718,-0.866025403784439,0.49999999999999933,-0.9377521321470804,0.3473052528448203,0.7818314824680298,0.6234898018587336
0.03327470518577065,-0.009865669849833137,-0.02410602313520439,0.009689666392138793,-0.4142709997169383,0.5666666666666667,0.5708065891646843,-0.866025403784439,0.49999999999999933,-0.8486442574947509,0.5289640103269624,0.9749279121818236,-0.22252093395631434
-0.009499462435496353,-0.02387238812206371,-0.006385207948344708,-0.005371563980963604,-0.32868412954426623,0.5666666666666667,0.5708514744826968,-0.866025403784439,0.49999999999999933,-0.7247927872291207,0.6889669190756859,0.43388373911755823,-0.900968867902419
0.00949946243549635,0.039139821720555724,-0.020856594870001206,-0.0003592076222696644,0.6470089555275942,0.5666666666666667,0.5708963598007092,-0.866025403784439,0.49999999999999933,-0.5712682150947924,0.8207634412072763,-0.433883739117558,-0.9009688679024191
0.00580141988413043,-0.027997755333026047,0.017291583249661773,0.010362752073702042,-0.9993921334579312,0.5666666666666667,0.5709412451187217,-0.866025403784439,0.49999999999999933,-0.3943558551133187,0.9189578116202306,-0.9749279121818236,-0.2225209339563146
0.008639354137923277,0.1608555331142039,0.017699508979809285,0.1868733928724924,2.0404169269686006,0.5666666666666667,0.5710759010727592,-0.5000000000000012,0.8660254037844379,0.20129852008866006,0.9795299412524945,0.7818314824680298,0.6234898018587336
0.1380462161733778,0.039027918090765654,0.19769979376040572,-0.0561008211144168,-0.18567733458515323,0.5666666666666667,0.5711207863907716,-0.5000000000000012,0.8660254037844379,0.39435585511331855,0.9189578116202306,0.9749279121818236,-0.22252093395631434
0.006845117731958816,-0.014853076249771089,-0.03665564908648619,0.03071500340889024,-0.3807503443405905,0.5666666666666667,0.5711656717087841,-0.5000000000000012,0.8660254037844379,0.5712682150947923,0.8207634412072763,0.43388373911755823,-0.900968867902419
0.002168210476042857,0.02135312331096911,-0.03526197823070011,0.019173726065238376,0.17853345606943125,0.5666666666666667,0.5712105570267966,-0.5000000000000012,0.8660254037844379,0.72479278722912,0.6889669190756866,-0.433883739117558,-0.9009688679024191
-0.07916640922815187,-0.10786756552334592,-0.0691697156373492,-0.11064983590771818,-0.28323220886872597,0.5666666666666667,0.5712554423448091,-0.5000000000000012,0.8660254037844379,0.8486442574947509,0.5289640103269624,-0.9749279121818236,-0.2225209339563146
-0.08124356967599035,-0.029292191718225443,-0.006987188045245696,-0.0803742173981881,-0.4247065982806259,0.5666666666666667,0.5713900982988465,-0.5000000000000012,0.8660254037844379,0.9987165071710528,-0.05064916883871264,0.7818314824680298,0.6234898018587336
0.026171110541844,-0.02818012894898609,-0.049274472533044095,0.02343028058304254,0.08169939175444818,0.5666666666666667,0.571434983616859,-0.5000000000000012,0.8660254037844379,0.9680771188662043,-0.2506525322587204,0.9749279121818236,-0.22252093395631434
0.0,-0.017432540475008362,0.03243902611884448,0.010123982899277966,-0.8281445860465368,0.5666666666666667,0.5714798689348715,-0.5000000000000012,0.8660254037844379,0.8978045395707416,-0.4403941515576344,0.43388373911755823,-0.900968867902419
0.02688235063129994,0.04172791587946003,-0.0030606790861742836,0.045161328958310744,0.7313129913201982,0.5666666666666667,0.571524754252884,-0.5000000000000012,0.8660254037844379,0.7907757369376989,-0.6121059825476626,-0.433883739117558,-0.9009688679024191
0.009257753997306068,0.01225034863825255,0.028539740558284465,-0.017415024914688222,-0.13721738664441394,0.5666666666666667,0.5715696395708963,-0.5000000000000012,0.8660254037844379,0.6513724827222223,-0.758758122692791,-0.9749279121818236,-0.2225209339563146
-0.03190281421978598,-0.030581449905333773,-0.035032178598016585,-0.014976439604948733,-0.47013050634730785,0.5666666666666667,0.5717042955249338,-0.5000000000000012,0.8660254037844379,0.10116832198743272,-0.994869323391895,0.7818314824680298,0.6234898018587336
-0.020648682511620376,-0.019683709574929584,-0.0003428518825668742,-0.03702834469742156,0.02236973117423191,0.5666666666666667,0.5717491808429463,-0.5000000000000012,0.8660254037844379,-0.10116832198743204,-0.9948693233918952,0.9749279121818236,-0.22252093395631434
-0.20003139488894192,-0.02940384859903435,-0.02289384733795179,-0.18431644626128416,0.894500878941745,0.5666666666666667,0.5717940661609587,-0.5000000000000012,0.8660254037844379,-0.29936312297335776,-0.9541392564000489,0.43388373911755823,-0.900968867902419
0.053049231984161796,-0.08015834985372768,-0.14148269101388183,0.08722530851052955,0.17568120086201258,0.5666666666666667,0.5718389514789712,-0.5000000000000012,0.8660254037844379,-0.4853019625310808,-0.8743466161445822,-0.433883739117558,-0.9009688679024191
0.0,-0.0075471983019338796,0.03025705590365751,-0.051086896869142945,-0.9618339724553435,0.5666666666666667,0.5718838367969837,-0.5000000000000012,0.8660254037844379,-0.6513724827222217,-0.7587581226927913,-0.9749279121818236,-0.2225209339563146
-0.0811196926607778,-0.05528850727694746,-0.051086896869142945,-0.03656643244479705,0.10453309620445304,0.5666666666666667,0.5720184927510211,-0.5000000000000012,0.8660254037844379,-0.9680771188662041,-0.2506525322587213,0.7818314824680298,0.6234898018587336
0.025430778397772223,-0.030071372790945405,-0.03656643244479705,0.0,-0.50131984876629,0.5666666666666667,0.5720633780690336,-0.5000000000000012,0.8660254037844379,-0.9987165071710528,-0.05064916883871355,0.9749279121818236,-0.22252093395631434
0.0,-0.0120357960463604,0.024943232861992817,-0.015530927653341273,-0.39370856545594163,0.5666666666666667,0.5721082633870461,-0.5000000000000012,0.8660254037844379,-0.9884683243281114,0.15142777750457667,0.43388373911755823,-0.900968867902419
0.004395607327108693,0.05285772447037294,-0.020671490535521347,0.0545705069844868,0.8795510897896601,0.5666666666666667,0.5721980340230711,-0.5000000000000012,0.8660254037844379,-0.8486442574947509,0.5289640103269624,-0.9749279121818236,-0.2225209339563146
0.031090619081118483,-0.010750555633067187,0.05433631980255556,-0.01828050883904262,-0.665028038657994,0.5666666666666667,0.5723326899771085,-0.5000000000000012,0.8660254037844379,-0.3943558551133187,0.9189578116202306,0.7818314824680298,0.6234898018587336
-0.03065208780069792,-0.04503423123300452,-0.03659189166273293,-0.034118415625054334,-0.23578536878358966,0.5666666666666667,0.572377575295121,-0.5000000000000012,0.8660254037844379,-0.20129852008866114,0.9795299412524943,0.9749279121818236,-0.22252093395631434
0.021254273135002617,0.049826568019000504,-0.020305246499891533,0.03327955021147297,1.0201601650741499,0.5666666666666667,0.5724224606131335,-2.4492935982947064e-16,1.0,0.20129852008866006,0.9795299412524945,0.43388373911755823,-0.900968867902419
0.004709947157283119,0.00793654193666686,0.02947584907993242,0.027727711770751666,0.41451494362808233,0.5666666666666667,0.572467345931146,-2.4492935982947064e-16,1.0,0.39435585511331855,0.9189578116202306,-0.433883739117558,-0.9009688679024191
0.016942363084045002,-0.0039604541680880335,0.03426106576881224,-0.028567401630913838,-0.9504464885251493,0.5666666666666667,0.5725122312491584,-2.4492935982947064e-16,1.0,0.5712682150947923,0.8207634412072763,-0.9749279121818236,-0.2225209339563146
-0.029840208005167138,-0.034312083909607306,-0.04720765899780581,-0.0033655869116323376,-0.22761149796515978,0.5666666666666667,0.5726468872031959,-2.4492935982947064e-16,1.0,0.9377521321470804,0.3473052528448203,0.7818314824680298,0.6234898018587336
-0.09336490617939744,-0.008247461402353344,-0.008442362352811239,-0.1024150048370614,0.3603480832886015,0.5666666666666667,0.5726917725212084,-2.4492935982947064e-16,1.0,0.9884683243281114,0.1514277775045767,0.9749279121818236,-0.22252093395631434
0.005212075894715523,-0.08194241661098775,-0.08029006594465096,0.023074375733231154,-0.4529574135619965,0.5666666666666667,0.5727366578392208,-2.4492935982947064e-16,1.0,0.9987165071710528,-0.05064916883871264,0.43388373911755823,-0.900968867902419
0.0009447322894288803,0.011617699088629491,-0.019949576656872824,0.0013677087783277914,-0.6401044445754642,0.5666666666666667,0.5727815431572333,-2.4492935982947064e-16,1.0,0.9680771188662043,-0.2506525322587204,-0.433883739117558,-0.9009688679024191
0.026096517162908194,0.018486423908835932,0.02590336523707119,0.002275344201067054,-0.04673968481399376,0.5666666666666667,0.5728264284752458,-2.4492935982947064e-16,1.0,0.8978045395707416,-0.4403941515576344,-0.9749279121818236,-0.2225209339563146
-0.029407026222783978,-0.021601026974404,0.004555812082213534,0.0,0.006743763515428889,0.5666666666666667,0.5729610844292832,-2.4492935982947064e-16,1.0,0.48530196253108104,-0.8743466161445821,0.7818314824680298,0.6234898018587336
0.004725969848338439,-0.02207795237276195,-0.007299295336199726,-0.020666649632169413,-0.47607096620012607,0.5666666666666667,0.5730059697472957,-2.4492935982947064e-16,1.0,0.29936312297335804,-0.9541392564000488,0.9749279121818236,-0.22252093395631434
0.0018841249529790635,0.011325170934059535,-0.027386261886710825,-0.012608106252183036,0.618563527579083,0.5666666666666667,0.5730508550653082,-2.4492935982947064e-16,1.0,0.10116832198743272,-0.994869323391895,0.43388373911755823,-0.900968867902419
-0.09573384902644765,-0.025548809887263574,0.017724327445988383,-0.08376990460301476,0.9242522932517584,0.5666666666666667,0.5730957403833207,-2.4492935982947064e-16,1.0,-0.10116832198743204,-0.9948693233918952,-0.433883739117558,-0.9009688679024191
-0.04935997157271208,-0.06638869832591274,-0.09957261204996964,-0.042804062128944984,-0.3976483899844626,0.5666666666666667,0.5731406257013332,-2.4492935982947064e-16,1.0,-0.29936312297335776,-0.9541392564000489,-0.9749279121818236,-0.2225209339563146
0.00974560137273635,0.0014804190286935388,-0.036935279890082794,0.023195535736763355,0.02357052382763494,0.5666666666666667,0.5732752816553706,-2.4492935982947064e-16,1.0,-0.7907757369376986,-0.6121059825476627,0.7818314824680298,0.6234898018587336
0.019210818667163523,-0.034105651210455355,0.03232812399442489,0.005715817640292097,-1.1382942032592906,0.5666666666666667,0.5733201669733831,-2.4492935982947064e-16,1.0,-0.8978045395707417,-0.44039415155763423,0.9749279121818236,-0.22252093395631434
-0.028956420039899903,-0.015424455577311006,-0.025462473047049603,-0.042875046984202685,0.6281087843807232,0.5666666666666667,0.5733650522913956,-2.4492935982947064e-16,1.0,-0.9680771188662041,-0.2506525322587213,0.43388373911755823,-0.900968867902419
-0.0393948335470371,-0.015666101530342574,0.0,-0.03242934063477384,0.09203208544649372,0.5666666666666667,0.573409937609408,-2.4492935982947064e-16,1.0,-0.9987165071710528,-0.05064916883871355,-0.433883739117558,-0.9009688679024191
-0.032789833617267485,0.01825338564136099,-0.07426993422174644,0.06958856997868425,0.661645594853484,0.5666666666666667,0.573589478881458,-2.4492935982947064e-16,1.0,-0.7247927872291207,0.6889669190756859,0.7818314824680298,0.6234898018587336
0.061793591843630494,-0.0010340512946861238,0.07689801651283047,-0.026935890068682845,-0.5561391577011627,0.5666666666666667,0.5736343641994703,-2.4492935982947064e-16,1.0,-0.5712682150947924,0.8207634412072763,0.9749279121818236,-0.22252093395631434
0.018519029729911696,0.033073411699504875,-0.01694056907988072,0.005871413310699462,0.4647369942940433,0.5666666666666667,0.5736792495174828,-2.4492935982947064e-16,1.0,-0.3943558551133187,0.9189578116202306,0.43388373911755823,-0.900968867902419
-0.0016203453106019216,-0.024317284739611384,0.013785995297102583,-0.0021310589787799828,-0.784669165106925,0.5666666666666667,0.5737241348354953,-2.4492935982947064e-16,1.0,-0.20129852008866114,0.9795299412524943,-0.433883739117558,-0.9009688679024191
-0.0218587733064361,-0.0291383496144295,-0.02344271343579148,-0.03142191829564833,-0.00634922767865878,0.5666666666666667,0.5737690201535078,-2.4492935982947064e-16,1.0,-2.4492935982947064e-16,1.0,-0.9749279121818236,-0.2225209339563146
-0.055664596826536517,-0.01061587680342707,-0.019048215732834883,-0.0531197824739404,0.2833505941191642,0.5833333333333334,0.5739036761075452,0.49999999999999994,0.8660254037844387,0.5712682150947923,0.8207634412072763,0.7818314824680298,0.6234898018587336
-0.05461893924297446,-0.05146177113836343,-0.030685740787715007,-0.054260691592403446,-0.009641947976253144,0.5833333333333334,0.5739485614255577,0.49999999999999994,0.8660254037844387,0.72479278722912,0.6889669190756866,0.9749279121818236,-0.22252093395631434
-0.013039644891247072,-0.035452589204668025,-0.09315955415487326,-0.004914010052710988,0.17042874076813105,0.5833333333333334,0.5739934467435702,0.49999999999999994,0.8660254037844387,0.8486442574947509,0.5289640103269624,0.43388373911755823,-0.900968867902419
-0.005012626737700095,-0.005837639079516565,0.011131829535814371,-0.009901061341492878,-0.36795176175699273,0.5833333333333334,0.5740383320615827,0.49999999999999994,0.8660254037844387,0.9377521321470804,0.3473052528448203,-0.433883739117558,-0.9009688679024191
-0.039723315605509894,-0.043068900393668605,-0.011753957437020358,-0.04580958329243974,0.32013865148345416,0.5833333333333334,0.5740832173795952,0.49999999999999994,0.8660254037844387,0.9884683243281114,0.1514277775045767,-0.9749279121818236,-0.2225209339563146
-0.1002897795771325,-0.061771398820954934,-0.06624084477369181,-0.09342389896664019,0.8176078675911911,0.5833333333333334,0.5742178733336326,0.49999999999999994,0.8660254037844387,0.8978045395707416,-0.4403941515576344,0.7818314824680298,0.6234898018587336
-0.09784234934597086,-0.0940106449592121,-0.08894750150013733,-0.0881166949593597,-0.19812139513871724,0.5833333333333334,0.5742627586516451,0.49999999999999994,0.8660254037844387,0.7907757369376989,-0.6121059825476626,0.9749279121818236,-0.22252093395631434
0.008726686222620546,0.05489394634749482,-0.07232070316426366,0.10442326464600218,0.591805669215732,0.5833333333333334,0.5743076439696576,0.49999999999999994,0.8660254037844387,0.6513724827222223,-0.758758122692791,0.43388373911755823,-0.900968867902419
0.031106788979789683,-0.019802559591106515,0.12401362921581804,-0.07822753768897824,-1.086291060135833,0.5833333333333334,0.57435252928767,0.49999999999999994,0.8660254037844387,0.48530196253108104,-0.8743466161445821,-0.433883739117558,-0.9009688679024191
0.0076276858564897805,-0.056023151174962545,-0.09551725519485771,0.022557324373161197,-0.4886529510278844,0.5833333333333334,0.5743974146056825,0.49999999999999994,0.8660254037844387,0.29936312297335804,-0.9541392564000488,-0.9749279121818236,-0.2225209339563146
0.008324076939026601,0.047017160990169234,0.017313228731952925,0.03650036600453005,0.3815501176473145,0.5833333333333334,0.5745769558777324,0.49999999999999994,0.8660254037844387,-0.4853019625310808,-0.8743466161445822,0.9749279121818236,-0.22252093395631434
0.012729420578761605,0.019297714942962896,0.048790169252983816,-0.0035906131692268767,0.2989681147400235,0.5833333333333334,0.5746218411957449,0.49999999999999994,0.8660254037844387,-0.6513724827222217,-0.7587581226927913,0.43388373911755823,-0.900968867902419
-0.07250673319119603,-0.04466903038407021,-0.007848714945227762,-0.07079314219028683,-0.29656571118215713,0.5833333333333334,0.5746667265137574,0.49999999999999994,0.8660254037844387,-0.7907757369376986,-0.6121059825476627,-0.433883739117558,-0.9009688679024191
-0.024292670056076462,-0.05652880744934337,-0.07664598887403676,-0.05965983731178018,-0.2890827730309661,0.5833333333333334,0.5747116118317699,0.49999999999999994,0.8660254037844387,-0.8978045395707417,-0.44039415155763423,-0.9749279121818236,-0.2225209339563146
-0.015696241252366443,-0.026015213512034972,-0.05811424340235186,-0.0065789649063572285,0.17246133001104852,0.5833333333333334,0.5748462677858073,0.49999999999999994,0.8660254037844387,-0.9884683243281114,0.15142777750457667,0.7818314824680298,0.6234898018587336
0.014876292451465403,-0.007782244403645457,0.03937835013018911,0.0098522871858351,-0.2739580076728724,0.5833333333333334,0.5748911531038198,0.49999999999999994,0.8660254037844387,-0.9377521321470804,0.3473052528448203,0.9749279121818236,-0.22252093395631434
0.004093271080379034,0.026976727077883227,-0.03610502785071122,0.06024013575663398,0.39207802732570507,0.5833333333333334,0.5749360384218323,0.49999999999999994,0.8660254037844387,-0.8486442574947509,0.5289640103269624,0.43388373911755823,-0.900968867902419
0.040822013219751804,0.037317725151909696,0.06407885346047124,0.009188416996289694,0.026013881930954323,0.5833333333333334,0.5749809237398448,0.49999999999999994,0.8660254037844387,-0.7247927872291207,0.6889669190756859,-0.433883739117558,-0.9009688679024191
-0.026223227348959044,0.16321459720829967,0.00534969929245261,0.2028163496214105,1.997140912828897,0.5833333333333334,0.5750258090578572,0.49999999999999994,0.8660254037844387,-0.5712682150947924,0.8207634412072763,-0.9749279121818236,-0.2225209339563146
0.29729755085273324,0.17011292579519893,0.295464164716514,0.1685369204257168,0.8083482278856963,0.5833333333333334,0.5751604650118947,0.49999999999999994,0.8660254037844387,-2.4492935982947064e-16,1.0,0.7818314824680298,0.6234898018587336
0.05977989394915,0.03608642893656738,0.0470870655886551,-0.04242254376135189,-0.7575421808967535,0.5833333333333334,0.5752053503299072,0.8660254037844386,0.5000000000000001,0.20129852008866006,0.9795299412524945,0.9749279121818236,-0.22252093395631434
0.004496992025785676,-0.017880444505654777,-0.012523935286212753,0.009282184204694078,-0.8354607456543951,0.5833333333333334,0.5752502356479195,0.8660254037844386,0.5000000000000001,0.39435585511331855,0.9189578116202306,0.43388373911755823,-0.900968867902419
-0.03307033760577617,-0.036749506325688096,0.008185615471513205,-0.04161487881297972,-0.9004460879871975,0.5833333333333334,0.575295120965932,0.8660254037844386,0.5000000000000001,0.5712682150947923,0.8207634412072763,-0.433883739117558,-0.9009688679024191
0.008658095628435286,-0.012375833441400603,-0.02755000345357799,-0.0017012017397403179,0.1781479726951696,0.5833333333333334,0.5753400062839445,0.8660254037844386,0.5000000000000001,0.72479278722912,0.6889669190756866,-0.9749279121818236,-0.2225209339563146
-0.022668819242311525,0.15515573714136352,-0.03409426077131292,0.1990182718797876,2.074267320546849,0.5833333333333334,0.575474662237982,0.8660254037844386,0.5000000000000001,0.9884683243281114,0.1514277775045767,0.7818314824680298,0.6234898018587336
0.1483388528015001,0.00831028917528887,0.19524356496218317,-0.0793452716252657,-0.9131292588208653,0.5833333333333334,0.5755195475559944,0.8660254037844386,0.5000000000000001,0.9987165071710528,-0.05064916883871264,0.9749279121818236,-0.22252093395631434
-0.013265488547731867,-0.05967680645430133,-0.037795228812820963,0.004521516346960761,-1.2016249917431878,0.5833333333333334,0.5755644328740069,0.8660254037844386,0.5000000000000001,0.9680771188662043,-0.2506525322587204,0.43388373911755823,-0.900968867902419
-0.023909640660338353,-0.009808799122755752,-0.007435006955408482,-0.033124051883364265,-0.17953370999252147,0.5833333333333334,0.5756093181920194,0.8660254037844386,0.5000000000000001,0.8978045395707416,-0.4403941515576344,-0.433883739117558,-0.9009688679024191
-0.010044974841744072,0.10338715725273837,-0.018072764186628686,0.07340457709217742,1.476122850210569,0.5833333333333334,0.5756542035100319,0.8660254037844386,0.5000000000000001,0.7907757369376989,-0.6121059825476626,-0.9749279121818236,-0.2225209339563146
0.07323462493736961,-0.006689013752792,0.05758046092840244,-0.01454929346200741,-0.6904025790911897,0.5833333333333334,0.5757888594640693,0.8660254037844386,0.5000000000000001,0.29936312297335804,-0.9541392564000488,0.7818314824680298,0.6234898018587336
-0.007435006955408482,-0.04905857630920304,0.0066730405453218344,0.0004883651128546065,-0.8620578986003702,0.5833333333333334,0.5758337447820818,0.8660254037844386,0.5000000000000001,0.10116832198743272,-0.994869323391895,0.9749279121818236,-0.22252093395631434
0.005457746705919512,-0.0014108013385582166,-0.04072299058117601,0.012615460220297095,-0.3570184095096857,0.5833333333333334,0.5758786301000943,0.8660254037844386,0.5000000000000001,-0.10116832198743204,-0.9948693233918952,0.43388373911755823,-0.900968867902419
0.017169927693277468,0.027386261886710943,0.034049950035854155,-0.0024137432804812683,0.44926445909871016,0.5833333333333334,0.5759235154181068,0.8660254037844386,0.5000000000000001,-0.29936312297335776,-0.9541392564000489,-0.433883739117558,-0.9009688679024191
-0.08949063174231975,-0.04017357581925394,-0.011060418941635779,-0.09313756264157608,0.3981315463469686,0.5833333333333334,0.5759684007361192,0.8660254037844386,0.5000000000000001,-0.4853019625310808,-0.8743466161445822,-0.9749279121818236,-0.2225209339563146
-0.09127577187398277,-0.1150460392178369,-0.10546798656878172,-0.08407380950964519,-0.18423712505081527,0.5833333333333334,0.5761479420081692,0.8660254037844386,0.5000000000000001,-0.9680771188662041,-0.2506525322587213,0.9749279121818236,-0.22252093395631434
0.0063898336741241265,-0.011834523216665033,-0.06895450416390601,0.01602780368712293,-0.09149446008140857,0.5833333333333334,0.5761928273261816,0.8660254037844386,0.5000000000000001,-0.9987165071710528,-0.05064916883871355,0.43388373911755823,-0.900968867902419
-0.057192507165419,-0.04595319862767919,0.014290067410766764,-0.06268521572301854,-0.022755002993663734,0.5833333333333334,0.5762377126441941,0.8660254037844386,0.5000000000000001,-0.9884683243281114,0.15142777750457667,-0.433883739117558,-0.9009688679024191
-0.015446649242060692,-0.043422158812595056,-0.05422487140295463,-0.005456163698520822,-0.30126598088659345,0.5833333333333334,0.5762825979622066,0.8660254037844386,0.5000000000000001,-0.9377521321470804,0.3473052528448203,-0.9749279121818236,-0.2225209339563146
-0.011271241593554013,0.01584999535032681,-0.02058190732636297,0.02164844879217189,-0.029113741735462082,0.5833333333333334,0.576417253916244,0.8660254037844386,0.5000000000000001,-0.5712682150947924,0.8207634412072763,0.7818314824680298,0.6234898018587336
0.038905807623853046,0.01789363740769238,0.0223777327621701,-0.012571282765378331,-0.1660004759562119,0.5833333333333334,0.5764621392342565,1.0,6.123233995736766e-17,0.20129852008866006,0.9795299412524945,0.9749279121818236,-0.22252093395631434
-0.015873421245056918,-0.004587077654717257,-0.007202905490737731,0.009592390641994939,-0.17439995183478174,0.5833333333333334,0.576507024552269,1.0,6.123233995736766e-17,0.39435585511331855,0.9189578116202306,0.43388373911755823,-0.900968867902419
-0.0006155294302042945,-0.015055278085534873,0.026160801561624224,-0.00959239064199505,-0.4936413075940873,0.5833333333333334,0.5765519098702815,1.0,6.123233995736766e-17,0.5712682150947923,0.8207634412072763,-0.433883739117558,-0.9009688679024191
0.0006155294302043981,-0.012918630514958965,-0.01955611775287532,-0.021309810185550566,0.166516016315506,0.5833333333333334,0.576596795188294,1.0,6.123233995736766e-17,0.72479278722912,0.6889669190756866,-0.9749279121818236,-0.2225209339563146
-0.05242753727230291,-0.01668690313594988,-0.027914493994299582,-0.03379542473619426,0.5452114499809866,0.5833333333333334,0.5767314511423314,1.0,6.123233995736766e-17,0.9884683243281114,0.1514277775045767,0.7818314824680298,0.6234898018587336
-0.03296274227046801,-0.042350610096805456,-0.040181136351447384,-0.051594854806576634,0.10981236990424732,0.5833333333333334,0.5767763364603439,1.0,6.123233995736766e-17,0.9987165071710528,-0.05064916883871264,0.9749279121818236,-0.22252093395631434
-0.041045393070440916,-0.05013908174865959,-0.043869559545785024,-0.040347363373141015,-0.5127844882513237,0.5833333333333334,0.5768212217783564,1.0,6.123233995736766e-17,0.9680771188662043,-0.2506525322587204,0.43388373911755823,-0.900968867902419
-0.03843885680049573,-0.03215277390289528,-0.04098930447025507,-0.023297940960547894,0.3888320555732638,0.5833333333333334,0.5768661070963688,1.0,6.123233995736766e-17,0.8978045395707416,-0.4403941515576344,-0.433883739117558,-0.9009688679024191
-0.009478786467495224,0.18809113264652208,-0.02900806936491023,0.21798744946025456,1.8758834185980109,0.5833333333333334,0.5769109924143813,1.0,6.123233995736766e-17,0.7907757369376989,-0.6121059825476626,-0.9749279121818236,-0.2225209339563146
0.17865179650370955,0.006185041437474061,0.23100912391022643,-0.0628168826696765,-0.6714676744097375,0.5833333333333334,0.5770456483684188,1.0,6.123233995736766e-17,0.29936312297335804,-0.9541392564000488,0.7818314824680298,0.6234898018587336
-0.050906368108930844,-0.01924222752769057,-0.05565124399227808,-0.017273701587021403,-0.5134862106642248,0.5833333333333334,0.5770905336864312,1.0,6.123233995736766e-17,0.10116832198743272,-0.994869323391895,0.9749279121818236,-0.22252093395631434
-0.0006449987839838779,-0.05039148080794533,-0.0012055445118874678,-0.029683283183308463,-0.896429027823262,0.5833333333333334,0.5771354190044437,1.0,6.123233995736766e-17,-0.10116832198743204,-0.9948693233918952,0.43388373911755823,-0.900968867902419
-0.016916457921505878,0.03310000080699102,-0.06671215316008733,0.04695698477032978,1.0082387312360168,0.5833333333333334,0.5771803043224562,1.0,6.123233995736766e-17,-0.29936312297335776,-0.9541392564000489,-0.433883739117558,-0.9009688679024191
0.03608635650560584,-0.011696112169380287,0.052131106824664326,0.03898545366093193,-0.4815275174003188,0.5833333333333334,0.5772251896404686,1.0,6.123233995736766e-17,-0.4853019625310808,-0.8743466161445822,-0.9749279121818236,-0.2225209339563146
0.02869822645042525,0.0,0.03959721723681015,-0.023208441759246946,-0.3158463918479259,0.5833333333333334,0.577359845594506,1.0,6.123233995736766e-17,-0.8978045395707417,-0.44039415155763423,0.7818314824680298,0.6234898018587336
0.014652262710496907,0.13514776271116408,-0.02985293510043613,0.08535445995356682,2.3125447731803725,0.5833333333333334,0.5774047309125185,1.0,6.123233995736766e-17,-0.9680771188662041,-0.2506525322587213,0.9749279121818236,-0.22252093395631434
0.06963910354459907,-0.024975334777704878,0.10517870279686324,0.0005525988015702312,-1.0902331315527165,0.5833333333333334,0.577449616230531,1.0,6.123233995736766e-17,-0.9987165071710528,-0.05064916883871355,0.43388373911755823,-0.900968867902419
0.009003991718234098,0.015163786986146146,-0.0032786882580001417,-0.013348350078897654,-0.27387096994516774,0.5833333333333334,0.5774945015485435,1.0,6.123233995736766e-17,-0.9884683243281114,0.15142777750457667,-0.433883739117558,-0.9009688679024191
-0.0022434088541888613,-0.027355778510156605,0.006002701765263579,0.003911668524726251,-0.8055496916312527,0.5833333333333334,0.5776740428205934,1.0,6.123233995736766e-17,-0.5712682150947924,0.8207634412072763,0.7818314824680298,0.6234898018587336
-0.07276992181340733,-0.028125214993037127,-0.008194559787278774,-0.056797586995543194,0.11337740756577663,0.5833333333333334,0.5777189281386059,1.0,6.123233995736766e-17,-0.3943558551133187,0.9189578116202306,0.9749279121818236,-0.22252093395631434
-0.013374046731610955,-0.04774838356553452,-0.07280068671773217,-0.01307206934493735,-0.5745254116121479,0.5833333333333334,0.5777638134566184,1.0,6.123233995736766e-17,-0.20129852008866114,0.9795299412524943,0.43388373911755823,-0.900968867902419
0.01035020190681678,0.023878314155632907,-0.026301550028672738,0.0346787707742785,0.2478467178272106,0.5833333333333334,0.5778086987746308,1.0,6.123233995736766e-17,-2.4492935982947064e-16,1.0,-0.433883739117558,-0.9009688679024191
-0.006075433931167276,-0.005633812269726427,0.05250393842882618,-0.0412794916347635,-0.21716685100284916,0.5833333333333334,0.5778535840926433,0.8660254037844387,-0.4999999999999998,0.20129852008866006,0.9795299412524945,-0.9749279121818236,-0.2225209339563146
-0.030943033986805944,-0.06416196612628321,-0.04706754948833256,-0.014554518984294988,-0.019064335066728413,0.5833333333333334,0.5779882400466808,0.8660254037844387,-0.4999999999999998,0.72479278722912,0.6889669190756866,0.7818314824680298,0.6234898018587336
0.01806342713996914,0.04361331803394596,-0.024391429718497774,0.013952334354042433,0.40916512656012904,0.5833333333333334,0.5780331253646932,0.8660254037844387,-0.4999999999999998,0.8486442574947509,0.5289640103269624,0.9749279121818236,-0.22252093395631434
0.006767123989765747,-0.021568996966432098,0.019560507039288987,-0.005436388940493662,-0.9056936705022904,0.5833333333333334,0.5780780106827057,0.8660254037844387,-0.4999999999999998,0.9377521321470804,0.3473052528448203,0.43388373911755823,-0.900968867902419
0.0018377148814215667,-0.01304872394602039,-0.005462874359478339,0.004230844428606144,-0.2147460212103407,0.5833333333333334,0.5781228960007182,0.8660254037844387,-0.4999999999999998,0.9884683243281114,0.1514277775045767,-0.433883739117558,-0.9009688679024191
0.012165588519037786,0.09232063221568154,0.006672794710414423,0.06140483074853721,2.131420576503417,0.5833333333333334,0.5781677813187307,0.8660254037844387,-0.4999999999999998,0.9987165071710528,-0.05064916883871264,-0.9749279121818236,-0.2225209339563146
0.009028082383203528,-0.03715426321089172,0.052984761814204334,-0.044658043643564654,-0.9857341020560019,0.5833333333333334,0.5783024372727681,0.8660254037844387,-0.4999999999999998,0.7907757369376989,-0.6121059825476626,0.7818314824680298,0.6234898018587336
-0.040971799457678044,-0.04921406120305653,-0.034415854562704656,-0.015541242593084944,-0.622051258876215,0.5833333333333334,0.5783473225907806,0.8660254037844387,-0.4999999999999998,0.6513724827222223,-0.758758122692791,0.9749279121818236,-0.22252093395631434
-0.010668475908307154,0.01823046283933585,-0.01856890725149964,-0.039317065328633265,0.032989543215106804,0.5833333333333334,0.5783922079087931,0.8660254037844387,-0.4999999999999998,0.48530196253108104,-0.8743466161445821,0.43388373911755823,-0.900968867902419
-0.04450912415735572,-0.04835319503399504,-0.038205561984795584,-0.038970218597116475,0.1915977538381771,0.5833333333333334,0.5784370932268056,0.8660254037844387,-0.4999999999999998,0.29936312297335804,-0.9541392564000488,-0.433883739117558,-0.9009688679024191
-0.07532652175072647,-0.02916736929291436,-0.04759736464531037,-0.06945819887301281,0.2100324183487035,0.5833333333333334,0.578481978544818,0.8660254037844387,-0.4999999999999998,0.10116832198743272,-0.994869323391895,-0.9749279121818236,-0.2225209339563146
-0.02229498960668905,-0.07721297980569315,-0.059719276745641876,-0.022599911263248115,-0.2295959975497412,0.5833333333333334,0.5786166344988555,0.8660254037844387,-0.4999999999999998,-0.4853019625310808,-0.8743466161445822,0.7818314824680298,0.6234898018587336
0.019446089476766844,-0.01576998710357964,-0.0035025771987913738,0.024692640004354966,-0.4388015283757561,0.5833333333333334,0.578661519816868,0.8660254037844387,-0.4999999999999998,-0.6513724827222217,-0.7587581226927913,0.9749279121818236,-0.22252093395631434
0.033663734043436824,0.146320760595113,0.01739177559718998,0.13353140508542405,2.131362083895639,0.5833333333333334,0.5787064051348804,0.8660254037844387,-0.4999999999999998,-0.7907757369376986,-0.6121059825476627,0.43388373911755823,-0.900968867902419
0.053704127387043735,-0.0029895787375050276,0.11946741645831162,-0.05644134748372715,-0.9730715013459577,0.5833333333333334,0.5787512904528929,0.8660254037844387,-0.4999999999999998,-0.8978045395707417,-0.44039415155763423,-0.433883739117558,-0.9009688679024191
-0.015146754028072305,-0.009022652277449817,-0.06380437975837513,0.0012895818126837438,-0.5193917203466549,0.5833333333333334,0.5787961757709054,0.8660254037844387,-0.4999999999999998,-0.9680771188662041,-0.2506525322587213,-0.9749279121818236,-0.2225209339563146
-0.0033234106047048454,-0.050180857570776574,0.0263934791414478,-0.020834159670312154,-1.0372187629065468,0.5833333333333334,0.5789308317249429,0.8660254037844387,-0.4999999999999998,-0.9377521321470804,0.3473052528448203,0.7818314824680298,0.6234898018587336
0.0013306709192098018,-0.0006354798704924496,-0.021837620614058532,-0.007926057783354541,0.09883441252685463,0.5833333333333334,0.5789757170429553,0.8660254037844387,-0.4999999999999998,-0.8486442574947509,0.5289640103269624,0.9749279121818236,-0.22252093395631434
-0.0324352443969582,-0.010866233854965256,-0.026317376436965127,-0.015369530804117574,0.5055346061315751,0.5833333333333334,0.5790206023609678,0.8660254037844387,-0.4999999999999998,-0.7247927872291207,0.6889669190756859,0.43388373911755823,-0.900968867902419
-0.020118641436237022,-0.01685067472888279,-0.010723953080772902,-0.02523150430310024,-0.16329938688539639,0.5833333333333334,0.5790654876789803,0.8660254037844387,-0.4999999999999998,-0.5712682150947924,0.8207634412072763,-0.433883739117558,-0.9009688679024191
0.0,-0.011834446516350077,-0.01904817643306947,0.010989209570860943,-0.0031279349869606323,0.5833333333333334,0.5791103729969928,0.8660254037844387,-0.4999999999999998,-0.3943558551133187,0.9189578116202306,-0.9749279121818236,-0.2225209339563146
0.012534971206665803,-0.014657143830630884,0.006162335481651177,-0.01237127963916149,-0.8472978603872037,0.5833333333333334,0.5792450289510301,0.5000000000000003,-0.8660254037844385,0.39435585511331855,0.9189578116202306,0.7818314824680298,0.6234898018587336
-0.013937494644137039,-0.004034971330474962,0.01288584095141814,0.0006912737988404855,0.2508269800626266,0.5833333333333334,0.5792899142690426,0.5000000000000003,-0.8660254037844385,0.5712682150947923,0.8207634412072763,0.9749279121818236,-0.22252093395631434
0.012552454174974593,0.02987270705221379,-0.011521683170106439,0.03062507374529807,0.6891574346006748,0.5833333333333334,0.5793347995870551,0.5000000000000003,-0.8660254037844385,0.72479278722912,0.6889669190756866,0.43388373911755823,-0.900968867902419
0.028690465826778103,0.03723157225351874,0.03285580529773043,0.010003455781670945,0.4260028059501075,0.5833333333333334,0.5793796849050676,0.5000000000000003,-0.8660254037844385,0.8486442574947509,0.5289640103269624,-0.433883739117558,-0.9009688679024191
0.014042391855835916,-0.024881688736885788,0.001318390510031496,0.0019886818343338836,-1.1725194374453156,0.5833333333333334,0.57942457022308,0.5000000000000003,-0.8660254037844385,0.9377521321470804,0.3473052528448203,-0.9749279121818236,-0.2225209339563146
-0.02896802831097709,-0.006480898075610834,-0.0019781909344353987,-0.010652553970466072,0.3892704221881837,0.5833333333333334,0.5795592261771175,0.5000000000000003,-0.8660254037844385,0.9680771188662043,-0.2506525322587204,0.7818314824680298,0.6234898018587336
-0.006858632604570431,-0.01837320300951854,-0.006622629223425188,-0.027826625877987773,-0.2448050480953892,0.5833333333333334,0.57960411149513,0.5000000000000003,-0.8660254037844385,0.8978045395707416,-0.4403941515576344,0.9749279121818236,-0.22252093395631434
0.005490644606745254,0.05476407976740025,-0.020134890043346752,0.07617041590723515,1.6523016168658828,0.5833333333333334,0.5796489968131424,0.5000000000000003,-0.8660254037844385,0.7907757369376989,-0.6121059825476626,0.43388373911755823,-0.900968867902419
0.04680003481416022,0.04714677783565436,0.0636906928634345,0.025190315096287764,0.42518284936380246,0.5833333333333334,0.5796938821311549,0.5000000000000003,-0.8660254037844385,0.6513724827222223,-0.758758122692791,-0.433883739117558,-0.9009688679024191
-0.01513687955707657,-0.012639294431231435,0.03623137619292203,-0.05299675433879323,-0.9440325883998412,0.5833333333333334,0.5797387674491674,0.5000000000000003,-0.8660254037844385,0.48530196253108104,-0.8743466161445821,-0.9749279121818236,-0.2225209339563146
-0.002656041535203881,-0.038276328530770176,-0.0758083975088746,0.02012395010634538,-0.8292234092636541,0.5833333333333334,0.5798734234032048,0.5000000000000003,-0.8660254037844385,-0.10116832198743204,-0.9948693233918952,0.7818314824680298,0.6234898018587336
0.01713949371356721,0.0006291730676874927,0.050962423208527875,-0.0012861726275370943,-0.310504639795426,0.5833333333333334,0.5799183087212173,0.5000000000000003,-0.8660254037844385,-0.29936312297335776,-0.9541392564000489,0.9749279121818236,-0.22252093395631434
0.005215130815779875,0.03704123569263978,-0.019048267638185925,0.041593948098734956,1.6941030624444076,0.5833333333333334,0.5799631940392298,0.5000000000000003,-0.8660254037844385,-0.4853019625310808,-0.8743466161445822,0.43388373911755823,-0.900968867902419
0.027574707087450117,0.0060423087109366036,0.04634522119445172,-0.01179774837787847,-0.9593367235467929,0.5833333333333334,0.5800080793572423,0.5000000000000003,-0.8660254037844385,-0.6513724827222217,-0.7587581226927913,-0.433883739117558,-0.9009688679024191
-0.0038022823304811517,0.08096906827869323,-0.015418069011228447,0.1104692646247715,2.0623102300048726,0.5833333333333334,0.5800529646752548,0.5000000000000003,-0.8660254037844385,-0.7907757369376986,-0.6121059825476627,-0.9749279121818236,-0.2225209339563146
0.057969404400760066,-0.006688981750297861,0.09875072069258213,-0.042267815125597616,-0.6984086620593589,0.5833333333333334,0.5801876206292922,0.5000000000000003,-0.8660254037844385,-0.9987165071710528,-0.05064916883871355,0.7818314824680298,0.6234898018587336
-0.0011991255419966944,0.046977463005977736,-0.029716526150944982,0.04338575715422945,0.7026872215413902,0.5833333333333334,0.5802325059473047,0.5000000000000003,-0.8660254037844385,-0.9884683243281114,0.15142777750457667,0.9749279121818236,-0.22252093395631434
0.03825129644606158,-0.027043267054005598,0.043139533595594845,-0.005602250161017563,-1.656938524186022,0.5833333333333334,0.5802773912653172,0.5000000000000003,-0.8660254037844385,-0.9377521321470804,0.3473052528448203,0.43388373911755823,-0.900968867902419
0.02733652743701405,0.04868579830906244,-0.011173289882683566,0.0336954671412152,1.0421415179095712,0.5833333333333334,0.5803222765833296,0.5000000000000003,-0.8660254037844385,-0.8486442574947509,0.5289640103269624,-0.433883739117558,-0.9009688679024191
0.012283783108248554,-0.013140818065930081,0.038572238295816165,0.0010858530856778068,-0.9303533245509437,0.5833333333333334,0.5803671619013421,0.5000000000000003,-0.8660254037844385,-0.7247927872291207,0.6889669190756859,-0.9749279121818236,-0.2225209339563146
0.01814726621036014,0.03381329506536662,0.020332485725751484,0.03308729831384244,0.613577421480735,0.5833333333333334,0.5805467031733921,0.5000000000000003,-0.8660254037844385,-2.4492935982947064e-16,1.0,0.9749279121818236,-0.22252093395631434
-0.027626041162721972,0.018748984642522844,0.02716987895008065,-0.058920021556166914,0.18737723367336542,0.5833333333333334,0.5805915884914045,1.2246467991473532e-16,-1.0,0.20129852008866006,0.9795299412524945,0.43388373911755823,-0.900968867902419
-0.015241561128309362,-0.08865569462547823,-0.08103112761990165,-0.00055690756017208,-1.0717499391239433,0.5833333333333334,0.580636473809417,1.2246467991473532e-16,-1.0,0.39435585511331855,0.9189578116202306,-0.433883739117558,-0.9009688679024191
-0.016055457637872878,0.02063054040511327,0.013877493961542035,-0.018555516362520976,0.2478266102969001,0.5833333333333334,0.5806813591274295,1.2246467991473532e-16,-1.0,0.5712682150947923,0.8207634412072763,-0.9749279121818236,-0.2225209339563146
0.0011554831732813427,-0.02778714482563482,-0.029652534314552587,0.01966902150945306,-0.3795131386665134,0.5833333333333334,0.5808160150814669,1.2246467991473532e-16,-1.0,0.9377521321470804,0.3473052528448203,0.7818314824680298,0.6234898018587336
0.004608298529337066,0.03634791657938767,0.03240511887777025,-0.02764634582428858,0.4313412945758885,0.5833333333333334,0.5808609003994794,1.2246467991473532e-16,-1.0,0.9884683243281114,0.1514277775045767,0.9749279121818236,-0.22252093395631434
-0.02620238840015348,-0.06492922794124284,-0.044401782784183406,-0.014405265113690212,-0.5093752971883441,0.5833333333333334,0.5809057857174919,1.2246467991473532e-16,-1.0,0.9987165071710528,-0.05064916883871264,0.43388373911755823,-0.900968867902419
0.005882364210670585,-0.005701345696935302,-0.004031139780709691,-0.007573621600474216,-0.325422400434628,0.5833333333333334,0.5809506710355044,1.2246467991473532e-16,-1.0,0.9680771188662043,-0.2506525322587204,-0.433883739117558,-0.9009688679024191
0.0029282151300357244,0.023171442230428264,-0.013360669278737391,0.0023365309739124176,0.12260232209233228,0.5833333333333334,0.5809955563535169,1.2246467991473532e-16,-1.0,0.8978045395707416,-0.4403941515576344,-0.9749279121818236,-0.2225209339563146
-0.03814523247987702,-0.039310105734492146,0.004667448762456355,-0.02540758759404871,0.12027827629702834,0.5833333333333334,0.5811302123075542,1.2246467991473532e-16,-1.0,0.48530196253108104,-0.8743466161445821,0.7818314824680298,0.6234898018587336
0.0030331031104981255,-0.016994281934696397,-0.03374100456108901,-0.0029967458464610058,-0.5148561207669652,0.5833333333333334,0.5811750976255667,1.2246467991473532e-16,-1.0,0.29936312297335804,-0.9541392564000488,0.9749279121818236,-0.22252093395631434
-0.022046186052169018,-0.007712918488006015,0.001804553121636191,-0.021845508065517688,0.06294594549686801,0.5833333333333334,0.5812199829435792,1.2246467991473532e-16,-1.0,0.10116832198743272,-0.994869323391895,0.43388373911755823,-0.900968867902419
0.00924500488943321,0.03223259563411323,-0.00905533359463932,0.04381138748028147,0.6659886281414629,0.5833333333333334,0.5812648682615916,1.2246467991473532e-16,-1.0,-0.10116832198743204,-0.9948693233918952,-0.433883739117558,-0.9009688679024191
0.02603833962072165,0.07817774476500229,0.0473742037141754,-0.005889292823739423,1.7679717837893023,0.5833333333333334,0.5813097535796041,1.2246467991473532e-16,-1.0,-0.29936312297335776,-0.9541392564000489,-0.9749279121818236,-0.2225209339563146
-0.08478587800630448,-0.11578504441495971,-0.056512198718735564,-0.09471963663160883,-0.8894018316578239,0.5833333333333334,0.5814444095336416,1.2246467991473532e-16,-1.0,-0.7907757369376986,-0.6121059825476627,0.7818314824680298,0.6234898018587336
0.001949996410516097,-0.04720459485548396,-0.05277610560864816,0.0012977646204429417,-0.8580284627322906,0.5833333333333334,0.581489294851654,1.2246467991473532e-16,-1.0,-0.8978045395707417,-0.44039415155763423,0.9749279121818236,-0.22252093395631434
-0.051293387277903994,-0.011998914992742403,-0.003878475742130507,-0.0343041228077058,0.1683937550494859,0.5833333333333334,0.5815341801696665,1.2246467991473532e-16,-1.0,-0.9680771188662041,-0.2506525322587213,0.43388373911755823,-0.900968867902419
0.008168860196614109,0.026333786482893466,-0.016982756760289656,0.013333518153242435,0.7245561472592316,0.5833333333333334,0.581579065487679,1.2246467991473532e-16,-1.0,-0.9987165071710528,-0.05064916883871355,-0.433883739117558,-0.9009688679024191
0.010118168894026771,-0.047522407092697685,-0.0013183905100314134,-0.005312092439038624,-1.7352808650675842,0.5833333333333334,0.5816239508056915,1.2246467991473532e-16,-1.0,-0.9884683243281114,0.15142777750457667,-0.9749279121818236,-0.2225209339563146
-0.02377024539779881,-0.023638637042197423,-0.007282429647829162,-0.03041804580449225,0.2583544573572609,0.5833333333333334,0.5817586067597289,1.2246467991473532e-16,-1.0,-0.7247927872291207,0.6889669190756859,0.7818314824680298,0.6234898018587336
-0.009668574531710489,0.015166919381292904,-0.028303750239960894,0.029085601840586357,0.05500662951221158,0.5833333333333334,0.5818034920777414,1.2246467991473532e-16,-1.0,-0.5712682150947924,0.8207634412072763,0.9749279121818236,-0.22252093395631434
0.01651800764761611,-0.0032777543412365186,0.024976010840938957,-0.023609794032191014,-0.06773611626309893,0.5833333333333334,0.5818483773957539,1.2246467991473532e-16,-1.0,-0.3943558551133187,0.9189578116202306,0.43388373911755823,-0.900968867902419
0.0,-0.017218952977855955,-0.023609794032191014,0.009510834832936929,-0.5060643066642802,0.5833333333333334,0.5818932627137664,1.2246467991473532e-16,-1.0,-0.20129852008866114,0.9795299412524943,-0.433883739117558,-0.9009688679024191
0.0034071061774125075,0.005329787937799647,0.009510834832936929,0.00606679519291175,-0.577588839925673,0.5833333333333334,0.5819381480317788,-0.4999999999999997,-0.8660254037844388,0.20129852008866006,0.9795299412524945,-0.9749279121818236,-0.2225209339563146
0.013513706104480555,0.03268271038991856,0.03716416378876594,0.03369993306309098,1.4685617638155382,0.5833333333333334,0.5821176893038288,-0.4999999999999997,-0.8660254037844388,0.8486442574947509,0.5289640103269624,0.9749279121818236,-0.22252093395631434
0.012671095139245877,0.00896291950072875,0.00454993646789617,-0.012422554855074415,-0.47390867993834895,0.5833333333333334,0.5821625746218413,-0.4999999999999997,-0.8660254037844388,0.9377521321470804,0.3473052528448203,0.43388373911755823,-0.900968867902419
-0.021434154670902848,-0.018655992852704133,-0.0216330276684599,0.0065573943950087855,-0.42711457980501777,0.5833333333333334,0.5822074599398537,-0.4999999999999997,-0.8660254037844388,0.9884683243281114,0.1514277775045767,-0.433883739117558,-0.9009688679024191
0.005401666896156922,-0.0032521718474533643,0.01382049520773499,-0.019136117036935206,0.007547205635382904,0.5833333333333334,0.5822523452578662,-0.4999999999999997,-0.8660254037844388,0.9987165071710528,-0.05064916883871264,-0.9749279121818236,-0.2225209339563146
0.0020182103794553308,0.005198280461427872,-0.018470164632777102,0.0059780448431966645,0.6554791460887871,0.5833333333333334,0.5823870012119037,-0.4999999999999997,-0.8660254037844388,0.7907757369376989,-0.6121059825476626,0.7818314824680298,0.6234898018587336
0.0040241464388207845,-0.006501967141363871,0.00265957350613214,0.009884796816275894,-0.6795766976678477,0.5833333333333334,0.5824318865299161,-0.4999999999999997,-0.8660254037844388,0.6513724827222223,-0.758758122692791,0.9749279121818236,-0.22252093395631434
0.007335756966543434,0.0032562215028873937,0.021025721942424976,-0.010547219830272311,-0.6249248240719469,0.5833333333333334,0.5824767718479286,-0.4999999999999997,-0.8660254037844388,0.48530196253108104,-0.8743466161445821,0.43388373911755823,-0.900968867902419
0.0026543739899261,0.066040952064111,-0.019035626023515054,0.03387942858931531,2.701795670248682,0.5833333333333334,0.5825216571659411,-0.4999999999999997,-0.8660254037844388,0.29936312297335804,-0.9541392564000488,-0.433883739117558,-0.9009688679024191
0.007920825638302497,-0.04226852730714217,0.026162355945063845,-0.015494161951814451,-2.1895322317130637,0.5833333333333334,0.5825665424839536,-0.4999999999999997,-0.8660254037844388,0.10116832198743272,-0.994869323391895,-0.9749279121818236,-0.2225209339563146
-0.007258402624306042,-0.00573071490215623,-0.007777089307563013,-0.011122165824774691,0.5090999977985209,0.5833333333333334,0.582701198437991,-0.4999999999999997,-0.8660254037844388,-0.4853019625310808,-0.8743466161445822,0.7818314824680298,0.6234898018587336
-0.0013253799846249053,-0.01026965720797295,-0.005218626055007989,0.011122165824774665,-0.06788319872651377,0.5833333333333334,0.5827460837560035,-0.4999999999999997,-0.8660254037844388,-0.6513724827222217,-0.7587581226927913,0.9749279121818236,-0.22252093395631434
-0.014696309246098166,-0.007772052646839658,-0.003931849532362525,-0.015077341938009237,0.015589494997194617,0.5833333333333334,0.582790969074016,-0.4999999999999997,-0.8660254037844388,-0.7907757369376986,-0.6121059825476627,0.43388373911755823,-0.900968867902419
0.010043644387526411,0.03325120469922205,-0.01122488696904023,0.017027338348525337,0.4612070911163996,0.5833333333333334,0.5828358543920285,-0.4999999999999997,-0.8660254037844388,-0.8978045395707417,-0.44039415155763423,-0.433883739117558,-0.9009688679024191
0.013893645986539013,-0.007575786282511008,0.022325358966926903,-0.009788043217744718,-0.9442157575796253,0.5833333333333334,0.5828807397100408,-0.4999999999999997,-0.8660254037844388,-0.9680771188662041,-0.2506525322587213,-0.9749279121818236,-0.2225209339563146
-0.013227693582380925,-0.029584214539029385,-0.009132567931574884,-0.015196889255314424,-0.09590032440687575,0.5833333333333334,0.5830153956640783,-0.4999999999999997,-0.8660254037844388,-0.9377521321470804,0.3473052528448203,0.7818314824680298,0.6234898018587336
-0.022215683445116065,-0.007863729088470522,-0.017184808505390278,-0.022215683445116065,0.5437201750804633,0.5833333333333334,0.5830602809820908,-0.4999999999999997,-0.8660254037844388,-0.8486442574947509,0.5289640103269624,0.9749279121818236,-0.22252093395631434
-0.019244562198597173,-0.007926057783354541,-0.020202687854778488,0.0074602320365600066,-0.12535166213639104,0.5833333333333334,0.5831051663001032,-0.4999999999999997,-0.8660254037844388,-0.7247927872291207,0.6889669190756859,0.43388373911755823,-0.900968867902419
0.006226282889446618,-0.005319156418319687,0.004073321431794082,-0.01703621970344668,-0.41351020379299597,0.5833333333333334,0.5831500516181157,-0.4999999999999997,-0.8660254037844388,-0.5712682150947924,0.8207634412072763,-0.433883739117558,-0.9009688679024191
0.006187756046159796,0.0,-0.011584396321216498,0.009575987666886646,0.3765092473780276,0.5833333333333334,0.5831949369361282,-0.4999999999999997,-0.8660254037844388,-0.3943558551133187,0.9189578116202306,-0.9749279121818236,-0.2225209339563146
0.0,-0.008704480393299505,0.004103968712009838,-0.005460759357553966,-0.6455191315706906,0.5833333333333334,0.5833295928901656,-0.8660254037844385,-0.5000000000000004,0.20129852008866006,0.9795299412524945,0.7818314824680298,0.6234898018587336
-0.038426076440126244,-0.011498207461478881,-0.004103968712009799,-0.02987372689278965,1.0338388327238663,0.5833333333333334,0.5833744782081781,-0.8660254037844385,-0.5000000000000004,0.39435585511331855,0.9189578116202306,0.9749279121818236,-0.22252093395631434
-0.04070325501877499,-0.027588029333980697,-0.02850396298735284,-0.024269445248895682,0.37389425799253145,0.5833333333333334,0.5834193635261906,-0.8660254037844385,-0.5000000000000004,0.5712682150947923,0.8207634412072763,0.43388373911755823,-0.900968867902419
0.01618871201271841,0.003490451646365205,-0.030793616579010603,0.010779776279383316,-0.2758537010653492,0.5833333333333334,0.5834642488442031,-0.8660254037844385,-0.5000000000000004,0.72479278722912,0.6889669190756866,-0.433883739117558,-0.9009688679024191
0.0036430398798193864,-0.020416087161481262,0.02229498960668918,-0.013674234970035481,-0.9279466746025168,0.5833333333333334,0.5835091341622156,-0.8660254037844385,-0.5000000000000004,0.8486442574947509,0.5289640103269624,-0.9749279121818236,-0.2225209339563146
-0.1962362005901189,-0.1256372911872062,-0.19664843620129402,-0.19898128636235957,1.9646980629209465,0.5833333333333334,0.583643790116253,-0.8660254037844385,-0.5000000000000004,0.9987165071710528,-0.05064916883871264,0.7818314824680298,0.6234898018587336
-0.03971637530925117,-0.07448035601993724,-0.0043383353637365795,-0.02870149409131539,-0.49571198595594246,0.5833333333333334,0.5836886754342655,-0.8660254037844385,-0.5000000000000004,0.9680771188662043,-0.2506525322587204,0.9749279121818236,-0.22252093395631434
-0.012975080099677907,-0.036271079985412236,-0.04082201784381114,-0.014665759023862926,-0.702716631576096,0.5833333333333334,0.583733560752278,-0.8660254037844385,-0.5000000000000004,0.8978045395707416,-0.4403941515576344,0.43388373911755823,-0.900968867902419
-0.042884157494283634,-0.020018913086461074,-0.019205027035922542,-0.035717980534193124,0.08887928947403434,0.5833333333333334,0.5837784460702904,-0.8660254037844385,-0.5000000000000004,0.7907757369376989,-0.6121059825476626,-0.433883739117558,-0.9009688679024191
0.004856731388956824,0.00823802530848282,-0.04823625526629967,0.03109055564096517,-0.2279203379095267,0.5833333333333334,0.5838233313883029,-0.8660254037844385,-0.5000000000000004,0.6513724827222223,-0.758758122692791,-0.9749279121818236,-0.2225209339563146
0.004833188536026776,-0.01839976616777373,0.03335227343195483,-0.02727025192754378,0.2198231276769073,0.5833333333333334,0.5839579873423404,-0.8660254037844385,-0.5000000000000004,0.10116832198743272,-0.994869323391895,0.7818314824680298,0.6234898018587336
-0.001930431690552882,0.04182436688028015,-0.017013694986426773,0.058322880517147034,0.2976104496491156,0.5833333333333334,0.5840028726603529,-0.8660254037844385,-0.5000000000000004,-0.10116832198743204,-0.9948693233918952,0.9749279121818236,-0.22252093395631434
0.045333498420825714,0.023758242692997075,0.04291712725777391,0.019591055080816135,-0.4234636557219876,0.5833333333333334,0.5840477579783653,-0.8660254037844385,-0.5000000000000004,-0.29936312297335776,-0.9541392564000489,0.43388373911755823,-0.900968867902419
0.00460617616574743,0.008657992504358256,0.05766558694708942,-0.020490610682274032,-0.2997693594602727,0.5833333333333334,0.5840926432963778,-0.8660254037844385,-0.5000000000000004,-0.4853019625310808,-0.8743466161445822,-0.433883739117558,-0.9009688679024191
0.010969021330218908,-0.024433939274770722,-0.0431593892891743,-0.0036069178210433356,-0.48734774270370795,0.5833333333333334,0.5841375286143903,-0.8660254037844385,-0.5000000000000004,-0.6513724827222217,-0.7587581226927913,-0.9749279121818236,-0.2225209339563146
-0.043666906020673794,-0.010657283642251172,-0.009041708525358865,-0.04055851425006435,0.7979550573531953,0.5833333333333334,0.5842721845684277,-0.8660254037844385,-0.5000000000000004,-0.9680771188662041,-0.2506525322587213,0.7818314824680298,0.6234898018587336
-0.011461432556962935,-0.04100804749002477,-0.039838619908638837,-0.008502640622348045,-0.6605178584996776,0.5833333333333334,0.5843170698864402,-0.8660254037844385,-0.5000000000000004,-0.9987165071710528,-0.05064916883871355,0.9749279121818236,-0.22252093395631434
0.003835160547477063,-0.009345920207214361,-0.0009454903795992351,-0.002850355318792078,0.039344177564821586,0.5833333333333334,0.5843619552044527,-0.8660254037844385,-0.5000000000000004,-0.9884683243281114,0.15142777750457667,0.43388373911755823,-0.900968867902419
-0.013487805190473053,-0.0009394745815361527,-0.00474172372848814,-0.012446363273361226,-0.23752110614857033,0.5833333333333334,0.5844068405224652,-0.8660254037844385,-0.5000000000000004,-0.9377521321470804,0.3473052528448203,-0.433883739117558,-0.9009688679024191
-0.004861384178109964,-0.019934197305459873,-0.025025275455608908,-0.005797112075608216,-0.08363689549960023,0.5833333333333334,0.5844517258404777,-0.8660254037844385,-0.5000000000000004,-0.8486442574947509,0.5289640103269624,-0.9749279121818236,-0.2225209339563146
-0.011764830029498071,0.0,0.0058309146364764605,-0.0077821328615225215,0.4082979711924684,0.5833333333333334,0.584586381794515,-0.8660254037844385,-0.5000000000000004,-0.3943558551133187,0.9189578116202306,0.7818314824680298,0.6234898018587336
-0.01390289134353589,-0.005769241613107674,-0.012676970631902226,-0.023716503147988007,0.5642524256141384,0.5833333333333334,0.5846312671125276,-0.8660254037844385,-0.5000000000000004,-0.20129852008866114,0.9795299412524943,0.9749279121818236,-0.22252093395631434
-0.025317855668004537,0.029455852235588165,0.003917799078455947,0.05069299682864291,0.6773349719319606,0.5833333333333334,0.58467615243054,-0.8660254037844385,-0.5000000000000004,-2.4492935982947064e-16,1.0,0.43388373911755823,-0.900968867902419
0.06741892182664949,0.006532981471729646,0.04211144498540109,0.0009501859224599847,-1.1293200956750178,0.5833333333333334,0.5847210377485524,-1.0,-1.8369701987210297e-16,0.20129852008866006,0.9795299412524945,-0.433883739117558,-0.9009688679024191
-0.022298458496935764,-0.01783252607110442,-0.02948373136027219,-0.025975461378068863,-0.6306651340852725,0.5833333333333334,0.5847659230665649,-1.0,-1.8369701987210297e-16,0.39435585511331855,0.9189578116202306,-0.9749279121818236,-0.2225209339563146
-0.019802607661709205,-0.01047122144013389,0.008649732660424002,-0.02466829349442689,0.9658723483998987,0.5833333333333334,0.5849454643386148,-1.0,-1.8369701987210297e-16,0.9377521321470804,0.3473052528448203,0.9749279121818236,-0.22252093395631434
-0.004008089188844703,-0.009615517886632525,-0.04802499993046181,0.009940430517282713,-0.23771575817330043,0.5833333333333334,0.5849903496566273,-1.0,-1.8369701987210297e-16,0.9884683243281114,0.1514277775045767,0.43388373911755823,-0.900968867902419
0.007003595173554504,0.002894355230134138,0.007003595173554504,-0.000989608274556713,-0.018519047767237527,0.5833333333333334,0.5850352349746398,-1.0,-1.8369701987210297e-16,0.9987165071710528,-0.05064916883871264,-0.433883739117558,-0.9009688679024191
-0.007003595173554539,-0.0087083194541799,0.024619564196513906,-0.008950822242725929,-0.18419246472976636,0.5833333333333334,0.5850801202926523,-1.0,-1.8369701987210297e-16,0.9680771188662043,-0.2506525322587204,-0.9749279121818236,-0.2225209339563146
0.004008089188844662,-0.0019455240103851427,-0.027615070181223642,0.022717075269380892,0.185360007185804,0.5833333333333334,0.5852147762466897,-1.0,-1.8369701987210297e-16,0.6513724827222223,-0.758758122692791,0.7818314824680298,0.6234898018587336
0.012916141808276235,0.07681670532745472,0.012916141808276235,0.05046282343427887,0.9202502106699503,0.5833333333333334,0.5852596615647022,-1.0,-1.8369701987210297e-16,0.48530196253108104,-0.8743466161445821,0.9749279121818236,-0.22252093395631434
0.031100768933340996,0.0363033262075355,0.0612631847739905,-0.01591040766197857,0.07993541729201618,0.5833333333333334,0.5853045468827147,-1.0,-1.8369701987210297e-16,0.29936312297335804,-0.9541392564000488,0.43388373911755823,-0.900968867902419
-0.02421430307990781,-0.07866682885592374,-0.04171216843393663,-0.03357640053433088,-0.9281635103044393,0.5833333333333334,0.5853494322007272,-1.0,-1.8369701987210297e-16,0.10116832198743272,-0.994869323391895,-0.433883739117558,-0.9009688679024191
-0.003929344674023287,0.0056285270181892985,-0.0019380525971861614,-0.003909999799430773,0.9631660293697248,0.5833333333333334,0.5853943175187396,-1.0,-1.8369701987210297e-16,-0.10116832198743204,-0.9948693233918952,-0.9749279121818236,-0.2225209339563146
-0.01088579762825203,-0.02654188412366938,-0.019589247155254192,-0.001960853208918291,-0.8889029583401589,0.5833333333333334,0.5855289734727771,-1.0,-1.8369701987210297e-16,-0.6513724827222217,-0.7587581226927913,0.7818314824680298,0.6234898018587336
0.019705053026523513,0.02934431192069721,0.013752659990067667,0.0068460559954256995,-0.4382549309311553,0.5833333333333334,0.5855738587907896,-1.0,-1.8369701987210297e-16,-0.7907757369376986,-0.6121059825476627,0.9749279121818236,-0.22252093395631434
0.0,-0.00843095481521722,0.03168769255077276,-0.0009752029870766208,0.6126486398436447,0.5833333333333334,0.5856187441088021,-1.0,-1.8369701987210297e-16,-0.8978045395707417,-0.44039415155763423,0.43388373911755823,-0.900968867902419
-0.017716982638687276,-0.018035660042000957,-0.023913052788400058,-0.012763959394493766,-1.043431555936099,0.5833333333333334,0.5856636294268145,-1.0,-1.8369701987210297e-16,-0.9680771188662041,-0.2506525322587213,-0.433883739117558,-0.9009688679024191
0.0029747143740628352,-0.008658054402634622,-0.022516908026997146,-0.0009887005955738876,1.0107264035335473,0.5833333333333334,0.585708514744827,-1.0,-1.8369701987210297e-16,-0.9987165071710528,-0.05064916883871355,-0.9749279121818236,-0.2225209339563146
-0.004962784761899063,0.03138628392614116,0.007889650301257564,-0.005952393036455742,0.4213774936176375,0.5833333333333334,0.5858431706988645,-1.0,-1.8369701987210297e-16,-0.8486442574947509,0.5289640103269624,0.7818314824680298,0.6234898018587336
0.0,-0.02656707091620554,0.011718872653187043,0.004962784761899,-1.5438953031393017,0.5833333333333334,0.5858880560168769,-1.0,-1.8369701987210297e-16,-0.7247927872291207,0.6889669190756859,0.9749279121818236,-0.22252093395631434
0.0019880703878361865,0.002880460293725047,-0.01073710769816909,0.004938347574023717,0.25489224962879004,0.5833333333333334,0.5859329413348894,-1.0,-1.8369701987210297e-16,-0.5712682150947924,0.8207634412072763,0.43388373911755823,-0.900968867902419
0.0,0.030219592094210452,0.03092044598087162,0.010779123677677326,0.6484112867185539,0.5833333333333334,0.5859778266529019,-1.0,-1.8369701987210297e-16,-0.3943558551133187,0.9189578116202306,-0.433883739117558,-0.9009688679024191
-0.0029835897078173846,-0.03406191488205152,-0.011483367987676078,-0.021675775333581306,-1.2615157596049629,0.5833333333333334,0.5860227119709144,-1.0,-1.8369701987210297e-16,-0.20129852008866114,0.9795299412524943,-0.9749279121818236,-0.2225209339563146
0.003976144704528339,0.004800703886815173,-0.027318884974914245,0.012865154288439384,1.007396280396448,0.5833333333333334,0.5861573679249518,-0.866025403784439,0.49999999999999933,0.5712682150947923,0.8207634412072763,0.7818314824680298,0.6234898018587336
0.0029717676519085837,0.026466614857218216,0.0,0.03668354659988469,0.4054651081081644,0.5833333333333334,0.5862022532429643,-0.866025403784439,0.49999999999999933,0.72479278722912,0.6889669190756866,0.9749279121818236,-0.22252093395631434
0.0039487392994670455,-0.019783950756357332,0.018618914679887674,-0.033738039266067436,-0.5683145614892987,0.5833333333333334,0.5862471385609768,-0.866025403784439,0.49999999999999933,0.8486442574947509,0.5289640103269624,0.43388373911755823,-0.900968867902419
-0.0029600387038930297,-0.008600139746561528,0.0,0.003913895486278785,0.13580154115906182,0.5833333333333334,0.5862920238789893,-0.866025403784439,0.49999999999999933,0.9377521321470804,0.3473052528448203,-0.433883739117558,-0.9009688679024191
0.0029600387038930176,0.005741636672797145,0.0029083850725526847,-0.008827905452631334,0.09884583463663264,0.5833333333333334,0.5863369091970017,-0.866025403784439,0.49999999999999933,0.9884683243281114,0.1514277775045767,-0.9749279121818236,-0.2225209339563146
0.0009846652923292136,0.004759574466387268,-0.008750655000342104,0.02433200816956338,0.33366718569360426,0.5833333333333334,0.5864715651510392,-0.866025403784439,0.49999999999999933,0.8978045395707416,-0.4403941515576344,0.7818314824680298,0.6234898018587336
0.0039293446740232595,0.008510681608948401,0.036437361212063375,-0.013552884491886096,-0.8620756800174618,0.5833333333333334,0.5865164504690517,-0.866025403784439,0.49999999999999933,0.7907757369376989,-0.6121059825476626,0.9749279121818236,-0.22252093395631434
-0.004914009966352515,-0.009460867531408474,-0.035461345974094005,-0.008810621045141976,0.5892637700451323,0.5833333333333334,0.586561335787064,-0.866025403784439,0.49999999999999933,0.6513724827222223,-0.758758122692791,0.43388373911755823,-0.900968867902419
-0.0069205069513755685,-0.01339724874352415,0.0009752029870766897,-0.0029542089843561715,-0.5716808994872654,0.5833333333333334,0.5866062211050765,-0.866025403784439,0.49999999999999933,0.48530196253108104,-0.8743466161445821,-0.433883739117558,-0.9009688679024191
-0.007968090743981136,-0.016513229498592057,-0.004885202786507374,-0.01390289134353589,-0.3299575556000192,0.5833333333333334,0.586651106423089,-0.866025403784439,0.49999999999999933,0.29936312297335804,-0.9541392564000488,-0.9749279121818236,-0.2225209339563146
0.0029955059847097537,-0.001960853208918291,-0.011822786146890082,0.012916141808276235,-0.07224490687332877,0.5833333333333334,0.5867857623771264,-0.866025403784439,0.49999999999999933,-0.29936312297335776,-0.9541392564000489,0.7818314824680298,0.6234898018587336
-0.04799297546292931,0.01170744017353565,0.00592886525572024,-0.03823399747628073,0.8524034644229039,0.5833333333333334,0.5868306476951389,-0.866025403784439,0.49999999999999933,-0.4853019625310808,-0.8743466161445822,0.9749279121818236,-0.22252093395631434
-0.00629592278643202,-0.005836587165186556,-0.060932563908241345,0.026317283546611638,0.1577157459917545,0.5833333333333334,0.5868755330131514,-0.866025403784439,0.49999999999999933,-0.6513724827222217,-0.7587581226927913,0.43388373911755823,-0.900968867902419
0.028024642479939722,0.014528087478962688,0.07365903639410826,-0.0060120365551992305,-0.5927813238762096,0.5833333333333334,0.5869204183311639,-0.866025403784439,0.49999999999999933,-0.7907757369376986,-0.6121059825476627,-0.433883739117558,-0.9009688679024191
0.005104797511871299,-0.017459205624943835,-0.029617142514077825,-0.008072690150602564,-0.02388821517469549,0.5833333333333334,0.5869653036491764,-0.866025403784439,0.49999999999999933,-0.8978045395707417,-0.44039415155763423,-0.9749279121818236,-0.2225209339563146
-0.0020388805793611553,-0.0019587925782669786,-0.018200760519347547,0.016080804811904627,-0.0044052934679163795,0.5833333333333334,0.5870999596032138,-0.866025403784439,0.49999999999999933,-0.9884683243281114,0.15142777750457667,0.7818314824680298,0.6234898018587336
-0.0010207821198360526,-0.01680710167699946,0.012170597128013619,-0.013045903971536892,-0.6734744149612404,0.5833333333333334,0.5871448449212263,-0.866025403784439,0.49999999999999933,-0.9377521321470804,0.3473052528448203,0.9749279121818236,-0.22252093395631434
0.015205548690889274,0.036225099880210276,0.002014169443039589,0.04927100385174722,0.8266785731844679,0.5833333333333334,0.5871897302392388,-0.866025403784439,0.49999999999999933,-0.8486442574947509,0.5289640103269624,0.43388373911755823,-0.900968867902419
0.012000131986382086,-0.0067534477165899385,0.03557683935692615,-0.02531771452138415,-1.2192402764567243,0.5833333333333334,0.5872346155572513,-0.866025403784439,0.49999999999999933,-0.7247927872291207,0.6889669190756859,-0.433883739117558,-0.9009688679024191
-0.0029865597205236648,0.010592289109288982,-0.025566827036324784,0.0009857063518207815,1.0185695809945732,0.5833333333333334,0.5872795008752637,-0.866025403784439,0.49999999999999933,-0.5712682150947924,0.8207634412072763,-0.9749279121818236,-0.2225209339563146
0.025591922646229146,0.01237527329951182,0.02459548259148617,0.031040289241919695,0.1930660960769319,0.5833333333333334,0.5874141568293012,-0.866025403784439,0.49999999999999933,-2.4492935982947064e-16,1.0,0.7818314824680298,0.6234898018587336
-0.018637178509605893,-0.0018940736293542712,0.006779749450254373,-0.010561708856083119,-0.5745163279812224,0.5833333333333334,0.5874590421473137,-0.5000000000000012,0.8660254037844379,0.20129852008866006,0.9795299412524945,0.9749279121818236,-0.22252093395631434
0.007889650301257564,0.0018940736293541708,0.020067542475937852,-0.007752107899969433,0.28428648345064267,0.5833333333333334,0.5875039274653261,-0.5000000000000012,0.8660254037844379,0.39435585511331855,0.9189578116202306,0.43388373911755823,-0.900968867902419
0.003921499817385839,0.07734632879641978,-0.03367332031715469,0.09371722727678902,2.185821945238408,0.5833333333333334,0.5875488127833386,-0.5000000000000012,0.8660254037844379,0.5712682150947923,0.8207634412072763,-0.433883739117558,-0.9009688679024191
0.048696995282643644,0.014776501056886195,0.09424229322257059,-0.0443713304965525,-0.8214498031016688,0.5833333333333334,0.5875936981013511,-0.5000000000000012,0.8660254037844379,0.72479278722912,0.6889669190756866,-0.9749279121818236,-0.2225209339563146
0.0009315315691803537,0.004304780710176077,-0.010743154091819114,0.03636773878142007,-0.32351868762082175,0.5833333333333334,0.5877283540553885,-0.5000000000000012,0.8660254037844379,0.9884683243281114,0.1514277775045767,0.7818314824680298,0.6234898018587336
0.010189981453219983,-0.021711768858173948,-0.0009005588427089819,-0.018928055443207054,-0.20750077424375613,0.5833333333333334,0.587773239373401,-0.5000000000000012,0.8660254037844379,0.9987165071710528,-0.05064916883871264,0.9749279121818236,-0.22252093395631434
-0.005545295584391981,-0.012367574289770238,0.008968725214861367,-0.007306026971727789,-0.6041053460199336,0.5833333333333334,0.5878181246914135,-0.5000000000000012,0.8660254037844379,0.9680771188662043,-0.2506525322587204,0.43388373911755823,-0.900968867902419
-0.0093109786428188,0.021108943290144903,-0.0326708143384335,0.029799017673449935,0.5051299208173128,0.5833333333333334,0.587863010009426,-0.5000000000000012,0.8660254037844379,0.8978045395707416,-0.4403941515576344,-0.433883739117558,-0.9009688679024191
0.039436460654376365,0.006938442888538858,0.06517248274690576,0.011499516018124583,-1.137294591098906,0.5833333333333334,0.5879078953274385,-0.5000000000000012,0.8660254037844379,0.7907757369376989,-0.6121059825476626,-0.9749279121818236,-0.2225209339563146
-0.009033412020904468,-0.01919771628599287,-0.023612856627586,-0.00972161231087168,0.011385322225125429,0.5833333333333334,0.5880425512814759,-0.5000000000000012,0.8660254037844379,0.29936312297335804,-0.9541392564000488,0.7818314824680298,0.6234898018587336
-0.010949003771374255,-0.0026466684802282227,-0.011570974256527257,-0.02336145593687161,0.6468068433012434,0.5833333333333334,0.5880874365994884,-0.5000000000000012,0.8660254037844379,0.10116832198743272,-0.994869323391895,0.9749279121818236,-0.22252093395631434
-0.029797468243176778,-0.00976495338103415,-0.020805925307353444,-0.03704116985148844,-0.019960742562538058,0.5833333333333334,0.5881323219175009,-0.5000000000000012,0.8660254037844379,-0.10116832198743204,-0.9948693233918952,0.43388373911755823,-0.900968867902419
-0.007590094451012846,-0.04190037775124181,-0.020314555845048484,-0.002834198363157241,-0.8594683960074587,0.5833333333333334,0.5881772072355133,-0.5000000000000012,0.8660254037844379,-0.29936312297335776,-0.9541392564000489,-0.433883739117558,-0.9009688679024191
0.018868466478694394,0.03203932227516332,-0.001867479150425506,0.02982510723640103,0.4428526401797847,0.5833333333333334,0.5882220925535258,-0.5000000000000012,0.8660254037844379,-0.4853019625310808,-0.8743466161445822,-0.9749279121818236,-0.2225209339563146
-0.026516611352493297,-0.0009013705800103036,0.027651505807364862,0.005494513919280717,0.569613697775124,0.5833333333333334,0.5883567485075633,-0.5000000000000012,0.8660254037844379,-0.8978045395707417,-0.44039415155763423,0.7818314824680298,0.6234898018587336
-0.011583198536141016,0.0,-0.013730180226756608,-0.0036597183848672376,-0.32648764687357607,0.5833333333333334,0.5884016338255756,-0.5000000000000012,0.8660254037844379,-0.9680771188662041,-0.2506525322587213,0.9749279121818236,-0.22252093395631434
0.06028184488410833,0.04323569434183263,0.014638922300348823,0.030688364644723423,0.939520029502952,0.5833333333333334,0.5884465191435881,-0.5000000000000012,0.8660254037844379,-0.9987165071710528,-0.05064916883871355,0.43388373911755823,-0.900968867902419
0.027942370012782977,0.10484221006582682,0.02156415712729978,0.12123392488808736,1.0203382960163525,0.5833333333333334,0.5885362897796131,-0.5000000000000012,0.8660254037844379,-0.9377521321470804,0.3473052528448203,-0.9749279121818236,-0.2225209339563146
0.06537156620240998,0.028365288493006555,0.13141804403058865,-0.035260143255192174,-0.27782094368600085,0.5833333333333334,0.5886709457336505,-0.5000000000000012,0.8660254037844379,-0.5712682150947924,0.8207634412072763,0.7818314824680298,0.6234898018587336
-0.0008330450648388733,-0.0680215192738125,-0.04218693356299539,-0.010660138582265643,-1.4070251621225747,0.5833333333333334,0.588715831051663,-0.5000000000000012,0.8660254037844379,-0.3943558551133187,0.9189578116202306,0.9749279121818236,-0.22252093395631434
-0.007528259214184675,0.004842620002853491,-0.022195652053671886,0.0016474451805256957,-0.3574558889218038,0.5833333333333334,0.5887607163696755,-0.5000000000000012,0.8660254037844379,-0.20129852008866114,0.9795299412524943,0.43388373911755823,-0.900968867902419
-0.00927884293822528,0.013594815920548613,0.02787062863642714,-0.02500133722861744,0.6505875661411494,0.5833333333333334,0.588805601687688,-2.4492935982947064e-16,1.0,0.20129852008866006,0.9795299412524945,-0.433883739117558,-0.9009688679024191
0.0016934788653207556,-0.019246882044693714,-0.012200279126587929,0.0025284439146058177,-0.8646578212496844,0.5833333333333334,0.5888504870057005,-2.4492935982947064e-16,1.0,0.39435585511331855,0.9189578116202306,-0.9749279121818236,-0.2225209339563146
-0.010204160244013445,-0.0032440038475039326,0.007338037709637176,-0.013559577663325408,0.5931486080435043,0.5833333333333334,0.5889851429597379,-2.4492935982947064e-16,1.0,0.8486442574947509,0.5289640103269624,0.7818314824680298,0.6234898018587336
0.0034129692636080495,-0.015555003084978583,-0.04741013876332124,0.01692098213812885,-1.0018447367331154,0.5833333333333334,0.5890300282777504,-2.4492935982947064e-16,1.0,0.9377521321470804,0.3473052528448203,0.9749279121818236,-0.22252093395631434
0.0,-0.004133882361279163,0.027721253317063394,-0.015215892521870502,0.12316228477611943,0.5833333333333334,0.5890749135957629,-2.4492935982947064e-16,1.0,0.9884683243281114,0.1514277775045767,0.43388373911755823,-0.900968867902419
-0.0034129692636080274,0.0033084010015901697,-0.023471357301724387,0.0008513644877755045,-0.236102695956715,0.5833333333333334,0.5891197989137753,-2.4492935982947064e-16,1.0,0.9987165071710528,-0.05064916883871264,-0.433883739117558,-0.9009688679024191
0.004264333751383608,-0.009124840051159135,0.017654918252155486,0.01687814221354209,-0.21098945166352642,0.5833333333333334,0.5891646842317878,-2.4492935982947064e-16,1.0,0.9680771188662043,-0.2506525322587204,-0.9749279121818236,-0.2225209339563146
-0.0025564541040340176,0.03922067647349922,0.0,0.015774432411637285,1.6930879417210254,0.5833333333333334,0.5892993401858253,-2.4492935982947064e-16,1.0,0.6513724827222223,-0.758758122692791,0.7818314824680298,0.6234898018587336
0.006802801731343096,-0.004819282006023489,0.012422567093584014,-0.015774432411637212,-0.376265953415902,0.5833333333333334,0.5893442255038377,-2.4492935982947064e-16,1.0,0.48530196253108104,-0.8743466161445821,0.9749279121818236,-0.22252093395631434
-0.024883346444398997,-0.03857670203365272,-0.016597874659760974,-0.02285333869367918,-0.25698308556297433,0.5833333333333334,0.5893891108218502,-2.4492935982947064e-16,1.0,0.29936312297335804,-0.9541392564000488,0.43388373911755823,-0.900968867902419
-0.021959515804782746,-0.007559877086467319,-0.03318044267857011,-0.03130687346525241,0.7496593908232877,0.5833333333333334,0.5894339961398627,-2.4492935982947064e-16,1.0,0.10116832198743272,-0.994869323391895,-0.433883739117558,-0.9009688679024191
-0.020637897945784422,-0.030824388302051774,-0.005203822709948949,-0.006203001412462543,-1.1130010261202092,0.5833333333333334,0.5894788814578752,-2.4492935982947064e-16,1.0,-0.10116832198743204,-0.9948693233918952,-0.9749279121818236,-0.2225209339563146
0.006326333765154803,0.02575247080228619,-0.035401955627525086,0.0,0.0709975497393294,0.5833333333333334,0.5896135374119126,-2.4492935982947064e-16,1.0,-0.6513724827222217,-0.7587581226927913,0.7818314824680298,0.6234898018587336
0.0009005588427090079,-0.0353638446953911,0.011643712934528181,0.0008885567359794559,-0.8016278235540153,0.5833333333333334,0.5896584227299251,-2.4492935982947064e-16,1.0,-0.7907757369376986,-0.6121059825476627,0.9749279121818236,-0.22252093395631434
0.012522448601940914,0.04380264508582876,0.0017792945101218725,0.02715882944270421,1.1169614273363062,0.5833333333333334,0.5897033080479376,-2.4492935982947064e-16,1.0,-0.8978045395707417,-0.44039415155763423,0.43388373911755823,-0.900968867902419
0.00708587652631622,0.06506370551248832,0.024584244505379816,0.06766672315461941,1.9977876883229968,0.5833333333333334,0.5897481933659501,-2.4492935982947064e-16,1.0,-0.9680771188662041,-0.2506525322587213,-0.433883739117558,-0.9009688679024191
0.04064554245884495,0.0,0.09664968038270746,-0.025359149146163155,-1.6960010096896738,0.5833333333333334,0.5897930786839625,-2.4492935982947064e-16,1.0,-0.9987165071710528,-0.05064916883871355,-0.9749279121818236,-0.2225209339563146
-0.007656346408069595,-0.03200281442049408,-0.05586235868567735,-0.02262354120197878,-0.5864430301685668,0.5833333333333334,0.5899726199560125,-2.4492935982947064e-16,1.0,-0.7247927872291207,0.6889669190756859,0.9749279121818236,-0.22252093395631434
-0.016358568311517618,-0.03727135946505547,-0.013411815199872239,-0.017094478297927925,-0.139157895241117,0.5833333333333334,0.5900175052740249,-2.4492935982947064e-16,1.0,-0.5712682150947924,0.8207634412072763,0.43388373911755823,-0.900968867902419
-0.03713951171022399,-0.015306406386848473,-0.02824324673696381,-0.03687865961594679,0.25054252550232425,0.5833333333333334,0.5900623905920374,-2.4492935982947064e-16,1.0,-0.3943558551133187,0.9189578116202306,-0.433883739117558,-0.9009688679024191
-0.03390158500539893,-0.042895063544402735,-0.02995822319428739,-0.03829087803225255,0.7921360892217327,0.5833333333333334,0.5901072759100499,-2.4492935982947064e-16,1.0,-0.20129852008866114,0.9795299412524943,-0.9749279121818236,-0.2225209339563146
-0.00279981255820797,-0.02261507961233739,-0.04015134195215528,0.0037105759497573472,-1.2167013687033164,0.6,0.5902868171820997,0.49999999999999994,0.8660254037844387,0.5712682150947923,0.8207634412072763,0.9749279121818236,-0.22252093395631434
0.0009341421179887478,0.004564129423013671,0.0009307311610552159,-0.007434904846622721,0.19464204118199518,0.6,0.5903317025001122,0.49999999999999994,0.8660254037844387,0.72479278722912,0.6889669190756866,0.43388373911755823,-0.900968867902419
-0.0018690907645910401,-0.01838285247204944,0.0018586683294112782,-0.001867479150425506,-0.5017962170465965,0.6,0.5903765878181247,0.49999999999999994,0.8660254037844387,0.8486442574947509,0.5289640103269624,-0.433883739117558,-0.9009688679024191
-0.0018727248763440172,0.009233601058975275,-0.009328417140801366,0.01668248447714583,0.24316646718931745,0.6,0.5904214731361372,0.49999999999999994,0.8660254037844387,0.9377521321470804,0.3473052528448203,-0.9749279121818236,-0.2225209339563146
0.012110057519994662,0.04668713473278543,0.016728999103554784,0.039644921943573705,0.7277826772227016,0.6,0.5905561290901746,0.49999999999999994,0.8660254037844387,0.9680771188662043,-0.2506525322587204,0.7818314824680298,0.6234898018587336
0.018349121810316508,0.008733733981200847,0.030855478214588585,0.007042212789211634,0.031416196233378914,0.6,0.5906010144081871,0.49999999999999994,0.8660254037844387,0.8978045395707416,-0.4403941515576344,0.9749279121818236,-0.22252093395631434
0.03396225120629809,0.02405605848288688,0.04456833881952868,0.004376370490078383,0.9531295463229027,0.6,0.5906458997261996,0.49999999999999994,0.8660254037844387,0.7907757369376989,-0.6121059825476626,0.43388373911755823,-0.900968867902419
-0.02131517253372758,0.005080446617045026,-0.021599152914715883,-0.01762158469175275,-1.2651606477849702,0.6,0.5906907850442121,0.49999999999999994,0.8660254037844387,0.6513724827222223,-0.758758122692791,-0.433883739117558,-0.9009688679024191
0.009825820528321521,-0.02479816973619558,-0.01762158469175275,0.017621584691752644,-1.2569972726341563,0.6,0.5907356703622245,0.49999999999999994,0.8660254037844387,0.48530196253108104,-0.8743466161445821,-0.9749279121818236,-0.2225209339563146
-0.007136444705429513,0.03237076955414586,0.04688360288541578,0.01128973162541957,1.7110289563138397,0.6,0.5909152116342745,0.49999999999999994,0.8660254037844387,-0.29936312297335776,-0.9541392564000489,0.9749279121818236,-0.22252093395631434
0.020381658907103882,-0.031505282207933465,-0.019700831992591712,-0.010416751156715455,0.0640911939102507,0.6,0.5909600969522869,0.49999999999999994,0.8660254037844387,-0.4853019625310808,-0.8743466161445822,0.43388373911755823,-0.900968867902419
-0.007926057783354541,0.022242126957657916,-0.013060686355698948,-0.004372480623331809,-0.34760783338296836,0.6,0.5910049822702994,0.49999999999999994,0.8660254037844387,-0.6513724827222217,-0.7587581226927913,-0.433883739117558,-0.9009688679024191
-0.005319156418319687,-0.024840653345102177,0.0026258194474546134,-0.014122084537125084,-0.4629030076961592,0.6,0.5910498675883119,0.49999999999999994,0.8660254037844387,-0.7907757369376986,-0.6121059825476627,-0.9749279121818236,-0.2225209339563146
-0.01252244860194102,-0.01573457461268905,-0.021202186214368316,-0.010723953080772902,-0.09493289249556719,0.6,0.5911845235423493,0.49999999999999994,0.8660254037844387,-0.9987165071710528,-0.05064916883871355,0.7818314824680298,0.6234898018587336
0.008068166372152507,0.0,0.004454282229788654,0.007162001112201289,0.4013070979595007,0.6,0.5912294088603618,0.49999999999999994,0.8660254037844387,-0.9884683243281114,0.15142777750457667,0.9749279121818236,-0.22252093395631434
0.004454282229788654,0.02951594104550147,0.0044345295510976445,0.021183536660324225,0.5174701664846593,0.6,0.5912742941783743,0.49999999999999994,0.8660254037844387,-0.9377521321470804,0.3473052528448203,0.43388373911755823,-0.900968867902419
0.0008885567359794559,-0.016386662755317215,0.0070548224543084525,-0.005254010401982457,-0.3728889376735517,0.6,0.5913191794963868,0.49999999999999994,0.8660254037844387,-0.8486442574947509,0.5289640103269624,-0.433883739117558,-0.9009688679024191
0.0,0.01038070577774438,-0.0026396821127152147,0.0069992722679829145,-0.40666775407392486,0.6,0.5913640648143993,0.49999999999999994,0.8660254037844387,-0.7247927872291207,0.6889669190756859,-0.9749279121818236,-0.2225209339563146
0.00796111315671134,-0.010380705777744479,0.005272414644434212,-0.010517176665062355,0.03546470957228268,0.6,0.5914987207684367,0.49999999999999994,0.8660254037844387,-0.20129852008866114,0.9795299412524943,0.7818314824680298,0.6234898018587336
-0.029505974914078286,0.00433833536373658,-0.005272414644434294,0.007023664245106111,-0.21274484409331113,0.6,0.5915436060864492,0.49999999999999994,0.8660254037844387,-2.4492935982947064e-16,1.0,0.9749279121818236,-0.22252093395631434
0.03126647406823863,0.0340459300247825,0.0017604991541604802,0.00610561404507824,0.6445725104113882,0.6,0.5915884914044617,0.8660254037844386,0.5000000000000001,0.20129852008866006,0.9795299412524945,0.43388373911755823,-0.900968867902419
0.010498774243293617,-0.017729506701317586,0.0320235378232255,0.0060684379958085575,-0.6707748828054123,0.6,0.5916333767224741,0.8660254037844386,0.5000000000000001,0.39435585511331855,0.9189578116202306,-0.433883739117558,-0.9009688679024191
-0.007863729088470522,-0.01285914443230839,-0.022395463735801004,-0.006068437995808561,0.14014663174324185,0.6,0.5916782620404866,0.8660254037844386,0.5000000000000001,0.5712682150947923,0.8207634412072763,-0.9749279121818236,-0.2225209339563146
-0.021277378208016652,0.01030051013932349,-0.0034903391496958554,-0.013129278290184303,0.08122543992258578,0.6,0.5918129179945241,0.8660254037844386,0.5000000000000001,0.9377521321470804,0.3473052528448203,0.7818314824680298,0.6234898018587336
0.008032164006342388,-0.02158050741663477,0.0017466611758771519,-0.007961113156711367,-0.7292521852020616,0.6,0.5918578033125365,0.8660254037844386,0.5000000000000001,0.9884683243281114,0.1514277775045767,0.9749279121818236,-0.22252093395631434
-0.06899287148695143,-0.007005213155050833,-0.017606008424477407,-0.04728161761684812,1.8796895417347574,0.6,0.591902688630549,0.8660254037844386,0.5000000000000001,0.9987165071710528,-0.05064916883871264,0.43388373911755823,-0.900968867902419
0.002853066265385662,-0.029427035430999882,-0.018826240161573388,-0.007476596248763347,-1.2239999237097126,0.6,0.5919475739485615,0.8660254037844386,0.5000000000000001,0.9680771188662043,-0.2506525322587204,-0.433883739117558,-0.9009688679024191
-0.0028530662653855803,0.22873873625867774,-0.02659491353537214,0.26178668536946104,4.1727417594162075,0.6,0.591992459266574,0.8660254037844386,0.5000000000000001,0.8978045395707416,-0.4403941515576344,-0.9749279121818236,-0.2225209339563146
0.14595395971810662,0.0429795008283364,0.22685415375492066,-0.12194324660693379,-0.6116306199415854,0.6,0.5921271152206113,0.8660254037844386,0.5000000000000001,0.48530196253108104,-0.8743466161445821,0.7818314824680298,0.6234898018587336
-0.019950826307768708,-0.09393183104510826,-0.07296900466859388,-0.018107473571002612,-0.19486877284604323,0.6,0.5921720005386238,0.8660254037844386,0.5000000000000001,0.29936312297335804,-0.9541392564000488,0.9749279121818236,-0.22252093395631434
-0.022072181910946717,-0.07550759288205781,-0.0365152360547004,-0.013378113144749092,-1.717143438693143,0.6,0.5922168858566363,0.8660254037844386,0.5000000000000001,0.10116832198743272,-0.994869323391895,0.43388373911755823,-0.900968867902419
0.0,0.006514674949928488,-0.01247410249926615,0.005875018654250601,-0.28499554012402406,0.6,0.5922617711746488,0.8660254037844386,0.5000000000000001,-0.10116832198743204,-0.9948693233918952,-0.433883739117558,-0.9009688679024191
0.000857938725474373,-0.01636696213576357,0.01412562897702497,-0.020288140994302557,-0.3448978767477125,0.6,0.5923066564926613,0.8660254037844386,0.5000000000000001,-0.29936312297335776,-0.9541392564000489,-0.9749279121818236,-0.2225209339563146
-0.0017166755899699448,-0.021685506063492305,-0.021685506063492305,-0.005995729429147484,-0.4894757326585558,0.6,0.5924861977647112,0.8660254037844386,0.5000000000000001,-0.8978045395707417,-0.44039415155763423,0.9749279121818236,-0.22252093395631434
-0.0025807056598701967,-0.002532773440527022,-0.017007317747012897,0.01365207583721704,0.635327609671119,0.6,0.5925310830827237,0.8660254037844386,0.5000000000000001,-0.9680771188662041,-0.2506525322587213,0.43388373911755823,-0.900968867902419
0.016232781497087356,0.034887284221388565,0.025403544519695568,0.018472379884658583,0.28589476187768514,0.6,0.5925759684007361,0.8660254037844386,0.5000000000000001,-0.9987165071710528,-0.05064916883871355,-0.433883739117558,-0.9009688679024191
-0.004246347627309048,-0.02479463369439422,-0.0008363496862155325,-0.017625342531776493,-0.9439506226263604,0.6,0.5926208537187486,0.8660254037844386,0.5000000000000001,-0.9884683243281114,0.15142777750457667,-0.9749279121818236,-0.2225209339563146
-0.03728206994538963,0.0,-0.012631794586232913,-0.00764983908422516,0.5710444837590455,0.6,0.5927555096727861,0.8660254037844386,0.5000000000000001,-0.7247927872291207,0.6889669190756859,0.7818314824680298,0.6234898018587336
0.016645071128299594,-0.0058750186542506485,-0.011935400247247171,0.009341945790581604,0.04320875433123674,0.6,0.5928003949907985,0.8660254037844386,0.5000000000000001,-0.5712682150947924,0.8207634412072763,0.9749279121818236,-0.22252093395631434
-0.0034812259830091213,0.008382330415991202,0.018692176179229514,-0.006785491686547693,-0.7760962635406962,0.6,0.592845280308811,1.0,6.123233995736766e-17,0.20129852008866006,0.9795299412524945,0.43388373911755823,-0.900968867902419
0.002612101625121888,-0.021088969366597255,-0.019550114904703802,-0.02150612317497713,-0.7895390262350112,0.6,0.5928901656268235,1.0,6.123233995736766e-17,0.39435585511331855,0.9189578116202306,-0.433883739117558,-0.9009688679024191
-0.03450139678481604,-0.012870239649365116,-0.010353835507059922,-0.022868295154148576,0.8162072733171725,0.6,0.592935050944836,1.0,6.123233995736766e-17,0.5712682150947923,0.8207634412072763,-0.9749279121818236,-0.2225209339563146
-0.0009005588427089819,-0.021825439790855945,-0.02725447051132736,-0.01073354602920966,-0.31255013902979434,0.6,0.5930697068988734,1.0,6.123233995736766e-17,0.9377521321470804,0.3473052528448203,0.7818314824680298,0.6234898018587336
-0.03576725544561836,0.009662027458263436,-0.010752781438702409,-0.030125482011557517,-0.029199154692262353,0.6,0.5931145922168859,1.0,6.123233995736766e-17,0.9884683243281114,0.1514277775045767,0.9749279121818236,-0.22252093395631434
-0.0074976177827803326,-0.013198594499235947,-0.03670139756360694,0.04529768449738447,0.5521808094479046,0.6,0.5931594775348984,1.0,6.123233995736766e-17,0.9987165071710528,-0.05064916883871264,0.43388373911755823,-0.900968867902419
0.034214981472156535,0.015817537072409217,0.060734574055108174,-0.015172202485826989,0.15749567306325132,0.6,0.5932043628529109,1.0,6.123233995736766e-17,0.9680771188662043,-0.2506525322587204,-0.433883739117558,-0.9009688679024191
0.004535215775298212,-0.022928798526324738,-0.024934547071511517,-0.0063147904251107485,-0.6110049550041262,0.6,0.5932492481709233,1.0,6.123233995736766e-17,0.8978045395707416,-0.4403941515576344,-0.9749279121818236,-0.2225209339563146
-0.036870566501433846,0.11052126363872065,-0.0036133054009335345,0.04425496697220553,2.741921923846809,0.6,0.5933839041249608,1.0,6.123233995736766e-17,0.48530196253108104,-0.8743466161445821,0.7818314824680298,0.6234898018587336
0.05924277947812551,-0.06092430500438709,0.038175926559869455,-0.01307206934493735,-1.911057492729663,0.6,0.5934287894429733,1.0,6.123233995736766e-17,0.29936312297335804,-0.9541392564000488,0.9749279121818236,-0.22252093395631434
0.009687554986027453,-0.0042534506992246285,0.017271631743439313,0.017391726485559075,-0.3646431135879093,0.6,0.5934736747609857,1.0,6.123233995736766e-17,0.10116832198743272,-0.994869323391895,0.43388373911755823,-0.900968867902419
-0.018576366766913658,-0.0008529387127192273,-0.0077353124399468925,0.00515907805068083,-0.6910441303631664,0.6,0.5935185600789982,1.0,6.123233995736766e-17,-0.10116832198743204,-0.9948693233918952,-0.433883739117558,-0.9009688679024191
0.0316370531226126,-0.004275272638128919,0.0008623782494651253,0.0,0.08068891125014266,0.6,0.5935634453970107,1.0,6.123233995736766e-17,-0.29936312297335776,-0.9541392564000489,-0.9749279121818236,-0.2225209339563146
0.0025917915449441636,0.004275272638128844,-0.0008623782494651496,0.0008573258777751653,-0.24469188752041274,0.6,0.5936981013510481,1.0,6.123233995736766e-17,-0.7907757369376986,-0.6121059825476627,0.7818314824680298,0.6234898018587336
-0.009536319303492509,0.0008529387127192268,-0.008665619147623317,-0.015544401325544454,-0.4254657748148339,0.6,0.5937429866690606,1.0,6.123233995736766e-17,-0.8978045395707417,-0.44039415155763423,0.9749279121818236,-0.22252093395631434
-0.0069930289326013305,0.012706638950606065,-0.002614378129687933,0.025774659595270897,0.6584616225720553,0.6,0.5937878719870731,1.0,6.123233995736766e-17,-0.9680771188662041,-0.2506525322587213,0.43388373911755823,-0.900968867902419
0.009602858339087892,-0.005909738579100193,0.0300838911775865,-0.024035530344653517,0.15246859364427354,0.6,0.5938327573050856,1.0,6.123233995736766e-17,-0.9987165071710528,-0.05064916883871355,-0.433883739117558,-0.9009688679024191
-0.009602858339087939,-0.010212845399851097,-0.01880389390027523,0.006063243776409978,-1.1828726322858496,0.6,0.5938776426230981,1.0,6.123233995736766e-17,-0.9884683243281114,0.15142777750457667,-0.9749279121818236,-0.2225209339563146
0.006121632356078752,-0.003427530925752587,0.005163517574671693,-0.009544469759419204,0.1986706947954842,0.6,0.5940122985771354,1.0,6.123233995736766e-17,-0.7247927872291207,0.6889669190756859,0.7818314824680298,0.6234898018587336
-0.006121632356078763,0.009397753270352898,0.009397753270352898,-0.0017452618660004301,0.39641527258824644,0.6,0.5940571838951479,1.0,6.123233995736766e-17,-0.5712682150947924,0.8207634412072763,0.9749279121818236,-0.22252093395631434
-0.013245214201674278,-0.022356885099917585,-0.02671424859103999,-0.01053570816543636,0.46239902986051623,0.6,0.5941020692131604,1.0,6.123233995736766e-17,-0.3943558551133187,0.9189578116202306,0.43388373911755823,-0.900968867902419
0.00708587652631622,-0.0017407050485994421,-0.008771914799061871,0.0008822855540167423,-0.8147543126547322,0.6,0.5941469545311729,1.0,6.123233995736766e-17,-0.20129852008866114,0.9795299412524943,-0.433883739117558,-0.9009688679024191
-0.007975223497589794,-0.005240181753393606,0.006148391488191154,-0.002649005662013365,0.461345566502621,0.6,0.5941918398491853,1.0,6.123233995736766e-17,-2.4492935982947064e-16,1.0,-0.9749279121818236,-0.2225209339563146
-0.0125336604733765,-0.0035087093754760284,-0.028421068825532008,-0.0017698469329759203,0.5248571545702485,0.6,0.5943264958032228,0.8660254037844387,-0.4999999999999998,0.5712682150947923,0.8207634412072763,0.7818314824680298,0.6234898018587336
0.013423007444649979,0.0017558621962681506,0.014311564180629456,0.006180902960054415,-1.0035944637847387,0.6,0.5943713811212353,0.8660254037844387,-0.4999999999999998,0.72479278722912,0.6889669190756866,0.9749279121818236,-0.22252093395631434
-0.01252244860194102,0.0017528471792078288,0.014109504644902515,-0.013292164413969784,1.0568151599896483,0.6,0.5944162664392477,0.8660254037844387,-0.4999999999999998,0.8486442574947509,0.5289640103269624,0.43388373911755823,-0.900968867902419
0.01074315409181915,0.004368785176871083,-0.01677735589100396,0.022928798526324668,-0.8730326825560188,0.6,0.5944611517572602,0.8660254037844387,-0.4999999999999998,0.9377521321470804,0.3473052528448203,-0.433883739117558,-0.9009688679024191
0.021146141067875004,0.011270094129480225,0.027230402973826985,0.0,0.5522897478433498,0.6,0.5945060370752727,0.8660254037844387,-0.4999999999999998,0.9884683243281114,0.1514277775045767,-0.9749279121818236,-0.2225209339563146
-0.021146141067874977,-0.008657992504358192,-0.003472160280829959,-0.021146141067874977,-0.5094260434115675,0.6,0.5946406930293101,0.8660254037844387,-0.4999999999999998,0.8978045395707416,-0.4403941515576344,0.7818314824680298,0.6234898018587336
-0.020693604690770223,-0.02197894818287507,-0.023758242692997016,-0.009843598490361217,0.30501352880342086,0.6,0.5946855783473226,0.8660254037844387,-0.4999999999999998,0.7907757369376989,-0.6121059825476626,0.9749279121818236,-0.22252093395631434
0.02069360469077023,0.00884966989269086,0.003555428753502984,0.015172202485826939,-0.642885345779057,0.6,0.5947304636653351,0.8660254037844387,-0.4999999999999998,0.6513724827222223,-0.758758122692791,0.43388373911755823,-0.900968867902419
0.0008899475388483044,-0.0035305134743710406,-0.0017761342433811004,0.0,0.17081773231247002,0.6,0.5947753489833476,0.8660254037844387,-0.4999999999999998,0.48530196253108104,-0.8743466161445821,-0.433883739117558,-0.9009688679024191
-0.018859994238531474,-0.0035430221749386545,-0.019749341209804906,-0.009791028414057254,0.8461165253413724,0.6,0.5949548902553975,0.8660254037844387,-0.4999999999999998,-0.29936312297335776,-0.9541392564000489,0.7818314824680298,0.6234898018587336
0.010820654870138368,0.013221927137501003,0.010820654870138368,0.007130275664692978,0.32167227268033266,0.6,0.59499977557341,0.8660254037844387,-0.4999999999999998,-0.4853019625310808,-0.8743466161445822,0.9749279121818236,-0.22252093395631434
0.0026869674109533414,0.006110881909262742,0.005366734371095074,0.0044305996823401795,-0.3725923631075896,0.6,0.5950446608914225,0.8660254037844387,-0.4999999999999998,-0.6513724827222217,-0.7587581226927913,0.43388373911755823,-0.900968867902419
0.0035714929227657895,-0.0061108819092627175,0.002672604997298108,0.003530513474371094,-0.6783320947748046,0.6,0.5950895462094349,0.8660254037844387,-0.4999999999999998,-0.7907757369376986,-0.6121059825476627,-0.433883739117558,-0.9009688679024191
-0.003571492922765817,-0.001752847179207733,0.006208503389593281,-0.015091388821404237,0.09129142020940723,0.6,0.5951344315274474,0.8660254037844387,-0.4999999999999998,-0.8978045395707417,-0.44039415155763423,-0.9749279121818236,-0.2225209339563146
0.0,0.0008768703354507016,-0.011560875347033117,0.0044624244185914675,0.3092596730963281,0.6,0.5952690874814849,0.8660254037844387,-0.4999999999999998,-0.9884683243281114,0.15142777750457667,0.7818314824680298,0.6234898018587336
0.01067624847981103,0.05871523153353518,0.015091388821404277,0.061305278616481954,1.677970908079422,0.6,0.5953139727994973,0.8660254037844387,-0.4999999999999998,-0.9377521321470804,0.3473052528448203,0.9749279121818236,-0.22252093395631434
0.024476786766074593,0.01964066340462525,0.048160592030695615,-0.028889043419126858,-0.24241733962953033,0.6,0.5953588581175098,0.8660254037844387,-0.4999999999999998,-0.8486442574947509,0.5289640103269624,0.43388373911755823,-0.900968867902419
-0.02447678676607456,-0.04729216821758294,-0.029827491030562436,-0.008657992504358192,-0.5875522257966026,0.6,0.5954037434355223,0.8660254037844387,-0.4999999999999998,-0.7247927872291207,0.6889669190756859,-0.433883739117558,-0.9009688679024191
-0.002658395307716586,-0.009389792519788711,0.003454169794409362,-0.020202813939494,-1.5362345084108053,0.6,0.5954486287535348,0.8660254037844387,-0.4999999999999998,-0.5712682150947924,0.8207634412072763,-0.9749279121818236,-0.2225209339563146
-0.027891956139857878,-0.030476862319594365,-0.028860806443852135,-0.022432439264768584,1.778601384650544,0.6,0.5955832847075722,0.5000000000000003,-0.8660254037844385,0.20129852008866006,0.9795299412524945,0.7818314824680298,0.6234898018587336
0.007272752235540728,-0.006208503389593222,-0.020619203904317162,0.00903341202090435,-1.870974704781559,0.6,0.5956281700255847,0.5000000000000003,-0.8660254037844385,0.39435585511331855,0.9189578116202306,0.9749279121818236,-0.22252093395631434
0.007220176660452874,0.008857509051606639,0.019731626396915534,0.0,0.6378845018848959,0.6,0.5956730553435972,0.5000000000000003,-0.8660254037844385,0.5712682150947923,0.8207634412072763,0.43388373911755823,-0.900968867902419
0.0,-0.004418852594989273,-0.008025001441409016,0.0008989399197101818,-1.0596101308648405,0.6,0.5957179406616097,0.5000000000000003,-0.8660254037844385,0.72479278722912,0.6889669190756866,-0.433883739117558,-0.9009688679024191
0.0017970724721616752,0.08568180098224928,-0.0026893758228919724,0.02659728721856963,3.2780722334451258,0.6,0.5957628259796222,0.5000000000000003,-0.8660254037844385,0.8486442574947509,0.5289640103269624,-0.9749279121818236,-0.2225209339563146
0.01691169705463789,-0.05429303045515347,0.022193394818091686,0.006974738402965351,-1.6588463146448627,0.6,0.5958974819336595,0.5000000000000003,-0.8660254037844385,0.9987165071710528,-0.05064916883871264,0.7818314824680298,0.6234898018587336
0.006159337675358042,-0.008620796465828128,0.0113489299758037,-0.008725988003637176,-0.19671029424605427,0.6,0.595942367251672,0.5000000000000003,-0.8660254037844385,0.9680771188662043,-0.2506525322587204,0.9749279121818236,-0.22252093395631434
-0.02666822164632427,-0.000866175082906603,-0.0008684317248117899,-0.018576366766913658,0.29555612888268684,0.6,0.5959872525696845,0.5000000000000003,-0.8660254037844385,0.8978045395707416,-0.4403941515576344,0.43388373911755823,-0.900968867902419
0.0009005588427090079,-0.029905390693493603,-0.03537052114270322,-0.004474404109878134,-1.2039728043259361,0.6,0.5960321378876969,0.5000000000000003,-0.8660254037844385,0.7907757369376989,-0.6121059825476626,-0.433883739117558,-0.9009688679024191
-0.008133856419446557,-0.002682162475640933,0.002696628073619422,-0.008104494503882061,0.3378718169756361,0.6,0.5960770232057094,0.5000000000000003,-0.8660254037844385,0.6513724827222223,-0.758758122692791,-0.9749279121818236,-0.2225209339563146
0.0027186215957936454,-0.0026893758228919724,-0.007207360315227152,0.0036101733988987044,-0.40896773865936636,0.6,0.5962116791597469,0.5000000000000003,-0.8660254037844385,0.10116832198743272,-0.994869323391895,0.7818314824680298,0.6234898018587336
-0.0045352157752982045,0.004478219315261542,-0.0009045025820451215,0.0,0.4895482253187058,0.6,0.5962565644777593,0.5000000000000003,-0.8660254037844385,-0.10116832198743204,-0.9948693233918952,0.9749279121818236,-0.22252093395631434
0.0018165941795046658,-0.010781765209924212,0.0,-0.0063263337651549316,0.10406935989420638,0.6,0.5963014497957718,0.5000000000000003,-0.8660254037844385,-0.29936312297335776,-0.9541392564000489,0.43388373911755823,-0.900968867902419
0.0,0.018792481306100055,-0.002718621595793659,0.006326333765154803,0.337302456677202,0.6,0.5963463351137843,0.5000000000000003,-0.8660254037844385,-0.4853019625310808,-0.8743466161445822,-0.433883739117558,-0.9009688679024191
0.0027186215957936454,-0.016086122327765805,0.005429872322283174,-0.004514675980943847,-0.4478443310770259,0.6,0.5963912204317968,0.5000000000000003,-0.8660254037844385,-0.6513724827222217,-0.7587581226927913,-0.9749279121818236,-0.2225209339563146
0.0,0.009861055476078505,-0.00180674814444435,0.004514675980943794,-0.373513508301562,0.6,0.5965258763858342,0.5000000000000003,-0.8660254037844385,-0.9680771188662041,-0.2506525322587213,0.7818314824680298,0.6234898018587336
-0.0045352157752982045,-0.0035744927368578754,0.0009038144205645244,-0.005420062216286015,0.8699503946154531,0.6,0.5965707617038467,0.5000000000000003,-0.8660254037844385,-0.9987165071710528,-0.05064916883871355,0.9749279121818236,-0.22252093395631434
0.0009087420735923413,-0.00448644829505364,0.0009029337238798875,-0.00272108746636384,-0.2055133199379392,0.6,0.5966156470218592,0.5000000000000003,-0.8660254037844385,-0.9884683243281114,0.15142777750457667,0.43388373911755823,-0.900968867902419
0.0036264737017060447,0.005381174071769591,-0.0009029337238799794,0.008141149682649703,-0.21588838043303787,0.6,0.5966605323398717,0.5000000000000003,-0.8660254037844385,-0.9377521321470804,0.3473052528448203,-0.433883739117558,-0.9009688679024191
0.004514675980943794,0.017731070934119453,0.0027063589783342767,0.013423007444649979,0.0,0.6,0.5967054176578841,0.5000000000000003,-0.8660254037844385,-0.8486442574947509,0.5289640103269624,-0.9749279121818236,-0.2225209339563146
0.010752781438702515,0.026020522872308945,0.013423007444649979,0.011489352005406073,0.017910926566530243,0.6,0.5968849589299341,0.5000000000000003,-0.8660254037844385,-0.20129852008866114,0.9795299412524943,0.9749279121818236,-0.22252093395631434
0.0026702260059476303,-0.006011237389641049,0.0,0.01828521043236201,-0.5972992217698174,0.6,0.5969298442479465,0.5000000000000003,-0.8660254037844385,-2.4492935982947064e-16,1.0,0.43388373911755823,-0.900968867902419
-0.0062417189287134155,0.039684420052441875,0.022848072540762286,0.034763958699803,1.1844282082529658,0.6,0.596974729565959,1.2246467991473532e-16,-1.0,0.20129852008866006,0.9795299412524945,-0.433883739117558,-0.9009688679024191
0.047170336182531546,0.007422648714784779,0.04169044859680894,-0.006688921745624098,-0.7970467755780968,0.6,0.5970196148839715,1.2246467991473532e-16,-1.0,0.39435585511331855,0.9189578116202306,-0.9749279121818236,-0.2225209339563146
-0.001707879647349624,-0.01657031294568682,-0.021053449779718972,-0.012663788134244347,-0.5255317711556861,0.6,0.5971542708380089,1.2246467991473532e-16,-1.0,0.8486442574947509,0.5289640103269624,0.7818314824680298,0.6234898018587336
0.007662865278947024,0.0,0.0033985315275634185,0.016849582051911133,0.7760348403657129,0.6,0.5971991561560214,1.2246467991473532e-16,-1.0,0.9377521321470804,0.3473052528448203,0.9749279121818236,-0.22252093395631434
-0.007662865278947137,-0.0025094092032537183,-0.007662865278947137,-0.022814655703145233,-0.3664629503048952,0.6,0.5972440414740339,1.2246467991473532e-16,-1.0,0.9884683243281114,0.1514277775045767,0.43388373911755823,-0.900968867902419
-0.01376962914276354,-0.016892277236283545,-0.012037966713644547,-0.008583796919235286,0.13045288839743524,0.6,0.5972889267920464,1.2246467991473532e-16,-1.0,0.9987165071710528,-0.05064916883871264,-0.433883739117558,-0.9009688679024191
-0.003472160280829959,-0.0008521509035391234,0.0017285454243482557,0.004301139325206523,0.47717211872434806,0.6,0.5973338121100589,1.2246467991473532e-16,-1.0,0.9680771188662043,-0.2506525322587204,-0.9749279121818236,-0.2225209339563146
-0.020202813939494,-0.00598553722862339,0.003448337643447333,-0.029618923594119988,0.05218575317057025,0.6,0.5974684680640963,1.2246467991473532e-16,-1.0,0.6513724827222223,-0.758758122692791,0.7818314824680298,0.6234898018587336
-0.007123735456441199,-0.022550804536239755,-0.03147109722464013,-0.00798938242426733,-0.43995128417933377,0.6,0.5975133533821088,1.2246467991473532e-16,-1.0,0.48530196253108104,-0.8743466161445821,0.9749279121818236,-0.22252093395631434
-0.020768220683416678,-0.005277052121341222,0.007079605344353509,-0.02071211166704809,0.1964753042320484,0.6,0.5975582387001213,1.2246467991473532e-16,-1.0,0.29936312297335804,-0.9541392564000488,0.43388373911755823,-0.900968867902419
0.007272752235540728,0.04652003283681047,-0.021391169524983083,0.0744977909558029,0.23068262848737575,0.6,0.5976031240181338,1.2246467991473532e-16,-1.0,0.10116832198743272,-0.994869323391895,-0.433883739117558,-0.9009688679024191
0.042559573926509976,0.01088337128526645,0.05093288232236496,-0.009333897316269773,-0.06196672374919974,0.6,0.5976480093361461,1.2246467991473532e-16,-1.0,-0.10116832198743204,-0.9948693233918952,-0.9749279121818236,-0.2225209339563146
0.014649106672618406,-0.0176401472172488,0.0034187423761031545,-0.003415945028345173,-1.6048820958982397,0.6,0.5977826652901836,1.2246467991473532e-16,-1.0,-0.6513724827222217,-0.7587581226927913,0.7818314824680298,0.6234898018587336
-0.012048327391580722,0.005071917499765625,0.002556454104033897,-0.012048327391580722,1.067840630001356,0.6,0.5978275506081961,1.2246467991473532e-16,-1.0,-0.7907757369376986,-0.6121059825476627,0.9749279121818236,-0.22252093395631434
-0.0043383353637365795,-0.0050719174997656035,-0.02150612317497713,0.01886852771109108,-0.4700036292457356,0.6,0.5978724359262085,1.2246467991473532e-16,-1.0,-0.8978045395707417,-0.44039415155763423,0.43388373911755823,-0.900968867902419
0.008657992504358256,0.011794565121198843,0.02490465470254067,-0.005965073651234099,0.7596369218287783,0.6,0.597917321244221,1.2246467991473532e-16,-1.0,-0.9680771188662041,-0.2506525322587213,-0.433883739117558,-0.9009688679024191
-0.00431965714062166,-0.0033557647307611575,-0.006808530308324001,0.0,0.8498009906053221,0.6,0.5979622065622335,1.2246467991473532e-16,-1.0,-0.9987165071710528,-0.05064916883871355,-0.9749279121818236,-0.2225209339563146
-0.008695698854858923,0.037117630105302904,-0.022453487885338973,0.01020416024401339,1.091923300517313,0.6,0.5980968625162709,1.2246467991473532e-16,-1.0,-0.8486442574947509,0.5289640103269624,0.7818314824680298,0.6234898018587336
-0.04556395470453565,-0.02045053341024149,0.05273337549538724,-0.06736258127607588,-0.36679307410431694,0.6,0.5981417478342834,1.2246467991473532e-16,-1.0,-0.7247927872291207,0.6889669190756859,0.9749279121818236,-0.22252093395631434
0.017218416932009997,-0.07194875933468085,-0.07480924241692863,0.013483401195805251,-2.6561517629745586,0.6,0.5981866331522959,1.2246467991473532e-16,-1.0,-0.5712682150947924,0.8207634412072763,0.43388373911755823,-0.900968867902419
0.0,-0.0008885567359794676,-0.006269670850984309,0.0,0.8668106746107854,0.6,0.5982315184703084,1.2246467991473532e-16,-1.0,-0.3943558551133187,0.9189578116202306,-0.433883739117558,-0.9009688679024191
-0.003600424943887438,-0.0008893469712734431,0.0017952667411062742,-0.009870095794871797,-0.02941388520629334,0.6,0.5982764037883209,1.2246467991473532e-16,-1.0,-0.20129852008866114,0.9795299412524943,-0.9749279121818236,-0.2225209339563146
-0.02095746773349314,-0.006247097734156041,0.0017922416342370606,-0.008148521176231808,0.5910979262057751,0.6,0.5984110597423583,-0.4999999999999997,-0.8660254037844388,0.5712682150947923,0.8207634412072763,0.7818314824680298,0.6234898018587336
0.0036765369653917615,0.0026821624756409993,-0.015336454495462566,0.004535215775298212,-0.26858190107836155,0.6,0.5985008303783833,-0.4999999999999997,-0.8660254037844388,0.8486442574947509,0.5289640103269624,0.43388373911755823,-0.900968867902419
-0.01851909621549515,-0.013483401195805277,0.004535215775298212,-0.0201104132712647,0.0,0.6,0.5985457156963957,-0.4999999999999997,-0.8660254037844388,0.9377521321470804,0.3473052528448203,-0.433883739117558,-0.9009688679024191
-0.02939983959360783,-0.023810691586446803,-0.023810691586446803,-0.02240988044513648,0.24770431605680637,0.6,0.5985906010144082,-0.4999999999999997,-0.8660254037844388,0.9884683243281114,0.1514277775045767,-0.9749279121818236,-0.2225209339563146
0.015281903556972707,-0.0093109786428188,-0.02249396603285143,0.0028288535293776312,-1.425008873300581,0.6,0.5987252569684457,-0.4999999999999997,-0.8660254037844388,0.8978045395707416,-0.4403941515576344,0.7818314824680298,0.6234898018587336
0.00378436390289717,-0.0018727248763440172,0.009434091117864345,0.004697045081414043,0.1764564373415565,0.6,0.5987701422864581,-0.4999999999999997,-0.8660254037844388,0.7907757369376989,-0.6121059825476626,0.9749279121818236,-0.22252093395631434
0.010333572133737963,0.054708212774584486,0.004683844918770758,0.031367921403903584,0.8984861072406485,0.6,0.5988150276044706,-0.4999999999999997,-0.8660254037844388,0.6513724827222223,-0.758758122692791,0.43388373911755823,-0.900968867902419
0.013921325580608391,-0.00533808621195272,0.023095758748400756,-0.01463892230034886,0.06378973787533,0.6,0.5988599129224831,-0.4999999999999997,-0.8660254037844388,0.48530196253108104,-0.8743466161445821,-0.433883739117558,-0.9009688679024191
-0.013921325580608318,-0.0225538699279052,0.0009128243633794204,-0.012987183462619664,-1.6264354888026715,0.6,0.5989047982404956,-0.4999999999999997,-0.8660254037844388,0.29936312297335804,-0.9541392564000488,-0.9749279121818236,-0.2225209339563146
0.005591808047290897,0.007272752235540728,-0.013780636285380201,0.015748342359157296,0.5389965007326869,0.6,0.599039454194533,-0.4999999999999997,-0.8660254037844388,-0.29936312297335776,-0.9541392564000489,0.7818314824680298,0.6234898018587336
-0.0074627142305771985,-0.003629829539956121,0.008291149389095163,-0.002761158896537628,0.5306282510621704,0.6,0.5990843395125455,-0.4999999999999997,-0.8660254037844388,-0.4853019625310808,-0.8743466161445822,0.9749279121818236,-0.22252093395631434
-0.006575942133648709,0.0018165941795046658,-0.007366574644117927,-0.02236817389754311,1.002648300406366,0.6,0.599129224830558,-0.4999999999999997,-0.8660254037844388,-0.6513724827222217,-0.7587581226927913,0.43388373911755823,-0.900968867902419
0.01031432746736049,-0.014625540736766002,-0.00370363815320669,0.01031432746736049,-2.3317842476863078,0.6,0.5991741101485705,-0.4999999999999997,-0.8660254037844388,-0.7907757369376986,-0.6121059825476627,-0.433883739117558,-0.9009688679024191
-0.02550915137322026,-0.005540175253055251,0.0018535005788778366,-0.02550915137322026,1.0479685558493548,0.6,0.599218995466583,-0.4999999999999997,-0.8660254037844388,-0.8978045395707417,-0.44039415155763423,-0.9749279121818236,-0.2225209339563146
-0.014458137665839681,-0.019635956130786295,-0.028170850475742682,-0.014458137665839681,0.7375989431307791,0.6,0.5993536514206204,-0.4999999999999997,-0.8660254037844388,-0.9884683243281114,0.15142777750457667,0.7818314824680298,0.6234898018587336
-0.029558773075777457,-0.018104404965753718,-0.014388723630732781,-0.017630214084313856,-0.19105523676270922,0.6,0.5993985367386329,-0.4999999999999997,-0.8660254037844388,-0.9377521321470804,0.3473052528448203,0.9749279121818236,-0.22252093395631434
0.0,-0.023347342877234136,-0.0234615344590948,-0.009930629710316524,-0.01515180502060222,0.6,0.5994434220566454,-0.4999999999999997,-0.8660254037844388,-0.8486442574947509,0.5289640103269624,0.43388373911755823,-0.900968867902419
-0.008032235724188073,-0.0128777570029762,-0.010939858395889736,-0.010030165005335214,-1.4739999415389962,0.6,0.5994883073746577,-0.4999999999999997,-0.8660254037844388,-0.7247927872291207,0.6889669190756859,-0.433883739117558,-0.9009688679024191
-0.00708138683675381,-0.006000011991895201,-0.008032235724188073,0.002014169443039589,0.8034952377288107,0.6,0.5995331926926702,-0.4999999999999997,-0.8660254037844388,-0.5712682150947924,0.8207634412072763,-0.9749279121818236,-0.2225209339563146
-0.05638238175623268,-0.007045891979641698,-0.003028845140000881,-0.035846244173617675,0.9311058176592958,0.6,0.5996678486467077,-0.4999999999999997,-0.8660254037844388,-2.4492935982947064e-16,1.0,0.7818314824680298,0.6234898018587336
0.02754408704172502,-0.016293697492241042,-0.024566208699809022,-0.002087606820683401,-0.2231435513142097,0.6,0.5997127339647201,-0.8660254037844385,-0.5000000000000004,0.20129852008866006,0.9795299412524945,0.9749279121818236,-0.22252093395631434
-0.0020920489374350046,0.026344095479068238,0.003103983181070789,0.040947411268264185,-0.2682639865946794,0.6,0.5997576192827326,-0.8660254037844385,-0.5000000000000004,0.39435585511331855,0.9189578116202306,0.43388373911755823,-0.900968867902419
0.04303946020569922,0.09075434171281266,0.029518800375741956,0.07996547296864556,0.6883278941239964,0.6,0.5998025046007451,-0.8660254037844385,-0.5000000000000004,0.5712682150947923,0.8207634412072763,-0.433883739117558,-0.9009688679024191
-0.0171983268450163,0.04987671880061836,0.07811197238976772,-0.02152624640432907,1.258954938743289,0.6,0.5998473899187576,-0.8660254037844385,-0.5000000000000004,0.72479278722912,0.6889669190756866,-0.9749279121818236,-0.2225209339563146
0.002038880579361046,-0.08709041358565432,-0.026317349896865027,-0.07359867282997158,-1.5612358106162227,0.6,0.599982045872795,-0.8660254037844385,-0.5000000000000004,0.9884683243281114,0.1514277775045767,0.7818314824680298,0.6234898018587336
-0.08719661106870033,-0.0625813824858573,-0.0578308520437979,-0.07285542903593344,0.9635235059141337,0.6,0.6000269311908075,-0.8660254037844385,-0.5000000000000004,0.9987165071710528,-0.05064916883871264,0.9749279121818236,-0.22252093395631434
0.011049904306176757,-0.05496468073654082,-0.08526992347728361,0.0010945332338140007,-1.587242180042316,0.6,0.60007181650882,-0.8660254037844385,-0.5000000000000004,0.9680771188662043,-0.2506525322587204,0.43388373911755823,-0.900968867902419
-0.004405367903232087,-0.007490588022553171,0.013100610746862805,-0.008791178863636288,0.24724110289327028,0.6,0.6001167018268325,-0.8660254037844385,-0.5000000000000004,0.8978045395707416,-0.4403941515576344,-0.433883739117558,-0.9009688679024191
-0.007756343756082401,-0.016242896247927973,-0.007621228735834193,-0.006644536402944578,-0.048790164169432056,0.6,0.6001615871448449,-0.8660254037844385,-0.5000000000000004,0.7907757369376989,-0.6121059825476626,-0.9749279121818236,-0.2225209339563146
-0.014565909568112219,-0.001092376459233169,-0.008781528027094684,-0.013423007444650008,0.9516578757114463,0.6,0.6002962430988824,-0.8660254037844385,-0.5000000000000004,0.29936312297335804,-0.9541392564000488,0.7818314824680298,0.6234898018587336
-0.07985478907886631,-0.0065789649063572285,-0.015556013358141593,-0.06875151906659288,0.31246885143423664,0.6,0.6003411284168949,-0.8660254037844385,-0.5000000000000004,0.10116832198743272,-0.994869323391895,0.9749279121818236,-0.22252093395631434
0.02891773766342497,-0.04270307613000994,-0.05880651326866033,0.030881198661435214,0.48854535337432514,0.6,0.6003860137349073,-0.8660254037844385,-0.5000000000000004,-0.10116832198743204,-0.9948693233918952,0.43388373911755823,-0.900968867902419
0.015321440486883465,0.023824212713610186,0.015321440486883465,0.012783427937068553,-1.1483561136666787,0.6,0.6004308990529198,-0.8660254037844385,-0.5000000000000004,-0.29936312297335776,-0.9541392564000489,-0.433883739117558,-0.9009688679024191
-0.03936103693775979,-0.024972976784808983,0.01739180905944718,-0.04971441914761257,0.8472978603872037,0.6,0.6004757843709323,-0.8660254037844385,-0.5000000000000004,-0.4853019625310808,-0.8743466161445822,-0.9749279121818236,-0.2225209339563146
-0.09166719200638702,-0.047067635663726765,-0.04827300772088231,-0.030809467464478046,0.9435504470466057,0.6,0.6006104403249698,-0.8660254037844385,-0.5000000000000004,-0.8978045395707417,-0.44039415155763423,0.7818314824680298,0.6234898018587336
0.01980260859668314,-0.029341932623847482,-0.046922318477333025,-0.00501882615743969,-0.7274574537290627,0.6,0.6006553256429822,-0.8660254037844385,-0.5000000000000004,-0.9680771188662041,-0.2506525322587213,0.9749279121818236,-0.22252093395631434
0.03846633551500199,0.0980136515239826,0.012563057307135266,0.04789124142525586,1.2176523955145442,0.6,0.6007002109609947,-0.8660254037844385,-0.5000000000000004,-0.9987165071710528,-0.05064916883871355,0.43388373911755823,-0.900968867902419
0.04308345822818195,-0.027367782250501686,0.049919019344749176,0.02135310453994471,-1.3084444953440801,0.6,0.6007450962790072,-0.8660254037844385,-0.5000000000000004,-0.9884683243281114,0.15142777750457667,-0.433883739117558,-0.9009688679024191
0.001204179099489689,0.001155317891714973,0.01649043017476389,0.0,-0.8688789276748444,0.6,0.6007899815970197,-0.8660254037844385,-0.5000000000000004,-0.9377521321470804,0.3473052528448203,-0.9749279121818236,-0.2225209339563146
0.022606617613136842,0.004608381122378484,-0.007034019579533561,0.019756580370841954,-0.20726050514120672,0.6,0.6009246375510571,-0.8660254037844385,-0.5000000000000004,-0.5712682150947924,0.8207634412072763,0.7818314824680298,0.6234898018587336
0.02898742627908799,0.10880290561702721,0.04822981573590935,0.04610159065240374,2.2205201399397416,0.6,0.6009695228690696,-0.8660254037844385,-0.5000000000000004,-0.3943558551133187,0.9189578116202306,0.9749279121818236,-0.22252093395631434
-0.004581823256788851,-0.06056020479389965,0.016676300295662205,0.0,-1.9283029123225692,0.6,0.6010144081870821,-0.8660254037844385,-0.5000000000000004,-0.20129852008866114,0.9795299412524943,0.43388373911755823,-0.900968867902419
0.013683210359471672,0.01737276368651798,0.010964932962148866,0.006571758470261777,0.08663423197290208,0.6,0.6010592935050946,-0.8660254037844385,-0.5000000000000004,-2.4492935982947064e-16,1.0,-0.433883739117558,-0.9009688679024191
0.033410726392457075,-0.0043149199812087275,0.003266194734465355,0.0010910284758208755,-1.2506904288933958,0.6,0.601104178823107,-1.0,-1.8369701987210297e-16,0.20129852008866006,0.9795299412524945,-0.9749279121818236,-0.2225209339563146
0.004371509219492494,0.04233424803946692,-0.0032661947344653475,0.04998392511280089,1.640824226254771,0.6,0.601283720095157,-1.0,-1.8369701987210297e-16,0.8486442574947509,0.5289640103269624,0.9749279121818236,-0.22252093395631434
0.032191591278257915,0.001035805995828644,0.040603905876397034,-0.015682554951380073,-0.432513020330237,0.6,0.6013286054131693,-1.0,-1.8369701987210297e-16,0.9377521321470804,0.3473052528448203,0.43388373911755823,-0.900968867902419
0.003162888546372117,0.02353040270398038,-0.005249426051766803,0.03214366907565908,0.034045841409717066,0.6,0.6013734907311818,-1.0,-1.8369701987210297e-16,0.9884683243281114,0.1514277775045767,-0.433883739117558,-0.9009688679024191
-0.005276976632082774,-0.005068357472040357,0.03516395392842226,-0.032143669075659,-0.2507168782183094,0.6,0.6014183760491943,-1.0,-1.8369701987210297e-16,0.9987165071710528,-0.05064916883871264,-0.9749279121818236,-0.2225209339563146
-0.004241859735967074,-0.02677809343552255,-0.037271358912990785,-0.007403516752655571,0.6547863126874991,0.6,0.6015530320032317,-1.0,-1.8369701987210297e-16,0.7907757369376989,-0.6121059825476626,0.7818314824680298,0.6234898018587336
0.0042418597359671515,0.004166594308187294,-0.001055483561803636,0.003179649783782013,-1.5110851339336788,0.6,0.6015979173212442,-1.0,-1.8369701987210297e-16,0.6513724827222223,-0.758758122692791,0.9749279121818236,-0.22252093395631434
0.0,0.004149453895395291,-0.0021140880857106865,0.01366283712498239,0.4345731922662351,0.6,0.6016428026392567,-1.0,-1.8369701987210297e-16,0.48530196253108104,-0.8743466161445821,0.43388373911755823,-0.900968867902419
-0.002118642773435489,0.0,0.021978885328564898,-0.014721673199521666,0.1588235855266508,0.6,0.6016876879572692,-1.0,-1.8369701987210297e-16,0.29936312297335804,-0.9541392564000488,-0.433883739117558,-0.9009688679024191
-0.0010610070103465672,0.0010347342118322816,-0.02515853511234698,0.0,-0.3477241134186479,0.6,0.6017325732752817,-1.0,-1.8369701987210297e-16,0.10116832198743272,-0.994869323391895,-0.9749279121818236,-0.2225209339563146
-0.009600140869238029,-0.006224080017671253,0.005293737869492652,0.0073879649183024665,0.647569672063626,0.6,0.6018672292293191,-1.0,-1.8369701987210297e-16,-0.4853019625310808,-0.8743466161445822,0.7818314824680298,0.6234898018587336
0.01172095457848074,0.0,0.01363425350821493,-0.002105261874889653,-0.6675703387702956,0.6,0.6019121145473316,-1.0,-1.8369701987210297e-16,-0.6513724827222217,-0.7587581226927913,0.9749279121818236,-0.22252093395631434
0.011585238758388761,0.022634542331445896,0.002081089839244114,0.008394584652411144,0.5228739622821652,0.6,0.6019569998653441,-1.0,-1.8369701987210297e-16,-0.7907757369376986,-0.6121059825476627,0.43388373911755823,-0.900968867902419
0.011452482644715281,0.002032664481620547,0.018538104611362825,0.022728302303411774,-1.2893524159276601,0.6,0.6020018851833565,-1.0,-1.8369701987210297e-16,-0.8978045395707417,-0.44039415155763423,-0.433883739117558,-0.9009688679024191
-0.008316048203582508,-0.006109992411095937,-0.0010207821198360526,-0.013367868596131533,-0.02197890671877523,0.6,0.602046770501369,-1.0,-1.8369701987210297e-16,-0.9680771188662041,-0.2506525322587213,-0.9749279121818236,-0.2225209339563146
-0.0010443855036978151,0.0020407420386787606,-0.02272830230341177,0.01234582401175363,-0.587786664902119,0.6,0.6021814264554065,-1.0,-1.8369701987210297e-16,-0.9377521321470804,0.3473052528448203,0.7818314824680298,0.6234898018587336
-0.012618451621284669,0.0020365858907966518,0.0124612084054682,-0.01961865089835058,1.8180767775454285,0.6,0.602226311773419,-1.0,-1.8369701987210297e-16,-0.8486442574947509,0.5289640103269624,0.9749279121818236,-0.22252093395631434
0.005276976632082788,0.005073717970536058,-0.019802683394670104,0.026750687893824416,0.2613647641344075,0.6,0.6022711970914314,-1.0,-1.8369701987210297e-16,-0.7247927872291207,0.6889669190756859,0.43388373911755823,-0.900968867902419
0.037194337020913334,0.09365247761704665,0.037194337020913334,0.05144544710647939,1.6882490928583902,0.6,0.6023160824094439,-1.0,-1.8369701987210297e-16,-0.5712682150947924,0.8207634412072763,-0.433883739117558,-0.9009688679024191
0.02898765293909492,-0.019544645080915118,0.06098266352845385,-0.01849192412294699,-1.6020713966173379,0.6,0.6023609677274564,-1.0,-1.8369701987210297e-16,-0.3943558551133187,0.9189578116202306,-0.9749279121818236,-0.2225209339563146
-0.08423875724511105,-0.04125274487757829,-0.033967466476439466,-0.038042733274792205,0.13295783367561853,0.6,0.6024956236814938,-0.866025403784439,0.49999999999999933,0.39435585511331855,0.9189578116202306,0.7818314824680298,0.6234898018587336
0.06333209326860573,0.040312588713093525,0.048178965491343935,0.019202261923808535,0.06604341231699143,0.6,0.6025405089995063,-0.866025403784439,0.49999999999999933,0.5712682150947923,0.8207634412072763,0.9749279121818236,-0.22252093395631434
0.011005531640582655,-0.03835564284355585,-0.05511304159438677,0.015889168623749943,-0.7393092223231078,0.6,0.6025853943175188,-0.866025403784439,0.49999999999999933,0.72479278722912,0.6889669190756866,0.43388373911755823,-0.900968867902419
0.019705053026523513,0.03552945446422399,0.020659838915320326,0.03390151879036072,0.1325466559619831,0.6,0.6026302796355313,-0.866025403784439,0.49999999999999933,0.8486442574947509,0.5289640103269624,-0.433883739117558,-0.9009688679024191
-0.0019530539298930755,0.0009428157271887672,0.030683106210120218,-0.02605065202965303,-0.8495993573754828,0.6,0.6026751649535438,-0.866025403784439,0.49999999999999933,0.9377521321470804,0.3473052528448203,-0.9749279121818236,-0.2225209339563146
0.0029282569169696154,-0.003777014090345996,-0.02873758219973493,0.017442285738075665,0.6603573577369545,0.6,0.6028098209075812,-0.866025403784439,0.49999999999999933,0.9680771188662043,-0.2506525322587204,0.7818314824680298,0.6234898018587336
0.010664103172503395,-0.00284225387985889,0.00774439591459857,0.0,-0.17237122594078652,0.6,0.6028547062255937,-0.866025403784439,0.49999999999999933,0.8978045395707416,-0.4403941515576344,0.9749279121818236,-0.22252093395631434
-0.02638157442420443,-0.011450495065353549,-0.006773051469759948,-0.01353984557358638,-0.4254657748148339,0.6,0.6028995915436062,-0.866025403784439,0.49999999999999933,0.7907757369376989,-0.6121059825476626,0.43388373911755823,-0.900968867902419
0.0,-0.012554542980979692,-0.00975616541406821,-0.01669165449922067,-0.06252035698133393,0.6,0.6029444768616186,-0.866025403784439,0.49999999999999933,0.6513724827222223,-0.758758122692791,-0.433883739117558,-0.9009688679024191
-0.09878152714566867,-0.018637178509605893,-0.009852357540376307,-0.03526810578933751,1.546188882126401,0.6,0.6029893621796311,-0.866025403784439,0.49999999999999933,0.48530196253108104,-0.8743466161445821,-0.9749279121818236,-0.2225209339563146
0.058372100509461275,-0.01596831640248164,-0.03629434560040111,0.0010251877225167195,-1.4538155619953859,0.6,0.6031240181336686,-0.866025403784439,0.49999999999999933,-0.10116832198743204,-0.9948693233918952,0.7818314824680298,0.6234898018587336
-0.04211159476736381,-0.016227593275267137,0.0020514275335801985,-0.025948572107483157,1.7100814382137879,0.6,0.603168903451681,-0.866025403784439,0.49999999999999933,-0.29936312297335776,-0.9541392564000489,0.9749279121818236,-0.22252093395631434
-0.0053907663212266164,-0.030100842371445048,-0.053668869657976966,-0.013764176241650305,-0.41616039722491244,0.6,0.6032137887696934,-0.866025403784439,0.49999999999999933,-0.4853019625310808,-0.8743466161445822,0.43388373911755823,-0.900968867902419
0.008611378053710421,0.0,0.025615035675604095,0.009549135483597747,-1.0475206275103983,0.6,0.603258674087706,-0.866025403784439,0.49999999999999933,-0.6513724827222217,-0.7587581226927913,-0.433883739117558,-0.9009688679024191
0.014893878738730713,0.030100842371445044,-0.0021097788831629088,0.011548749039271845,0.40928920454656786,0.6,0.6033035594057184,-0.866025403784439,0.49999999999999933,-0.7907757369376986,-0.6121059825476627,-0.9749279121818236,-0.2225209339563146
0.002109778883163044,-0.002047008389072112,0.002109778883163044,0.010384225388824626,-0.21175822908908437,0.6,0.6034382153597558,-0.866025403784439,0.49999999999999933,-0.9987165071710528,-0.05064916883871355,0.7818314824680298,0.6234898018587336
0.010482191473094364,0.009179045384545897,0.010482191473094364,0.010277646826511545,-0.00947874395454377,0.6,0.6034831006777683,-0.866025403784439,0.49999999999999933,-0.9884683243281114,0.15142777750457667,0.9749279121818236,-0.22252093395631434
0.009341004071838991,-0.003050329711898682,0.012435382347099495,-0.010277646826511503,-1.0163741904311376,0.6,0.6035279859957808,-0.866025403784439,0.49999999999999933,-0.9377521321470804,0.3473052528448203,0.43388373911755823,-0.900968867902419
-0.018770085881724245,-0.007153903395163873,0.0,-0.008298720919881425,0.8732733467904643,0.6,0.6035728713137933,-0.866025403784439,0.49999999999999933,-0.8486442574947509,0.5289640103269624,-0.433883739117558,-0.9009688679024191
-0.007395619405518302,0.013245286595978041,-0.027141440789067616,0.006230543734639389,0.8170166622727311,0.6,0.6036177566318057,-0.866025403784439,0.49999999999999933,-0.7247927872291207,0.6889669190756859,-0.9749279121818236,-0.2225209339563146
0.025132262313832626,0.006054502790878037,0.03125251322872968,0.019477861007227416,-1.2335316065674804,0.6,0.6037524125858432,-0.866025403784439,0.49999999999999933,-0.20129852008866114,0.9795299412524943,0.7818314824680298,0.6234898018587336
0.0,0.0020099770923039284,0.0203052469914124,-0.015345553953932485,0.8960880245566357,0.6,0.6037972979038557,-0.866025403784439,0.49999999999999933,-2.4492935982947064e-16,1.0,0.9749279121818236,-0.22252093395631434
-0.0124872168565476,-0.016194743663357,-0.01519022417560966,-0.010362850787934221,-0.9650808960435872,0.6,0.6038421832218681,-0.5000000000000012,0.8660254037844379,0.20129852008866006,0.9795299412524945,0.43388373911755823,-0.900968867902419
-0.014768262419816698,-0.006141262626866404,-0.018538104611362814,-0.01257876994641129,1.2110902720948,0.6,0.6038870685398806,-0.5000000000000012,0.8660254037844379,0.39435585511331855,0.9189578116202306,-0.433883739117558,-0.9009688679024191
0.006355947821677758,-0.019699870733816578,-0.010449331370471153,0.0,-0.526911761517615,0.6,0.6039319538578931,-0.5000000000000012,0.8660254037844379,0.5712682150947923,0.8207634412072763,-0.9749279121818236,-0.2225209339563146
0.003162888546372117,0.02482035124084674,0.003146302621151044,0.016736850272739252,0.3338949156069124,0.6,0.6040666098119306,-0.5000000000000012,0.8660254037844379,0.9377521321470804,0.3473052528448203,0.7818314824680298,0.6234898018587336
0.011512562890643296,0.030183347411674277,0.00626313683887641,0.03666394697648078,-0.06669137449867228,0.6,0.604111495129943,-0.5000000000000012,0.8660254037844379,0.9884683243281114,0.1514277775045767,0.9749279121818236,-0.22252093395631434
0.022634542331445896,-0.006961803158489358,0.04177875865515557,-0.010050397986827119,-0.534082485930258,0.6,0.6041563804479555,-0.5000000000000012,0.8660254037844379,0.9987165071710528,-0.05064916883871264,0.43388373911755823,-0.900968867902419
-0.018481002521435478,-0.012048327267974208,-0.013059010145336046,-0.011173216985210746,0.9778837427819693,0.6,0.604201265765968,-0.5000000000000012,0.8660254037844379,0.9680771188662043,-0.2506525322587204,-0.433883739117558,-0.9009688679024191
-0.10593628728300407,0.029853005648536365,-0.06690045673927585,-0.1043396362242816,2.6144200252298733,0.6,0.6042461510839805,-0.5000000000000012,0.8660254037844379,0.8978045395707416,-0.4403941515576344,-0.9749279121818236,-0.2225209339563146
0.004597622687957786,-0.12516317100325028,-0.02962363898633501,-0.002270146322864086,-2.3824658442335087,0.6,0.6043808070380179,-0.5000000000000012,0.8660254037844379,0.48530196253108104,-0.8743466161445821,0.7818314824680298,0.6234898018587336
0.009132556639860635,-0.001111807353137809,-0.020248220929383682,0.021361026824504744,-0.3442214828674458,0.6,0.6044256923560304,-0.5000000000000012,0.8660254037844379,0.29936312297335804,-0.9541392564000488,0.9749279121818236,-0.22252093395631434
0.0,0.0165475226197188,0.022472834177642478,-0.01569529479927203,0.37190491161586253,0.6,0.6044705776740429,-0.5000000000000012,0.8660254037844379,0.10116832198743272,-0.994869323391895,0.43388373911755823,-0.900968867902419
-0.025317866338487947,-0.025486041487008487,-0.020202687854778488,-0.019395911353051135,-0.0418179396833216,0.6,0.6045154629920554,-0.5000000000000012,0.8660254037844379,-0.10116832198743204,-0.9948693233918952,-0.433883739117558,-0.9009688679024191
-0.009367657225330483,-0.020408851769199408,-0.012550066864383359,-0.013921324656466415,-0.13709645878901883,0.6,0.6045603483100678,-0.5000000000000012,0.8660254037844379,-0.29936312297335776,-0.9541392564000489,-0.9749279121818236,-0.2225209339563146
0.002350091024392021,0.0011448186910255572,-0.020882408566351752,0.0,-0.15892395857991595,0.6,0.6046950042641053,-0.5000000000000012,0.8660254037844379,-0.7907757369376986,-0.6121059825476627,0.7818314824680298,0.6234898018587336
-0.001174397170803813,-0.0045871594917590896,-0.002347500602359098,0.0058240393904622784,-0.10589228913486176,0.6,0.6047398895821178,-0.5000000000000012,0.8660254037844379,-0.8978045395707417,-0.44039415155763423,0.9749279121818236,-0.22252093395631434
0.010520250998787681,0.031676905542101716,0.010520250998787681,0.03872933896663768,0.9681157997387411,0.6,0.6047847749001302,-0.5000000000000012,0.8660254037844379,-0.9680771188662041,-0.2506525322587213,0.43388373911755823,-0.900968867902419
0.02071418563184954,-0.00894875700024019,0.02071418563184954,-0.00785204763982267,-2.9856819377004897,0.6,0.6048745455361552,-0.5000000000000012,0.8660254037844379,-0.9884683243281114,0.15142777750457667,-0.9749279121818236,-0.2225209339563146
0.009070510335985311,0.008948757000240174,0.02029380133767769,-0.001126840230520461,2.2945529212967815,0.6,0.6050092014901925,-0.5000000000000012,0.8660254037844379,-0.7247927872291207,0.6889669190756859,0.7818314824680298,0.6234898018587336
-0.0011293852311599056,0.0,-0.005595900300869812,0.006741592607139419,-0.9183088960303923,0.6,0.605054086808205,-0.5000000000000012,0.8660254037844379,-0.5712682150947924,0.8207634412072763,0.9749279121818236,-0.22252093395631434
0.0,0.018753899565464076,-0.006756775931982341,0.015556013358141668,1.720238151387745,0.6,0.6050989721262175,-0.5000000000000012,0.8660254037844379,-0.3943558551133187,0.9189578116202306,0.43388373911755823,-0.900968867902419
0.022347198225319786,0.010869739420870984,0.022347198225319786,0.009873904486327866,-1.3953770756942099,0.6,0.60514385744423,-0.5000000000000012,0.8660254037844379,-0.20129852008866114,0.9795299412524943,-0.433883739117558,-0.9009688679024191
0.012081566703528553,0.007538992879021237,0.021858929665166456,0.002180945820244756,0.10389959501815145,0.6,0.6051887427622425,-2.4492935982947064e-16,1.0,0.20129852008866006,0.9795299412524945,-0.9749279121818236,-0.2225209339563146
-0.00218594750985746,0.004282657856401812,-0.005420139751351461,0.006514674949928488,0.14660347419187544,0.6,0.6053233987162799,-2.4492935982947064e-16,1.0,0.72479278722912,0.6889669190756866,0.7818314824680298,0.6234898018587336
0.0021859475098575977,0.0063898681875254795,0.023631658674300043,0.004319734215592624,0.016901810802603254,0.6,0.6053682840342924,-2.4492935982947064e-16,1.0,0.8486442574947509,0.5289640103269624,0.9749279121818236,-0.22252093395631434
-0.001092376459233169,-0.012820752601721806,-0.02908125834381935,0.0021527742970985845,-0.2315587482394942,0.6,0.6054131693523049,-2.4492935982947064e-16,1.0,0.9377521321470804,0.3473052528448203,0.43388373911755823,-0.900968867902419
-0.06782261416701305,-0.004310347514467149,0.011950158227630481,-0.022839470648454752,0.07461086379117464,0.6,0.6054580546703173,-2.4492935982947064e-16,1.0,0.9884683243281114,0.1514277775045767,-0.433883739117558,-0.9009688679024191
0.05129332784980774,-0.01304372927825468,-0.02736887193461901,0.0010995828953285244,-0.903303536347344,0.6,0.6055029399883298,-2.4492935982947064e-16,1.0,0.9987165071710528,-0.05064916883871264,-0.9749279121818236,-0.2225209339563146
-0.01229743555395241,-0.008791178863636288,-0.013408008164168966,-0.01104990430617671,1.5076552181241583,0.6,0.6056375959423673,-2.4492935982947064e-16,1.0,0.7907757369376989,-0.6121059825476626,0.7818314824680298,0.6234898018587336
-0.0033802813672976356,0.004405367903232147,0.007843009634394575,0.0011105726102166385,-0.9903987040278769,0.6,0.6056824812603798,-2.4492935982947064e-16,1.0,0.6513724827222223,-0.758758122692791,0.9749279121818236,-0.22252093395631434
0.0011278692460794633,-0.003302146016066167,0.007782212843879126,0.0022172143141048865,0.4972726573612871,0.6,0.6057273665783922,-2.4492935982947064e-16,1.0,0.48530196253108104,-0.8743466161445821,0.43388373911755823,-0.900968867902419
0.0056213056696188856,0.0011017698117930306,-0.005552400172580287,-0.003327786924321495,-0.5364933705145686,0.6,0.6057722518964047,-2.4492935982947064e-16,1.0,0.29936312297335804,-0.9541392564000488,-0.433883739117558,-0.9009688679024191
-0.003368893548400769,0.0,-0.010072822305693483,-0.010050326220427584,0.5068176023684519,0.6,0.6058171372144172,-2.4492935982947064e-16,1.0,0.10116832198743272,-0.994869323391895,-0.9749279121818236,-0.2225209339563146
0.0011240653054532656,-0.0033094320289937733,0.004489180485921406,0.01005032622042762,-0.10135249426028746,0.6,0.6059517931684546,-2.4492935982947064e-16,1.0,-0.4853019625310808,-0.8743466161445822,0.7818314824680298,0.6234898018587336
-0.005633731903910793,-0.0077647093211686774,0.003353829148473377,-0.008928542005551692,-1.3730491343698699,0.6,0.6059966784864671,-2.4492935982947064e-16,1.0,-0.6513724827222217,-0.7587581226927913,0.9749279121818236,-0.22252093395631434
-0.005665732025232641,-0.0022298126712989347,-0.012352676232852132,-0.013544292172090917,1.4561640410803767,0.6,0.6060415638044796,-2.4492935982947064e-16,1.0,-0.7907757369376986,-0.6121059825476627,0.43388373911755823,-0.900968867902419
-0.028820493672165305,-0.014615118440132423,-0.010221544107446278,-0.0011370086774634585,0.6265615758006493,0.6,0.6060864491224921,-2.4492935982947064e-16,1.0,-0.8978045395707417,-0.44039415155763423,-0.433883739117558,-0.9009688679024191
0.02882049367216517,0.021289219686777633,0.015855276011357094,0.010186835410455923,-0.26499066124971016,0.6,0.6061313344405046,-2.4492935982947064e-16,1.0,-0.9680771188662041,-0.2506525322587213,-0.9749279121818236,-0.2225209339563146
-0.01603706573509667,-0.013393045575586541,-0.01928580774112796,-0.0033840947077598857,-0.18746295629437323,0.6,0.6063108757125545,-2.4492935982947064e-16,1.0,-0.8486442574947509,0.5289640103269624,0.9749279121818236,-0.22252093395631434
0.014900057057633122,0.0022448282429474104,0.011389633629936837,-0.005665732025232641,-0.22443304214408144,0.6,0.606355761030567,-2.4492935982947064e-16,1.0,-0.7247927872291207,0.6889669190756859,0.43388373911755823,-0.900968867902419
-0.02185257003397893,-0.009009222331326554,-0.0011331434950883085,-0.01603706573509667,0.5623769493767508,0.6,0.6064006463485794,-2.4492935982947064e-16,1.0,-0.5712682150947924,0.8207634412072763,-0.433883739117558,-0.9009688679024191
0.0011621141176197745,0.0022600474156283267,-0.024097610916686583,0.016037065735096574,0.2886007679688534,0.6,0.6064455316665919,-2.4492935982947064e-16,1.0,-0.3943558551133187,0.9189578116202306,-0.9749279121818236,-0.2225209339563146
0.025230754411774872,0.008988735170952254,0.025230754411774872,0.0034032898179522982,-1.4400555380113431,0.6166666666666667,0.6066699582566543,0.49999999999999994,0.8660254037844387,0.5712682150947923,0.8207634412072763,0.43388373911755823,-0.900968867902419
-0.002267653647922653,-0.004484388498201162,0.0045196966845197275,0.006772108805737925,-0.6257058997644128,0.6166666666666667,0.6067148435746668,0.49999999999999994,0.8660254037844387,0.72479278722912,0.6889669190756866,-0.433883739117558,-0.9009688679024191
-0.001135636170029703,0.005602410443671778,0.0033764774266715047,0.0011240653054532656,-0.13976194237515874,0.6166666666666667,0.6067597288926793,0.49999999999999994,0.8660254037844387,0.8486442574947509,0.5289640103269624,-0.9749279121818236,-0.2225209339563146
0.0,-0.0011180219454705275,-0.00902931760627936,-0.011299463929143522,1.0296194171811581,0.6166666666666667,0.6068943848467167,0.49999999999999994,0.8660254037844387,0.9987165071710528,-0.05064916883871264,0.7818314824680298,0.6234898018587336
-0.0091325566398606,0.0011180219454704943,0.0011331434950883272,0.0011356361700296043,0.923408199643019,0.6166666666666667,0.6069392701647291,0.49999999999999994,0.8660254037844387,0.9680771188662043,-0.2506525322587204,0.9749279121818236,-0.22252093395631434
0.009132556639860635,-0.005602410443671731,-0.002267653647922653,0.0011345101528344081,-1.498772344546581,0.6166666666666667,0.6069841554827416,0.49999999999999994,0.8660254037844387,0.8978045395707416,-0.4403941515576344,0.43388373911755823,-0.900968867902419
0.0011356361700296043,0.0,0.0,0.005652840179607987,-0.45425527227759643,0.6166666666666667,0.6070290408007541,0.49999999999999994,0.8660254037844387,0.7907757369376989,-0.6121059825476626,-0.433883739117558,-0.9009688679024191
-0.002272644847493101,0.0,0.01016382775911388,-0.002257254477239432,0.8754687373538999,0.6166666666666667,0.6070739261187665,0.49999999999999994,0.8660254037844387,0.6513724827222223,-0.758758122692791,-0.9749279121818236,-0.2225209339563146
0.014681300849554378,0.042887315967784,0.003365115180468126,0.02124177412168496,1.175444720711398,0.6166666666666667,0.6072534673908165,0.49999999999999994,0.8660254037844387,-0.10116832198743204,-0.9948693233918952,0.9749279121818236,-0.22252093395631434
0.004474116085993794,-0.018468731517610644,0.018858159374207702,-0.0022149966421875335,0.521698772141808,0.6166666666666667,0.607298352708829,0.49999999999999994,0.8660254037844387,-0.29936312297335776,-0.9541392564000489,0.43388373911755823,-0.900968867902419
0.0,-0.005497455911563782,-0.005509808233266887,0.0022149966421873965,-1.3862943611198906,0.6166666666666667,0.6073432380268414,0.49999999999999994,0.8660254037844387,-0.4853019625310808,-0.8743466161445822,-0.433883739117558,-0.9009688679024191
-0.022574220340298427,-0.007747758290110481,-0.005540096072909814,-0.021241774121684903,-0.007662872745569137,0.6166666666666667,0.6073881233448539,0.49999999999999994,0.8660254037844387,-0.6513724827222217,-0.7587581226927913,-0.9749279121818236,-0.2225209339563146
0.0011409003185710452,-0.004454425919557724,-0.025887745941285022,0.006756775931982309,-0.3349349573023265,0.6166666666666667,0.6075227792988914,0.49999999999999994,0.8660254037844387,-0.9680771188662041,-0.2506525322587213,0.7818314824680298,0.6234898018587336
0.02031678613645768,0.00556499852977425,0.02254884786531671,0.0044793664156001795,-0.08994823666293952,0.6166666666666667,0.6075676646169038,0.49999999999999994,0.8660254037844387,-0.9987165071710528,-0.05064916883871355,0.9749279121818236,-0.22252093395631434
-0.005602410443671731,0.0011091027168709676,0.005558573403055791,-0.005602410443671731,-0.4723593429381946,0.6166666666666667,0.6076125499349163,0.49999999999999994,0.8660254037844387,-0.9884683243281114,0.15142777750457667,0.43388373911755823,-0.900968867902419
-0.011299463929143522,-0.013393045575586541,-0.019026777479497305,-0.011299463929143522,0.3063742054639334,0.6166666666666667,0.6076574352529288,0.49999999999999994,0.8660254037844387,-0.9377521321470804,0.3473052528448203,-0.433883739117558,-0.9009688679024191
-0.0034149117636424926,-0.0022496371961509185,-0.0033955857023685826,0.0011356361700296043,0.01379332213233577,0.6166666666666667,0.6077023205709413,0.49999999999999994,0.8660254037844387,-0.8486442574947509,0.5289640103269624,-0.9749279121818236,-0.2225209339563146
-0.008013772849075623,-0.001126840230520461,-0.002270146322864086,-0.001135636170029703,0.4100209246440251,0.6166666666666667,0.6078369765249787,0.49999999999999994,0.8660254037844387,-0.3943558551133187,0.9189578116202306,0.7818314824680298,0.6234898018587336
0.0,-0.0033879166617077523,0.0,-0.010279920541519372,0.8563476959071215,0.6166666666666667,0.6078818618429912,0.49999999999999994,0.8660254037844387,-0.20129852008866114,0.9795299412524943,0.9749279121818236,-0.22252093395631434
0.008013772849075512,0.014598866260909773,-0.0034149117636424926,0.020455319165209568,-0.7777045685880083,0.6166666666666667,0.6079267471610037,0.49999999999999994,0.8660254037844387,-2.4492935982947064e-16,1.0,0.43388373911755823,-0.900968867902419
0.010210029020035077,-0.0033500836743294692,0.010210029020035077,0.005608453803654546,-0.9724610033412097,0.6166666666666667,0.6079716324790162,0.8660254037844386,0.5000000000000001,0.20129852008866006,0.9795299412524945,-0.433883739117558,-0.9009688679024191
0.005627390700822343,0.008908657077385229,0.005627390700822343,0.006688981750297954,1.2809338454620642,0.6166666666666667,0.6080165177970286,0.8660254037844386,0.5000000000000001,0.39435585511331855,0.9189578116202306,-0.9749279121818236,-0.2225209339563146
-0.003372681224222435,0.0022149966421873965,0.014484998189702555,-0.0022246132482588903,-0.16761540940425917,0.6166666666666667,0.6081511737510661,0.8660254037844386,0.5000000000000001,0.8486442574947509,0.5289640103269624,0.7818314824680298,0.6234898018587336
0.0056147523766189615,0.0011054241036349082,-0.005546479322412816,-0.004464368502038991,-0.14929630136246022,0.6166666666666667,0.6081960590690786,0.8660254037844386,0.5000000000000001,0.9377521321470804,0.3473052528448203,0.9749279121818236,-0.22252093395631434
-0.007869461853218976,0.028324462951456658,-0.010061562895361283,0.03947877380960053,0.46042399238892184,0.6166666666666667,0.608240944387091,0.8660254037844386,0.5000000000000001,0.9884683243281114,0.1514277775045767,0.43388373911755823,-0.900968867902419
-0.11721900253455321,-0.028324462951456592,0.01671346632140891,-0.15684240474157224,2.1858710045265672,0.6166666666666667,0.6082858297051035,0.8660254037844386,0.5000000000000001,0.9987165071710528,-0.05064916883871264,-0.433883739117558,-0.9009688679024191
0.002534943843952645,-0.11833556530885074,-0.12207388375435041,-0.0012587422433577558,-1.4873904779912595,0.6166666666666667,0.608330715023116,0.8660254037844386,0.5000000000000001,0.9680771188662043,-0.2506525322587204,-0.9749279121818236,-0.2225209339563146
-0.025642497635492253,-0.008744671537419728,-0.015094611283339871,-0.02551156438025345,0.6482722143311521,0.6166666666666667,0.6084653709771534,0.8660254037844386,0.5000000000000001,0.6513724827222223,-0.758758122692791,0.7818314824680298,0.6234898018587336
-0.006514674949928501,-0.013897873801484273,-0.014039782568424627,0.00900335954938493,-0.6324407491144715,0.6166666666666667,0.6085102562951659,0.8660254037844386,0.5000000000000001,0.48530196253108104,-0.8743466161445821,0.9749279121818236,-0.22252093395631434
0.006514674949928488,0.0025412951190414614,0.012771462077401853,-0.012886855980050857,-0.19921741806642204,0.6166666666666667,0.6085551416131784,0.8660254037844386,0.5000000000000001,0.29936312297335804,-0.9541392564000488,0.43388373911755823,-0.900968867902419
-0.006514674949928501,-0.0025412951190415746,-0.02570833307257738,0.015444308209867733,-1.2136036973868973,0.6166666666666667,0.6086000269311909,0.8660254037844386,0.5000000000000001,0.10116832198743272,-0.994869323391895,-0.433883739117558,-0.9009688679024191
0.01813519524107025,0.0012715457157430803,0.021893964465966496,0.0,-0.7713993774596936,0.6166666666666667,0.6086449122492034,0.8660254037844386,0.5000000000000001,-0.10116832198743204,-0.9948693233918952,-0.9749279121818236,-0.2225209339563146
-0.005147919487389026,0.002538069894321154,0.0012730734875693048,-0.007692338569246892,0.608247736773459,0.6166666666666667,0.6088244535212533,0.8660254037844386,0.5000000000000001,-0.7907757369376986,-0.6121059825476627,0.9749279121818236,-0.22252093395631434
0.0,0.005056895759022031,-0.014093657868745516,0.020382942890167326,0.913755876270967,0.6166666666666667,0.6088693388392658,0.8660254037844386,0.5000000000000001,-0.8978045395707417,-0.44039415155763423,0.43388373911755823,-0.900968867902419
0.002577226347664598,-0.005056895759022052,0.002577226347664598,-0.005056895759022052,-0.33444383835982017,0.6166666666666667,0.6089142241572781,0.8660254037844386,0.5000000000000001,-0.9680771188662041,-0.2506525322587213,-0.433883739117558,-0.9009688679024191
0.0012862645627207746,0.007575786282510921,0.022901833413656317,-0.012755353991420876,0.5925036547802579,0.6166666666666667,0.6089591094752906,0.8660254037844386,0.5000000000000001,-0.9987165071710528,-0.05064916883871355,-0.9749279121818236,-0.2225209339563146
0.011501712674103442,0.014981538899453396,-0.0101138561768322,0.026600657695171233,-0.06479999322691547,0.6166666666666667,0.6090937654293281,0.8660254037844386,0.5000000000000001,-0.8486442574947509,0.5289640103269624,0.7818314824680298,0.6234898018587336
-0.0038192242415282054,-0.008712021478213918,0.016383373598071734,-0.01638337359807174,-0.16819585453030592,0.6166666666666667,0.6091386507473406,0.8660254037844386,0.5000000000000001,-0.7247927872291207,0.6889669190756859,0.9749279121818236,-0.22252093395631434
-0.011545979342960401,-0.012578680350820649,-0.018927992801384186,-0.007653090897394048,0.05770831762064677,0.6166666666666667,0.609183536065353,0.8660254037844386,0.5000000000000001,-0.5712682150947924,0.8207634412072763,0.43388373911755823,-0.900968867902419
-0.007772051926754023,-0.01788049948224731,-0.012820584381176234,-0.006422715337602217,-0.17859020918109644,0.6166666666666667,0.6092284213833655,1.0,6.123233995736766e-17,0.20129852008866006,0.9795299412524945,-0.433883739117558,-0.9009688679024191
0.0038935765432673067,0.01788049948224726,0.011545979342960505,-0.0012893973494924682,-0.028330506626225996,0.6166666666666667,0.609273306701378,1.0,6.123233995736766e-17,0.39435585511331855,0.9189578116202306,-0.9749279121818236,-0.2225209339563146
-0.010416937426287512,-0.002534943843952574,-0.005115187219825401,-0.0064726008037525665,-0.161843025450414,0.6166666666666667,0.6094079626554154,1.0,6.123233995736766e-17,0.8486442574947509,0.5289640103269624,0.7818314824680298,0.6234898018587336
0.009120669516818124,-0.003814368606610823,0.006389792258041153,0.005181353941462286,-0.12201495056296358,0.6166666666666667,0.6094528479734279,1.0,6.123233995736766e-17,0.9377521321470804,0.3473052528448203,0.9749279121818236,-0.22252093395631434
-0.009120669516818064,-0.0051084716940815525,-0.027115997190950526,-0.011696028891390823,0.10153641921942282,0.6166666666666667,0.6094977332914404,1.0,6.123233995736766e-17,0.9884683243281114,0.1514277775045767,0.43388373911755823,-0.900968867902419
0.005222032724984,-0.003848621776709285,0.005222032724984,0.012987275753681077,-0.21455980762281834,0.6166666666666667,0.6095426186094529,1.0,6.123233995736766e-17,0.9987165071710528,-0.05064916883871264,-0.433883739117558,-0.9009688679024191
0.006489309415670807,0.007682488432575155,0.006489309415670807,-0.0025840706691193276,-0.11778303565638351,0.6166666666666667,0.6095875039274654,1.0,6.123233995736766e-17,0.9680771188662043,-0.2506525322587204,-0.9749279121818236,-0.2225209339563146
-0.001294404714367415,-0.008968752995295877,-0.001294404714367415,0.0051612970167838395,-1.2770950691548986,0.6166666666666667,0.6097221598815028,1.0,6.123233995736766e-17,0.6513724827222223,-0.758758122692791,0.7818314824680298,0.6234898018587336
-0.026248389197561204,-0.0012878289981721421,0.0051678727329792905,-0.031375093227990605,1.9260089947380183,0.6166666666666667,0.6097670451995153,1.0,6.123233995736766e-17,0.48530196253108104,-0.8743466161445821,0.9749279121818236,-0.22252093395631434
0.02883561771875767,0.014075806234996196,0.012804260519253137,0.03522865900346101,0.3936705316153275,0.6166666666666667,0.6098119305175278,1.0,6.123233995736766e-17,0.29936312297335804,-0.9541392564000488,0.43388373911755823,-0.900968867902419
0.00900335954938493,0.002538069894321154,-0.005102047229191556,0.01147248135567501,-0.1980376301831335,0.6166666666666667,0.6098568158355402,1.0,6.123233995736766e-17,0.10116832198743272,-0.994869323391895,-0.433883739117558,-0.9009688679024191
-0.0012813205639596935,0.0037950671913245643,-0.0025608185164190463,0.0012666233529297951,-0.2904406948908607,0.6166666666666667,0.6099017011535527,1.0,6.123233995736766e-17,-0.10116832198743204,-0.9948693233918952,-0.9749279121818236,-0.2225209339563146
0.00511518721982538,0.00754719816612951,0.00511518721982538,0.010075642004524345,-0.2217632888452514,0.6166666666666667,0.6100363571075902,1.0,6.123233995736766e-17,-0.6513724827222217,-0.7587581226927913,0.7818314824680298,0.6234898018587336
0.007623917488779141,0.0012523470824965103,0.010152361327174193,-0.007547198166129499,-0.5459169435772607,0.6166666666666667,0.6100812424256026,1.0,6.123233995736766e-17,-0.7907757369376986,-0.6121059825476627,0.9749279121818236,-0.22252093395631434
0.0,-0.006277568400797479,-0.002528443838394849,0.0,0.20391218938632222,0.6166666666666667,0.6101261277436151,1.0,6.123233995736766e-17,-0.8978045395707417,-0.44039415155763423,0.43388373911755823,-0.900968867902419
-0.010178286192185726,0.0,-0.005076238962994154,-0.002528443838394849,0.6331291708336924,0.6166666666666667,0.6101710130616276,1.0,6.123233995736766e-17,-0.9680771188662041,-0.2506525322587213,-0.433883739117558,-0.9009688679024191
-0.0025608185164190463,0.0025158121901148215,0.00634116958626901,0.005050420686223402,-0.7905213445851217,0.6166666666666667,0.6102158983796401,1.0,6.123233995736766e-17,-0.9987165071710528,-0.05064916883871355,-0.9749279121818236,-0.2225209339563146
0.010204160864652097,0.007509414627477833,-0.0037998744672273293,0.0037712141522666816,0.29334780998745824,0.6166666666666667,0.6103505543336775,1.0,6.123233995736766e-17,-0.8486442574947509,0.5289640103269624,0.7818314824680298,0.6234898018587336
0.0037998744672274403,0.0024906588720935725,0.01511362419477328,-0.0012554019621516296,0.10451269873548671,0.6166666666666667,0.61039543965169,1.0,6.123233995736766e-17,-0.7247927872291207,0.6889669190756859,0.9749279121818236,-0.22252093395631434
-0.01272271476791983,-0.012515885689686259,-0.02275696654300642,-0.010101176720290933,-1.0039963122932607,0.6166666666666667,0.6104403249697025,1.0,6.123233995736766e-17,-0.5712682150947924,0.8207634412072763,0.43388373911755823,-0.900968867902419
0.015248056550737205,0.007528259664597166,0.018999921030675805,0.006325216250044753,-0.02105340919783238,0.6166666666666667,0.610485210287715,1.0,6.123233995736766e-17,-0.3943558551133187,0.9189578116202306,-0.433883739117558,-0.9009688679024191
-0.0037902724060922513,-0.0012506912637997628,0.0025063542485309,0.0075377166809286215,0.21029540883636075,0.6166666666666667,0.6105300956057274,1.0,6.123233995736766e-17,-0.20129852008866114,0.9795299412524943,-0.9749279121818236,-0.2225209339563146
-0.0076239174887792706,0.003747658416795238,-0.01895190657580013,0.001250691263799861,1.0209613544380436,0.6166666666666667,0.6106647515597649,0.8660254037844387,-0.4999999999999998,0.39435585511331855,0.9189578116202306,0.7818314824680298,0.6234898018587336
0.016445552327269304,0.0049750410300994485,0.016445552327269304,0.0074720081830950535,-0.3364722366212129,0.6166666666666667,0.6107096368777774,0.8660254037844387,-0.4999999999999998,0.5712682150947923,0.8207634412072763,0.9749279121818236,-0.22252093395631434
0.0037570455123306264,0.0024784023396491766,0.0037570455123306264,0.0024784023396491766,-0.41419878807691907,0.6166666666666667,0.6107545221957899,0.8660254037844387,-0.4999999999999998,0.72479278722912,0.6889669190756866,0.43388373911755823,-0.900968867902419
0.003742982938598773,0.0024721867410947345,0.009950410522744323,-0.004962784497655253,0.5055485666651469,0.6166666666666667,0.6107994075138022,0.8660254037844387,-0.4999999999999998,0.8486442574947509,0.5289640103269624,-0.433883739117558,-0.9009688679024191
0.0024876501104554825,-0.0012354178196622846,-0.0024784023396492625,0.0049627844976551806,-0.5187937934151675,0.6166666666666667,0.6109789487858522,0.8660254037844387,-0.4999999999999998,0.9680771188662043,-0.2506525322587204,0.7818314824680298,0.6234898018587336
0.0037197774736901896,0.0012354178196621682,0.00495058908074403,0.001236768921432426,0.35534072092559577,0.6166666666666667,0.6110238341038646,0.8660254037844387,-0.4999999999999998,0.8978045395707416,-0.4403941515576344,0.9749279121818236,-0.22252093395631434
-0.0024784023396492625,0.0,-0.003710575785625153,-0.003715171261081771,-0.5296941080703735,0.6166666666666667,0.6110687194218771,0.8660254037844387,-0.4999999999999998,0.7907757369376989,-0.6121059825476626,0.43388373911755823,-0.900968867902419
0.0012400132951187605,0.0,0.0037105757856250618,0.00495058908074403,0.37865385065750756,0.6166666666666667,0.6111136047398896,0.8660254037844387,-0.4999999999999998,0.6513724827222223,-0.758758122692791,-0.433883739117558,-0.9009688679024191
-0.001240013295118845,0.0,0.0,-0.0012354178196622846,-0.24512245803298496,0.6166666666666667,0.6111584900579021,0.8660254037844387,-0.4999999999999998,0.48530196253108104,-0.8743466161445821,-0.9749279121818236,-0.2225209339563146
-0.006222700603505702,-0.004950589080743924,-0.004950589080743924,-0.008690212291181259,0.14217448878054254,0.6166666666666667,0.6112931460119395,0.8660254037844387,-0.4999999999999998,-0.10116832198743204,-0.9948693233918952,0.7818314824680298,0.6234898018587336
-0.0012493075795894108,0.00495058908074403,-0.0074720081830950465,0.008690212291181224,0.11375888535665796,0.6166666666666667,0.611338031329952,0.8660254037844387,-0.4999999999999998,-0.29936312297335776,-0.9541392564000489,0.9749279121818236,-0.22252093395631434
0.0,0.0,0.012422597263838995,0.0,-0.7259370033829361,0.6166666666666667,0.6113829166479645,0.8660254037844387,-0.4999999999999998,-0.4853019625310808,-0.8743466161445822,0.43388373911755823,-0.900968867902419
0.0,-0.003710575785625153,-0.011173289684249603,-0.011187179444176847,-0.9734491457141037,0.6166666666666667,0.611427801965977,0.8660254037844387,-0.4999999999999998,-0.6513724827222217,-0.7587581226927913,-0.433883739117558,-0.9009688679024191
0.0012493075795894169,0.0,0.002493675359009381,0.002496967152995559,0.8803587226480917,0.6166666666666667,0.6114726872839894,0.8660254037844387,-0.4999999999999998,-0.7907757369376986,-0.6121059825476627,-0.9749279121818236,-0.2225209339563146
-0.0012493075795894108,-0.001240013295118845,-0.0012460157856032511,0.0037336658960586714,0.1365755350057507,0.6166666666666667,0.6116073432380269,0.8660254037844387,-0.4999999999999998,-0.9987165071710528,-0.05064916883871355,0.7818314824680298,0.6234898018587336
0.0012493075795894169,0.0,-0.001247659573406166,0.0012413751340408438,-0.44895022004790314,0.6166666666666667,0.6116522285560394,0.8660254037844387,-0.4999999999999998,-0.9884683243281114,0.15142777750457667,0.9749279121818236,-0.22252093395631434
-0.008777567244186624,0.0024784023396491766,0.0012476595734061116,-0.009975046529391431,0.7884573603642703,0.6166666666666667,0.6116971138740518,0.8660254037844387,-0.4999999999999998,-0.9377521321470804,0.3473052528448203,0.43388373911755823,-0.900968867902419
-0.0050504206862234426,-0.009950410522744394,-0.007509414627477857,-0.006285369598432087,-0.04652001563489282,0.6166666666666667,0.6117419991920643,0.8660254037844387,-0.4999999999999998,-0.8486442574947509,0.5289640103269624,-0.433883739117558,-0.9009688679024191
0.0,0.0,-0.0037759604702461316,0.008788407944728453,0.09097177820572679,0.6166666666666667,0.6117868845100768,0.8660254037844387,-0.4999999999999998,-0.7247927872291207,0.6889669190756859,-0.9749279121818236,-0.2225209339563146
0.010075642004524345,0.011187179444176758,0.008788407944728453,0.009950410522744323,-0.3022808718729337,0.6166666666666667,0.6119215404641142,0.8660254037844387,-0.4999999999999998,-0.20129852008866114,0.9795299412524943,0.7818314824680298,0.6234898018587336
0.002503038346296358,-0.007444196505578007,0.0,-0.006207427584145527,-1.8523840910444898,0.6166666666666667,0.6119664257821267,0.5000000000000003,-0.8660254037844385,0.20129852008866006,0.9795299412524945,0.9749279121818236,-0.22252093395631434
0.002496967152995559,0.0,0.003742982938598773,0.0,0.9162907318741551,0.6166666666666667,0.6120113111001392,0.5000000000000003,-0.8660254037844385,0.39435585511331855,0.9189578116202306,0.43388373911755823,-0.900968867902419
-0.001247659573406166,0.009913507770758584,-0.0024936753590093265,0.004969038539615078,1.5040773967762742,0.6166666666666667,0.6120561964181517,0.5000000000000003,-0.8660254037844385,0.5712682150947923,0.8207634412072763,-0.433883739117558,-0.9009688679024191
-0.0012493075795894108,-0.0049444692311436085,0.007462713898624507,-0.0024813884291596967,0.021978906718775167,0.6166666666666667,0.6121010817361642,0.5000000000000003,-0.8660254037844385,0.72479278722912,0.6889669190756866,-0.9749279121818236,-0.2225209339563146
-0.005012447474482266,0.0037105757856250618,0.0037105757856250618,-0.011243080523536505,-0.6505875661411494,0.6166666666666667,0.6122357376902016,0.5000000000000003,-0.8660254037844385,0.9884683243281114,0.1514277775045767,0.7818314824680298,0.6234898018587336
0.0012554019621515808,-0.0024721867410946647,-0.016179642776169602,0.005012447474482295,0.02061928720273561,0.6166666666666667,0.6122806230082141,0.5000000000000003,-0.8660254037844385,0.9987165071710528,-0.05064916883871264,0.9749279121818236,-0.22252093395631434
-0.011356578682442692,-0.009950410522744394,0.0037570455123306264,-0.0012506912637997628,-0.15415067982725836,0.6166666666666667,0.6123255083262266,0.5000000000000003,-0.8660254037844385,0.9680771188662043,-0.2506525322587204,0.43388373911755823,-0.900968867902419
-0.00636538807087556,0.003742982938598773,0.003742982938598773,-0.02022832100184909,1.4826862067949567,0.6166666666666667,0.6123703936442391,0.5000000000000003,-0.8660254037844385,0.8978045395707416,-0.4403941515576344,-0.433883739117558,-0.9009688679024191
-0.0012779542773575276,-0.010012500359838205,-0.02267097573998287,0.015209494844409475,-0.2858818919476331,0.6166666666666667,0.6124152789622515,0.5000000000000003,-0.8660254037844385,0.7907757369376989,-0.6121059825476626,-0.9749279121818236,-0.2225209339563146
0.0,0.005018826157439759,0.017677301537584327,-0.016487449121766987,-0.3095011198464207,0.6166666666666667,0.612549934916289,0.5000000000000003,-0.8660254037844385,0.29936312297335804,-0.9541392564000488,0.7818314824680298,0.6234898018587336
-0.005128119729168593,-0.008799545248626094,-0.017677301537584345,0.007643342348233138,0.5340824859302579,0.6166666666666667,0.6125948202343015,0.5000000000000003,-0.8660254037844385,0.10116832198743272,-0.994869323391895,0.9749279121818236,-0.22252093395631434
0.0025673012127496327,-0.0012635132151200541,0.005082689097633647,-0.00636538807087556,-0.4141231708512789,0.6166666666666667,0.6126397055523138,0.5000000000000003,-0.8660254037844385,-0.10116832198743204,-0.9948693233918952,0.43388373911755823,-0.900968867902419
0.002560818516419052,0.003785490062948741,0.0,-0.0012779542773575276,0.14541699985850368,0.6166666666666667,0.6126845908703263,0.5000000000000003,-0.8660254037844385,-0.29936312297335776,-0.9541392564000489,-0.433883739117558,-0.9009688679024191
-0.015464211443306616,-0.007585364530176027,-0.0012683204910227972,0.0025543687034063956,0.0,0.6166666666666667,0.6127294761883388,0.5000000000000003,-0.8660254037844385,-0.4853019625310808,-0.8743466161445822,-0.9749279121818236,-0.2225209339563146
0.01290339292688759,0.01511362419477328,-0.010204160864652144,0.011414189894871469,-0.4715085204251558,0.6166666666666667,0.6128641321423762,0.5000000000000003,-0.8660254037844385,-0.8978045395707417,-0.44039415155763423,0.7818314824680298,0.6234898018587336
0.012739104708604765,0.0,0.020305337584943094,-0.0025253417828174866,0.14550758367123828,0.6166666666666667,0.6129090174603887,0.5000000000000003,-0.8660254037844385,-0.9680771188662041,-0.2506525322587213,0.9749279121818236,-0.22252093395631434
0.005050420686223402,0.030771718271400347,-0.002515812190114888,0.036006514963956425,1.4069136483226263,0.6166666666666667,0.6129539027784012,0.5000000000000003,-0.8660254037844385,-0.9987165071710528,-0.05064916883871355,0.43388373911755823,-0.900968867902419
0.03222102490100769,0.029853019248168702,0.03222102490100769,0.002435965237051904,-0.07136448620797103,0.6166666666666667,0.6129987880964137,0.5000000000000003,-0.8660254037844385,-0.9884683243281114,0.15142777750457667,-0.433883739117558,-0.9009688679024191
0.0,-0.009456410595230301,0.006078953034989732,0.012092120228997949,-0.3665078648549712,0.6166666666666667,0.6130436734144262,0.5000000000000003,-0.8660254037844385,-0.9377521321470804,0.3473052528448203,-0.9749279121818236,-0.2225209339563146
0.018127365789281955,0.009456410595230273,0.0120484127542921,0.015504086019259462,-0.6735770843658481,0.6166666666666667,0.6132232146864761,0.5000000000000003,-0.8660254037844385,-0.3943558551133187,0.9189578116202306,0.9749279121818236,-0.22252093395631434
0.016627360263382497,0.043735350296810936,0.016627360263382497,0.03830993128207493,0.43850496218636464,0.6166666666666667,0.6132681000044886,0.5000000000000003,-0.8660254037844385,-0.20129852008866114,0.9795299412524943,0.43388373911755823,-0.900968867902419
0.034725761116849135,-0.004514756892228216,0.03813291611717661,0.0011383844021294537,-1.491654876777717,0.6166666666666667,0.613312985322501,0.5000000000000003,-0.8660254037844385,-2.4492935982947064e-16,1.0,-0.433883739117558,-0.9009688679024191
-0.030025320430407614,-0.010233167125494833,-0.007968243607594492,-0.00914291186405588,0.9724610033412096,0.6166666666666667,0.6133578706405135,1.2246467991473532e-16,-1.0,0.20129852008866006,0.9795299412524945,-0.9749279121818236,-0.2225209339563146
-0.005878990113060974,-0.016129367309092046,-0.016129367309092046,-0.022055511997907045,-0.08777561088238572,0.6166666666666667,0.613492526594551,1.2246467991473532e-16,-1.0,0.72479278722912,0.6889669190756866,0.7818314824680298,0.6234898018587336
-0.031140211388992978,-0.004656581564842637,-0.012858058969995952,-0.0249567086375288,0.29225873947919273,0.6166666666666667,0.6135374119125634,1.2246467991473532e-16,-1.0,0.8486442574947509,0.5289640103269624,0.9749279121818236,-0.22252093395631434
-0.014706133209623379,-0.01410127820300262,-0.03349600704610665,-0.003616637039795033,-0.1714222663359189,0.6166666666666667,0.6135822972305759,1.2246467991473532e-16,-1.0,0.9377521321470804,0.3473052528448203,0.43388373911755823,-0.900968867902419
0.014706133209623233,0.001182731148455963,0.02877893739671327,0.009615364049526112,0.06301296782873396,0.6166666666666667,0.6136271825485884,1.2246467991473532e-16,-1.0,0.9884683243281114,0.1514277775045767,-0.433883739117558,-0.9009688679024191
0.021661476270717614,0.0,-0.005927609055891342,0.007151480008175208,-0.8862132766368771,0.6166666666666667,0.6136720678666009,1.2246467991473532e-16,-1.0,0.9987165071710528,-0.05064916883871264,-0.9749279121818236,-0.2225209339563146
-0.01077208683774765,0.0,0.005927609055891368,0.0011869426510832273,0.2451224580329849,0.6166666666666667,0.6138067238206383,1.2246467991473532e-16,-1.0,0.7907757369376989,-0.6121059825476626,0.7818314824680298,0.6234898018587336
-0.0012041790994896883,-0.0011827311484558952,-0.01909372706323298,-0.0011869426510831237,-0.38395890288720075,0.6166666666666667,0.6138516091386508,1.2246467991473532e-16,-1.0,0.6513724827222223,-0.758758122692791,0.9749279121818236,-0.22252093395631434
-0.03806463207074235,0.001182731148455963,0.007202906109220785,-0.025256968008856597,1.3089076975044704,0.6166666666666667,0.6138964944566633,1.2246467991473532e-16,-1.0,0.48530196253108104,-0.8743466161445821,0.43388373911755823,-0.900968867902419
0.17520408103233495,0.23489457369680733,0.1599439387530485,0.24982476636436102,3.643918157363893,0.6166666666666667,0.6139413797746758,1.2246467991473532e-16,-1.0,0.29936312297335804,-0.9541392564000488,-0.433883739117558,-0.9009688679024191
0.07485799020706968,0.020352275494414554,0.07745179185364728,-0.004755252222233568,-1.4103259358567988,0.6166666666666667,0.6139862650926883,1.2246467991473532e-16,-1.0,0.10116832198743272,-0.994869323391895,-0.9749279121818236,-0.2225209339563146
0.008733671481950537,-0.032576137901695515,-0.002834198363157241,-0.0038203037134214636,-0.9141378785130541,0.6166666666666667,0.6141209210467257,1.2246467991473532e-16,-1.0,-0.4853019625310808,-0.8743466161445822,0.7818314824680298,0.6234898018587336
-0.008733671481950558,0.0667827969666356,-0.029766999184096987,0.06483739089138513,1.016476591741964,0.6166666666666667,0.6141658063647382,1.2246467991473532e-16,-1.0,-0.6513724827222217,-0.7587581226927913,0.9749279121818236,-0.22252093395631434
0.05591218717198611,0.008810684650576536,0.10536048080130907,-0.027274393087982,-1.3274697430621918,0.6166666666666667,0.6142106916827507,1.2246467991473532e-16,-1.0,-0.7907757369376986,-0.6121059825476627,0.43388373911755823,-0.900968867902419
-0.018605170499379098,-0.03844910942430257,-0.04393357884639775,-0.01766657770198333,-0.4309441934091493,0.6166666666666667,0.614255577000763,1.2246467991473532e-16,-1.0,-0.8978045395707417,-0.44039415155763423,-0.433883739117558,-0.9009688679024191
-0.041213337805664815,-0.015618125788580496,-0.01013365636648525,-0.03338422529189285,0.5605370224547436,0.6166666666666667,0.6143004623187756,1.2246467991473532e-16,-1.0,-0.9680771188662041,-0.2506525322587213,-0.9749279121818236,-0.2225209339563146
-0.03687502280091815,-0.05226844857550274,-0.062072369266103405,-0.044628160794882174,-0.2194670765849012,0.6166666666666667,0.614435118272813,1.2246467991473532e-16,-1.0,-0.9377521321470804,0.3473052528448203,0.7818314824680298,0.6234898018587336
-0.02466720681306644,-0.014742268264624396,-0.022920833419544855,-0.012245040235329943,0.2627170603787178,0.6166666666666667,0.6144800035908254,1.2246467991473532e-16,-1.0,-0.8486442574947509,0.5289640103269624,0.9749279121818236,-0.22252093395631434
-0.006263136838876322,-0.025063872682274953,-0.012170597128013686,-0.01135780750486601,-0.7796776727122244,0.6166666666666667,0.6145248889088379,1.2246467991473532e-16,-1.0,-0.7247927872291207,0.6889669190756859,0.43388373911755823,-0.900968867902419
0.00522193891007587,0.025063872682275,0.0,0.0396998322650813,0.15963014559188393,0.6166666666666667,0.6145697742268504,1.2246467991473532e-16,-1.0,-0.5712682150947924,0.8207634412072763,-0.433883739117558,-0.9009688679024191
0.024692588966579433,0.009852357540376186,0.036076095839887815,-0.0009985014025400622,-0.521814745341586,0.6166666666666667,0.6146146595448629,1.2246467991473532e-16,-1.0,-0.3943558551133187,0.9189578116202306,-0.9749279121818236,-0.2225209339563146
0.0,-0.009852357540376307,-0.014873835109078862,-0.01712886621483642,-0.2080644444870894,0.6166666666666667,0.6147493154989003,-0.4999999999999997,-0.8660254037844388,0.39435585511331855,0.9189578116202306,0.7818314824680298,0.6234898018587336
-0.02991452787665538,-0.025063872682274953,-0.01611305043954905,-0.019497851227768672,0.5625269981428811,0.6166666666666667,0.6147942008169128,-0.4999999999999997,-0.8660254037844388,0.5712682150947923,0.8207634412072763,0.9749279121818236,-0.22252093395631434
0.00522193891007587,0.010101013884349705,-0.02051366700305603,0.018481002521435513,0.0077220460939103185,0.6166666666666667,0.6148839714529378,-0.4999999999999997,-0.8660254037844388,0.8486442574947509,0.5289640103269624,-0.433883739117558,-0.9009688679024191
0.03077162931598164,0.0336000373075309,0.028602609656171063,0.029074846034026103,-0.2183473790507167,0.6166666666666667,0.6149288567709502,-0.4999999999999997,-0.8660254037844388,0.9377521321470804,0.3473052528448203,-0.9749279121818236,-0.2225209339563146
-0.0020221710851995272,-0.011730328303046742,0.017964538303716727,-0.003960468247482488,-0.47479980150922857,0.6166666666666667,0.6150635127249877,-0.4999999999999997,-0.8660254037844388,0.9680771188662043,-0.2506525322587204,0.7818314824680298,0.6234898018587336
-0.007110303861332568,0.021401643042911832,0.027318884974914144,-0.01298069942057323,0.22006188477680166,0.6166666666666667,0.6151083980430002,-0.4999999999999997,-0.8660254037844388,0.8978045395707416,-0.4403941515576344,0.9749279121818236,-0.22252093395631434
0.0071103038613325314,-0.022385480383117957,-0.03526323738609417,0.006012036555199117,-0.2123990120312325,0.6166666666666667,0.6151532833610126,-0.4999999999999997,-0.8660254037844388,0.7907757369376989,-0.6121059825476626,0.43388373911755823,-0.900968867902419
-0.0020264861717116766,-0.005923012866353004,0.00695474413662318,-0.015098483122345312,0.3559112936534351,0.6166666666666667,0.6151981686790251,-0.4999999999999997,-0.8660254037844388,0.6513724827222223,-0.758758122692791,-0.433883739117558,-0.9009688679024191
-0.016360121271136195,0.0416929326297699,-0.01596831640248164,0.041714125424961994,0.4726738578016144,0.6166666666666667,0.6152430539970376,-0.4999999999999997,-0.8660254037844388,0.48530196253108104,-0.8743466161445821,-0.9749279121818236,-0.2225209339563146
0.03544664187430846,-0.0124225768861828,0.03557683935692615,-0.0038985670332356242,-0.3955147772549963,0.6166666666666667,0.615377709951075,-0.4999999999999997,-0.8660254037844388,-0.10116832198743204,-0.9948693233918952,0.7818314824680298,0.6234898018587336
0.0029806253845470537,0.01621411469221084,-0.008776254489250759,0.0029254014725655897,-0.4640806109426135,0.6166666666666667,0.6154225952690875,-0.4999999999999997,-0.8660254037844388,-0.29936312297335776,-0.9541392564000489,0.9749279121818236,-0.22252093395631434
0.008889009583911015,-0.01525297036299095,0.009746586964617427,0.0029168684552238855,-0.8552030398943168,0.6166666666666667,0.6154674805871,-0.4999999999999997,-0.8660254037844388,-0.4853019625310808,-0.8743466161445822,0.43388373911755823,-0.900968867902419
0.005882364128172348,0.006701858090575656,-0.007789641095079694,0.01158319853614097,1.0149622593811847,0.6166666666666667,0.6155123659051125,-0.4999999999999997,-0.8660254037844388,-0.6513724827222217,-0.7587581226927913,-0.433883739117558,-0.9009688679024191
-0.004899564033473865,0.0028585030737642843,-0.004899564033473865,0.005741636672797145,-0.4292353274420764,0.6166666666666667,0.615557251223125,-0.4999999999999997,-0.8660254037844388,-0.7907757369376986,-0.6121059825476627,-0.9749279121818236,-0.2225209339563146
-0.012852435063156472,0.013232626687161098,-0.00393700907905455,-0.00766300241979559,1.0707359191398547,0.6166666666666667,0.6156919071771624,-0.4999999999999997,-0.8660254037844388,-0.9987165071710528,-0.05064916883871355,0.7818314824680298,0.6234898018587336
0.01775199909663046,-0.0028208736855897007,0.009813611804452005,-0.011605535683696377,-0.9005147692799875,0.6166666666666667,0.6157367924951749,-0.4999999999999997,-0.8660254037844388,-0.9884683243281114,0.15142777750457667,0.9749279121818236,-0.22252093395631434
-0.01675739875083089,-0.018052798201406314,0.018384563010657117,0.014485995977421309,0.3488180724435123,0.6166666666666667,0.6157816778131874,-0.4999999999999997,-0.8660254037844388,-0.9377521321470804,0.3473052528448203,0.43388373911755823,-0.900968867902419
-0.010994674381825527,0.005736148296393488,-0.01545916153809134,-0.037113600799211034,0.8384949866412484,0.6166666666666667,0.6158265631311999,-0.4999999999999997,-0.8660254037844388,-0.8486442574947509,0.5289640103269624,-0.433883739117558,-0.9009688679024191
0.0010045194877475233,-0.00573614829639353,0.015459161538091385,-0.00899555454827866,-1.6015118471616796,0.6166666666666667,0.6158714484492123,-0.4999999999999997,-0.8660254037844388,-0.7247927872291207,0.6889669190756859,-0.9749279121818236,-0.2225209339563146
-0.0202845787566432,-0.026227803170959095,-0.035125530411375026,-0.0202845787566432,1.0986122886681098,0.6166666666666667,0.6160061044032498,-0.4999999999999997,-0.8660254037844388,-0.20129852008866114,0.9795299412524943,0.7818314824680298,0.6234898018587336
-0.006166508569386545,-0.006913530548049454,-0.022089158308211964,-0.00513626016217888,-0.46650099869453354,0.6166666666666667,0.6160509897212623,-0.4999999999999997,-0.8660254037844388,-2.4492935982947064e-16,1.0,0.9749279121818236,-0.22252093395631434
0.0,-0.008959732439636527,-0.008155127223769933,0.026424422100481293,-0.1670540846631662,0.6166666666666667,0.6160958750392747,-0.8660254037844385,-0.5000000000000004,0.20129852008866006,0.9795299412524945,0.43388373911755823,-0.900968867902419
0.008213516958458613,-0.008032235724188073,0.013218351797884801,-0.011094549236552814,-0.7704388548615918,0.6166666666666667,0.6161407603572872,-0.8660254037844385,-0.5000000000000004,0.39435585511331855,0.9189578116202306,-0.433883739117558,-0.9009688679024191
-0.026944609277619967,0.001007555816361155,-0.014242269958660746,-0.030898414234481194,1.0498221244986776,0.6166666666666667,0.6161856456752997,-0.8660254037844385,-0.5000000000000004,0.5712682150947923,0.8207634412072763,-0.9749279121818236,-0.2225209339563146
-0.002103123430615795,-0.030677223076107065,-0.018614863826264014,-0.00629592278643202,0.23803216380796044,0.6166666666666667,0.616320301629337,-0.8660254037844385,-0.5000000000000004,0.9377521321470804,0.3473052528448203,0.7818314824680298,0.6234898018587336
0.0,-0.0020789263900742264,-0.005232944277400458,0.010471364961842733,-0.27625337662815824,0.6166666666666667,0.6163651869473495,-0.8660254037844385,-0.5000000000000004,0.9884683243281114,0.1514277775045767,0.9749279121818236,-0.22252093395631434
0.0,0.013436733894940246,0.021796380570084213,-0.00731844874634363,0.879249460193806,0.6166666666666667,0.616410072265362,-0.8660254037844385,-0.5000000000000004,0.9987165071710528,-0.05064916883871264,0.43388373911755823,-0.900968867902419
0.0031529162154991727,0.01224504023532987,-0.015520214975698119,0.007318448746343633,-0.5980820687632187,0.6166666666666667,0.6164549575833745,-0.8660254037844385,-0.5000000000000004,0.9680771188662043,-0.2506525322587204,-0.433883739117558,-0.9009688679024191
-0.15765438385741817,-0.03614218480923279,-0.009429081809885234,-0.1418997522201763,1.9261075217591335,0.6166666666666667,0.616499842901387,-0.8660254037844385,-0.5000000000000004,0.8978045395707416,-0.4403941515576344,-0.9749279121818236,-0.2225209339563146
0.0182597700537867,-0.05289964796148239,-0.05406717107688943,0.0023982519461066,-1.0662834015527496,0.6166666666666667,0.6166344988554244,-0.8660254037844385,-0.5000000000000004,0.48530196253108104,-0.8743466161445821,0.7818314824680298,0.6234898018587336
-0.04187808617102656,-0.045359125946378795,-0.04313945061929132,-0.049089648446931894,-0.22470077976281602,0.6166666666666667,0.6166793841734369,-0.8660254037844385,-0.5000000000000004,0.29936312297335804,-0.9541392564000488,0.9749279121818236,-0.22252093395631434
0.0062695174212394665,-0.009324151301175124,-0.07464364464173869,0.0346141392609327,-1.2083112059245342,0.6166666666666667,0.6167242694914494,-0.8660254037844385,-0.5000000000000004,0.10116832198743272,-0.994869323391895,0.43388373911755823,-0.900968867902419
0.006230633049054159,-0.03091801047392634,0.006230633049054159,-0.013456022558795688,0.958850346292951,0.6166666666666667,0.6167691548094618,-0.8660254037844385,-0.5000000000000004,-0.10116832198743204,-0.9948693233918952,-0.433883739117558,-0.9009688679024191
0.0037197774736901896,0.009615364049526112,0.018462132187356317,0.0036877698367667896,-0.7339691750802004,0.6166666666666667,0.6168140401274743,-0.8660254037844385,-0.5000000000000004,-0.29936312297335776,-0.9541392564000489,-0.9749279121818236,-0.2225209339563146
-0.0037197774736901466,0.04901802108763118,-0.018462132187356227,0.043224062255493086,1.3473513871712832,0.6166666666666667,0.6169486960815118,-0.8660254037844385,-0.5000000000000004,-0.7907757369376986,-0.6121059825476627,0.7818314824680298,0.6234898018587336
0.04612463652636768,-0.018391223362055998,0.06841301159268448,-0.0035314895107019487,-1.5380411936357545,0.6166666666666667,0.6169935813995242,-0.8660254037844385,-0.5000000000000004,-0.8978045395707417,-0.44039415155763423,0.9749279121818236,-0.22252093395631434
-0.004756332335999979,0.012680272629664271,-0.002322962269793553,0.01869219861474853,0.3913605019266225,0.6166666666666667,0.6170384667175367,-0.8660254037844385,-0.5000000000000004,-0.9680771188662041,-0.2506525322587213,0.43388373911755823,-0.900968867902419
0.040869798723006535,0.052438063976351736,0.045462412889084966,0.016073727526590677,0.6194761758591016,0.6166666666666667,0.6170833520355492,-0.8660254037844385,-0.5000000000000004,-0.9987165071710528,-0.05064916883871355,-0.433883739117558,-0.9009688679024191
0.020385817293049852,-0.014231127696614174,-0.001111807353137809,0.015819685251683705,-1.6628257858521618,0.6166666666666667,0.6171282373535617,-0.8660254037844385,-0.5000000000000004,-0.9884683243281114,0.15142777750457667,-0.9749279121818236,-0.2225209339563146
-0.0056213056696188535,0.008781528027094677,-0.013438040322032666,0.021076585912664682,0.2917062227515063,0.6166666666666667,0.6172628933075991,-0.8660254037844385,-0.5000000000000004,-0.7247927872291207,0.6889669190756859,0.7818314824680298,0.6234898018587336
0.016769523002258004,0.010869739420870984,0.04194887341324671,-0.005503507504168517,0.21588838043303793,0.6166666666666667,0.6173077786256116,-0.8660254037844385,-0.5000000000000004,-0.5712682150947924,0.8207634412072763,0.9749279121818236,-0.22252093395631434
0.015401987449350889,0.0053907663212265184,-0.009777362961637753,0.02614525565635826,-0.4450742462032102,0.6166666666666667,0.6173526639436241,-0.8660254037844385,-0.5000000000000004,-0.3943558551133187,0.9189578116202306,0.43388373911755823,-0.900968867902419
-0.00218594750985746,0.01282075260172188,-0.00218594750985746,-0.015168129282864356,-0.5787368293822012,0.6166666666666667,0.6173975492616366,-0.8660254037844385,-0.5000000000000004,-0.20129852008866114,0.9795299412524943,-0.433883739117558,-0.9009688679024191
0.0065431707201438144,0.0010610070103466113,0.0065431707201438144,0.02266689481389848,0.1502822030493379,0.6166666666666667,0.6174424345796491,-0.8660254037844385,-0.5000000000000004,-2.4492935982947064e-16,1.0,-0.9749279121818236,-0.2225209339563146
0.015102830781454107,0.0073956194055183186,0.027868948976101603,-0.0021368273249999276,1.3447453582070181,0.6166666666666667,0.617621975851699,-1.0,-1.8369701987210297e-16,0.72479278722912,0.6889669190756866,0.9749279121818236,-0.22252093395631434
-0.026031812462002032,-0.013778613486552469,-0.009559277372489352,-0.014001215212297594,-0.4238142467763609,0.6166666666666667,0.6176668611697115,-1.0,-1.8369701987210297e-16,0.8486442574947509,0.5289640103269624,0.43388373911755823,-0.900968867902419
-0.008830228979089248,-0.011809113045501324,-0.03474846151742719,0.004328929491796205,0.12188981760903679,0.6166666666666667,0.6177117464877239,-1.0,-1.8369701987210297e-16,0.9377521321470804,0.3473052528448203,-0.433883739117558,-0.9009688679024191
0.011025538874586727,0.011809113045501442,0.00880108595985704,0.010741231928663515,0.3317773923170052,0.6166666666666667,0.6177566318057364,-1.0,-1.8369701987210297e-16,0.9884683243281114,0.1514277775045767,-0.9749279121818236,-0.2225209339563146
-0.02666822164632427,-0.005350538973239559,0.018448610026535785,-0.04255957454946763,-0.09237332013101517,0.6166666666666667,0.6178912877597739,-1.0,-1.8369701987210297e-16,0.8978045395707416,-0.4403941515576344,0.7818314824680298,0.6234898018587336
0.008968581525092346,-0.020596836584330407,-0.025042033769192302,0.008878994148878291,0.2598797911398292,0.6166666666666667,0.6179361730777863,-1.0,-1.8369701987210297e-16,0.7907757369376989,-0.6121059825476626,0.9749279121818236,-0.22252093395631434
0.0022298126712989403,0.010893265381408715,-0.009972371538369431,0.01969435134126599,-0.06686294522912659,0.6166666666666667,0.6179810583957988,-1.0,-1.8369701987210297e-16,0.6513724827222223,-0.758758122692791,0.43388373911755823,-0.900968867902419
-0.0022298126712989347,0.0010828361324359342,0.028541896794870424,-0.0032555614274510612,-1.0023354582326898,0.6166666666666667,0.6180259437138113,-1.0,-1.8369701987210297e-16,0.48530196253108104,-0.8743466161445821,-0.433883739117558,-0.9009688679024191
0.0033426185664198068,-0.007604592294352331,-0.01856952525650111,-0.013129357884821105,0.4102843945441133,0.6166666666666667,0.6180708290318238,-1.0,-1.8369701987210297e-16,0.29936312297335804,-0.9541392564000488,-0.9749279121818236,-0.2225209339563146
-0.011185628200814488,0.002178725892022431,-0.005528082963023036,0.007679758215301787,0.3595554068040865,0.6166666666666667,0.6182054849858611,-1.0,-1.8369701987210297e-16,-0.29936312297335776,-0.9541392564000489,0.7818314824680298,0.6234898018587336
0.01451711088103979,0.015118986647504717,0.019759210659637184,0.010869739420870984,-0.24177237114770306,0.6166666666666667,0.6182503703038736,-1.0,-1.8369701987210297e-16,-0.4853019625310808,-0.8743466161445822,0.9749279121818236,-0.22252093395631434
0.008830228979089232,0.009600140869237996,0.002171629066314688,0.01821151892294835,-0.8303483020734304,0.6166666666666667,0.6182952556218861,-1.0,-1.8369701987210297e-16,-0.6513724827222217,-0.7587581226927913,0.43388373911755823,-0.900968867902419
0.0021953098954976095,0.028259309810535066,-0.010905300851365131,0.017885708225750103,0.03846628082779614,0.6166666666666667,0.6183401409398986,-1.0,-1.8369701987210297e-16,-0.7907757369376986,-0.6121059825476627,-0.433883739117558,-0.9009688679024191
-0.0010971702945612256,0.02647810019338928,0.06474418013064655,-0.02641453611859601,2.238298112544507,0.6166666666666667,0.618385026257911,-1.0,-1.8369701987210297e-16,-0.8978045395707417,-0.44039415155763423,-0.9749279121818236,-0.2225209339563146
0.020641748152189738,-0.04207902554814238,-0.03025803596205334,0.021187212348627704,-1.6759905329433729,0.6166666666666667,0.6185196822119485,-1.0,-1.8369701987210297e-16,-0.9884683243281114,0.15142777750457667,0.7818314824680298,0.6234898018587336
0.02652680506935348,0.025868019252696633,0.036405589999235675,0.018692114962761144,0.18589937814183863,0.6166666666666667,0.618564567529961,-1.0,-1.8369701987210297e-16,-0.9377521321470804,0.3473052528448203,0.9749279121818236,-0.22252093395631434
0.00522193891007587,-0.007175904289935562,-0.015440332004442774,0.0,-2.639057329615259,0.6166666666666667,0.6186094528479734,-1.0,-1.8369701987210297e-16,-0.8486442574947509,0.5289640103269624,0.43388373911755823,-0.900968867902419
0.007265277946471611,0.03239146530142613,0.021550324415538856,0.030397448543120594,2.386466576974748,0.6166666666666667,0.6186543381659859,-1.0,-1.8369701987210297e-16,-0.7247927872291207,0.6889669190756859,-0.433883739117558,-0.9009688679024191
0.016410462313774538,0.020700572346504627,0.009095556279793344,0.02269458910481035,-0.09646026618756222,0.6166666666666667,0.6186992234839984,-1.0,-1.8369701987210297e-16,-0.5712682150947924,0.8207634412072763,-0.9749279121818236,-0.2225209339563146
0.02511437778654355,0.0009752029870766897,0.0316857876541827,-0.006852617963366931,0.2652811357626143,0.6166666666666667,0.6188338794380358,-0.866025403784439,0.49999999999999933,0.20129852008866006,0.9795299412524945,0.7818314824680298,0.6234898018587336
-0.05505972496871572,0.007766952612867535,-0.028672227380219434,-0.015841971141443364,0.4151270190199013,0.6166666666666667,0.6188787647560483,-0.866025403784439,0.49999999999999933,0.39435585511331855,0.9189578116202306,0.9749279121818236,-0.22252093395631434
0.006269606921925908,-0.010695209529837355,-0.03158697756098394,-0.032457105796021575,0.37509401023186556,0.6166666666666667,0.6189236500740608,-0.866025403784439,0.49999999999999933,0.5712682150947923,0.8207634412072763,0.43388373911755823,-0.900968867902419
-0.010471364961842818,-0.029764144363891302,0.02150618474097461,-0.020834215749777098,-1.3645070069349834,0.6166666666666667,0.6189685353920733,-0.866025403784439,0.49999999999999933,0.72479278722912,0.6889669190756866,-0.433883739117558,-0.9009688679024191
0.0021031234306158127,-0.018293175760177503,-0.036104970006840986,0.010471364961842733,-0.3968813644167729,0.6166666666666667,0.6190134207100858,-0.866025403784439,0.49999999999999933,0.8486442574947509,0.5289640103269624,-0.9749279121818236,-0.2225209339563146
0.0340766462730939,0.07315507012304306,0.0340766462730939,0.04680409300804214,1.7255100836868542,0.6166666666666667,0.6191480766641232,-0.866025403784439,0.49999999999999933,0.9987165071710528,-0.05064916883871264,0.7818314824680298,0.6234898018587336
0.006072887002861191,-0.02314469606908123,0.025063872682275,0.003968184416099624,0.29110087920056654,0.6166666666666667,0.6191929619821357,-0.866025403784439,0.49999999999999933,0.9680771188662043,-0.2506525322587204,0.9749279121818236,-0.22252093395631434
0.008040164629687496,-0.0009760152379693526,0.0,-0.003968184416099575,-0.6829603352529523,0.6166666666666667,0.6192378473001482,-0.866025403784439,0.49999999999999933,0.8978045395707416,-0.4403941515576344,0.43388373911755823,-0.900968867902419
-0.0070316647957949854,-0.001955102908011752,-0.007952320840185857,-0.008986571712418831,-0.2610138253696196,0.6166666666666667,0.6192827326181607,-0.866025403784439,0.49999999999999933,0.7907757369376989,-0.6121059825476626,-0.433883739117558,-0.9009688679024191
0.002014169443039589,-0.0029397348623679373,0.01682373609646119,-0.003013560273963192,-0.39239302654081165,0.6166666666666667,0.6193276179361731,-0.866025403784439,0.49999999999999933,0.6513724827222223,-0.758758122692791,-0.9749279121818236,-0.2225209339563146
-0.01418476657105316,-0.014829719338155679,-0.028872063364435412,-0.008080988962589629,0.8036890549597692,0.6166666666666667,0.6194622738902106,-0.866025403784439,0.49999999999999933,0.10116832198743272,-0.994869323391895,0.7818314824680298,0.6234898018587336
0.015190224175609616,0.0009955193199813423,0.005037789310234949,0.019086520603172268,-0.1916674192121923,0.6166666666666667,0.6195071592082231,-0.866025403784439,0.49999999999999933,-0.10116832198743204,-0.9948693233918952,0.9749279121818236,-0.22252093395631434
-0.005037789310234966,0.0009946003457993874,0.010994674381825558,-0.0009955193199812874,-0.08829260714567831,0.6166666666666667,0.6195520445262355,-0.866025403784439,0.49999999999999933,-0.29936312297335776,-0.9541392564000489,0.43388373911755823,-0.900968867902419
0.0020181622626388707,0.005946493286230272,-0.01401430142942154,-0.00399194603945268,-1.0388930539664873,0.6166666666666667,0.619596929844248,-0.866025403784439,0.49999999999999933,-0.4853019625310808,-0.8743466161445822,-0.433883739117558,-0.9009688679024191
-0.009114051318374429,-0.007936612952010935,0.008032235724188087,-0.01511362256094198,0.1967102942460543,0.6166666666666667,0.6196418151622605,-0.866025403784439,0.49999999999999933,-0.6513724827222217,-0.7587581226927913,-0.9749279121818236,-0.2225209339563146
-0.003056545809639169,0.018747518416611535,0.02273946445606427,0.001014567317203786,0.4289956055183586,0.6166666666666667,0.6197764711162979,-0.866025403784439,0.49999999999999933,-0.9680771188662041,-0.2506525322587213,0.7818314824680298,0.6234898018587336
0.0030565458096392323,-0.021740036577457277,-0.03683851969980255,0.004048657256911103,0.38193461069797024,0.6166666666666667,0.6198213564343104,-0.866025403784439,0.49999999999999933,-0.9987165071710528,-0.05064916883871355,0.9749279121818236,-0.22252093395631434
-0.024718023412203794,-0.0060120365551992305,0.009086446567146163,-0.016293697492241042,-0.5187937934151675,0.6166666666666667,0.6198662417523229,-0.866025403784439,0.49999999999999933,-0.9884683243281114,0.15142777750457667,0.43388373911755823,-0.900968867902419
0.011405133939891843,0.0,-0.02235856033262801,0.006141262626866365,0.6097655716208943,0.6166666666666667,0.6199111270703354,-0.866025403784439,0.49999999999999933,-0.9377521321470804,0.3473052528448203,-0.433883739117558,-0.9009688679024191
0.0,0.00900455471604479,0.020346489101393035,0.010152434865374581,-0.3321338350226148,0.6166666666666667,0.6199560123883479,-0.866025403784439,0.49999999999999933,-0.8486442574947509,0.5289640103269624,-0.9749279121818236,-0.2225209339563146
0.009235561542836578,-0.001994016758305535,0.009022609188974127,-0.006079040349402174,-0.2256719976675684,0.6166666666666667,0.6200906683423852,-0.866025403784439,0.49999999999999933,-0.3943558551133187,0.9189578116202306,0.7818314824680298,0.6234898018587336
0.005094176635808542,-0.013059010145336046,-0.017111551842089096,0.0,-0.39915593891489964,0.6166666666666667,0.6201355536603977,-0.866025403784439,0.49999999999999933,-0.20129852008866114,0.9795299412524943,0.9749279121818236,-0.22252093395631434
-0.008163229609258566,0.007052991675344332,-0.005089210291259849,-0.006116221220186404,0.38641691313746984,0.6166666666666667,0.6201804389784102,-0.866025403784439,0.49999999999999933,-2.4492935982947064e-16,1.0,0.43388373911755823,-0.900968867902419
0.0020470083890720245,0.0020060168559905365,0.0030565458096392323,0.006116221220186421,0.35282137462274243,0.6166666666666667,0.6202253242964226,-0.5000000000000012,0.8660254037844379,0.20129852008866006,0.9795299412524945,-0.433883739117558,-0.9009688679024191
0.0,-0.0030105363437379646,-0.003056545809639169,-0.0010168487063332541,0.1267517056391438,0.6166666666666667,0.6202702096144351,-0.5000000000000012,0.8660254037844379,0.39435585511331855,0.9189578116202306,-0.9749279121818236,-0.2225209339563146
0.007132036995473792,0.006012036555199117,0.015190224175609616,0.002032664481620547,0.15415067982725836,0.6166666666666667,0.6204048655684726,-0.5000000000000012,0.8660254037844379,0.8486442574947509,0.5289640103269624,0.7818314824680298,0.6234898018587336
-0.001015815775287398,0.0,-0.011116829659637182,0.0121091165537565,-1.2292324710851739,0.6166666666666667,0.620449750886485,-0.5000000000000012,0.8660254037844379,0.9377521321470804,0.3473052528448203,0.9749279121818236,-0.22252093395631434
0.001015815775287368,-0.0009994278786070443,0.01612943833622923,-0.011094549236552814,0.6332490389788763,0.6166666666666667,0.6204946362044975,-0.5000000000000012,0.8660254037844379,0.9884683243281114,0.1514277775045767,0.43388373911755823,-0.900968867902419
-0.0091790453845459,0.004987465359433852,-0.0010005709283931923,-0.002030383092491073,-0.050643732818754915,0.6166666666666667,0.62053952152251,-0.5000000000000012,0.8660254037844379,0.9987165071710528,-0.05064916883871264,-0.433883739117558,-0.9009688679024191
-0.1512520534176612,-0.0458094926622427,-0.0408637395263731,-0.043620580344287084,1.866794655170969,0.6166666666666667,0.6205844068405225,-0.5000000000000012,0.8660254037844379,0.9680771188662043,-0.2506525322587204,-0.9749279121818236,-0.2225209339563146
0.12214392411392905,0.018576367746392982,-0.009429081809885234,0.029290842165641963,-1.7562527807711452,0.6166666666666667,0.6207190627945599,-0.5000000000000012,0.8660254037844379,0.6513724827222223,-0.758758122692791,0.7818314824680298,0.6234898018587336
0.02294162073434563,0.007132036995473792,0.022893873002678203,0.002059657252901028,0.08894748601649612,0.6166666666666667,0.6207639481125724,-0.5000000000000012,0.8660254037844379,0.48530196253108104,-0.8743466161445821,0.9749279121818236,-0.22252093395631434
-0.11804083744595795,-0.015345553953932485,-0.09489880841644577,-0.010341418201591207,0.41954984798990336,0.6166666666666667,0.6208088334305849,-0.5000000000000012,0.8660254037844379,0.29936312297335804,-0.9541392564000488,0.43388373911755823,-0.900968867902419
0.07485339633857631,-0.015584789698010224,0.07620669345368457,-0.03382983381867359,-0.1753528874778613,0.6166666666666667,0.6208537187485974,-0.5000000000000012,0.8660254037844379,0.10116832198743272,-0.994869323391895,-0.433883739117558,-0.9009688679024191
-0.03616837163884272,-0.015831449679768062,-0.01584817667026129,-0.009724540873323924,0.5877866649021191,0.6166666666666667,0.6208986040666099,-0.5000000000000012,0.8660254037844379,-0.10116832198743204,-0.9948693233918952,-0.9749279121818236,-0.2225209339563146
0.020983712236762937,0.002125397212136427,-0.017186305032369332,-0.006535964868773635,-1.1856236656577395,0.6166666666666667,0.6210332600206473,-0.5000000000000012,0.8660254037844379,-0.6513724827222217,-0.7587581226927913,0.7818314824680298,0.6234898018587336
-0.005479382011028557,0.0021208137092428117,0.01825070003471247,-0.005479382011028557,0.5108256237659907,0.6166666666666667,0.6210781453386598,-0.5000000000000012,0.8660254037844379,-0.7907757369376986,-0.6121059825476627,0.9749279121818236,-0.22252093395631434
-0.03922083576854969,-0.011720954578480844,-0.03573738915877777,-0.013274517554435566,0.47000362924573563,0.6166666666666667,0.6211230306566723,-0.5000000000000012,0.8660254037844379,-0.8978045395707417,-0.44039415155763423,0.43388373911755823,-0.900968867902419
0.02705912410923522,0.01172095457848074,-0.008859565643248322,0.03716263186535621,-0.44309617632581116,0.6166666666666667,0.6212128012926972,-0.5000000000000012,0.8660254037844379,-0.9987165071710528,-0.05064916883871355,-0.9749279121818236,-0.2225209339563146
-0.02705912410923513,-0.018172583905645218,0.015452989385904756,-0.03493801861709739,0.26982445505177455,0.6166666666666667,0.6213474572467347,-0.5000000000000012,0.8660254037844379,-0.8486442574947509,0.5289640103269624,0.7818314824680298,0.6234898018587336
0.028170931462372956,-0.0010793299197865759,-0.014341182032766965,0.014341182032766993,-0.9196748298583957,0.6166666666666667,0.6213923425647471,-0.5000000000000012,0.8660254037844379,-0.7247927872291207,0.6889669190756859,0.9749279121818236,-0.22252093395631434
-0.003338898075968429,-0.007588027400553794,0.005540096072909741,-0.017680080108735303,0.9594151585079098,0.6166666666666667,0.6214372278827596,-0.5000000000000012,0.8660254037844379,-0.5712682150947924,0.8207634412072763,0.43388373911755823,-0.900968867902419
0.008878994148878291,0.032122644269398426,0.012081566703528553,0.008878994148878291,-0.4418327522790392,0.6166666666666667,0.6214821132007721,-0.5000000000000012,0.8660254037844379,-0.3943558551133187,0.9189578116202306,-0.433883739117558,-0.9009688679024191
-0.015590422293337363,-0.0010542953213592832,-0.024310644526736355,0.0033094320289937394,0.28768207245178085,0.6166666666666667,0.6215269985187846,-0.5000000000000012,0.8660254037844379,-0.20129852008866114,0.9795299412524943,-0.9749279121818236,-0.2225209339563146
0.026579612537632934,-0.003169571647514258,0.03408800748837405,0.019629916442932098,-0.1914540403572271,0.6166666666666667,0.621661654472822,-2.4492935982947064e-16,1.0,0.5712682150947923,0.8207634412072763,0.7818314824680298,0.6234898018587336
-0.004381242410092185,-0.018153176682602364,0.0032379920241281733,-0.0163314006377225,-0.37385976869283327,0.6166666666666667,0.6217065397908345,-2.4492935982947064e-16,1.0,0.72479278722912,0.6889669190756866,0.9749279121818236,-0.22252093395631434
-0.02895514605952304,0.009651539828132646,0.0,-0.01883702565741098,0.8358034809614685,0.6166666666666667,0.621751425108847,-2.4492935982947064e-16,1.0,0.8486442574947509,0.5289640103269624,0.43388373911755823,-0.900968867902419
0.005633731903910914,0.009559277372489192,-0.009745600617922479,0.05653681671312405,0.3681693233644675,0.6166666666666667,0.6217963104268595,-2.4492935982947064e-16,1.0,0.9377521321470804,0.3473052528448203,-0.433883739117558,-0.9009688679024191
0.02988606150075844,0.009468762165830069,0.038425179984374565,-0.031135143710566984,-0.6014799920341214,0.6166666666666667,0.6218411957448718,-2.4492935982947064e-16,1.0,0.9884683243281114,0.1514277775045767,-0.9749279121818236,-0.2225209339563146
-0.02205158932822776,-0.003146302621151081,-0.005249426051766803,0.030077503192547296,0.3427092630767606,0.6166666666666667,0.6219758516989093,-2.4492935982947064e-16,1.0,0.8978045395707416,-0.4403941515576344,0.7818314824680298,0.6234898018587336
0.030737923814044537,0.0020986346093011823,0.0,-0.018153176682602364,-0.6777227102343136,0.6166666666666667,0.6220207370169218,-2.4492935982947064e-16,1.0,0.7907757369376989,-0.6121059825476626,0.9749279121818236,-0.22252093395631434
-0.005420139751351461,0.004184102452982567,-0.010582023628001175,0.012848129686683933,0.5330263337461832,0.6166666666666667,0.6220656223349342,-2.4492935982947064e-16,1.0,0.6513724827222223,-0.758758122692791,0.43388373911755823,-0.900968867902419
-0.008733671785050415,-0.014721673199521666,-0.00426447097538908,-0.005333417183551207,-0.33887031930522576,0.6166666666666667,0.6221105076529467,-2.4492935982947064e-16,1.0,0.48530196253108104,-0.8743466161445821,-0.433883739117558,-0.9009688679024191
-0.009917427277352855,0.004228407722053436,0.01273908961882172,-0.018349121668653854,0.40266005718055575,0.6166666666666667,0.6221553929709592,-2.4492935982947064e-16,1.0,0.29936312297335804,-0.9541392564000488,-0.9749279121818236,-0.2225209339563146
0.0022123091485883,-0.024560740354244825,-0.046419670019411136,0.007596417141393018,-2.6168341928305483,0.6166666666666667,0.6222900489249966,-2.4492935982947064e-16,1.0,-0.29936312297335776,-0.9541392564000489,0.7818314824680298,0.6234898018587336
-0.014468638078461455,0.025615035675604095,-0.0011054241036348878,0.008611378053710421,2.540996116439044,0.6166666666666667,0.6223349342430091,-2.4492935982947064e-16,1.0,-0.4853019625310808,-0.8743466161445822,0.9749279121818236,-0.22252093395631434
0.0,-0.0031662264508539937,-0.0033240993590583716,-0.01948111747458135,-0.4712164856709448,0.6166666666666667,0.6223798195610216,-2.4492935982947064e-16,1.0,-0.6513724827222217,-0.7587581226927913,0.43388373911755823,-0.900968867902419
-0.018100104254304552,-0.032226172186387805,0.015418713706988605,-0.005479382011028557,0.5856268368486891,0.6166666666666667,0.6224247048790341,-2.4492935982947064e-16,1.0,-0.7907757369376986,-0.6121059825476627,-0.433883739117558,-0.9009688679024191
0.004555812082213534,0.020530067488898622,0.021622443948131783,-0.016620864111004097,-0.010869672236903879,0.6166666666666667,0.6224695901970466,-2.4492935982947064e-16,1.0,-0.8978045395707417,-0.44039415155763423,-0.9749279121818236,-0.2225209339563146
-0.00455581208221365,-0.038151730265337,-0.038151730265337,-0.013498584554862868,-1.3593385511313623,0.6166666666666667,0.622604246151084,-2.4492935982947064e-16,1.0,-0.9884683243281114,0.15142777750457667,0.7818314824680298,0.6234898018587336
-0.0011422852025168393,-0.001111807353137809,-0.01906954435969019,0.016844931111431337,0.5686930060865394,0.6166666666666667,0.622694016787109,-2.4492935982947064e-16,1.0,-0.8486442574947509,0.5289640103269624,0.43388373911755823,-0.900968867902419
-0.0011434278362284932,-0.002227090722830528,-0.002267653647922653,-0.004464368502038991,0.4174412991548801,0.6166666666666667,0.6227389021051215,-2.4492935982947064e-16,1.0,-0.7247927872291207,0.6889669190756859,-0.433883739117558,-0.9009688679024191
0.007977161290988691,0.04682404552485672,0.0011345101528344081,-0.006734025694352127,-0.13580154115906176,0.6166666666666667,0.6227837874231339,-2.4492935982947064e-16,1.0,-0.5712682150947924,0.8207634412072763,-0.9749279121818236,-0.2225209339563146
-0.006833733454760174,-0.005333417183551207,-0.007968243607594492,0.018963103517559792,1.0231047361599646,0.6166666666666667,0.6229184433771714,-2.4492935982947064e-16,1.0,-2.4492935982947064e-16,1.0,0.7818314824680298,0.6234898018587336
0.006833733454760142,-0.03261163419242717,0.006833733454760142,-0.014468638078461455,-1.753293188400259,0.6333333333333333,0.6230082140131963,0.49999999999999994,0.8660254037844387,0.39435585511331855,0.9189578116202306,0.43388373911755823,-0.900968867902419
0.004530095855203015,0.028324462951456658,0.02687729408052265,0.01997844631172841,0.5940562779157145,0.6333333333333333,0.6230530993312088,0.49999999999999994,0.8660254037844387,0.5712682150947923,0.8207634412072763,-0.433883739117558,-0.9009688679024191
-0.09474536005956596,-0.017335272707161103,-0.11709255828488563,-0.016620864111004097,0.24783616390458127,0.6333333333333333,0.6230979846492213,0.49999999999999994,0.8660254037844387,0.72479278722912,0.6889669190756866,-0.9749279121818236,-0.2225209339563146
0.0913497743571973,0.019481117474581363,0.10932784896371692,-0.013498584554862868,0.19845093872383823,0.6333333333333333,0.6232326406032587,0.49999999999999994,0.8660254037844387,0.9884683243281114,0.1514277775045767,0.7818314824680298,0.6234898018587336
0.0,-0.04493894579733819,-0.0067039287572928504,0.0011317800228119283,-0.666829872242572,0.6333333333333333,0.6232775259212712,0.49999999999999994,0.8660254037844387,0.9987165071710528,-0.05064916883871264,0.9749279121818236,-0.22252093395631434
-0.033432475430735076,0.042793101029918026,-0.0056213056696188535,-0.020572135575860906,1.1655829147742933,0.6333333333333333,0.6233224112392837,0.49999999999999994,0.8660254037844387,0.9680771188662043,-0.2506525322587204,0.43388373911755823,-0.900968867902419
0.008172750396428589,-0.06203549048673938,-0.02280590256957661,0.004608381122378484,-0.4342145213941503,0.6333333333333333,0.6233672965572962,0.49999999999999994,0.8660254037844387,0.8978045395707416,-0.4403941515576344,-0.433883739117558,-0.9009688679024191
0.005797195084630884,0.0490623486066549,-0.0011541496679919993,0.022728148541861587,0.3585481883204127,0.6333333333333333,0.6234121818753087,0.49999999999999994,0.8660254037844387,0.7907757369376989,-0.6121059825476626,-0.9749279121818236,-0.2225209339563146
0.028491847555955,-0.0032697543678434104,0.027336529664240182,0.005602410443671778,-0.327776529653659,0.6333333333333333,0.6235468378293461,0.49999999999999994,0.8660254037844387,0.29936312297335804,-0.9541392564000488,0.7818314824680298,0.6234898018587336
-0.010163827759113763,-0.00877213467453492,-0.010163827759113763,-0.011236142347582505,-0.6173091041684408,0.6333333333333333,0.6235917231473586,0.49999999999999994,0.8660254037844387,0.10116832198743272,-0.994869323391895,0.9749279121818236,-0.22252093395631434
0.0022676536479227477,0.002200376204273223,0.0022676536479227477,0.011236142347582414,1.0044250736084086,0.6333333333333333,0.6236366084653711,0.49999999999999994,0.8660254037844387,-0.10116832198743204,-0.9948693233918952,0.43388373911755823,-0.900968867902419
-0.003403289817952357,-0.00772211738185525,0.0011317800228119283,-0.014631728049951146,-1.0387141470870407,0.6333333333333333,0.6236814937833834,0.49999999999999994,0.8660254037844387,-0.29936312297335776,-0.9541392564000489,-0.433883739117558,-0.9009688679024191
-0.017192383626811508,-0.007782212843879177,0.011248782586580472,0.002264923517900242,-0.150282203049338,0.6333333333333333,0.623726379101396,0.49999999999999994,0.8660254037844387,-0.4853019625310808,-0.8743466161445822,-0.9749279121818236,-0.2225209339563146
-0.017493139937006977,-0.031748587585903265,-0.044604346099509994,-0.027524648552206724,0.5634693572514127,0.6333333333333333,0.6239059203734458,0.49999999999999994,0.8660254037844387,-0.9680771188662041,-0.2506525322587213,0.9749279121818236,-0.22252093395631434
0.002350091024392021,0.03174858758590329,-0.0035149388672611106,0.032039405444434906,0.15634607039069404,0.6333333333333333,0.6239508056914583,0.49999999999999994,0.8660254037844387,-0.9987165071710528,-0.05064916883871355,0.43388373911755823,-0.900968867902419
0.039130549795818884,0.03185345165763387,0.05369645936393107,0.016750794368971537,-0.05406722127027582,0.6333333333333333,0.6239956910094708,0.49999999999999994,0.8660254037844387,-0.9884683243281114,0.15142777750457667,-0.433883739117558,-0.9009688679024191
0.02672762122742665,0.0032379920241281733,0.01216171165931443,0.024071238813754656,-0.5753641449035618,0.6333333333333333,0.6240405763274833,0.49999999999999994,0.8660254037844387,-0.9377521321470804,0.3473052528448203,-0.9749279121818236,-0.2225209339563146
0.0010981396009365231,0.0010769279570806115,0.006571758470261777,-0.0065076085937943,0.07145896398214505,0.6333333333333333,0.6241752322815207,0.49999999999999994,0.8660254037844387,-0.5712682150947924,0.8207634412072763,0.7818314824680298,0.6234898018587336
0.004381242410092261,0.003224072897812506,0.00977736296163773,0.014046601472815475,-0.1351747783682526,0.6333333333333333,0.6242201175995332,0.49999999999999994,0.8660254037844387,-0.3943558551133187,0.9189578116202306,0.9749279121818236,-0.22252093395631434
0.01410773144499904,0.01385217582770926,0.016086121710812102,0.01385217582770926,-0.7472144018302211,0.6333333333333333,0.6242650029175457,0.49999999999999994,0.8660254037844387,-0.20129852008866114,0.9795299412524943,0.43388373911755823,-0.900968867902419
0.017094340608063197,0.024047062513807043,0.00424621092137925,0.014706058441968038,1.7824570765657415,0.6333333333333333,0.6243098882355582,0.49999999999999994,0.8660254037844387,-2.4492935982947064e-16,1.0,-0.433883739117558,-0.9009688679024191
0.0626166703307074,0.18094323504282944,0.19826026548470455,0.08204606064890628,2.573539245640555,0.6333333333333333,0.6243547735535707,0.8660254037844386,0.5000000000000001,0.20129852008866006,0.9795299412524945,-0.9749279121818236,-0.2225209339563146
0.06360525972296642,-0.03956562702689995,-0.07203833543103054,0.06777541725020728,-1.5661954710853936,0.6333333333333333,0.6244894295076081,0.8660254037844386,0.5000000000000001,0.72479278722912,0.6889669190756866,0.7818314824680298,0.6234898018587336
-0.015052078154623807,0.0044744041098781035,0.04473598066047965,-0.02822227616853705,-0.6271165990368595,0.6333333333333333,0.6245343148256206,0.8660254037844386,0.5000000000000001,0.8486442574947509,0.5289640103269624,0.9749279121818236,-0.22252093395631434
-0.0028476500991337973,-0.004474404109878134,-0.018928055443207054,0.028222276168536963,0.4940726546306164,0.6333333333333333,0.6245792001436331,0.8660254037844386,0.5000000000000001,0.9377521321470804,0.3473052528448203,0.43388373911755823,-0.900968867902419
0.023486329753623844,0.015131687752129223,-0.00914082250614118,0.005371538298532854,0.3179219576414991,0.6333333333333333,0.6246240854616455,0.8660254037844386,0.5000000000000001,0.9884683243281114,0.1514277775045767,-0.433883739117558,-0.9009688679024191
0.0409334353844544,0.01577594677041249,0.03784231659745655,0.00888881178088622,-0.27033924265048426,0.6333333333333333,0.624668970779658,0.8660254037844386,0.5000000000000001,0.9987165071710528,-0.05064916883871264,-0.9749279121818236,-0.2225209339563146
0.0017808790346740563,0.00433833536373658,0.00967890496256239,0.021016578912607303,-0.15663207067864376,0.6333333333333333,0.6248036267336955,0.8660254037844386,0.5000000000000001,0.7907757369376989,-0.6121059825476626,0.7818314824680298,0.6234898018587336
0.023737419512035788,0.016316423323464918,0.011319222165729602,0.012914502474487334,-0.1574168776138795,0.6333333333333333,0.6248485120517079,0.8660254037844386,0.5000000000000001,0.6513724827222223,-0.758758122692791,0.9749279121818236,-0.22252093395631434
0.004334698352061807,0.018565856387533202,0.006902523173064022,0.021160373168167813,0.2487666562021073,0.6333333333333333,0.6248933973697204,0.8660254037844386,0.5000000000000001,0.48530196253108104,-0.8743466161445821,0.43388373911755823,-0.900968867902419
0.005176883067795418,0.023141566476644646,0.03131871441789543,0.003344541226774533,0.2950950048409063,0.6333333333333333,0.6249382826877329,0.8660254037844386,0.5000000000000001,0.29936312297335804,-0.9541392564000488,-0.433883739117558,-0.9009688679024191
-0.017361592579737562,-0.0248151456278942,-0.005012537031211045,-0.006700305957535703,-0.9266842924014184,0.6333333333333333,0.6249831680057454,0.8660254037844386,0.5000000000000001,0.10116832198743272,-0.994869323391895,-0.9749279121818236,-0.2225209339563146
0.029337771901910704,0.01000007379760166,0.005012537031210991,0.0016793800163481618,0.6155889462140708,0.6333333333333333,0.6251627092777953,0.8660254037844386,0.5000000000000001,-0.6513724827222217,-0.7587581226927913,0.9749279121818236,-0.22252093395631434
0.01015236163435085,0.022951921571323763,-0.005850468036813686,0.034628380083338677,-0.6081539677265528,0.6333333333333333,0.6252075945958078,0.8660254037844386,0.5000000000000001,-0.7907757369376986,-0.6121059825476627,0.43388373911755823,-0.900968867902419
-0.005063297066661577,0.0008098700056161526,0.03459979638014439,-0.025442521061364385,0.26236426446749106,0.6333333333333333,0.6252524799138203,0.8660254037844386,0.5000000000000001,-0.8978045395707417,-0.44039415155763423,-0.433883739117558,-0.9009688679024191
-0.031803313158729356,-0.001620628469821962,-0.008130002215113433,-0.03295611526597716,-0.05264373348542203,0.6333333333333333,0.6252973652318327,0.8660254037844386,0.5000000000000001,-0.9680771188662041,-0.2506525322587213,-0.9749279121818236,-0.2225209339563146
0.004357363491122283,-0.040551767728272604,-0.03742642828062712,-0.0025807056598701967,-0.9406080395248615,0.6333333333333333,0.6254320211858702,0.8660254037844386,0.5000000000000001,-0.9377521321470804,0.3473052528448203,0.7818314824680298,0.6234898018587336
-0.0008700048927303099,-0.0016905554323251263,0.0016934788653207556,0.0017211692316018155,-0.3901976359773759,0.6333333333333333,0.6254769065038827,0.8660254037844386,0.5000000000000001,-0.8486442574947509,0.5289640103269624,0.9749279121818236,-0.22252093395631434
-0.02467089525871635,-0.0059398264926297795,-0.033551563712685153,-0.012981563585400013,1.403196171922494,0.6333333333333333,0.625521791821895,0.8660254037844386,0.5000000000000001,-0.7247927872291207,0.6889669190756859,0.43388373911755823,-0.900968867902419
0.0008917259626239944,-0.006831726742162923,0.00610561404507824,0.008673073182896738,-0.036988569369340536,0.6333333333333333,0.6255666771399075,0.8660254037844386,0.5000000000000001,-0.5712682150947924,0.8207634412072763,-0.433883739117558,-0.9009688679024191
-0.0008917259626240099,0.0025673929907793006,-0.007856863645750091,-0.009544469759419204,-0.7872986116830517,0.6333333333333333,0.62561156245792,0.8660254037844386,0.5000000000000001,-0.3943558551133187,0.9189578116202306,-0.9749279121818236,-0.2225209339563146
0.0017826574584496435,0.015267457310675036,0.009594419728448992,0.024118224800099064,0.5197032977980082,0.6333333333333333,0.6257462184119575,1.0,6.123233995736766e-17,0.5712682150947923,0.8207634412072763,0.7818314824680298,0.6234898018587336
0.010628964402812581,-0.011003123559291395,0.005194812051598424,0.0,-0.5260930958967791,0.6333333333333333,0.6257911037299699,1.0,6.123233995736766e-17,0.72479278722912,0.6889669190756866,0.9749279121818236,-0.22252093395631434
-0.022272677337340757,0.01016095880048233,0.02473471384116212,-0.017167787811240575,-0.23767165187711958,0.6333333333333333,0.6258359890479824,1.0,6.123233995736766e-17,0.8486442574947509,0.5289640103269624,0.43388373911755823,-0.900968867902419
0.013423007444649979,-0.01357095758124283,-0.031667081975459414,-0.022767974061267838,0.15762894420358306,0.6333333333333333,0.6258808743659949,1.0,6.123233995736766e-17,0.9377521321470804,0.3473052528448203,-0.433883739117558,-0.9009688679024191
-0.03897188343687979,-0.044529354806880195,-0.026433230412663683,-0.032406108026394674,0.08004270767353636,0.6333333333333333,0.6259257596840074,1.0,6.123233995736766e-17,0.9884683243281114,0.1514277775045767,-0.9749279121818236,-0.2225209339563146
-0.09189640336298376,-0.028068877949348293,-0.02990711194840249,-0.08294412372638457,1.072636802264849,0.6333333333333333,0.6260604156380448,1.0,6.123233995736766e-17,0.8978045395707416,-0.4403941515576344,0.7818314824680298,0.6234898018587336
-0.05305458804084698,-0.044117856181613416,-0.049020200939493136,-0.00798413803808768,0.3651912089702245,0.6333333333333333,0.6261053009560573,1.0,6.123233995736766e-17,0.7907757369376989,-0.6121059825476626,0.9749279121818236,-0.22252093395631434
0.05709915130996107,0.005741636672797145,-0.034401392854984524,-0.006030163391333873,-1.357785303561537,0.6333333333333333,0.6261501862740698,1.0,6.123233995736766e-17,0.6513724827222223,-0.758758122692791,0.43388373911755823,-0.900968867902419
-0.0507092831224357,-0.01248221542973117,-0.037701902983934096,-0.03696523375403139,1.5073593163613834,0.6333333333333333,0.6261950715920823,1.0,6.123233995736766e-17,0.48530196253108104,-0.8743466161445821,-0.433883739117558,-0.9009688679024191
0.004237290301801675,-0.05767014263969642,-0.008342063228950545,-0.00209416474651512,-1.6814309736831963,0.6333333333333333,0.6262399569100947,1.0,6.123233995736766e-17,0.29936312297335804,-0.9541392564000488,-0.9749279121818236,-0.2225209339563146
-0.07801876642519924,-0.040736666509909536,-0.029757822664034133,-0.06160782719277486,1.1775709853953877,0.6333333333333333,0.6263746128641322,1.0,6.123233995736766e-17,-0.29936312297335776,-0.9541392564000489,0.7818314824680298,0.6234898018587336
0.0,-0.010718129284715347,-0.03736702953265327,-0.012338818845281556,-0.4950433736629027,0.6333333333333333,0.6264194981821447,1.0,6.123233995736766e-17,-0.4853019625310808,-0.8743466161445822,0.9749279121818236,-0.22252093395631434
0.015873495908420673,0.007514712503132875,0.003353829148473377,0.011223291001692302,-0.15355773584309076,0.6333333333333333,0.6264643835001571,1.0,6.123233995736766e-17,-0.6513724827222217,-0.7587581226927913,0.43388373911755823,-0.900968867902419
-0.010175398623690197,-0.03150719386239246,0.011098962322502393,-0.014615118440132423,-0.07315088163561512,0.6333333333333333,0.6265092688181696,1.0,6.123233995736766e-17,-0.7907757369376986,-0.6121059825476627,-0.433883739117558,-0.9009688679024191
0.0034032898179522982,0.037903798305895,-0.004424861075857111,0.04646857009776646,0.9735483471426856,0.6333333333333333,0.6266888100902195,1.0,6.123233995736766e-17,-0.9884683243281114,0.15142777750457667,0.7818314824680298,0.6234898018587336
0.05722127462502717,0.024148281656220683,0.03593205493824949,0.02772029755049367,-1.8208462075298892,0.6333333333333333,0.626733695408232,1.0,6.123233995736766e-17,-0.9377521321470804,0.3473052528448203,0.9749279121818236,-0.22252093395631434
-0.07205324905569772,0.021550324415538856,0.0032034167815825393,0.025948572107483105,0.3184537311185346,0.6333333333333333,0.6267785807262445,1.0,6.123233995736766e-17,-0.8486442574947509,0.5289640103269624,0.43388373911755823,-0.900968867902419
0.1098331540242349,0.0,0.048891793733679426,0.005109795012128866,-0.9315582040049435,0.6333333333333333,0.626823466044257,1.0,6.123233995736766e-17,-0.7247927872291207,0.6889669190756859,-0.433883739117558,-0.9009688679024191
-0.03777990496853725,0.010101013884349705,0.010101013884349705,-0.04482254336126231,0.9162907318741551,0.6333333333333333,0.6268683513622695,1.0,6.123233995736766e-17,-0.5712682150947924,0.8207634412072763,-0.9749279121818236,-0.2225209339563146
0.0074588143956876565,-0.004028126881488453,-0.04312786737256023,0.02422458692061316,-0.14903557916048782,0.6333333333333333,0.6270030073163069,1.0,6.123233995736766e-17,-2.4492935982947064e-16,1.0,0.7818314824680298,0.6234898018587336
0.026193269324179334,-0.003031833513945981,0.026916861077114444,0.024667206813066337,-0.03636764417087483,0.6333333333333333,0.6270478926343194,0.8660254037844387,-0.4999999999999998,0.20129852008866006,0.9795299412524945,0.9749279121818236,-0.22252093395631434
-0.01668449069663397,0.0020221710851995966,0.010162534107848845,0.0030410534889152865,-0.6747980418917487,0.6333333333333333,0.6270927779523319,0.8660254037844387,-0.4999999999999998,0.39435585511331855,0.9189578116202306,0.43388373911755823,-0.900968867902419
-0.01163417583968162,-0.005063224574114849,-0.0224956684921481,-0.033971397140858124,1.0360919316867758,0.6333333333333333,0.6271376632703443,0.8660254037844387,-0.4999999999999998,0.5712682150947923,0.8207634412072763,-0.433883739117558,-0.9009688679024191
0.02105338858984397,0.0050632245741149265,0.004127821248670329,0.025841133360682857,0.20359895524123955,0.6333333333333333,0.6271825485883568,0.8660254037844387,-0.4999999999999998,0.72479278722912,0.6889669190756866,-0.9749279121818236,-0.2225209339563146
0.002081089839244114,0.0,0.00922609525546486,-0.018538104611362814,0.20829704319721531,0.6333333333333333,0.6273172045423943,0.8660254037844387,-0.4999999999999998,0.9884683243281114,0.1514277775045767,0.7818314824680298,0.6234898018587336
0.008281760948690191,-0.0020221710851995272,-0.010256343662672689,0.018538104611362825,-0.8909729238898653,0.6333333333333333,0.6273620898604068,0.8660254037844387,-0.4999999999999998,0.9987165071710528,-0.05064916883871264,0.9749279121818236,-0.22252093395631434
-0.019782063538096667,-0.00813026378017518,0.005141320846869952,-0.010256343662672689,0.24783616390458127,0.6333333333333333,0.6274069751784191,0.8660254037844387,-0.4999999999999998,0.9680771188662043,-0.2506525322587204,0.43388373911755823,-0.900968867902419
-0.0031595571962489775,0.0,0.005115022815802775,-0.014538292963345023,-0.12083647314327374,0.6333333333333333,0.6274518604964316,0.8660254037844387,-0.4999999999999998,0.8978045395707416,-0.4403941515576344,-0.433883739117558,-0.9009688679024191
0.0021074049845685727,0.0,-0.01957799652180662,0.012474163095292146,0.009132483563272474,0.6333333333333333,0.6274967458144441,0.8660254037844387,-0.4999999999999998,0.7907757369376989,-0.6121059825476626,-0.9749279121818236,-0.2225209339563146
-0.005276976632082774,-0.012320473530725573,0.001039891910443709,-0.012474163095292161,0.22677331936478853,0.6333333333333333,0.6276314017684815,0.8660254037844387,-0.4999999999999998,0.29936312297335804,-0.9541392564000488,0.7818314824680298,0.6234898018587336
0.006329128843763303,0.01129969141088933,0.0010390344796304897,-0.001046496734665162,-0.7375989431307791,0.6333333333333333,0.627676287086494,0.8660254037844387,-0.4999999999999998,0.10116832198743272,-0.994869323391895,0.9749279121818236,-0.22252093395631434
-0.0031595571962489775,-0.00923556154283661,-0.008342063228950545,-0.003146302621151081,1.2826159316450492,0.6333333333333333,0.6277211724045065,0.8660254037844387,-0.4999999999999998,-0.10116832198743204,-0.9948693233918952,0.43388373911755823,-0.900968867902419
-0.018095207067954557,-0.005168113049123539,0.0031364344411326946,0.0,-0.9614111671546247,0.6333333333333333,0.627766057722519,0.8660254037844387,-0.4999999999999998,-0.29936312297335776,-0.9541392564000489,-0.433883739117558,-0.9009688679024191
-0.0010747669650636718,-0.010416676648886654,-0.01896788412090082,-0.018018564242168175,0.7361645656436362,0.6333333333333333,0.6278109430405315,0.8660254037844387,-0.4999999999999998,-0.4853019625310808,-0.8743466161445822,-0.9749279121818236,-0.2225209339563146
-0.0053907663212266164,-0.00946876216583005,-0.00426447097538908,0.0,-0.6418538861723948,0.6333333333333333,0.6279455989945689,0.8660254037844387,-0.4999999999999998,-0.8978045395707417,-0.44039415155763423,0.7818314824680298,0.6234898018587336
0.0032379920241281733,0.022989421995787424,0.005327658235340406,0.028467895612639293,0.3364722366212129,0.6333333333333333,0.6279904843125814,0.8660254037844387,-0.4999999999999998,-0.9680771188662041,-0.2506525322587213,0.9749279121818236,-0.22252093395631434
0.0021527742970985845,-0.0041406405935534105,0.01372059440796694,0.0,0.2841042511038969,0.6333333333333333,0.6280353696305939,0.8660254037844387,-0.4999999999999998,-0.9987165071710528,-0.05064916883871355,0.43388373911755823,-0.900968867902419
-0.030570116732215276,-0.0010379560074535168,0.009389731240800418,-0.024198873431431227,0.25489224962879004,0.6333333333333333,0.6280802549486063,0.8660254037844387,-0.4999999999999998,-0.9884683243281114,0.15142777750457667,-0.433883739117558,-0.9009688679024191
0.017582933269595688,0.0020746134199361773,-0.005205628787817807,-0.007482733829447782,-2.184802057337662,0.6333333333333333,0.6281251402666188,0.8660254037844387,-0.4999999999999998,-0.9377521321470804,0.3473052528448203,-0.9749279121818236,-0.2225209339563146
0.0032626425892958387,-0.02624812632865476,-0.039387780383810196,0.0,1.034896474282002,0.6333333333333333,0.6282597962206563,0.8660254037844387,-0.4999999999999998,-0.5712682150947924,0.8207634412072763,0.7818314824680298,0.6234898018587336
-0.0010863651992541845,0.006362687513938034,0.010799307838387423,-0.005379244152475226,0.8677636909794948,0.6333333333333333,0.6283046815386687,0.8660254037844387,-0.4999999999999998,-0.3943558551133187,0.9189578116202306,0.9749279121818236,-0.22252093395631434
0.002171629066314688,0.00842109415398007,-0.005385114479530759,0.02450839661226723,-1.1380540207194063,0.6333333333333333,0.6283495668566812,0.8660254037844387,-0.4999999999999998,-0.20129852008866114,0.9795299412524943,0.43388373911755823,-0.900968867902419
0.011859888738747104,-0.0010488418244177613,0.01500570290405273,-0.002107404984568497,-0.1686227124357927,0.6333333333333333,0.6283944521746937,0.5000000000000003,-0.8660254037844385,0.20129852008866006,0.9795299412524945,-0.433883739117558,-0.9009688679024191
-0.01185988873874713,-0.0126717525835491,-0.005333417183551207,-0.01916997403301815,0.4648885285789651,0.6333333333333333,0.6284393374927062,0.5000000000000003,-0.8660254037844385,0.39435585511331855,0.9189578116202306,-0.9749279121818236,-0.2225209339563146
-0.023039942442822946,-0.020397819655800124,-0.014001215212297594,-0.012987183462619664,0.6737290947028437,0.6333333333333333,0.6285739934467436,0.5000000000000003,-0.8660254037844385,0.8486442574947509,0.5289640103269624,0.7818314824680298,0.6234898018587336
0.004429523462693245,0.018270237393505712,-0.01530098695113587,0.00867683594815248,0.1735687656843599,0.6333333333333333,0.6286188787647561,0.5000000000000003,-0.8660254037844385,0.9377521321470804,0.3473052528448203,0.9749279121818236,-0.22252093395631434
0.006607947834203262,-0.006410348654758466,0.025015030922462867,-0.006500558558110913,-0.9844989819006886,0.6333333333333333,0.6286637640827686,0.5000000000000003,-0.8660254037844385,0.9884683243281114,0.1514277775045767,0.43388373911755823,-0.900968867902419
0.001097170294561216,-0.004296458072501666,-0.011885673037641754,0.009735059732560223,0.31309178797714926,0.6333333333333333,0.6287086494007811,0.5000000000000003,-0.8660254037844385,0.9987165071710528,-0.05064916883871264,-0.433883739117558,-0.9009688679024191
-0.018816174006501672,-0.007563430666245517,-0.0032661947344653475,-0.02617384964637511,0.6823362644557297,0.6333333333333333,0.6287535347187935,0.5000000000000003,-0.8660254037844385,0.9680771188662043,-0.2506525322587204,-0.9749279121818236,-0.2225209339563146
0.00334634655656858,0.010787503564057884,-0.013172595179349544,0.025096921689294532,-0.4274440148269396,0.6333333333333333,0.628888190672831,0.5000000000000003,-0.8660254037844385,0.6513724827222223,-0.758758122692791,0.7818314824680298,0.6234898018587336
0.03286163101046313,0.006417128429822111,0.03047030771887676,0.00858365871129499,-0.04255961441879589,0.6333333333333333,0.6289330759908435,0.5000000000000003,-0.8660254037844385,0.48530196253108104,-0.8743466161445821,0.9749279121818236,-0.22252093395631434
-0.023992481359259608,-0.005344743255132908,-0.00107238517468926,-0.029270355062651115,0.16772275737280198,0.6333333333333333,0.6289779613088559,0.5000000000000003,-0.8660254037844385,0.29936312297335804,-0.9541392564000488,0.43388373911755823,-0.900968867902419
-0.0011044403300347725,-0.004296458072501666,-0.029397922544187535,0.007671341365590386,0.45332112928579943,0.6333333333333333,0.6290228466268684,0.5000000000000003,-0.8660254037844385,0.10116832198743272,-0.994869323391895,-0.433883739117558,-0.9009688679024191
-0.02347786040978809,-0.0097350597325603,0.016438789913814963,-0.025429917844469515,0.1713582519966851,0.6333333333333333,0.6290677319448809,0.5000000000000003,-0.8660254037844385,-0.10116832198743204,-0.9948693233918952,-0.9749279121818236,-0.2225209339563146
-0.0217274534675758,-0.021978885986724647,-0.0320292122071523,-0.004489180485921352,0.4288124721051555,0.6333333333333333,0.6292023878989184,0.5000000000000003,-0.8660254037844385,-0.6513724827222217,-0.7587581226927913,0.7818314824680298,0.6234898018587336
0.03409425799962677,0.03278979205930277,0.0044793664156001795,0.031010126806211655,-0.5545006872686523,0.6333333333333333,0.6292472732169307,0.5000000000000003,-0.8660254037844385,-0.7907757369376986,-0.6121059825476627,0.9749279121818236,-0.22252093395631434
-0.01690187437281513,-0.002152774297098521,0.034050404349663096,-0.0242836510570867,0.8286297933157297,0.6333333333333333,0.6292921585349432,0.5000000000000003,-0.8660254037844385,-0.8978045395707417,-0.44039415155763423,0.43388373911755823,-0.900968867902419
0.02580062110196391,-0.01520130249562326,-0.025151657620514224,0.013318718094937896,-2.4560862112525084,0.6333333333333333,0.6293370438529557,0.5000000000000003,-0.8660254037844385,-0.9680771188662041,-0.2506525322587213,-0.433883739117558,-0.9009688679024191
-0.013378113144749092,-0.006586187164677378,-0.0111360419923525,-0.004419971365789047,0.9520088144762343,0.6333333333333333,0.6293819291709682,0.5000000000000003,-0.8660254037844385,-0.9987165071710528,-0.05064916883871355,-0.9749279121818236,-0.2225209339563146
-0.0022471093335248386,0.007679758215301787,0.024337541385236267,-0.015625222478273817,0.615659685081571,0.6333333333333333,0.6295614704430181,0.5000000000000003,-0.8660254037844385,-0.7247927872291207,0.6889669190756859,0.9749279121818236,-0.22252093395631434
0.022247756964800355,0.007621228735834312,-0.0065789649063572285,0.0364479506069919,-0.1644723276353115,0.6333333333333333,0.6296063557610306,0.5000000000000003,-0.8660254037844385,-0.5712682150947924,0.8207634412072763,0.43388373911755823,-0.900968867902419
-0.004410225337938224,-0.0010852638670606255,0.013114929775130771,-0.010905300851365131,-0.7100489913625485,0.6333333333333333,0.6296512410790431,0.5000000000000003,-0.8660254037844385,-0.3943558551133187,0.9189578116202306,-0.433883739117558,-0.9009688679024191
0.009895619193671093,0.00108526386706063,-0.0010863651992541845,0.0076462029426076035,0.7853533744266792,0.6333333333333333,0.6296961263970555,0.5000000000000003,-0.8660254037844385,-0.20129852008866114,0.9795299412524943,-0.9749279121818236,-0.2225209339563146
-0.03337347960345919,-0.0032590979087576215,-0.0010874688424428326,-0.016456745175006855,0.1968953252392735,0.6333333333333333,0.629830782351093,1.2246467991473532e-16,-1.0,0.39435585511331855,0.9189578116202306,0.7818314824680298,0.6234898018587336
-0.002264923517900285,0.0,-0.02534584306383956,0.016456745175006955,-1.1028766874545672,0.6333333333333333,0.6298756676691055,1.2246467991473532e-16,-1.0,0.5712682150947923,0.8207634412072763,0.9749279121818236,-0.22252093395631434
-0.007968243607594492,-0.012041889042378276,0.0044544259195577795,-0.032064787392780854,1.2192402764567245,0.6333333333333333,0.6299205529871179,1.2246467991473532e-16,-1.0,0.72479278722912,0.6889669190756866,0.43388373911755823,-0.900968867902419
0.022599971657545678,0.04521764297498586,-0.005570959804827417,0.06524054132538848,-0.41689380393178715,0.6333333333333333,0.6299654383051304,1.2246467991473532e-16,-1.0,0.8486442574947509,0.5289640103269624,-0.433883739117558,-0.9009688679024191
0.024283651057086613,0.006295922786432021,0.059638130881716885,0.0,0.033901551675681416,0.6333333333333333,0.6300103236231429,1.2246467991473532e-16,-1.0,0.9377521321470804,0.3473052528448203,-0.9749279121818236,-0.2225209339563146
-0.0021834049350540116,-0.001046496734665162,0.0052494260517668674,-0.004219336114063216,-0.49247648509779407,0.6333333333333333,0.6301449795771803,1.2246467991473532e-16,-1.0,0.9680771188662043,-0.2506525322587204,0.7818314824680298,0.6234898018587336
0.013029488147417018,-0.010526402683849655,-0.02760265140937137,-0.018133889243541364,-2.1355310083308794,0.6333333333333333,0.6301898648951928,1.2246467991473532e-16,-1.0,0.8978045395707416,-0.4403941515576344,0.9749279121818236,-0.22252093395631434
0.004305784559744304,0.005276976632082788,0.021300115694395355,0.013896598941739615,2.0794415416798357,0.6333333333333333,0.6302347502132053,1.2246467991473532e-16,-1.0,0.7907757369376989,-0.6121059825476626,0.43388373911755823,-0.900968867902419
0.0563823817562327,0.1919244527780825,0.1476565906996374,0.09415141153550091,3.264731284070039,0.6333333333333333,0.6302796355312178,1.2246467991473532e-16,-1.0,0.6513724827222223,-0.758758122692791,-0.433883739117558,-0.9009688679024191
0.03491623022265113,-0.08236214159314278,-0.07159358562378873,0.01724178989611847,-1.9176576361034294,0.6333333333333333,0.6303245208492303,1.2246467991473532e-16,-1.0,0.48530196253108104,-0.8743466161445821,-0.9749279121818236,-0.2225209339563146
0.028987508824008093,0.059514069052380575,0.029824143779788707,0.06168552299177736,0.027128667388252696,0.6333333333333333,0.6304591768032677,1.2246467991473532e-16,-1.0,-0.10116832198743204,-0.9948693233918952,0.7818314824680298,0.6234898018587336
0.006644604071413574,-0.0017792945101218684,0.0018940736293541708,-0.024402516311262248,-0.6069471626411947,0.6333333333333333,0.6305040621212802,1.2246467991473532e-16,-1.0,-0.29936312297335776,-0.9541392564000489,0.9749279121818236,-0.22252093395631434
-0.006644604071413618,-0.04182436688028015,0.010352956223994665,-0.040136072945900554,-0.4418327522790392,0.6333333333333333,0.6305489474392927,1.2246467991473532e-16,-1.0,-0.4853019625310808,-0.8743466161445822,0.43388373911755823,-0.900968867902419
-0.03785025808982757,-0.011204588536625724,-0.002812938735484573,-0.009569510620797259,-0.3063742054639334,0.6333333333333333,0.6305938327573051,1.2246467991473532e-16,-1.0,-0.6513724827222217,-0.7587581226927913,-0.433883739117558,-0.9009688679024191
0.029241891798250312,0.004683844918770758,-0.0180014848197782,0.01999112878255696,0.41173472112175985,0.6333333333333333,0.6306387180753176,1.2246467991473532e-16,-1.0,-0.7907757369376986,-0.6121059825476627,-0.9749279121818236,-0.2225209339563146
0.004791503031722827,0.009302383997048323,0.006669929525240064,-0.009469623288996908,0.5083224935478722,0.6333333333333333,0.6307733740293551,1.2246467991473532e-16,-1.0,-0.9987165071710528,-0.05064916883871355,0.7818314824680298,0.6234898018587336
-0.010571860370878417,-0.02152624640432907,-0.004759574466387175,-0.0028585030737643007,-1.3938415667552735,0.6333333333333333,0.6308182593473676,1.2246467991473532e-16,-1.0,-0.9884683243281114,0.15142777750457667,0.9749279121818236,-0.22252093395631434
-0.009708874469027138,0.016885937695724513,-0.017324835208938245,-0.013448934298814042,0.8007778447523106,0.6333333333333333,0.63086314466538,1.2246467991473532e-16,-1.0,-0.9377521321470804,0.3473052528448203,0.43388373911755823,-0.900968867902419
-0.03272475411014546,-0.0350249101677367,0.007736975009341366,-0.016577573658009534,-0.15415067982725836,0.6333333333333333,0.6309080299833925,1.2246467991473532e-16,-1.0,-0.8486442574947509,0.5289640103269624,-0.433883739117558,-0.9009688679024191
-0.002018162262638945,-0.019455847662528253,-0.019455847662528253,-0.013861594343182206,-0.2929871246814741,0.6333333333333333,0.630952915301405,1.2246467991473532e-16,-1.0,-0.7247927872291207,0.6889669190756859,-0.9749279121818236,-0.2225209339563146
-0.010152434865374697,0.004899564033473822,-0.03396933875881975,0.0009964400547428042,-0.04348511193973878,0.6333333333333333,0.6310875712554423,1.2246467991473532e-16,-1.0,-0.20129852008866114,0.9795299412524943,0.7818314824680298,0.6234898018587336
-0.017499070131732374,-0.007850866760707656,0.00405686926420274,0.009910945304083202,0.8133963087115222,0.6333333333333333,0.6311324565734548,-0.4999999999999997,-0.8660254037844388,0.20129852008866006,0.9795299412524945,0.9749279121818236,-0.22252093395631434
0.00930238372196067,0.013698830935582138,0.039687639253250265,-0.02597546041556253,-0.07676401621183815,0.6333333333333333,0.6311773418914673,-0.4999999999999997,-0.8660254037844388,0.39435585511331855,0.9189578116202306,0.43388373911755823,-0.900968867902419
0.001028350252753329,-0.02359996327150492,-0.054986239190443854,0.010070496739172373,-1.1420974006078484,0.6333333333333333,0.6312222272094798,-0.4999999999999997,-0.8660254037844388,0.5712682150947923,0.8207634412072763,-0.433883739117558,-0.9009688679024191
-0.0051521373737070724,0.01677393488054226,0.027371169009220094,-0.02331578333515035,1.252762968495368,0.6333333333333333,0.6314017684815297,-0.4999999999999997,-0.8660254037844388,0.9884683243281114,0.1514277775045767,0.7818314824680298,0.6234898018587336
0.007205450714922769,-0.03687502280091815,-0.020202832852201726,0.009188417331775181,-2.256065077359153,0.6333333333333333,0.6314466537995422,-0.4999999999999997,-0.8660254037844388,0.9987165071710528,-0.05064916883871264,0.9749279121818236,-0.22252093395631434
0.0,0.03687502280091826,-0.004089835093286082,-0.007139311448482565,2.187072205872201,0.6333333333333333,0.6314915391175547,-0.4999999999999997,-0.8660254037844388,0.9680771188662043,-0.2506525322587204,0.43388373911755823,-0.900968867902419
-0.010309433895993382,0.0,-0.0010251877225166623,0.023268749784711943,-0.2876820724517809,0.6333333333333333,0.6315364244355671,-0.4999999999999997,-0.8660254037844388,0.8978045395707416,-0.4403941515576344,-0.433883739117558,-0.9009688679024191
0.025576891577170916,-0.008845258431700007,0.015267457681177408,0.004987465359433852,-1.493925025312256,0.6333333333333333,0.6315813097535796,-0.4999999999999997,-0.8660254037844388,0.7907757369376989,-0.6121059825476626,-0.9749279121818236,-0.2225209339563146
0.0010096624287464129,-0.015920647815461594,0.007045891979641572,-0.011005531640582572,0.4547361571149471,0.6333333333333333,0.6317159657076171,-0.4999999999999997,-0.8660254037844388,0.29936312297335804,-0.9541392564000488,0.7818314824680298,0.6234898018587336
-0.02038819254958606,0.0010024336743312057,0.0010024336743312057,-0.0192997893868559,-0.12260232209233239,0.6333333333333333,0.6317608510256295,-0.4999999999999997,-0.8660254037844388,0.10116832198743272,-0.994869323391895,0.9749279121818236,-0.22252093395631434
-0.005162555460502682,0.06403733579695922,-0.03258941123531513,0.08075257622513551,1.6394187446460362,0.6333333333333333,0.631805736343642,-0.4999999999999997,-0.8660254037844388,-0.10116832198743204,-0.9948693233918952,0.43388373911755823,-0.900968867902419
0.018462045231939988,-0.013245146978387601,0.08242869802320792,-0.021033327702146436,-0.6477785755300942,0.6333333333333333,0.6318506216616545,-0.4999999999999997,-0.8660254037844388,-0.29936312297335776,-0.9541392564000489,-0.433883739117558,-0.9009688679024191
0.026079688457562325,-0.0019065082010016616,-0.002863961229175692,-0.016561492432394107,-1.1567199194753905,0.6333333333333333,0.631895506979667,-0.4999999999999997,-0.8660254037844388,-0.4853019625310808,-0.8743466161445822,-0.9749279121818236,-0.2225209339563146
-0.010950821049726119,-0.00766300241979559,-0.03998578786642891,-0.01884047135098361,0.07410797215372183,0.6333333333333333,0.6320301629337044,-0.4999999999999997,-0.8660254037844388,-0.8978045395707417,-0.44039415155763423,0.7818314824680298,0.6234898018587336
0.00199999880700019,0.009569510620797157,0.03902944538218305,0.015889168623749943,0.7841189587656721,0.6333333333333333,0.6320750482517169,-0.4999999999999997,-0.8660254037844388,-0.9680771188662041,-0.2506525322587213,0.9749279121818236,-0.22252093395631434
0.012903463464928752,0.018868466478694394,-0.025195245364008773,0.05276998526905516,1.0541605260972757,0.6333333333333333,0.6321199335697294,-0.4999999999999997,-0.8660254037844388,-0.9987165071710528,-0.05064916883871355,0.43388373911755823,-0.900968867902419
0.02049850151144867,-0.0046838449187708055,0.04415307266803277,-0.02555751680576672,-0.9808292530117262,0.6333333333333333,0.6321648188877419,-0.4999999999999997,-0.8660254037844388,-0.9884683243281114,0.15142777750457667,-0.433883739117558,-0.9009688679024191
-0.02148525104670837,0.0,-0.0018796307460208746,-0.016433344785611065,0.8298301673468127,0.6333333333333333,0.6322097042057543,-0.4999999999999997,-0.8660254037844388,-0.9377521321470804,0.3473052528448203,-0.9749279121818236,-0.2225209339563146
0.014698928372947456,-0.01418462155992368,-0.02766043331371855,0.021215886911681685,-0.04045495469231364,0.6333333333333333,0.6323443601597918,-0.4999999999999997,-0.8660254037844388,-0.5712682150947924,0.8207634412072763,0.7818314824680298,0.6234898018587336
-0.0019473488081896066,0.009478802434570898,0.015355442499815748,-0.006701858090575654,-1.13599982073973,0.6333333333333333,0.6323892454778043,-0.4999999999999997,-0.8660254037844388,-0.3943558551133187,0.9189578116202306,0.9749279121818236,-0.22252093395631434
-0.00979445838534804,-0.016167852761643235,-0.025073613337729346,-0.005780357339155479,-0.27820332849723717,0.6333333333333333,0.6324341307958168,-0.4999999999999997,-0.8660254037844388,-0.20129852008866114,0.9795299412524943,0.43388373911755823,-0.900968867902419
-0.05150055255168402,-0.014485995977421439,-0.006859402820095909,-0.019512795159627887,0.17284281283941083,0.6333333333333333,0.6324790161138292,-0.4999999999999997,-0.8660254037844388,-2.4492935982947064e-16,1.0,-0.433883739117558,-0.9009688679024191
0.030614680887405852,0.008716754364313841,-0.013861594343182206,-0.0158891686237499,0.41074216520900814,0.6333333333333333,0.6325239014318417,-0.8660254037844385,-0.5000000000000004,0.20129852008866006,0.9795299412524945,-0.9749279121818236,-0.2225209339563146
0.0010045194877475233,0.0028887813193825594,-0.007003595173554539,0.024717074076381122,0.3059355127611313,0.6333333333333333,0.6326585573858792,-0.8660254037844385,-0.5000000000000004,0.72479278722912,0.6889669190756866,0.7818314824680298,0.6234898018587336
0.0020060168559905365,0.009569510620797157,0.023810696850554036,0.00875065500034214,0.4334924203628203,0.6333333333333333,0.6327034427038916,-0.8660254037844385,-0.5000000000000004,0.8486442574947509,0.5289640103269624,0.9749279121818236,-0.22252093395631434
0.006989537692288051,0.02538921009654936,0.01845613570909461,0.024857852682343785,0.4037886617809121,0.6333333333333333,0.6327483280219041,-0.8660254037844385,-0.5000000000000004,0.9377521321470804,0.3473052528448203,0.43388373911755823,-0.900968867902419
0.0019880703878361865,-0.01591040766197857,0.020010175549484394,-0.013308100089056678,-1.5074387444789787,0.6333333333333333,0.6327932133399166,-0.8660254037844385,-0.5000000000000004,0.9884683243281114,0.1514277775045767,-0.433883739117558,-0.9009688679024191
0.01869218562576398,0.06836373894507144,-0.029681490289349417,0.07198678272092987,2.071836942294617,0.6333333333333333,0.6328380986579291,-0.8660254037844385,-0.5000000000000004,0.9987165071710528,-0.05064916883871264,-0.9749279121818236,-0.2225209339563146
0.0723659253898299,0.007023664245106111,0.07306619291874573,-0.01797004669968307,-0.4593733089439793,0.6333333333333333,0.6329727546119664,-0.8660254037844385,-0.5000000000000004,0.7907757369376989,-0.6121059825476626,0.7818314824680298,0.6234898018587336
0.007226892607863882,0.08788586347327343,0.0823331652928042,0.0925866572804653,1.3524969815366,0.6333333333333333,0.633017639929979,-0.8660254037844385,-0.5000000000000004,0.6513724827222223,-0.758758122692791,0.9749279121818236,-0.22252093395631434
0.009852222595993401,-0.03672373919714906,0.0008316595441015067,-0.06751815965234058,-1.4812920897421702,0.6333333333333333,0.6330625252479914,-0.8660254037844385,-0.5000000000000004,0.48530196253108104,-0.8743466161445821,0.43388373911755823,-0.900968867902419
0.007104755557045157,-0.01507570741138356,-0.0511621242761245,0.0017667201079964922,-0.44757659345829137,0.6333333333333333,0.633107410566004,-0.8660254037844385,-0.5000000000000004,0.29936312297335804,-0.9541392564000488,-0.433883739117558,-0.9009688679024191
-0.041559626119319834,-0.026508642538832738,0.00610561404507824,-0.016911697054637877,0.8168861599691802,0.6333333333333333,0.6331522958840163,-0.8660254037844385,-0.5000000000000004,0.10116832198743272,-0.994869323391895,-0.9749279121818236,-0.2225209339563146
0.005519787775460255,-0.005212865329429367,-0.012248735737476889,0.0008971341886547669,-1.1153791485251767,0.6333333333333333,0.6332869518380538,-0.8660254037844385,-0.5000000000000004,-0.4853019625310808,-0.8743466161445822,0.7818314824680298,0.6234898018587336
-0.025082571880286845,-0.013152366607959369,-0.04041857709012159,-0.02451323419144441,0.7252354951114458,0.6333333333333333,0.6333318371560663,-0.8660254037844385,-0.5000000000000004,-0.6513724827222217,-0.7587581226927913,0.9749279121818236,-0.22252093395631434
0.034214981472156535,-0.013327595455029706,0.02086254411640199,0.013692579321306235,-0.3197703870032814,0.6333333333333333,0.6333767224740787,-0.8660254037844385,-0.5000000000000004,-0.7907757369376986,-0.6121059825476627,0.43388373911755823,-0.900968867902419
-0.008215465443831366,0.005352371957440012,-0.010830484493065985,0.011717177203462483,-0.08569472110488296,0.6333333333333333,0.6334216077920912,-0.8660254037844385,-0.5000000000000004,-0.8978045395707417,-0.44039415155763423,-0.433883739117558,-0.9009688679024191
0.011845294983787402,0.03238798445934738,0.019766958050113952,0.020399738296112652,0.35509474871921476,0.6333333333333333,0.6334664931101037,-0.8660254037844385,-0.5000000000000004,-0.9680771188662041,-0.2506525322587213,-0.9749279121818236,-0.2225209339563146
0.00271370323795161,-0.005181353941462303,0.01325692126104365,-0.014146868799892045,-0.8399448860819448,0.6333333333333333,0.6336011490641411,-0.8660254037844385,-0.5000000000000004,-0.9377521321470804,0.3473052528448203,0.7818314824680298,0.6234898018587336
-0.010899279836871851,0.012903454059856928,-0.007048417871450448,-0.009843598490361217,0.2617065860485203,0.6333333333333333,0.6336460343821536,-0.8660254037844385,-0.5000000000000004,-0.8486442574947509,0.5289640103269624,0.9749279121818236,-0.22252093395631434
0.0,-0.025098653069343533,-0.02779205561921185,0.007168610770694542,-0.21985947611301976,0.6333333333333333,0.6336909197001661,-0.8660254037844385,-0.5000000000000004,-0.7247927872291207,0.6889669190756859,0.43388373911755823,-0.900968867902419
0.005464489132556301,-0.0035119154902738077,0.031322569093582935,0.004454282229788654,-0.23967285326542034,0.6333333333333333,0.6337358050181786,-0.8660254037844385,-0.5000000000000004,-0.5712682150947924,0.8207634412072763,-0.433883739117558,-0.9009688679024191
0.01263547078763308,0.0026350451548232076,-0.008849669892690855,0.007968162080333152,-0.06453852113757118,0.6333333333333333,0.6337806903361911,-0.8660254037844385,-0.5000000000000004,-0.3943558551133187,0.9189578116202306,-0.9749279121818236,-0.2225209339563146
0.024802020477463455,0.03955812228325255,0.02545110846370505,0.018349121466278543,0.5753641449035618,0.6333333333333333,0.633960231608241,-1.0,-1.8369701987210297e-16,0.39435585511331855,0.9189578116202306,0.9749279121818236,-0.22252093395631434
-0.013210219254680976,-0.018723993336982776,-0.021016578912607373,-0.02365416866349581,-0.9320390888422942,0.6333333333333333,0.6340051169262535,-1.0,-1.8369701987210297e-16,0.5712682150947923,0.8207634412072763,0.43388373911755823,-0.900968867902419
-0.028778936779592673,-0.025229673255253326,0.0026513469752186243,-0.028778936779592673,0.6931471805599453,0.6333333333333333,0.6340500022442659,-1.0,-1.8369701987210297e-16,0.72479278722912,0.6889669190756866,-0.433883739117558,-0.9009688679024191
-0.028692428030550977,-0.007961113156711367,-0.006197319790336833,-0.015632553115563854,-0.40546510810816444,0.6333333333333333,0.6340948875622784,-1.0,-1.8369701987210297e-16,0.8486442574947509,0.5289640103269624,-0.9749279121818236,-0.2225209339563146
0.013059874914987186,-0.018826240161573388,-0.022452713863279336,0.0,-0.4795730802618862,0.6333333333333333,0.6342295435163159,-1.0,-1.8369701987210297e-16,0.9987165071710528,-0.05064916883871264,0.7818314824680298,0.6234898018587336
-0.021546480778877154,-0.007266211797034375,-0.01740772630957992,-0.021546480778877154,1.0185695809945732,0.6333333333333333,0.6342744288343284,-1.0,-1.8369701987210297e-16,0.9680771188662043,-0.2506525322587204,0.9749279121818236,-0.22252093395631434
-0.024929359105973554,-0.020258434497185136,-0.029068993177308988,0.007547131282353928,0.44628710262841953,0.6333333333333333,0.6343193141523408,-1.0,-1.8369701987210297e-16,0.8978045395707416,-0.4403941515576344,0.43388373911755823,-0.900968867902419
-0.014670175380420706,-0.01405173933256723,-0.0009519948727626798,-0.018018352722487856,-0.24561640716626829,0.6333333333333333,0.6343641994703533,-1.0,-1.8369701987210297e-16,0.7907757369376989,-0.6121059825476626,-0.433883739117558,-0.9009688679024191
-0.013889169816749591,-0.002834198363157241,-0.023122395112683266,0.003820303713421487,-0.4700036292457356,0.6333333333333333,0.6344090847883658,-1.0,-1.8369701987210297e-16,0.6513724827222223,-0.758758122692791,-0.9749279121818236,-0.2225209339563146
0.02369309050735034,-0.0018940736293542712,0.027872925554742706,-0.00957847108423471,-0.18962085927556618,0.6333333333333333,0.6345437407424032,-1.0,-1.8369701987210297e-16,0.10116832198743272,-0.994869323391895,0.7818314824680298,0.6234898018587336
-0.014742268264624396,-0.010481199670157485,-0.04260078853188693,-0.013566224984846572,0.8504326591925752,0.6333333333333333,0.6345886260604157,-1.0,-1.8369701987210297e-16,-0.10116832198743204,-0.9948693233918952,0.9749279121818236,-0.22252093395631434
0.0009896082745567863,0.0,0.03211958886172942,-0.006852617963366931,-0.1908081706712733,0.6333333333333333,0.6346335113784282,-1.0,-1.8369701987210297e-16,-0.29936312297335776,-0.9541392564000489,0.43388373911755823,-0.900968867902419
-0.03523252634137763,0.0,-0.013500674181841673,-0.012852435063156472,0.5498277815692598,0.6333333333333333,0.6346783966964407,-1.0,-1.8369701987210297e-16,-0.4853019625310808,-0.8743466161445822,-0.433883739117558,-0.9009688679024191
-0.0010251877225166623,-0.025219546835028722,-0.019608522954444405,-0.030305321027438516,-0.4999559515290868,0.6333333333333333,0.6347232820144532,-1.0,-1.8369701987210297e-16,-0.6513724827222217,-0.7587581226927913,-0.9749279121818236,-0.2225209339563146
0.005115022815802775,-0.007889650301257472,-0.030153082973534785,0.018293175760177586,-1.2313717785140503,0.6333333333333333,0.6348579379684905,-1.0,-1.8369701987210297e-16,-0.9680771188662041,-0.2506525322587213,0.7818314824680298,0.6234898018587336
-0.008196686409771605,-0.007952320840185857,0.021202260730808862,-0.011139272365013596,0.2451224580329849,0.6333333333333333,0.634902823286503,-1.0,-1.8369701987210297e-16,-0.9987165071710528,-0.05064916883871355,0.9749279121818236,-0.22252093395631434
-0.0072277703020245335,-0.007010537957739284,-0.03662671744260504,0.008113554286013616,-0.282862786015832,0.6333333333333333,0.6349477086045155,-1.0,-1.8369701987210297e-16,-0.9884683243281114,0.15142777750457667,0.43388373911755823,-0.900968867902419
0.020513667003056117,0.005012608676592239,0.020513667003056117,0.007045891979641572,0.4182041338855941,0.6333333333333333,0.6349925939225279,-1.0,-1.8369701987210297e-16,-0.9377521321470804,0.3473052528448203,-0.433883739117558,-0.9009688679024191
-0.015345553953932485,-0.010050397986827119,-0.005089210291259849,-0.026424422100481307,0.2939912416450457,0.6333333333333333,0.6350374792405404,-1.0,-1.8369701987210297e-16,-0.8486442574947509,0.5289640103269624,-0.9749279121818236,-0.2225209339563146
-0.020834215749777098,-0.0152674576811775,-0.017499070131732374,-0.0218644641569848,0.06394872460027351,0.6333333333333333,0.6351721351945779,-1.0,-1.8369701987210297e-16,-0.3943558551133187,0.9189578116202306,0.7818314824680298,0.6234898018587336
-0.05406717107688943,-0.02072611054488012,-0.013591489280717428,-0.05406717107688943,0.1852670670237115,0.6333333333333333,0.6352170205125903,-1.0,-1.8369701987210297e-16,-0.20129852008866114,0.9795299412524943,0.9749279121818236,-0.22252093395631434
-0.020202687854778488,-0.021164866863319257,-0.02450839661226728,-0.0022246132482588903,0.24640041347847694,0.6333333333333333,0.6352619058306028,-0.866025403784439,0.49999999999999933,0.20129852008866006,0.9795299412524945,0.43388373911755823,-0.900968867902419
-0.0034071550003274714,0.010638464179469728,-0.03289767254059056,-0.00894875700024019,-1.0159205728229963,0.6333333333333333,0.6353067911486153,-0.866025403784439,0.49999999999999933,0.39435585511331855,0.9189578116202306,-0.433883739117558,-0.9009688679024191
-0.07928465312502654,-0.03883987303395858,0.009983434478913035,-0.05662966619824679,0.5573456394008836,0.6333333333333333,0.6353516764666278,-0.866025403784439,0.49999999999999933,0.5712682150947923,0.8207634412072763,-0.9749279121818236,-0.2225209339563146
-0.03381659208228164,-0.07300847995015834,-0.0732593047396359,-0.03755746155044519,1.1545915564100109,0.6333333333333333,0.6354863324206652,-0.866025403784439,0.49999999999999933,0.9377521321470804,0.3473052528448203,0.7818314824680298,0.6234898018587336
-0.016699059764663023,-0.03003217148530925,-0.08679537949038588,-0.025001277614659687,-0.8444366281061715,0.6333333333333333,0.6355312177386777,-0.866025403784439,0.49999999999999933,0.9884683243281114,0.1514277775045767,0.9749279121818236,-0.22252093395631434
-0.019621276392874983,-0.04362075803779454,0.016699059764662953,-0.030850744516538967,0.4098997051760301,0.6333333333333333,0.6355761030566902,-0.866025403784439,0.49999999999999933,0.9987165071710528,-0.05064916883871264,0.43388373911755823,-0.900968867902419
-0.05011208735782853,-0.019293185184928875,-0.032365160417272436,-0.05501065411189092,0.04329680575332426,0.6333333333333333,0.6356209883747027,-0.866025403784439,0.49999999999999933,0.9680771188662043,-0.2506525322587204,-0.433883739117558,-0.9009688679024191
-0.02105348951614806,-0.03300616928943316,-0.06664613332869165,-0.012491476733228106,-0.6931471805599453,0.6333333333333333,0.6356658736927151,-0.866025403784439,0.49999999999999933,0.8978045395707416,-0.4403941515576344,-0.9749279121818236,-0.2225209339563146
0.009880200079940778,0.006688885742821624,0.007007730834869458,0.04505877694491851,0.3044891907681621,0.6333333333333333,0.6358005296467526,-0.866025403784439,0.49999999999999933,0.48530196253108104,-0.8743466161445821,0.7818314824680298,0.6234898018587336
0.054658263989349525,0.02241357369939865,0.049056113948870286,0.007978758901716013,0.8081485732544519,0.6333333333333333,0.6358454149647651,-0.866025403784439,0.49999999999999933,0.29936312297335804,-0.9541392564000488,0.9749279121818236,-0.22252093395631434
-0.01069518377565858,-0.021081034495052723,-0.0013304805649702713,-0.006644441667080235,-1.663814683312172,0.6333333333333333,0.6358903002827776,-0.866025403784439,0.49999999999999933,0.10116832198743272,-0.994869323391895,0.43388373911755823,-0.900968867902419
-0.005390940094491719,0.022383965061228077,-0.012056395889472608,0.013245308314268145,-0.8873031950009028,0.6333333333333333,0.63593518560079,-0.866025403784439,0.49999999999999933,-0.10116832198743204,-0.9948693233918952,-0.433883739117558,-0.9009688679024191
-0.027398850682991964,0.0013013281580361124,0.01604310796494597,-0.013245308314268029,0.9304753668661114,0.6333333333333333,0.6359800709188025,-0.866025403784439,0.49999999999999933,-0.29936312297335776,-0.9541392564000489,-0.9749279121818236,-0.2225209339563146
0.040821954783826074,-0.011772524109342087,-0.005319251279819372,0.013245308314268145,-0.11954515064978269,0.6333333333333333,0.63611472687284,-0.866025403784439,0.49999999999999933,-0.7907757369376986,-0.6121059825476627,0.7818314824680298,0.6234898018587336
-0.00668888574282159,0.010471195951305898,0.00664444166708019,-0.01191276910992208,0.6931471805599453,0.6333333333333333,0.6361596121908524,-0.866025403784439,0.49999999999999933,-0.8978045395707417,-0.44039415155763423,0.9749279121818236,-0.22252093395631434
-0.006734218358012613,-0.023716504265574045,-0.013333327409901872,-0.014755643305180132,0.04652001563489291,0.6333333333333333,0.6362044975088649,-0.866025403784439,0.49999999999999933,-0.9680771188662041,-0.2506525322587213,0.43388373911755823,-0.900968867902419
-0.009504378424912472,-0.013423104100834127,-0.006734218358012613,-0.00406229046787875,-2.4849066497880004,0.6333333333333333,0.6362493828268774,-0.866025403784439,0.49999999999999933,-0.9987165071710528,-0.05064916883871355,-0.433883739117558,-0.9009688679024191
-0.02486313462724478,-0.01223671573824372,-0.01223671573824372,-0.026118200409829307,2.414289082574047,0.6333333333333333,0.6362942681448899,-0.866025403784439,0.49999999999999933,-0.9884683243281114,0.15142777750457667,-0.9749279121818236,-0.2225209339563146
-0.021202186214368316,-0.019337502198698696,-0.02914846366803245,-0.01827184932143196,0.07816477284933626,0.6333333333333333,0.6364289240989273,-0.866025403784439,0.49999999999999933,-0.7247927872291207,0.6889669190756859,0.7818314824680298,0.6234898018587336
-0.0014296936733692173,0.10953578357070126,0.013986328723284345,0.1264139058328987,0.7154529380742435,0.6333333333333333,0.6364738094169398,-0.866025403784439,0.49999999999999933,-0.5712682150947924,0.8207634412072763,0.9749279121818236,-0.22252093395631434
0.043393850780872746,-0.03174857718256039,0.0736118391341903,-0.0672085919164522,-1.1059923959657323,0.6333333333333333,0.6365186947349523,-0.866025403784439,0.49999999999999933,-0.3943558551133187,0.9189578116202306,0.43388373911755823,-0.900968867902419
0.027028646259856202,0.0102695649169115,0.0012893973494924286,0.04572957965080326,1.076139432816051,0.6333333333333333,0.6365635800529648,-0.866025403784439,0.49999999999999933,-0.20129852008866114,0.9795299412524943,-0.433883739117558,-0.9009688679024191
0.027615141057408078,0.11109117606430587,0.08636684770324352,0.011428775753223054,1.4566751578816903,0.6333333333333333,0.6366084653709772,-0.866025403784439,0.49999999999999933,-2.4492935982947064e-16,1.0,-0.9749279121818236,-0.2225209339563146
0.029395060810919492,-0.06491939856224649,-0.0559076678701755,0.02739903520842626,-1.938874060221244,0.6333333333333333,0.6367431213250146,-0.5000000000000012,0.8660254037844379,0.5712682150947923,0.8207634412072763,0.7818314824680298,0.6234898018587336
0.0,0.0,0.0,-0.01734879869600038,-0.6278420821521785,0.6333333333333333,0.6367880066430271,-0.5000000000000012,0.8660254037844379,0.72479278722912,0.6889669190756866,0.9749279121818236,-0.22252093395631434
0.021184750373954668,0.02409744150776938,0.013656490709357429,0.024692765236410362,0.6154962463298793,0.6333333333333333,0.6368328919610395,-0.5000000000000012,0.8660254037844379,0.8486442574947509,0.5289640103269624,0.43388373911755823,-0.900968867902419
-0.03131141002317236,-0.024097441507769404,0.011036274527052942,-0.0284498107487411,0.28923366314319976,0.6333333333333333,0.636877777279052,-0.5000000000000012,0.8660254037844379,0.9377521321470804,0.3473052528448203,-0.433883739117558,-0.9009688679024191
0.005076238962994239,-0.02469276523641042,-0.030962282657649914,-0.007556704215215298,-1.4788177300170362,0.6333333333333333,0.6369226625970645,-0.5000000000000012,0.8660254037844379,0.9884683243281114,0.1514277775045767,-0.9749279121818236,-0.2225209339563146
-0.01659267048407511,0.016119455560903363,0.0062695174212394665,-0.006341169586268941,0.5148989491536266,0.6333333333333333,0.6370573185511019,-0.5000000000000012,0.8660254037844379,0.8978045395707416,-0.4403941515576344,0.7818314824680298,0.6234898018587336
-0.024757036012098173,-0.022388972982142884,-0.03562705256604716,-0.02056625867249815,0.7694304853095761,0.6333333333333333,0.6371022038691144,-0.5000000000000012,0.8660254037844379,0.7907757369376989,-0.6121059825476626,0.9749279121818236,-0.22252093395631434
-0.003965633018850289,0.005018826157439759,0.00774196629387219,-0.01967284187953131,-1.264126727145683,0.6333333333333333,0.6371470891871269,-0.5000000000000012,0.8660254037844379,0.6513724827222223,-0.758758122692791,0.43388373911755823,-0.900968867902419
-0.003981421897764058,-0.015132682334271974,-0.03399035549143337,0.00660086664718773,-0.3011050927839216,0.6333333333333333,0.6371919745051394,-0.5000000000000012,0.8660254037844379,0.48530196253108104,-0.8743466161445821,-0.433883739117558,-0.9009688679024191
-0.036564637215642216,-0.04283583665503361,0.002656231510503151,-0.045768468493404886,0.1502822030493379,0.6333333333333333,0.6372368598231519,-0.5000000000000012,0.8660254037844379,0.29936312297335804,-0.9541392564000488,-0.9749279121818236,-0.2225209339563146
-0.018093626773707263,-0.020094425879583076,-0.041983200037017845,-0.006910870707664549,-0.5423242908253616,0.6333333333333333,0.6373715157771893,-0.5000000000000012,0.8660254037844379,-0.29936312297335776,-0.9541392564000489,0.7818314824680298,0.6234898018587336
-0.016997559147326424,-0.019126442846562237,-0.01112666839579295,-0.012561213333231893,2.1564025828159643,0.6333333333333333,0.6374164010952018,-0.5000000000000012,0.8660254037844379,-0.4853019625310808,-0.8743466161445822,0.9749279121818236,-0.22252093395631434
-0.028987717189828722,-0.02231600740289575,-0.01977473771443325,-0.0459852763371551,-1.1557707025080584,0.6333333333333333,0.6374612864132143,-0.5000000000000012,0.8660254037844379,-0.6513724827222217,-0.7587581226927913,0.43388373911755823,-0.900968867902419
-0.0827423544825463,-0.04914289080860461,-0.037795160790401634,-0.04051563410062745,0.6007738604289301,0.6333333333333333,0.6375061717312268,-0.5000000000000012,0.8660254037844379,-0.7907757369376986,-0.6121059825476627,-0.433883739117558,-0.9009688679024191
-0.1239922489145956,-0.028551983339666177,-0.03466809530399207,-0.14475126164893098,1.087801372563894,0.6333333333333333,0.6375510570492392,-0.5000000000000012,0.8660254037844379,-0.8978045395707417,-0.44039415155763423,-0.9749279121818236,-0.2225209339563146
0.012578641548522706,-0.1196902303063443,-0.11701639748277856,0.0,-0.8646578212496844,0.6333333333333333,0.6376857130032767,-0.5000000000000012,0.8660254037844379,-0.9884683243281114,0.15142777750457667,0.7818314824680298,0.6234898018587336
-0.00896859749062316,-0.0138409754046604,-0.012142498846727069,-0.016057420502400336,0.13272461565458246,0.6333333333333333,0.6377305983212892,-0.5000000000000012,0.8660254037844379,-0.9377521321470804,0.3473052528448203,0.9749279121818236,-0.22252093395631434
0.0018002430872837278,0.05094480821704975,-0.021164791166404406,0.0744931702821977,0.15172643621575188,0.6333333333333333,0.6377754836393016,-0.5000000000000012,0.8660254037844379,-0.8486442574947509,0.5289640103269624,0.43388373911755823,-0.900968867902419
0.07616128549493757,0.014790722353754131,0.06887414388669848,0.014913211773659283,-2.842969519001581,0.6333333333333333,0.6378652542753266,-0.5000000000000012,0.8660254037844379,-0.5712682150947924,0.8207634412072763,-0.9749279121818236,-0.2225209339563146
-0.046043955977114324,-0.021435377176516484,-0.03556685387356701,-0.026668043595459285,2.498699971920336,0.6333333333333333,0.637999910229364,-2.4492935982947064e-16,1.0,0.20129852008866006,0.9795299412524945,0.7818314824680298,0.6234898018587336
0.0017438025828269577,0.021435377176516526,0.03390145713038718,0.02995235060677879,-0.17958557697507987,0.6333333333333333,0.6380447955473765,-2.4492935982947064e-16,1.0,0.39435585511331855,0.9189578116202306,0.9749279121818236,-0.22252093395631434
0.03593197184336262,-0.003268207453468045,0.013245096560919628,-0.024897585123164062,0.04800921918636066,0.6333333333333333,0.638089680865389,-2.4492935982947064e-16,1.0,0.5712682150947923,0.8207634412072763,0.43388373911755823,-0.900968867902419
0.0,0.00652541960697358,-0.021613278111844575,0.0,-0.06453852113757118,0.6333333333333333,0.6381345661834015,-2.4492935982947064e-16,1.0,0.72479278722912,0.6889669190756866,-0.433883739117558,-0.9009688679024191
-0.01694960198017773,-0.018047934507259628,0.015012836373687312,-0.01353675456593352,-0.2988553730499061,0.6333333333333333,0.638179451501414,-2.4492935982947064e-16,1.0,0.8486442574947509,0.5289640103269624,-0.9749279121818236,-0.2225209339563146
-0.02072617244601174,-0.006644654822762397,-0.04920435216976321,-0.005123832618299576,0.3633938941874773,0.6333333333333333,0.6383141074554514,-2.4492935982947064e-16,1.0,0.9987165071710528,-0.05064916883871264,0.7818314824680298,0.6234898018587336
0.0086880819856967,0.0,0.017241913815898208,-0.010327105256259654,0.11778303565638346,0.6333333333333333,0.6383589927734639,-2.4492935982947064e-16,1.0,0.9680771188662043,-0.2506525322587204,0.9749279121818236,-0.22252093395631434
0.0034544168610303656,0.004987536766390722,0.008510560148901308,0.042343410757808383,-0.325422400434628,0.6333333333333333,0.6384038780914764,-2.4492935982947064e-16,1.0,0.8978045395707416,-0.4403941515576344,0.43388373911755823,-0.900968867902419
0.048790055530428665,0.02457123769823141,0.03169582178224282,0.02132986289316144,-0.7323678937132265,0.6333333333333333,0.6384487634094888,-2.4492935982947064e-16,1.0,0.7907757369376989,-0.6121059825476626,-0.433883739117558,-0.9009688679024191
-0.03169582178224273,-0.019608453053774056,-0.01822743667202047,-0.04312462304175342,0.8586616190375187,0.6333333333333333,0.6384936487275013,-2.4492935982947064e-16,1.0,0.6513724827222223,-0.758758122692791,-0.9749279121818236,-0.2225209339563146
0.010118121622545126,0.013114813283959121,0.026403972966786066,0.018472620125380965,-0.05218575317057019,0.6333333333333333,0.6386283046815387,-2.4492935982947064e-16,1.0,0.10116832198743272,-0.994869323391895,0.7818314824680298,0.6234898018587336
0.006689101759656155,-0.003262526098123945,-0.02139973795162733,0.014864006829059386,-0.8266785731844679,0.6333333333333333,0.6386731899995511,-2.4492935982947064e-16,1.0,-0.10116832198743204,-0.9948693233918952,0.9749279121818236,-0.22252093395631434
0.02793934241296334,0.05096639713364935,0.027893377721442278,0.05112929392221682,1.0208345876254254,0.6333333333333333,0.6387180753175636,-2.4492935982947064e-16,1.0,-0.29936312297335776,-0.9541392564000489,0.43388373911755823,-0.900968867902419
-0.011409938840724174,0.0,0.03497979882701171,-0.042966108164434,-0.5819215454497209,0.6333333333333333,0.6387629606355761,-2.4492935982947064e-16,1.0,-0.4853019625310808,-0.8743466161445822,-0.433883739117558,-0.9009688679024191
0.0,-0.028348329455857597,-0.03659923087867067,-0.008163185757782907,-0.026668247082161294,0.6333333333333333,0.6388078459535886,-2.4492935982947064e-16,1.0,-0.6513724827222217,-0.7587581226927913,-0.9749279121818236,-0.2225209339563146
-0.016529403572239133,-0.011244972528546405,0.001619432051658807,0.01464630017368954,0.9586250957007157,0.6333333333333333,0.638942501907626,-2.4492935982947064e-16,1.0,-0.9680771188662041,-0.2506525322587213,0.7818314824680298,0.6234898018587336
0.031175703745928596,0.033362869545705325,0.019231344291746166,0.00964636706826898,-1.4560276991345658,0.6333333333333333,0.6389873872256385,-2.4492935982947064e-16,1.0,-0.9987165071710528,-0.05064916883871355,0.9749279121818236,-0.22252093395631434
-0.031175703745928637,-0.039845983961611944,-0.032260715184129124,-0.024292667241958395,0.4128452154057869,0.6333333333333333,0.639032272543651,-2.4492935982947064e-16,1.0,-0.9884683243281114,0.15142777750457667,0.43388373911755823,-0.900968867902419
0.016529403572239115,0.0048661851346001326,0.0,0.01302937089238306,-0.9236708391717777,0.6333333333333333,0.639122043179676,-2.4492935982947064e-16,1.0,-0.8486442574947509,0.5289640103269624,-0.9749279121818236,-0.2225209339563146
-0.055616692284976926,-0.0016194320516588836,0.011409938840724188,-0.02126009775562973,1.540445040947149,0.6333333333333333,0.6392566991337134,-2.4492935982947064e-16,1.0,-0.3943558551133187,0.9189578116202306,0.7818314824680298,0.6234898018587336
-0.07932102374878944,-0.027939342412963305,-0.027939342412963305,-0.07017408296344772,1.1576795203550911,0.6333333333333333,0.6393015844517259,-2.4492935982947064e-16,1.0,-0.20129852008866114,0.9795299412524943,0.9749279121818236,-0.22252093395631434
0.04941538136992934,-0.016807223382201274,-0.05129330693589688,0.03997047013759698,-0.8121778770144841,0.6333333333333333,0.6393464697697384,-2.4492935982947064e-16,1.0,-2.4492935982947064e-16,1.0,0.43388373911755823,-0.900968867902419
0.07065832783477777,0.06559734213856949,0.10008342569226518,0.06272700693105598,0.0056022555486697516,0.65,0.6394362404057633,0.49999999999999994,0.8660254037844387,0.39435585511331855,0.9189578116202306,-0.9749279121818236,-0.2225209339563146
0.004979258079582702,-0.0015885612411612668,-0.007968047942170776,-0.0161294814841755,-0.2821110274023255,0.65,0.6395708963598008,0.49999999999999994,0.8660254037844387,0.8486442574947509,0.5289640103269624,0.7818314824680298,0.6234898018587336
0.001654021886230029,0.029759523357350288,-0.024292667241958395,0.03828226355949553,0.5196752390429733,0.65,0.6396157816778132,0.49999999999999994,0.8660254037844387,0.9377521321470804,0.3473052528448203,0.9749279121818236,-0.22252093395631434
0.019640665703970838,-0.01242250758092339,0.024292667241958443,0.0,-0.6713598263750381,0.65,0.6396606669958257,0.49999999999999994,0.8660254037844387,0.9884683243281114,0.1514277775045767,0.43388373911755823,-0.900968867902419
0.012882728401234276,0.030771628187106836,0.0,0.03233534858922351,0.5296135376316239,0.65,0.6397055523138382,0.49999999999999994,0.8660254037844387,0.9987165071710528,-0.05064916883871264,-0.433883739117558,-0.9009688679024191
0.02371650247743644,-0.007604591939809302,0.039220563499773486,-0.007604591939809302,-2.147709512808839,0.65,0.6397504376318507,0.49999999999999994,0.8660254037844387,0.9680771188662043,-0.2506525322587204,-0.9749279121818236,-0.2225209339563146
-0.00941921239761156,0.0,-0.02492327341994851,-0.027865552291826707,1.0076405104623831,0.65,0.6398850935858881,0.49999999999999994,0.8660254037844387,0.6513724827222223,-0.758758122692791,0.7818314824680298,0.6234898018587336
-0.022329568834719628,-0.023167036247297594,-0.012698684619547417,-0.007880366603702183,-0.13580154115906176,0.65,0.6399299789039006,0.49999999999999994,0.8660254037844387,0.48530196253108104,-0.8743466161445821,0.9749279121818236,-0.22252093395631434
-0.02449111535031037,-0.00941921239761156,0.0,-0.04200936923255461,-0.0370412716803491,0.65,0.6399748642219131,0.49999999999999994,0.8660254037844387,0.29936312297335804,-0.9541392564000488,0.43388373911755823,-0.900968867902419
0.008230726863246619,-0.02718001848105912,-0.019355541579667887,0.006579082161391044,-0.23262229526875347,0.65,0.6400197495399256,0.49999999999999994,0.8660254037844387,0.10116832198743272,-0.994869323391895,-0.433883739117558,-0.9009688679024191
0.0,-0.011409938840724174,-0.006535731122568036,0.0,-8.748304912379623,0.65,0.640064634857938,0.49999999999999994,0.8660254037844387,-0.10116832198743204,-0.9948693233918952,-0.9749279121818236,-0.2225209339563146
-0.07133752337645752,0.04173945057017003,-0.043558172307397086,-0.07133752337645752,10.158129770909708,0.65,0.640244176129988,0.49999999999999994,0.8660254037844387,-0.7907757369376986,-0.6121059825476627,0.9749279121818236,-0.22252093395631434
0.02434894181459128,-0.0335762648123872,0.0253606535224183,0.07787325449902548,-0.02950066439669799,0.65,0.6402890614480004,0.49999999999999994,0.8660254037844387,-0.8978045395707417,-0.44039415155763423,0.43388373911755823,-0.900968867902419
-0.003442279140760176,-0.011447492769102459,0.001668115212739798,-0.056966591825194285,-0.21271903397832562,0.65,0.6403339467660129,0.49999999999999994,0.8660254037844387,-0.9680771188662041,-0.2506525322587213,-0.433883739117558,-0.9009688679024191
-0.012142498846727069,-0.02329542278134716,-0.02190493611685843,0.0051590774161018125,0.06453852113757116,0.65,0.6403788320840254,0.49999999999999994,0.8660254037844387,-0.9987165071710528,-0.05064916883871355,-0.9749279121818236,-0.2225209339563146
0.02072617244601175,0.02329542278134714,-0.0034128474142441387,0.013628756427196123,0.9963334395476915,0.65,0.6405134880380627,0.49999999999999994,0.8660254037844387,-0.8486442574947509,0.5289640103269624,0.7818314824680298,0.6234898018587336
-0.04546232858245697,0.01954469549838315,0.01020416024401339,0.046289327033017746,-0.14606380877133035,0.65,0.6405583733560752,0.49999999999999994,0.8660254037844387,-0.7247927872291207,0.6889669190756859,0.9749279121818236,-0.22252093395631434
0.06744127384158057,0.0064308844141964675,0.028358719848008702,0.008044972727570649,0.008862687257845324,0.65,0.6406032586740877,0.49999999999999994,0.8660254037844387,-0.5712682150947924,0.8207634412072763,0.43388373911755823,-0.900968867902419
0.034514542017907546,0.017474614638318613,0.027576974253277896,0.017474614638318613,-1.0840134892469568,0.65,0.6406481439921002,0.49999999999999994,0.8660254037844387,-0.3943558551133187,0.9189578116202306,-0.433883739117558,-0.9009688679024191
-0.08246901068182548,-0.025519587365889163,-0.09211537775009447,-0.07519868414801997,1.9105082220043974,0.65,0.6406930293101127,0.49999999999999994,0.8660254037844387,-0.20129852008866114,0.9795299412524943,-0.9749279121818236,-0.2225209339563146
0.017391849805509754,-0.04967909678213078,0.024264538200738907,-0.015398064094184994,-2.1895322317130637,0.65,0.6408276852641501,0.8660254037844386,0.5000000000000001,0.39435585511331855,0.9189578116202306,0.7818314824680298,0.6234898018587336
0.010291675303924603,0.02680206974519458,0.011915145448068746,0.02553327557946222,-0.4228568508200336,0.65,0.6408725705821626,0.8660254037844386,0.5000000000000001,0.5712682150947923,0.8207634412072763,0.9749279121818236,-0.22252093395631434
-0.012017422993936138,-0.01666685825991736,0.006745441736164335,-0.02037419816336039,1.498212277323876,0.65,0.6409174559001751,0.8660254037844386,0.5000000000000001,0.72479278722912,0.6889669190756866,0.43388373911755823,-0.900968867902419
-0.020943154236839217,-0.00505476548361478,-0.03419151579607584,0.015319432679745646,-0.2231435513142097,0.65,0.6409623412181876,0.8660254037844386,0.5000000000000001,0.8486442574947509,0.5289640103269624,-0.433883739117558,-0.9009688679024191
0.039763135675036844,0.052643623508038986,0.03419151579607587,0.052643623508038986,-0.41284521540578695,0.65,0.6410072265362,0.8660254037844386,0.5000000000000001,0.9377521321470804,0.3473052528448203,-0.9749279121818236,-0.2225209339563146
0.0151391081694615,0.0016013943406982367,0.04919025236512245,-0.004819282006023489,-0.00743497848751809,0.65,0.6411418824902375,0.8660254037844386,0.5000000000000001,0.9680771188662043,-0.2506525322587204,0.7818314824680298,0.6234898018587336
-0.008382211007687917,-0.03087174940334951,-0.04583460784540855,-0.03440139446747581,-0.04580953603129422,0.65,0.64118676780825,0.8660254037844386,0.5000000000000001,0.8978045395707416,-0.4403941515576344,0.9749279121818236,-0.22252093395631434
-0.02385113090995963,-0.0016516447018556462,-0.006722828546159344,-0.0016681152127396915,0.7647408337469541,0.65,0.6412316531262624,0.8660254037844386,0.5000000000000001,0.7907757369376989,-0.6121059825476626,0.43388373911755823,-0.900968867902419
0.042200133839379615,0.011503931887690744,0.02003404228636293,0.016556713612781215,-2.358674559645089,0.65,0.6412765384442749,0.8660254037844386,0.5000000000000001,0.6513724827222223,-0.758758122692791,-0.433883739117558,-0.9009688679024191
-0.014987778468648611,-0.023141446868662117,-0.011637514980971455,-0.021577700159697604,-0.1670540846631662,0.65,0.6413214237622874,0.8660254037844386,0.5000000000000001,0.48530196253108104,-0.8743466161445821,-0.9749279121818236,-0.2225209339563146
-0.02893810306074266,0.034514542017907546,0.003338838271979054,-0.013513586095122257,1.2396908869280152,0.65,0.6415009650343373,0.8660254037844386,0.5000000000000001,-0.29936312297335776,-0.9541392564000489,0.9749279121818236,-0.22252093395631434
0.020513581533309774,-0.03618824077713959,-0.005012537031211045,0.006779740820238727,0.8950133334268701,0.65,0.6415458503523498,0.8660254037844386,0.5000000000000001,-0.4853019625310808,-0.8743466161445822,0.43388373911755823,-0.900968867902419
0.0,0.0,-0.0101010862558781,0.005054765483614699,-0.40546510810816444,0.65,0.6415907356703623,0.8660254037844386,0.5000000000000001,-0.6513724827222217,-0.7587581226927913,-0.433883739117558,-0.9009688679024191
0.0,-0.003355644519713877,0.006745441736164335,-0.00674544173616426,-0.7598385550586176,0.65,0.6416356209883748,0.8660254037844386,0.5000000000000001,-0.7907757369376986,-0.6121059825476627,-0.9749279121818236,-0.2225209339563146
-0.015345554702537852,0.0100335782941048,-0.0033671840264454856,-0.015345554702537852,1.0986122886681098,0.65,0.6417702769424122,0.8660254037844386,0.5000000000000001,-0.9987165071710528,-0.05064916883871355,0.7818314824680298,0.6234898018587336
0.011955784953424897,-0.0016653967431798213,-0.0016875814571691893,0.017036230955087345,-0.7282385003712154,0.65,0.6418151622604247,0.8660254037844386,0.5000000000000001,-0.9884683243281114,0.15142777750457667,0.9749279121818236,-0.22252093395631434
-0.0068143904949003594,-0.005012537031211045,-0.01018683479192302,0.0016875814571692845,-1.5976034547870974,0.65,0.6418600475784372,0.8660254037844386,0.5000000000000001,-0.9377521321470804,0.3473052528448203,0.43388373911755823,-0.900968867902419
-0.005141394458524434,-0.006722828546159344,-0.006849396163164345,0.0,0.7221347174331975,0.65,0.6419049328964496,0.8660254037844386,0.5000000000000001,-0.8486442574947509,0.5289640103269624,-0.433883739117558,-0.9009688679024191
0.017036230955087345,-0.0016875814571691893,0.017036230955087345,-0.0016875814571691893,-1.252762968495368,0.65,0.6419498182144621,0.8660254037844386,0.5000000000000001,-0.7247927872291207,0.6889669190756859,-0.9749279121818236,-0.2225209339563146
-0.001690676252549447,0.03811553636456179,0.013422947034539615,0.034858324211056134,1.6094379124341003,0.65,0.6420844741684996,1.0,6.123233995736766e-17,0.39435585511331855,0.9189578116202306,0.7818314824680298,0.6234898018587336
-0.013628756427196237,0.006483114415906468,0.0016653967431797972,-0.014790722353754109,1.4861396960896067,0.65,0.642129359486512,1.0,6.123233995736766e-17,0.5712682150947923,0.8207634412072763,0.9749279121818236,-0.22252093395631434
-0.0017167982753417412,-0.02784803563486002,-0.0016653967431798213,-0.037103832812389444,-0.5003229015668416,0.65,0.6421742448045245,1.0,6.123233995736766e-17,0.72479278722912,0.6889669190756866,0.43388373911755823,-0.900968867902419
-0.0068966960017906465,-0.004995783323808262,-0.0016681152127396915,-0.0017198122950284047,-0.6783320947748046,0.65,0.642219130122537,1.0,6.123233995736766e-17,0.8486442574947509,0.5289640103269624,-0.433883739117558,-0.9009688679024191
-0.0069442794028697985,0.0,-0.03915390165925746,0.030510875071915692,-0.6359887667199967,0.65,0.6422640154405495,1.0,6.123233995736766e-17,0.9377521321470804,0.3473052528448203,-0.9749279121818236,-0.2225209339563146
0.005212864681549495,-0.011754831821799953,0.012079637157711903,-0.037419173499998154,-0.750305594399894,0.65,0.6423986713945868,1.0,6.123233995736766e-17,0.9680771188662043,-0.2506525322587204,0.7818314824680298,0.6234898018587336
0.0017314147213201318,0.011754831821800066,0.01869205349385782,0.008628110723110781,0.750305594399894,0.65,0.6424435567125993,1.0,6.123233995736766e-17,0.8978045395707416,-0.4403941515576344,0.9749279121818236,-0.22252093395631434
0.018852480955215346,0.027985514872291933,0.036367725879979794,0.011955784953424897,-0.40546510810816444,0.65,0.6424884420306118,1.0,6.123233995736766e-17,0.7907757369376989,-0.6121059825476626,0.43388373911755823,-0.900968867902419
-0.025796760358085202,-0.009787996087313015,-0.02298973154848355,-0.0068143904949003594,0.7137664677626809,0.65,0.6425333273486243,1.0,6.123233995736766e-17,0.6513724827222223,-0.758758122692791,-0.433883739117558,-0.9009688679024191
0.020690371567824852,-0.028264769149609598,-0.015063033688439021,0.0017080017046399744,-1.252762968495368,0.65,0.6425782126666368,1.0,6.123233995736766e-17,0.48530196253108104,-0.8743466161445821,-0.9749279121818236,-0.2225209339563146
-0.012017422993936138,0.0,-0.013582417953732183,0.0034070939716842417,1.6916760106710724,0.65,0.6427128686206742,1.0,6.123233995736766e-17,-0.10116832198743204,-0.9948693233918952,0.7818314824680298,0.6234898018587336
0.020513581533309774,0.036427954907392555,0.01189483649656297,0.025190224621169294,-1.3862943611198906,0.65,0.6427577539386867,1.0,6.123233995736766e-17,-0.29936312297335776,-0.9541392564000489,0.9749279121818236,-0.22252093395631434
0.0016906762525493993,-0.0032572121535054967,0.016750615145608362,-0.004987536766390735,1.5664205273504097,0.65,0.6428026392566992,1.0,6.123233995736766e-17,-0.4853019625310808,-0.8743466161445822,0.43388373911755823,-0.900968867902419
-0.001690676252549447,-0.01976998043333671,-0.0033276681110686207,-0.0083681815509249,-1.0451236037171234,0.65,0.6428475245747116,1.0,6.123233995736766e-17,-0.6513724827222217,-0.7587581226927913,-0.433883739117558,-0.9009688679024191
0.011774785015110192,0.029510307002748714,0.004987536766390722,0.02161327811184444,-0.06453852113757118,0.65,0.6428924098927241,1.0,6.123233995736766e-17,-0.7907757369376986,-0.6121059825476627,-0.9749279121818236,-0.2225209339563146
-0.013468385110222329,-0.022877027036936205,0.0033111399426016177,-0.030052319943120926,0.5306282510621704,0.65,0.6430270658467616,1.0,6.123233995736766e-17,-0.9987165071710528,-0.05064916883871355,0.7818314824680298,0.6234898018587336
-0.025752473964799523,-0.0251059000911937,-0.04565455070041009,0.0,-0.6359887667199967,0.65,0.643071951164774,1.0,6.123233995736766e-17,-0.9884683243281114,0.15142777750457667,0.9749279121818236,-0.22252093395631434
0.017241913815898208,0.0033842763476615843,0.022242250704328448,-0.006802558444261388,0.3417492937220567,0.65,0.6431168364827865,1.0,6.123233995736766e-17,-0.9377521321470804,0.3473052528448203,0.43388373911755823,-0.900968867902419
0.0017080017046399744,0.0445986507804683,0.006745441736164335,0.0,0.719122666963206,0.65,0.643161721800799,1.0,6.123233995736766e-17,-0.8486442574947509,0.5289640103269624,-0.433883739117558,-0.9009688679024191
-0.01721223504553448,-0.02784803563486002,-0.008439041831276346,0.015241600275537755,-1.221214610760442,0.65,0.6432066071188115,1.0,6.123233995736766e-17,-0.7247927872291207,0.6889669190756859,-0.9749279121818236,-0.2225209339563146
0.006920559741609922,-0.004995783323808262,-0.015371766902454087,0.006700066338185244,-0.7375989431307791,0.65,0.6433412630728489,1.0,6.123233995736766e-17,-0.20129852008866114,0.9795299412524943,0.7818314824680298,0.6234898018587336
-0.013889285067315484,0.014913211773659283,0.03716652705104613,-0.04612262698496307,1.8647846042429448,0.65,0.6433861483908614,1.0,6.123233995736766e-17,-2.4492935982947064e-16,1.0,0.9749279121818236,-0.22252093395631434
0.0017467862205883269,-0.009917428449851017,-0.05103149274350507,0.019048362483417312,-0.33085424431698957,0.65,0.6434310337088739,0.8660254037844387,-0.4999999999999998,0.20129852008866006,0.9795299412524945,0.43388373911755823,-0.900968867902419
0.04604395597711438,0.026231106353553614,0.04937162408818298,0.04198747627520488,0.46262352194811296,0.65,0.6434759190268864,0.8660254037844387,-0.4999999999999998,0.39435585511331855,0.9189578116202306,-0.433883739117558,-0.9009688679024191
-0.0321789902846554,-0.006493639769815084,-0.0033276681110686207,-0.026668043595459285,-0.4824261492442928,0.65,0.6435208043448988,0.8660254037844387,-0.4999999999999998,0.5712682150947923,0.8207634412072763,-0.9749279121818236,-0.2225209339563146
0.006861206753552743,0.03363015641701071,0.008298676708992411,-0.01018683479192302,0.058268908123975824,0.65,0.6436554602989363,0.8660254037844387,-0.4999999999999998,0.9377521321470804,0.3473052528448203,0.7818314824680298,0.6234898018587336
-0.008583673599284601,-0.07519868414801997,-0.026802069745194584,-0.008569208458192663,-0.1861022796338606,0.65,0.6437003456169488,0.8660254037844387,-0.4999999999999998,0.9884683243281114,0.1514277775045767,0.9749279121818236,-0.22252093395631434
0.003442279140760088,0.04319598236622434,-0.011955784953424857,0.03716652705104613,-0.45198512374305727,0.65,0.6437452309349612,0.8660254037844387,-0.4999999999999998,0.9987165071710528,-0.05064916883871264,0.43388373911755823,-0.900968867902419
0.02209099643870221,0.008097202729280653,0.030459177989626992,0.0033111399426016177,0.6931471805599453,0.65,0.6437901162529737,0.8660254037844387,-0.4999999999999998,0.9680771188662043,-0.2506525322587204,-0.433883739117558,-0.9009688679024191
-0.018660587184233083,-0.032789792059302734,0.0,-0.03190845853545506,0.965080896043587,0.65,0.6439696575250236,0.8660254037844387,-0.4999999999999998,0.48530196253108104,-0.8743466161445821,0.7818314824680298,0.6234898018587336
0.010221545352956675,0.008298676708992411,-0.01173536557737043,0.008496158539373496,-0.9473813189441862,0.65,0.644014542843036,0.8660254037844387,-0.4999999999999998,0.29936312297335804,-0.9541392564000488,0.9749279121818236,-0.22252093395631434
0.010118121622545126,0.04366101393441035,0.011735365577370394,0.0670733139304918,-1.0986122886681098,0.65,0.6440594281610486,0.8660254037844387,-0.4999999999999998,0.10116832198743272,-0.994869323391895,0.43388373911755823,-0.900968867902419
0.02321850533189525,-0.01434286227997668,0.02631739965955214,-0.01434286227997668,0.7691330875378674,0.65,0.644104313479061,0.8660254037844387,-0.4999999999999998,-0.10116832198743204,-0.9948693233918952,-0.433883739117558,-0.9009688679024191
0.0322607151841291,0.04549811198896526,0.02247271909681621,0.04549811198896526,1.1462403376573644,0.65,0.6441491987970736,0.8660254037844387,-0.4999999999999998,-0.29936312297335776,-0.9541392564000489,-0.9749279121818236,-0.2225209339563146
0.012618452570355177,0.004590669186540198,0.038915490782563254,-0.010794234415821285,-0.150282203049338,0.65,0.6442838547511109,0.8660254037844387,-0.4999999999999998,-0.7907757369376986,-0.6121059825476627,0.7818314824680298,0.6234898018587336
-0.018987895052248405,0.013647008239407312,0.0,0.00925931621435227,-0.7021970160798633,0.65,0.6443287400691234,0.8660254037844387,-0.4999999999999998,-0.8978045395707417,-0.44039415155763423,0.9749279121818236,-0.22252093395631434
0.04528493326445658,0.01643041787804445,0.010630201864996355,0.03472032883915048,0.7288652631620246,0.65,0.6443736253871359,0.8660254037844387,-0.4999999999999998,-0.9680771188662041,-0.2506525322587213,0.43388373911755823,-0.900968867902419
0.022642561501487465,0.04348507135785213,0.04142611023918017,0.0449677560241626,0.393700266528578,0.65,0.6444185107051484,0.8660254037844387,-0.4999999999999998,-0.9987165071710528,-0.05064916883871355,-0.433883739117558,-0.9009688679024191
-0.030305536726448135,0.009880200079940778,0.031386385451068304,0.001417534698651467,-0.8394392737746824,0.65,0.6444633960231608,0.8660254037844387,-0.4999999999999998,-0.9884683243281114,0.15142777750457667,-0.9749279121818236,-0.2225209339563146
0.04512039644305036,-0.005633913067525568,-0.021292479032242396,0.002828752313763917,-0.28312625591592017,0.65,0.6445980519771983,0.8660254037844387,-0.4999999999999998,-0.7247927872291207,0.6889669190756859,0.7818314824680298,0.6234898018587336
0.0,0.0,0.01141227895230157,-0.019972011782448597,1.0099466515824536,0.65,0.6446429372952108,0.8660254037844387,-0.4999999999999998,-0.5712682150947924,0.8207634412072763,0.9749279121818236,-0.22252093395631434
0.0044020577045435685,0.008438961181205244,-0.03170301855267085,-0.005780460601094195,-0.906405972641613,0.65,0.6446878226132232,0.8660254037844387,-0.4999999999999998,-0.3943558551133187,0.9189578116202306,0.43388373911755823,-0.900968867902419
0.0,-0.0028050481136797315,0.027438623668317834,0.031386385451068304,-0.7096764825111559,0.65,0.6447327079312357,0.8660254037844387,-0.4999999999999998,-0.20129852008866114,0.9795299412524943,-0.433883739117558,-0.9009688679024191
0.024585659485285266,0.004204627067041945,0.014144594964293744,-0.004222380629188469,0.8183103235139513,0.65,0.6447775932492482,0.5000000000000003,-0.8660254037844385,0.20129852008866006,0.9795299412524945,-0.9749279121818236,-0.2225209339563146
0.03646964318822295,0.18929021916312,0.19349484623016192,0.09543830132272099,1.8278644738701713,0.65,0.6449122492032856,0.5000000000000003,-0.8660254037844385,0.72479278722912,0.6889669190756866,0.7818314824680298,0.6234898018587336
0.019100056078302594,-0.03174875172375948,-0.10227892553662936,0.05001055029583577,-0.9721983638124511,0.65,0.6449571345212981,0.5000000000000003,-0.8660254037844385,0.8486442574947509,0.5289640103269624,0.9749279121818236,-0.22252093395631434
0.04879021479886305,-0.007194268847012137,0.024067093795625678,-0.02719580358270679,-0.1848246870120731,0.65,0.6450020198393106,0.5000000000000003,-0.8660254037844385,0.9377521321470804,0.3473052528448203,0.43388373911755823,-0.900968867902419
0.032914333773494696,0.004802011119260208,0.03444362942986265,0.03084766018598948,-0.5862840350175841,0.65,0.6450469051573231,0.5000000000000003,-0.8660254037844385,0.9884683243281114,0.1514277775045767,-0.433883739117558,-0.9009688679024191
-0.02906076799802422,-0.035348122842597286,-0.025720929982967683,-0.05110158838269952,0.47505839990735965,0.65,0.6450917904753356,0.5000000000000003,-0.8660254037844385,0.9987165071710528,-0.05064916883871264,-0.9749279121818236,-0.2225209339563146
0.017789525394828296,0.00495058908074403,-0.015000267847692325,0.03517956380684535,-1.5210269550900473,0.65,0.645226446429373,0.5000000000000003,-0.8660254037844385,0.7907757369376989,-0.6121059825476626,0.7818314824680298,0.6234898018587336
0.007528259664597166,0.025595522642593144,0.03465699013805961,-0.01242259726383907,0.3794896217049037,0.65,0.6452713317473855,0.5000000000000003,-0.8660254037844385,0.6513724827222223,-0.758758122692791,0.9749279121818236,-0.22252093395631434
-0.06453846153292463,-0.038018119906432245,-0.027128730473462332,-0.057894019865844366,0.25423413838424086,0.65,0.645316217065398,0.5000000000000003,-0.8660254037844385,0.48530196253108104,-0.8743466161445821,0.43388373911755823,-0.900968867902419
0.0026630197693163033,-0.04997841797557082,-0.057894019865844366,0.007915601890273563,-2.2823823856765264,0.65,0.6453611023834104,0.5000000000000003,-0.8660254037844385,0.29936312297335804,-0.9541392564000488,-0.433883739117558,-0.9009688679024191
0.022354812654294003,0.04245015831097361,0.01837339075652994,0.019519238142502827,0.1823215567939546,0.65,0.6454059877014229,0.5000000000000003,-0.8660254037844385,0.10116832198743272,-0.994869323391895,-0.9749279121818236,-0.2225209339563146
0.001299451123001571,-0.0050504206862234426,0.014202844049888957,0.01788049948224726,2.3191143949452564,0.65,0.6455406436554604,0.5000000000000003,-0.8660254037844385,-0.4853019625310808,-0.8743466161445822,0.7818314824680298,0.6234898018587336
0.01290339292688759,0.0,0.012739104708604765,-0.008900331914828148,0.16579225484274404,0.65,0.6455855289734728,0.5000000000000003,-0.8660254037844385,-0.6513724827222217,-0.7587581226927913,0.9749279121818236,-0.22252093395631434
-0.012903392926887598,0.03605110312723433,-0.025642497635492253,0.020228321001849188,-0.2876820724517809,0.65,0.6456304142914853,0.5000000000000003,-0.8660254037844385,-0.7907757369376986,-0.6121059825476627,0.43388373911755823,-0.900968867902419
0.02690742825876711,-0.012285243332236871,0.0494083574304898,-0.0037617562106825302,-0.9444616088408514,0.65,0.6456752996094978,0.5000000000000003,-0.8660254037844385,-0.8978045395707417,-0.44039415155763423,-0.433883739117558,-0.9009688679024191
0.042085467998946115,0.031632951581515675,0.01958453882722352,0.041826388281424806,0.4212134650763035,0.65,0.6457201849275103,0.5000000000000003,-0.8660254037844385,-0.9680771188662041,-0.2506525322587213,-0.9749279121818236,-0.2225209339563146
0.0120484127542921,0.046792032772964585,0.0120484127542921,0.013166118007341637,1.6462518855568167,0.65,0.6458997261995602,0.5000000000000003,-0.8660254037844385,-0.8486442574947509,0.5289640103269624,0.9749279121818236,-0.22252093395631434
0.016627360263382497,0.022599971657545678,0.016627360263382497,0.018846156110438116,-1.0011139241832319,0.65,0.6459446115175727,0.5000000000000003,-0.8660254037844385,-0.7247927872291207,0.6889669190756859,0.43388373911755823,-0.900968867902419
0.01867038616750111,-0.01690187437281513,0.03130695771209893,0.020785948873934722,0.6682496289382182,0.65,0.6459894968355852,0.5000000000000003,-0.8660254037844385,-0.5712682150947924,0.8207634412072763,-0.433883739117558,-0.9009688679024191
0.010350858505852538,0.018018408258084852,0.0,0.019242389456821288,-0.9949338591932682,0.65,0.6460343821535977,0.5000000000000003,-0.8660254037844385,-0.3943558551133187,0.9189578116202306,-0.9749279121818236,-0.2225209339563146
0.04255957350027587,0.0783242803911174,0.046831254856539405,0.08279839647711126,1.5533484457830569,0.65,0.646169038107635,1.2246467991473532e-16,-1.0,0.20129852008866006,0.9795299412524945,0.7818314824680298,0.6234898018587336
-0.03458241220928713,0.021440310883154224,0.07550755675803075,-0.04863540705738385,1.9059748949641633,0.65,0.6462139234256475,1.2246467991473532e-16,-1.0,0.39435585511331855,0.9189578116202306,0.9749279121818236,-0.22252093395631434
-0.012564320782747707,-0.09531016535471394,-0.10648353560321303,-0.059135966204536296,-1.9011787227006702,0.65,0.64625880874366,1.2246467991473532e-16,-1.0,0.5712682150947923,0.8207634412072763,0.43388373911755823,-0.900968867902419
0.0057305873279877,-0.005570959804827417,-0.003376477426671385,0.024972976784809028,-0.25473791673242685,0.65,0.6463036940616724,1.2246467991473532e-16,-1.0,0.72479278722912,0.6889669190756866,-0.433883739117558,-0.9009688679024191
-0.0057305873279876116,0.01771900371194049,0.026697891582283508,0.001120286937520683,-0.18975653528147268,0.65,0.6463485793796849,1.2246467991473532e-16,-1.0,0.8486442574947509,0.5289640103269624,-0.9749279121818236,-0.2225209339563146
0.015963754453482318,0.003287671359467923,0.0,0.023243970334611983,-0.05365271349232014,0.65,0.6464832353337224,1.2246467991473532e-16,-1.0,0.9987165071710528,-0.05064916883871264,0.7818314824680298,0.6234898018587336
-0.004535069840764294,0.003276975985678451,0.006564647345146148,-0.0076879569764704385,-0.19979618731721863,0.65,0.6465281206517348,1.2246467991473532e-16,-1.0,0.9680771188662043,-0.2506525322587204,0.9749279121818236,-0.22252093395631434
-0.017192383626811508,-0.0021834049350540116,-0.010964932962148826,0.007687956976470369,0.8730619973233349,0.65,0.6465730059697473,1.2246467991473532e-16,-1.0,0.8978045395707416,-0.4403941515576344,0.43388373911755823,-0.900968867902419
0.028491847555955,-0.0010935710506242635,0.007687956976470369,-0.024364257272132622,-1.1107336492004545,0.65,0.6466178912877598,1.2246467991473532e-16,-1.0,0.7907757369376989,-0.6121059825476626,-0.433883739117558,-0.9009688679024191
0.003365115180468126,-0.006586187164677378,-0.013216039939493485,0.0067039287572929,0.4054651081081644,0.65,0.6466627766057723,1.2246467991473532e-16,-1.0,0.6513724827222223,-0.758758122692791,-0.9749279121818236,-0.2225209339563146
0.0055836418197722296,-0.0011017698117930697,-0.0022196753270874573,0.0033351858584753317,-0.05001042057466142,0.65,0.6467974325598097,1.2246467991473532e-16,-1.0,0.10116832198743272,-0.994869323391895,0.7818314824680298,0.6234898018587336
-0.03513113699648827,0.0033021460160661403,0.0033277869243214537,-0.038466322854963673,0.3617900446055028,0.65,0.6468423178778222,1.2246467991473532e-16,-1.0,-0.10116832198743204,-0.9948693233918952,0.9749279121818236,-0.22252093395631434
-0.018626913643125534,-0.016620864111004097,-0.03493317774182458,-0.016279413040766442,-0.12001767345779983,0.65,0.6468872031958347,1.2246467991473532e-16,-1.0,-0.29936312297335776,-0.9541392564000489,0.43388373911755823,-0.900968867902419
0.010520250998787681,-0.013498584554862868,0.0011462128278760917,0.008172750396428589,-1.1972838161751393,0.65,0.6469320885138472,1.2246467991473532e-16,-1.0,-0.4853019625310808,-0.8743466161445822,-0.433883739117558,-0.9009688679024191
-0.008172750396428705,-0.00910138710268275,0.0022882465272540493,-0.0034944674472227443,0.28768207245178085,0.65,0.6469769738318596,1.2246467991473532e-16,-1.0,-0.6513724827222217,-0.7587581226927913,-0.9749279121818236,-0.2225209339563146
-0.050491441266158975,-0.01729148142671191,-0.01729148142671191,-0.04779869124309881,0.8109302162163288,0.65,0.6471116297858971,1.2246467991473532e-16,-1.0,-0.9680771188662041,-0.2506525322587213,0.7818314824680298,0.6234898018587336
-0.07155051057520183,-0.058664191662587614,-0.06237027184920071,-0.06184948094897408,-0.48643417064183153,0.65,0.6471565151039096,1.2246467991473532e-16,-1.0,-0.9987165071710528,-0.05064916883871355,0.9749279121818236,-0.22252093395631434
0.030008933593669237,-0.0049444692311436085,-0.03526819558216978,0.015504172207925323,0.9186974719047201,0.65,0.647201400421922,1.2246467991473532e-16,-1.0,-0.9884683243281114,0.15142777750457667,0.43388373911755823,-0.900968867902419
-0.0025740935608929666,0.011090675941079061,0.00511518721982538,-0.0025673012127496266,-0.91869747190472,0.65,0.6472462857399345,1.2246467991473532e-16,-1.0,-0.9377521321470804,0.3473052528448203,-0.433883739117558,-0.9009688679024191
0.0254467323585856,0.04317213112466819,0.015190150365117666,0.09085991481613609,-0.9848534033114518,0.65,0.647291171057947,1.2246467991473532e-16,-1.0,-0.8486442574947509,0.5289640103269624,-0.9749279121818236,-0.2225209339563146
0.032141177947944716,0.008182470895809908,0.07616974691425325,-0.027366259794174033,1.4712875739532831,0.65,0.6474258270119844,1.2246467991473532e-16,-1.0,-0.3943558551133187,0.9189578116202306,0.7818314824680298,0.6234898018587336
-0.027128730473462332,-0.033139179533338704,-0.033139179533338704,-0.009697209834305002,0.04348511193973889,0.65,0.6474707123299969,1.2246467991473532e-16,-1.0,-0.20129852008866114,0.9795299412524943,0.9749279121818236,-0.22252093395631434
0.0012493075795894169,0.002403759173153714,0.0,-0.014724179471305368,-1.259880436264232,0.65,0.6475155976480094,-0.4999999999999997,-0.8660254037844388,0.20129852008866006,0.9795299412524945,0.43388373911755823,-0.900968867902419
-0.029134393851764417,-0.03419124603053178,-0.035521152753436765,-0.039072265716351834,0.5306282510621704,0.65,0.6475604829660219,-0.4999999999999997,-0.8660254037844388,0.39435585511331855,0.9189578116202306,-0.433883739117558,-0.9009688679024191
0.0,-0.0315484181084796,-0.03038205342517062,0.0025673012127496327,-0.8873031950009028,0.65,0.6477400242380718,-0.4999999999999997,-0.8660254037844388,0.9377521321470804,0.3473052528448203,0.7818314824680298,0.6234898018587336
-0.020780041122952703,-0.0025673012127496266,-0.0025740935608929666,-0.02334734233570233,0.8574502318512216,0.65,0.6477849095560843,-0.4999999999999997,-0.8660254037844388,0.9884683243281114,0.1514277775045767,0.9749279121818236,-0.22252093395631434
-0.0026280258235287573,-0.001286264562720817,-0.007761998153245068,0.0,-0.42845462633286313,0.65,0.6478297948740968,-0.4999999999999997,-0.8660254037844388,0.9987165071710528,-0.05064916883871264,0.43388373911755823,-0.900968867902419
-0.003955175740265623,0.0,-0.01702715097260911,0.01433247954344807,-0.5031035776720805,0.65,0.6478746801921093,-0.4999999999999997,-0.8660254037844388,0.9680771188662043,-0.2506525322587204,-0.433883739117558,-0.9009688679024191
0.028647671263750733,0.022901833413656317,0.028647671263750733,0.028063130430440338,-0.03922071315328127,0.65,0.6479195655101216,-0.4999999999999997,-0.8660254037844388,0.8978045395707416,-0.4403941515576344,-0.9749279121818236,-0.2225209339563146
-0.01813519524107019,0.00751882500082888,0.027849965274760767,-0.012658475380144724,0.6097655716208943,0.65,0.6480542214641591,-0.4999999999999997,-0.8660254037844388,0.48530196253108104,-0.8743466161445821,0.7818314824680298,0.6234898018587336
0.04847883587484023,0.04754089916459044,0.004981325469464841,0.06771819954556407,0.06317890162153167,0.65,0.6480991067821716,-0.4999999999999997,-0.8660254037844388,0.29936312297335804,-0.9541392564000488,0.9749279121818236,-0.22252093395631434
0.05688175458097025,0.12411221180542008,0.05908886029150931,0.015357725231336503,3.631120619961744,0.65,0.648143992100184,-0.4999999999999997,-0.8660254037844388,0.10116832198743272,-0.994869323391895,0.43388373911755823,-0.900968867902419
-0.013025800280147114,-0.05957374920812769,0.007001189031381565,-0.009422995253796739,-2.7026593524673337,0.65,0.6481888774181965,-0.4999999999999997,-0.8660254037844388,-0.10116832198743204,-0.9948693233918952,-0.433883739117558,-0.9009688679024191
-0.009580817332989603,-0.03290132432518938,-0.017595745650225425,-0.010708089805556294,0.14256306465487048,0.65,0.648233762736209,-0.4999999999999997,-0.8660254037844388,-0.29936312297335776,-0.9541392564000489,-0.9749279121818236,-0.2225209339563146
-0.06077508644943863,-0.013937577605060621,0.011764830689502471,-0.037786213867109286,0.827115540637346,0.65,0.6483684186902464,-0.4999999999999997,-0.8660254037844388,-0.7907757369376986,-0.6121059825476627,0.7818314824680298,0.6234898018587336
0.02400627412259572,-0.01058209954104666,-0.03936103693775979,0.024541085222346,-1.089479805104837,0.65,0.6484133040082589,-0.4999999999999997,-0.8660254037844388,-0.8978045395707417,-0.44039415155763423,0.9749279121818236,-0.22252093395631434
0.03315217528704774,0.030270036573351408,0.02877893739671327,0.018018488472779662,-0.3184537311185346,0.65,0.6484581893262714,-0.4999999999999997,-0.8660254037844388,-0.9680771188662041,-0.2506525322587213,0.43388373911755823,-0.900968867902419
-0.009708717630226784,0.02826649274153483,0.007067160673785595,-0.019231430543501574,0.47000362924573563,0.65,0.6485030746442839,-0.4999999999999997,-0.8660254037844388,-0.9987165071710528,-0.05064916883871355,-0.433883739117558,-0.9009688679024191
0.008500172929652258,-0.0573551109212735,-0.010619558968539236,0.0036341619653845144,0.15191604202584197,0.65,0.6485479599622964,-0.4999999999999997,-0.8660254037844388,-0.9884683243281114,0.15142777750457667,-0.9749279121818236,-0.2225209339563146
0.014405999073359033,0.0035356512557808174,0.008269467944147277,0.027431799353506335,-1.2427461902518966,0.65,0.6486826159163338,-0.4999999999999997,-0.8660254037844388,-0.7247927872291207,0.6889669190756859,0.7818314824680298,0.6234898018587336
0.007125999482297833,0.023256838951100364,0.00820147740515337,0.017493139937006994,0.8135108628098204,0.65,0.6487275012343463,-0.4999999999999997,-0.8660254037844388,-0.5712682150947924,0.8207634412072763,0.9749279121818236,-0.22252093395631434
0.0070754946514376225,0.03278971143722286,0.0034944674472228683,0.03855341045131624,-0.3552032733272762,0.65,0.6487723865523588,-0.4999999999999997,-0.8660254037844388,-0.3943558551133187,0.9189578116202306,0.43388373911755823,-0.900968867902419
0.024377273070369476,-0.0011128058951210282,0.04323779964082608,-0.004459152451689534,-0.21217451994363576,0.65,0.6488172718703712,-0.4999999999999997,-0.8660254037844388,-0.20129852008866114,0.9795299412524943,-0.433883739117558,-0.9009688679024191
-0.10383262375734172,0.07712600007492537,0.0,-0.058671245646559456,2.4788276037116184,0.65,0.6488621571883837,-0.4999999999999997,-0.8660254037844388,-2.4492935982947064e-16,1.0,-0.9749279121818236,-0.2225209339563146
0.08062974785777596,-0.07490138682666658,-0.045566087267871695,0.062017592203128025,-1.1878434223960523,0.65,0.6489968131424212,-0.8660254037844385,-0.5000000000000004,0.5712682150947923,0.8207634412072763,0.7818314824680298,0.6234898018587336
0.023202875899565666,0.01762166277643852,0.06541236329256901,-0.0067039287572928504,-0.6635883783184009,0.65,0.6490416984604336,-0.8660254037844385,-0.5000000000000004,0.72479278722912,0.6889669190756866,0.9749279121818236,-0.22252093395631434
0.006857163560267743,-0.01762166277643841,-0.0265502047819901,-0.01127414584922686,-0.921156921525328,0.65,0.6490865837784461,-0.8660254037844385,-0.5000000000000004,0.8486442574947509,0.5289640103269624,0.43388373911755823,-0.900968867902419
0.005678682897545152,0.0,0.005589643929583336,0.014631728049951023,0.29376111852816317,0.65,0.6491314690964586,-0.8660254037844385,-0.5000000000000004,0.9377521321470804,0.3473052528448203,-0.433883739117558,-0.9009688679024191
0.002262442207280426,0.0022196753270873866,0.0033388980759683543,0.0022320617288589593,0.9694005571881035,0.65,0.6491763544144711,-0.8660254037844385,-0.5000000000000004,0.9884683243281114,0.1514277775045767,-0.9749279121818236,-0.2225209339563146
0.006756775931982309,0.0033204207458222995,0.0022196753270873866,0.0033388980759683543,-1.7186372043990923,0.65,0.6493110103685085,-0.8660254037844385,-0.5000000000000004,0.8978045395707416,-0.4403941515576344,0.7818314824680298,0.6234898018587336
0.0,0.0,0.0033204207458222995,0.0,0.6931471805599453,0.65,0.649355895686521,-0.8660254037844385,-0.5000000000000004,0.7907757369376989,-0.6121059825476626,0.9749279121818236,-0.22252093395631434
-0.001123044028071455,0.0,-0.0011054241036348878,0.0,-0.1670540846631662,0.65,0.6494007810045335,-0.8660254037844385,-0.5000000000000004,0.6513724827222223,-0.758758122692791,0.43388373911755823,-0.900968867902419
0.003365115180468126,-0.0011054241036348878,-0.012242927037305966,0.0,0.24116205681688804,0.65,0.649445666322546,-0.8660254037844385,-0.5000000000000004,0.48530196253108104,-0.8743466161445821,-0.433883739117558,-0.9009688679024191
-0.0022420711523965524,-0.004434671969275009,0.007808255068030984,0.0,0.11778303565638346,0.65,0.6494905516405585,-0.8660254037844385,-0.5000000000000004,0.29936312297335804,-0.9541392564000488,-0.9749279121818236,-0.2225209339563146
-0.05894256229642258,-0.035051686346227,-0.05480826671706892,-0.035051686346227,0.18759861389479834,0.65,0.6496252075945959,-0.8660254037844385,-0.5000000000000004,-0.29936312297335776,-0.9541392564000489,0.7818314824680298,0.6234898018587336
0.02353047562776516,0.0,0.019756580370841954,-0.004613531458227065,-0.8043728156701697,0.65,0.6496700929126084,-0.8660254037844385,-0.5000000000000004,-0.4853019625310808,-0.8743466161445822,0.9749279121818236,-0.22252093395631434
-0.023530475627765203,-0.019756580370841825,-0.03394120217062304,-0.021028791192787836,0.44393138893596046,0.65,0.6497149782306209,-0.8660254037844385,-0.5000000000000004,-0.6513724827222217,-0.7587581226927913,0.43388373911755823,-0.900968867902419
0.0,0.013986311933242724,0.0,0.01987205421341581,-0.23262229526875347,0.65,0.6497598635486332,-0.8660254037844385,-0.5000000000000004,-0.7907757369376986,-0.6121059825476627,-0.433883739117558,-0.9009688679024191
0.0035650628312420235,0.03525099497899879,0.010657284544895063,0.024014852631416082,0.8574502318512216,0.65,0.6498047488666457,-0.8660254037844385,-0.5000000000000004,-0.8978045395707417,-0.44039415155763423,-0.9749279121818236,-0.2225209339563146
0.03611346638700668,0.016620864111004108,0.02902124467335361,0.022347198225319786,0.10536051565782635,0.65,0.6499394048206832,-0.8660254037844385,-0.5000000000000004,-0.9884683243281114,0.15142777750457667,0.7818314824680298,0.6234898018587336
0.010244814938911216,-0.005509808233266887,0.03485445537151127,-0.0022123091485883716,-0.7884573603642702,0.65,0.6499842901386956,-0.8660254037844385,-0.5000000000000004,-0.9377521321470804,0.3473052528448203,0.9749279121818236,-0.22252093395631434
0.0033918274384402486,-0.006651903426047637,-0.017837531626862163,-0.0190055038455715,-0.2484613592984996,0.65,0.6500291754567081,-0.8660254037844385,-0.5000000000000004,-0.8486442574947509,0.5289640103269624,0.43388373911755823,-0.900968867902419
-0.011350929338606205,-0.0011128058951210282,-0.009039762453660545,-0.011350929338606205,-0.2962658161431724,0.65,0.6500740607747206,-0.8660254037844385,-0.5000000000000004,-0.7247927872291207,0.6889669190756859,-0.433883739117558,-0.9009688679024191
-0.0011422852025168393,-0.005583641819772243,-0.004550547933672126,0.016978320039428695,0.963437510299857,0.65,0.6501189460927331,-0.8660254037844385,-0.5000000000000004,-0.5712682150947924,0.8207634412072763,-0.9749279121818236,-0.2225209339563146
0.0011422852025167298,0.004469356992062682,0.02254884786531671,-0.014697901036807777,-0.7753852787969174,0.65,0.6502536020467705,-0.8660254037844385,-0.5000000000000004,-2.4492935982947064e-16,1.0,0.7818314824680298,0.6234898018587336
0.0,-0.0191339361016741,-0.020270944779137542,0.0022753930795928142,-0.916290731874155,0.65,0.650298487364783,-1.0,-1.8369701987210297e-16,0.20129852008866006,0.9795299412524945,0.9749279121818236,-0.22252093395631434
0.004555812082213534,0.009049826732992556,0.010186835410455923,0.0022701463228641202,0.5389965007326869,0.65,0.6503433726827955,-1.0,-1.8369701987210297e-16,0.39435585511331855,0.9189578116202306,0.43388373911755823,-0.900968867902419
0.0022701463228641202,0.006734025694352132,0.006734025694352132,0.01015236163435085,0.6931471805599453,0.65,0.650388258000808,-1.0,-1.8369701987210297e-16,0.5712682150947923,0.8207634412072763,-0.433883739117558,-0.9009688679024191
0.009029317606279372,0.0033500836743294788,0.0011180219454704943,0.0044793664156001795,-0.40546510810816444,0.65,0.6504331433188204,-1.0,-1.8369701987210297e-16,0.72479278722912,0.6889669190756866,-0.9749279121818236,-0.2225209339563146
-0.011299463929143522,0.0033388980759683543,0.005570959804827442,-0.0033575822007243287,1.0451236037171234,0.65,0.6506126845908704,-1.0,-1.8369701987210297e-16,0.9987165071710528,-0.05064916883871264,0.9749279121818236,-0.22252093395631434
-0.005698097284730486,-0.0022246132482588903,-0.02133719800761286,-0.01924238945682138,-0.5988365010887039,0.65,0.6506575699088828,-1.0,-1.8369701987210297e-16,0.9680771188662043,-0.2506525322587204,0.43388373911755823,-0.900968867902419
0.0011422852025167298,-0.012325234426911616,-0.005691448252243335,0.012493214541122922,0.9707789171582248,0.65,0.6507024552268953,-1.0,-1.8369701987210297e-16,0.8978045395707416,-0.4403941515576344,-0.433883739117558,-0.9009688679024191
0.015855276011357094,0.020089943748080243,0.015855276011357094,0.020112388890524992,-0.7884573603642702,0.65,0.6507473405449078,-1.0,-1.8369701987210297e-16,0.7907757369376989,-0.6121059825476626,-0.9749279121818236,-0.2225209339563146
0.005602410443671778,0.0,0.01671346632140891,-0.006659285217533765,0.0,0.65,0.6508819964989453,-1.0,-1.8369701987210297e-16,0.29936312297335804,-0.9541392564000488,0.7818314824680298,0.6234898018587336
-0.0203167861364577,-0.009994521992467541,-0.011111055877737192,-0.013453103672991148,-0.1823215567939546,0.65,0.6509268818169577,-1.0,-1.8369701987210297e-16,0.10116832198743272,-0.994869323391895,0.9749279121818236,-0.22252093395631434
-0.006865008777876791,0.008889097888832758,-0.02259997165754562,-0.012493214541123064,0.9783261227936078,0.65,0.6509717671349702,-1.0,-1.8369701987210297e-16,-0.10116832198743204,-0.9948693233918952,0.43388373911755823,-0.900968867902419
0.01594565256675193,-0.014484998189702523,0.018120605241945465,0.015873495908420673,-1.4563619237366077,0.65,0.6510166524529827,-1.0,-1.8369701987210297e-16,-0.29936312297335776,-0.9541392564000489,-0.433883739117558,-0.9009688679024191
-0.001130662184468354,0.00671142814445918,-0.005627390700822379,0.006726475749124987,1.770019482591649,0.65,0.6510615377709952,-1.0,-1.8369701987210297e-16,-0.4853019625310808,-0.8743466161445822,-0.9749279121818236,-0.2225209339563146
0.010129509268847243,0.032897672540590533,0.007869461853219054,0.03512973426944966,0.0054794657646255705,0.65,0.6511961937250326,-1.0,-1.8369701987210297e-16,-0.8978045395707417,-0.44039415155763423,0.7818314824680298,0.6234898018587336
0.028699672212312892,0.0,0.03520728080610721,-0.007579888477897483,-0.0974983644848777,0.65,0.6512410790430451,-1.0,-1.8369701987210297e-16,-0.9680771188662041,-0.2506525322587213,0.9749279121818236,-0.22252093395631434
-0.013143658854171243,0.0010782432975820807,-0.0196512674479656,0.0,-1.327798154438282,0.65,0.6512859643610576,-1.0,-1.8369701987210297e-16,-0.9987165071710528,-0.05064916883871355,0.43388373911755823,-0.900968867902419
0.014231127696614209,0.0021527742970985845,0.014231127696614209,0.005420139751351599,0.6346509738783368,0.65,0.6513308496790701,-1.0,-1.8369701987210297e-16,-0.9884683243281114,0.15142777750457667,-0.433883739117558,-0.9009688679024191
0.012959132630372629,0.0021482265577945935,0.012959132630372629,0.007538992879021237,-4.418840607796598,0.65,0.6513757349970825,-1.0,-1.8369701987210297e-16,-0.9377521321470804,0.3473052528448203,-0.9749279121818236,-0.2225209339563146
-0.015135410020414262,0.044078449245375385,-0.015135410020414262,0.0430513757152235,4.912654885736052,0.65,0.65151039095112,-1.0,-1.8369701987210297e-16,-0.5712682150947924,0.8207634412072763,0.7818314824680298,0.6234898018587336
0.03426456248020624,0.02032602919791961,0.060240099076853196,0.012257546448278185,0.38566248081198473,0.65,0.6515552762691325,-1.0,-1.8369701987210297e-16,-0.3943558551133187,0.9189578116202306,0.9749279121818236,-0.22252093395631434
-0.03208828509016471,0.006018066281148542,0.02531785566800466,-0.01947786100722746,-0.046043938501406846,0.65,0.6516001615871448,-1.0,-1.8369701987210297e-16,-0.20129852008866114,0.9795299412524943,0.43388373911755823,-0.900968867902419
0.032088285090164835,-0.011061080864188914,-0.011061080864188914,-0.004149453895395289,-0.9215400877602988,0.65,0.6516450469051573,-0.866025403784439,0.49999999999999933,0.20129852008866006,0.9795299412524945,-0.433883739117558,-0.9009688679024191
-0.04082195687521509,0.01006050993579574,-0.012207668920522937,0.03573643145637918,1.3961144073008662,0.65,0.6516899322231698,-0.866025403784439,0.49999999999999933,0.39435585511331855,0.9189578116202306,-0.9749279121818236,-0.2225209339563146
0.08609728285871797,0.015889168623749943,0.017250683503563232,0.011964238446821892,-0.8215729691487678,0.65,0.6518245881772072,-0.866025403784439,0.49999999999999933,0.8486442574947509,0.5289640103269624,0.7818314824680298,0.6234898018587336
0.004015993948294322,0.004914009966352595,0.01893420808942492,0.010842875222072635,0.15732025458853727,0.65,0.6518694734952197,-0.866025403784439,0.49999999999999933,0.9377521321470804,0.3473052528448203,0.9749279121818236,-0.22252093395631434
-0.006030163391333873,0.019417998203210895,-0.020948377532464275,0.01459878519327518,-0.38976619856506073,0.65,0.6519143588132322,-0.866025403784439,0.49999999999999933,0.9884683243281114,0.1514277775045767,0.43388373911755823,-0.900968867902419
0.04049939387251831,0.05608948290685658,0.04629097909499197,0.029511937988052236,0.41476750077047786,0.65,0.6519592441312447,-0.866025403784439,0.49999999999999933,0.9987165071710528,-0.05064916883871264,-0.433883739117558,-0.9009688679024191
0.017274953210149976,0.013544212861225358,0.03126731874403341,0.04404383660131038,0.17509385367250144,0.65,0.6520041294492572,-0.866025403784439,0.49999999999999933,0.9680771188662043,-0.2506525322587204,-0.9749279121818236,-0.2225209339563146
0.04647671948688886,0.008928686339666604,0.04825692585783152,0.0,-0.7967820702503019,0.65,0.6521387854032946,-0.866025403784439,0.49999999999999933,0.6513724827222223,-0.758758122692791,0.7818314824680298,0.6234898018587336
0.0,-0.0044542822297886225,-0.0044542822297886225,-0.008111862897272382,-0.8823891801984737,0.65,0.6521836707213071,-0.866025403784439,0.49999999999999933,0.48530196253108104,-0.8743466161445821,0.9749279121818236,-0.22252093395631434
0.009041708525358856,0.04452935480688033,-0.008068166372152416,0.05715842103206245,2.893453424433573,0.65,0.6522285560393196,-0.866025403784439,0.49999999999999933,0.29936312297335804,-0.9541392564000488,0.43388373911755823,-0.900968867902419
-0.016334349939109857,-0.01549082807171185,0.03450139678481617,-0.0671631076192515,-1.1442535696243137,0.65,0.652273441357332,-0.866025403784439,0.49999999999999933,0.10116832198743272,-0.994869323391895,-0.433883739117558,-0.9009688679024191
-0.0009153309727915102,-0.038908622530040064,-0.04172828939267998,0.011813003589798605,-1.08422355121601,0.65,0.6523183266753445,-0.866025403784439,0.49999999999999933,-0.10116832198743204,-0.9948693233918952,-0.9749279121818236,-0.2225209339563146
-0.025036120413185405,-0.010879517197967908,-0.0054545540128234015,-0.03399503858527265,0.42433359241254714,0.65,0.652452982629382,-0.866025403784439,0.49999999999999933,-0.6513724827222217,-0.7587581226927913,0.7818314824680298,0.6234898018587336
-0.06197531016703401,-0.023986367667640052,-0.023986367667640052,-0.03809980988863432,-0.2908021997880246,0.65,0.6524978679473945,-0.866025403784439,0.49999999999999933,-0.7907757369376986,-0.6121059825476627,0.9749279121818236,-0.22252093395631434
0.016840472543983437,-0.02649165892375537,-0.050752824659810056,-0.0019437028945537907,-0.4307829160924542,0.65,0.6525427532654069,-0.866025403784439,0.49999999999999933,-0.8978045395707417,-0.44039415155763423,0.43388373911755823,-0.900968867902419
0.06650116701896722,0.043158761634886966,0.06650116701896722,0.05764475761230832,-2.341805806147327,0.65,0.6525876385834194,-0.866025403784439,0.49999999999999933,-0.9680771188662041,-0.2506525322587213,-0.433883739117558,-0.9009688679024191
-0.025129332794080722,-0.011080501211265175,-0.012020409188702324,-0.026048093146054958,1.2809338454620642,0.65,0.6526325239014319,-0.866025403784439,0.49999999999999933,-0.9987165071710528,-0.05064916883871355,-0.9749279121818236,-0.2225209339563146
-0.03745033440750073,-0.025389210096549483,-0.023530541767138126,-0.01042161816175965,0.9597758438138939,0.65,0.6527671798554693,-0.866025403784439,0.49999999999999933,-0.8486442574947509,0.5289640103269624,0.7818314824680298,0.6234898018587336
0.009737235769534195,0.016997560295408266,0.0009519948727627346,-0.014388723630732781,-1.2110902720948,0.65,0.6528120651734818,-0.866025403784439,0.49999999999999933,-0.7247927872291207,0.6889669190756859,0.9749279121818236,-0.22252093395631434
-0.06609011957767992,-0.02177076603950851,-0.024074389985445963,-0.06899287642315385,2.404367787303988,0.65,0.6528569504914943,-0.866025403784439,0.49999999999999933,-0.5712682150947924,0.8207634412072763,0.43388373911755823,-0.900968867902419
-0.03475867598158502,-0.04702141674880248,-0.03068033004962616,-0.024097528102000526,0.1823215567939546,0.65,0.6529018358095068,-0.866025403784439,0.49999999999999933,-0.3943558551133187,0.9189578116202306,-0.433883739117558,-0.9009688679024191
0.009600140869237996,0.03353361155832944,-0.047333893251268584,0.056686939337315556,-0.7949298748698876,0.65,0.6529467211275193,-0.866025403784439,0.49999999999999933,-0.20129852008866114,0.9795299412524943,-0.9749279121818236,-0.2225209339563146
-0.023631658674299963,-0.05073193840334576,0.03214366907565908,-0.03362521723114384,0.8921931802950946,0.65,0.6530813770815567,-0.5000000000000012,0.8660254037844379,0.39435585511331855,0.9189578116202306,0.7818314824680298,0.6234898018587336
-0.008733671785050415,-0.017499070131732374,-0.017499070131732374,-0.04233424803946686,-0.49469624183610705,0.65,0.6531262623995692,-0.5000000000000012,0.8660254037844379,0.5712682150947923,0.8207634412072763,0.9749279121818236,-0.22252093395631434
0.014153811536401892,-0.004162407470832124,-0.004162407470832124,0.0032379920241281733,-0.6851790109107684,0.65,0.6531711477175817,-0.5000000000000012,0.8660254037844379,0.72479278722912,0.6889669190756866,0.43388373911755823,-0.900968867902419
-0.014153811536401923,-0.03609722714869854,-0.048060537620193765,-0.017391803560529974,-2.063693184711697,0.65,0.6532160330355941,-0.5000000000000012,0.8660254037844379,0.8486442574947509,0.5289640103269624,-0.433883739117558,-0.9009688679024191
0.0,0.002159748726546063,-0.0021905010649066045,0.005467477050585077,1.2163953243244932,0.65,0.6532609183536066,-0.5000000000000012,0.8660254037844379,0.9377521321470804,0.3473052528448203,-0.9749279121818236,-0.2225209339563146
0.0,0.004305784559744304,0.020619344822692058,0.013001254467025599,0.994622575144062,0.65,0.6533955743076441,-0.5000000000000012,0.8660254037844379,0.9680771188662043,-0.2506525322587204,0.7818314824680298,0.6234898018587336
0.018468731517610585,0.019149502389313833,-0.002150613305081492,0.004296458072501688,-0.7351113796589775,0.65,0.6534404596256564,-0.5000000000000012,0.8660254037844379,0.8978045395707416,-0.4403941515576344,0.9749279121818236,-0.22252093395631434
0.021300115694395355,0.04833841273901602,0.021300115694395355,0.05016728661639538,-0.6109090823229733,0.65,0.6534853449436689,-0.5000000000000012,0.8660254037844379,0.7907757369376989,-0.6121059825476626,0.43388373911755823,-0.900968867902419
0.008394584652411144,-0.005032646369235905,0.031122886955822895,-0.010246055174307645,1.0809127115687087,0.65,0.6535302302616814,-0.5000000000000012,0.8660254037844379,0.6513724827222223,-0.758758122692791,-0.433883739117558,-0.9009688679024191
0.015552398013476215,0.005032646369235818,0.008138316144843068,0.025420838918821933,0.7108467576593461,0.65,0.6535751155796939,-0.5000000000000012,0.8660254037844379,0.48530196253108104,-0.8743466161445821,-0.9749279121818236,-0.2225209339563146
0.010235566989132654,0.022829754566453007,-0.005078653445645881,-0.008064479883181918,-0.5618111784988583,0.65,0.6537097715337313,-0.5000000000000012,0.8660254037844379,-0.10116832198743204,-0.9948693233918952,0.7818314824680298,0.6234898018587336
0.018163952272840674,-0.003933067682251631,0.023151417632274653,0.02004065981600763,-0.8421827597204331,0.65,0.6537546568517438,-0.5000000000000012,0.8660254037844379,-0.29936312297335776,-0.9541392564000489,0.9749279121818236,-0.22252093395631434
0.008959732439636423,0.001968502632535421,0.011869634968458198,0.0029717676519085837,-0.38776553100876343,0.65,0.6537995421697563,-0.5000000000000012,0.8660254037844379,-0.4853019625310808,-0.8743466161445822,0.43388373911755823,-0.900968867902419
-0.03838866054730323,0.05917751263273618,-0.010875034622658637,0.06231053261581315,5.048843348935151,0.65,0.6538444274877688,-0.5000000000000012,0.8660254037844379,-0.6513724827222217,-0.7587581226927913,-0.433883739117558,-0.9009688679024191
-0.013478603664085155,0.02922592641009956,0.05322966894224351,-0.10680714036803989,0.8010879511212796,0.65,0.6538893128057812,-0.5000000000000012,0.8660254037844379,-0.7907757369376986,-0.6121059825476627,-0.9749279121818236,-0.2225209339563146
0.009350782415414816,-0.06796479128560896,-0.09276848400381402,0.01233313438429931,-3.5473462070623847,0.65,0.6540239687598187,-0.5000000000000012,0.8660254037844379,-0.9987165071710528,-0.05064916883871355,0.7818314824680298,0.6234898018587336
0.006185580347116977,-0.04835682894930769,0.01131108979992137,-0.006147554037182355,-1.663505133704376,0.65,0.6540688540778312,-0.5000000000000012,0.8660254037844379,-0.9884683243281114,0.15142777750457667,0.9749279121818236,-0.22252093395631434
-0.01867279720366453,0.006048472187596876,0.011184578692226716,0.0020533133412156935,0.9597758438138939,0.65,0.6541137393958436,-0.5000000000000012,0.8660254037844379,-0.9377521321470804,0.3473052528448203,0.43388373911755823,-0.900968867902419
-0.04607138292698196,-0.014170264256766943,-0.023530402703980345,-0.03443216301251179,0.1295340521919023,0.65,0.6542035100318686,-0.5000000000000012,0.8660254037844379,-0.7247927872291207,0.6889669190756859,-0.9749279121818236,-0.2225209339563146
0.034486144168593025,0.018182302004965924,0.033590912639776205,0.01370605246763158,1.073374356078247,0.65,0.6543381659859061,-0.5000000000000012,0.8660254037844379,-0.20129852008866114,0.9795299412524943,0.7818314824680298,0.6234898018587336
-0.03339017633750047,-0.014113051632548715,-0.034626718635604854,0.025841133360682857,-0.02589141393274159,0.65,0.6543830513039185,-2.4492935982947064e-16,1.0,0.20129852008866006,0.9795299412524945,0.9749279121818236,-0.22252093395631434
0.07081654845657227,0.014113051632548683,0.024566208699809043,0.018200760519347558,-1.4028236630711013,0.65,0.654427936621931,-2.4492935982947064e-16,1.0,0.39435585511331855,0.9189578116202306,0.43388373911755823,-0.900968867902419
-0.010256343662672689,-0.0030075182604515716,-0.007102871408651671,-0.02742685577481248,-0.5108256237659907,0.65,0.6544728219399435,-2.4492935982947064e-16,1.0,0.5712682150947923,0.8207634412072763,-0.433883739117558,-0.9009688679024191
0.0,-0.012121349147384575,-0.0030596626991971996,0.00922609525546486,-0.25131442828090605,0.65,0.654517707257956,-2.4492935982947064e-16,1.0,0.72479278722912,0.6889669190756866,-0.9749279121818236,-0.2225209339563146
0.0,0.009104758428402367,0.011173216985210687,0.001019959918842741,1.791759469228055,0.65,0.6546523632119934,-2.4492935982947064e-16,1.0,0.9884683243281114,0.1514277775045767,0.7818314824680298,0.6234898018587336
0.01838660744284783,0.0030165907189823042,0.004032331705678492,0.0071103038613325314,-0.8362480242006186,0.65,0.6546972485300059,-2.4492935982947064e-16,1.0,0.9987165071710528,-0.05064916883871264,0.9749279121818236,-0.22252093395631434
0.007059960395434395,0.026747553644908943,0.0010054576045564413,0.012072569072026551,0.6011282818396931,0.65,0.6547421338480184,-2.4492935982947064e-16,1.0,0.9680771188662043,-0.2506525322587204,0.43388373911755823,-0.900968867902419
0.005012608676592239,-0.01675739875083089,0.005012608676592239,0.004987465359433852,-2.5470384308950065,0.65,0.6547870191660309,-2.4492935982947064e-16,1.0,0.8978045395707416,-0.4403941515576344,-0.433883739117558,-0.9009688679024191
-0.0010005709283931923,0.008906531990123237,0.01488859769535674,0.007928676448842329,1.072636802264849,0.65,0.6548319044840433,-2.4492935982947064e-16,1.0,0.7907757369376989,-0.6121059825476626,-0.9749279121818236,-0.2225209339563146
-0.045043395284491514,0.0,-0.009901132335922713,-0.032099014741635325,1.8513515664303006,0.65,0.6549665604380808,-2.4492935982947064e-16,1.0,0.29936312297335804,-0.9541392564000488,0.7818314824680298,0.6234898018587336
0.010416676648886692,-0.009901132335922713,-0.026211080331471792,0.018182302004965924,-1.254831221559427,0.65,0.6550114457560933,-2.4492935982947064e-16,1.0,0.10116832198743272,-0.994869323391895,0.9749279121818236,-0.22252093395631434
0.003103983181070789,-0.019086520603172216,0.007124559728299597,-0.03152273545453412,-0.40546510810816444,0.65,0.6550563310741057,-2.4492935982947064e-16,1.0,-0.10116832198743204,-0.9948693233918952,0.43388373911755823,-0.900968867902419
-0.002068177185242003,-0.01121880042426629,-0.02049242832443113,0.007205450714922769,-0.496436886313891,0.65,0.6551012163921182,-2.4492935982947064e-16,1.0,-0.29936312297335776,-0.9541392564000489,-0.433883739117558,-0.9009688679024191
0.00619196430619583,0.014256774803815491,0.02353040270398038,0.0010251877225167195,-0.2411620568168881,0.65,0.6551461017101307,-2.4492935982947064e-16,1.0,-0.4853019625310808,-0.8743466161445822,-0.9749279121818236,-0.2225209339563146
-0.005157230094363724,-0.002024217963005716,-0.014256774803815538,0.0,1.6363453653540248,0.65,0.655280757664168,-2.4492935982947064e-16,1.0,-0.8978045395707417,-0.44039415155763423,0.7818314824680298,0.6234898018587336
0.0010334429734098448,0.0,-0.005141320846869878,0.009179045384545897,-1.8370160608161759,0.65,0.6553256429821805,-2.4492935982947064e-16,1.0,-0.9680771188662041,-0.2506525322587213,0.9749279121818236,-0.22252093395631434
0.0,-0.0020283237337472165,-0.0020641298680528788,-0.005089210291259849,0.7985076962177716,0.65,0.655370528300193,-2.4492935982947064e-16,1.0,-0.9987165071710528,-0.05064916883871355,0.43388373911755823,-0.900968867902419
0.00206412986805285,0.0020283237337471068,0.01639386804669792,-0.010256343662672689,0.371563556432483,0.65,0.6554154136182055,-2.4492935982947064e-16,1.0,-0.9884683243281114,0.15142777750457667,-0.433883739117558,-0.9009688679024191
-0.019782063538096667,-0.010183450957517196,-0.014329738178645213,0.004115081035806289,0.033901551675681416,0.65,0.6555949548902554,-2.4492935982947064e-16,1.0,-0.5712682150947924,0.8207634412072763,0.7818314824680298,0.6234898018587336
-0.013764176241650305,-0.01028799957162522,-0.009321652859133871,-0.03234491619110168,0.9096017437233584,0.65,0.6556398402082679,-2.4492935982947064e-16,1.0,-0.3943558551133187,0.9189578116202306,0.9749279121818236,-0.22252093395631434
0.0010656053996255094,-0.0124872168565476,-0.008359646675143976,-0.003186404222482941,-0.9785946152103099,0.65,0.6556847255262804,-2.4492935982947064e-16,1.0,-0.20129852008866114,0.9795299412524943,0.43388373911755823,-0.900968867902419
0.0010643950023432765,-0.008412314598138947,-0.006315804761871289,0.0053050469959185,-1.1349799328389845,0.65,0.6557296108442928,-2.4492935982947064e-16,1.0,-2.4492935982947064e-16,1.0,-0.433883739117558,-0.9009688679024191
0.00424621092137925,0.011548749039271845,0.011548749039271845,0.0,1.528468849900433,0.6666666666666666,0.6559091521163428,0.49999999999999994,0.8660254037844387,0.72479278722912,0.6889669190756866,0.7818314824680298,0.6234898018587336
0.0,0.0010432213169854997,-0.009438970156108856,0.014706058441968038,0.4014409578084389,0.6666666666666666,0.6559540374343553,0.49999999999999994,0.8660254037844387,0.8486442574947509,0.5289640103269624,0.9749279121818236,-0.22252093395631434
0.005282703043412741,0.0,0.0,0.0,-1.7757591278816138,0.6666666666666666,0.6559989227523677,0.49999999999999994,0.8660254037844387,0.9377521321470804,0.3473052528448203,0.43388373911755823,-0.900968867902419
-0.0031662264508539937,0.0010422831519575758,0.011524474625052116,-0.00417965575811844,1.0826119473216687,0.6666666666666666,0.6560438080703802,0.49999999999999994,0.8660254037844387,0.9884683243281114,0.1514277775045767,-0.433883739117558,-0.9009688679024191
0.011560811103265123,0.03982145637441555,0.0,0.00626313683887641,-0.06669137449867228,0.6666666666666666,0.6560886933883927,0.49999999999999994,0.8660254037844387,0.9987165071710528,-0.05064916883871264,-0.9749279121818236,-0.2225209339563146
0.003129889972640981,-0.01107199814363346,0.019598412330770868,0.02059795644064923,-0.322773392263051,0.6666666666666666,0.6562233493424301,0.49999999999999994,0.8660254037844387,0.7907757369376989,-0.6121059825476626,0.7818314824680298,0.6234898018587336
0.01755327751809682,-0.007110303861332568,0.0020407420386787606,-0.0010199599188427133,-0.6466271649250525,0.6666666666666666,0.6562682346604426,0.49999999999999994,0.8660254037844387,0.6513724827222223,-0.758758122692791,0.9749279121818236,-0.22252093395631434
0.0010230902282962265,0.06702008738839767,-0.003062786623056672,0.05653465739773912,2.7050152974070563,0.6666666666666666,0.6563131199784551,0.49999999999999994,0.8660254037844387,0.48530196253108104,-0.8743466161445821,0.43388373911755823,-0.900968867902419
0.06146626542133579,0.06994577351763019,0.06146626542133579,0.06622473072802702,0.540767980381069,0.6666666666666666,0.6563580052964676,0.49999999999999994,0.8660254037844387,0.29936312297335804,-0.9541392564000488,-0.433883739117558,-0.9009688679024191
0.05608948290685658,0.05617021937559888,0.06152920126419989,0.03546467583337987,0.23964383790178329,0.6666666666666666,0.6564028906144801,0.49999999999999994,0.8660254037844387,0.10116832198743272,-0.994869323391895,-0.9749279121818236,-0.2225209339563146
-0.046519972286059405,-0.045560050328747714,0.02588285073623942,-0.05092660777899913,-0.6602675064407891,0.6666666666666666,0.65658243188653,0.49999999999999994,0.8660254037844387,-0.6513724827222217,-0.7587581226927913,0.9749279121818236,-0.22252093395631434
0.034631477308760275,-0.016851887975564625,-0.0404549786854526,0.00274599463194053,-1.0878883253051341,0.6666666666666666,0.6566273172045425,0.49999999999999994,0.8660254037844387,-0.7907757369376986,-0.6121059825476627,0.43388373911755823,-0.900968867902419
-0.029880946866701036,-0.012601350732222608,-0.02414241571580207,-0.035352485778134886,0.08434114843375096,0.6666666666666666,0.6566722025225549,0.49999999999999994,0.8660254037844387,-0.8978045395707417,-0.44039415155763423,-0.433883739117558,-0.9009688679024191
-0.014320041062856613,-0.04445178612998185,-0.013245146978387601,-0.014306381987610969,-0.9423629721839302,0.6666666666666666,0.6567170878405674,0.49999999999999994,0.8660254037844387,-0.9680771188662041,-0.2506525322587213,-0.9749279121818236,-0.2225209339563146
0.0,0.007547131282353928,-0.009569510620797259,-0.0009611443292199729,0.33377317965204784,0.6666666666666666,0.6568517437946049,0.49999999999999994,0.8660254037844387,-0.9377521321470804,0.3473052528448203,0.7818314824680298,0.6234898018587336
-0.003853427783726968,0.027805354495780945,0.0,0.019048313055368173,-0.2610138253696196,0.6666666666666666,0.6568966291126173,0.49999999999999994,0.8660254037844387,-0.8486442574947509,0.5289640103269624,0.9749279121818236,-0.22252093395631434
-0.007752107899969433,-0.00918272655543913,0.028437977099491845,-0.02580176077195807,0.2336148511815051,0.6666666666666666,0.6569415144306298,0.49999999999999994,0.8660254037844387,-0.7247927872291207,0.6889669190756859,0.43388373911755823,-0.900968867902419
0.006786322673760779,-0.010199495881826896,-0.03325719010942731,0.02296756240880075,0.2772107725844855,0.6666666666666666,0.6569863997486423,0.49999999999999994,0.8660254037844387,-0.5712682150947924,0.8207634412072763,-0.433883739117558,-0.9009688679024191
-0.013618874268457893,-0.011246660875142834,0.024810341792492363,-0.03269525610106662,-1.0573693301340605,0.6666666666666666,0.6570312850666548,0.49999999999999994,0.8660254037844387,-0.3943558551133187,0.9189578116202306,-0.9749279121818236,-0.2225209339563146
-0.08692240545456838,0.052329534396478423,-0.04039006926986857,-0.07403285672071586,3.4290876356439877,0.6666666666666666,0.6571659410206921,0.8660254037844386,0.5000000000000001,0.20129852008866006,0.9795299412524945,0.7818314824680298,0.6234898018587336
0.009569517971307478,-0.1266548916048973,-0.06068597583237464,0.02700072431916369,-1.9149599030142124,0.6666666666666666,0.6572108263387046,0.8660254037844386,0.5000000000000001,0.39435585511331855,0.9189578116202306,0.9749279121818236,-0.22252093395631434
0.032277700951246414,0.0050632245741149265,0.021661477602564636,0.014242269958660835,-1.5141277326297755,0.6666666666666666,0.6572557116567171,0.8660254037844386,0.5000000000000001,0.5712682150947923,0.8207634412072763,0.43388373911755823,-0.900968867902419
-0.0020514275335802253,0.016032463692060486,-0.006141262626866404,0.004032331705678492,1.3786897617346714,0.6666666666666666,0.6573005969747296,0.8660254037844386,0.5000000000000001,0.72479278722912,0.6889669190756866,-0.433883739117558,-0.9009688679024191
0.014271526407041461,0.013820541956475871,0.04614670314077736,0.015968316402481534,-1.3786897617346714,0.6666666666666666,0.657345482292742,0.8660254037844386,0.5000000000000001,0.8486442574947509,0.5289640103269624,-0.9749279121818236,-0.2225209339563146
0.024001128063490158,0.004889910724248095,-0.006886465853433023,0.009852357540376186,1.2308802572458604,0.6666666666666666,0.6574801382467795,0.8660254037844386,0.5000000000000001,0.9987165071710528,-0.05064916883871264,0.7818314824680298,0.6234898018587336
-0.009930629710316524,0.0135662249848465,0.025342601562527666,-0.00787404867024563,-0.4507216996962853,0.6666666666666666,0.657525023564792,0.8660254037844386,0.5000000000000001,0.9680771188662043,-0.2506525322587204,0.9749279121818236,-0.22252093395631434
0.0009975767035627322,0.004800703886815173,-0.029299010931167373,0.027292046873456408,-0.05715841383994864,0.6666666666666666,0.6575699088828045,0.8660254037844386,0.5000000000000001,0.8978045395707416,-0.4403941515576344,0.43388373911755823,-0.900968867902419
0.041021404756907354,0.06039916269038924,0.04930918648065166,0.051533735847892455,0.6857670732623228,0.6666666666666666,0.6576147942008169,0.8660254037844386,0.5000000000000001,0.7907757369376989,-0.6121059825476626,-0.433883739117558,-0.9009688679024191
0.0366409806628296,-0.004518691636275638,0.04067099939144462,-0.0027434832539860944,-0.46262352194811296,0.6666666666666666,0.6576596795188294,0.8660254037844386,0.5000000000000001,0.6513724827222223,-0.758758122692791,-0.9749279121818236,-0.2225209339563146
0.006436731923498601,-0.0018132353604515081,-0.0100137288801148,0.0,-0.3822082459438971,0.6666666666666666,0.6578392207908793,0.8660254037844386,0.5000000000000001,-0.10116832198743204,-0.9948693233918952,0.9749279121818236,-0.22252093395631434
-0.0027535558863876746,-0.0009078521059122837,-0.002748510251710915,0.00729923031295026,0.35839759725017867,0.6666666666666666,0.6578841061088918,0.8660254037844386,0.5000000000000001,-0.29936312297335776,-0.9541392564000489,0.43388373911755823,-0.900968867902419
-0.006454537650745881,0.0,0.010041151665462064,-0.010050260978244725,-1.086636097621394,0.6666666666666666,0.6579289914269043,0.8660254037844386,0.5000000000000001,-0.4853019625310808,-0.8743466161445822,-0.433883739117558,-0.9009688679024191
-0.014911791745170686,-0.0036397380953284535,-0.0036397380953284535,-0.005524936517721636,0.16430305129127634,0.6666666666666666,0.6579738767449168,0.8660254037844386,0.5000000000000001,-0.6513724827222217,-0.7587581226927913,-0.9749279121818236,-0.2225209339563146
0.004683844918770758,0.007266211797034414,-0.002738474790154643,0.005524936517721633,1.128465251817791,0.6666666666666666,0.6581085326989542,0.8660254037844386,0.5000000000000001,-0.9680771188662041,-0.2506525322587213,0.7818314824680298,0.6234898018587336
-0.03036283487929301,-0.00909096283426231,-0.011954088169074001,0.005494513919280717,0.31666960932503324,0.6666666666666666,0.6581534180169667,0.8660254037844386,0.5000000000000001,-0.9987165071710528,-0.05064916883871355,0.9749279121818236,-0.22252093395631434
0.03316264743750095,0.0,0.012867811922000778,-0.0009137237529267873,-1.0914948208992459,0.6666666666666666,0.6581983033349792,0.8660254037844386,0.5000000000000001,-0.9884683243281114,0.15142777750457667,0.43388373911755823,-0.900968867902419
-0.03605700266763526,-0.0018281522811946956,-0.03721369478503592,-0.0009144285282678303,0.021053409197832263,0.6666666666666666,0.6582431886529917,0.8660254037844386,0.5000000000000001,-0.9377521321470804,0.3473052528448203,-0.433883739117558,-0.9009688679024191
0.015340718503495518,-0.002748510251710915,0.030800420513781037,-0.018467793908998113,-0.4372138064227446,0.6666666666666666,0.6582880739710041,0.8660254037844386,0.5000000000000001,-0.8486442574947509,0.5289640103269624,-0.9749279121818236,-0.2225209339563146
-0.010521505493559931,-0.013857020927051574,-0.012020409188702324,-0.012189476602331545,0.39465419200394874,0.6666666666666666,0.6584227299250416,1.0,6.123233995736766e-17,0.20129852008866006,0.9795299412524945,0.7818314824680298,0.6234898018587336
0.01242257688618283,0.024806024698425803,-0.0027945961380181016,0.0370411698514884,0.083381608939051,0.6666666666666666,0.6584676152430541,1.0,6.123233995736766e-17,0.39435585511331855,0.9189578116202306,0.9749279121818236,-0.22252093395631434
0.03453449642880397,0.012624141015045104,0.025784026656939425,0.014440735194549676,1.169381359556317,0.6666666666666666,0.6585125005610665,1.0,6.123233995736766e-17,0.5712682150947923,0.8207634412072763,0.43388373911755823,-0.900968867902419
0.002748510251710937,0.01952151601174842,0.007246466501787862,0.008920720742321912,0.1812858239204225,0.6666666666666666,0.658557385879079,1.0,6.123233995736766e-17,0.72479278722912,0.6889669190756866,-0.433883739117558,-0.9009688679024191
0.009107457331245844,0.0,0.00808998799367477,-0.0008885567359794676,-0.4106599249852684,0.6666666666666666,0.6586022711970915,1.0,6.123233995736766e-17,0.8486442574947509,0.5289640103269624,-0.9749279121818236,-0.2225209339563146
0.007226892607863882,0.010489596177469092,0.018625796710835574,0.007968162080333152,-0.2076393647782445,0.6666666666666666,0.6587369271511289,1.0,6.123233995736766e-17,0.9987165071710528,-0.05064916883871264,0.7818314824680298,0.6234898018587336
-0.027374009579916057,0.038384265388519086,0.0026327325317189536,0.02954171279738187,0.282862786015832,0.6666666666666666,0.6587818124691414,1.0,6.123233995736766e-17,0.9680771188662043,-0.2506525322587204,0.9749279121818236,-0.22252093395631434
0.08338152953970926,0.019884645082481105,0.035302813313356926,0.04273798377616028,0.7831733322176649,0.6666666666666666,0.6588266977871539,1.0,6.123233995736766e-17,0.8978045395707416,-0.4403941515576344,0.43388373911755823,-0.900968867902419
0.017714491899757507,0.010607946030307418,0.02671274813254939,0.0032758859760629745,-0.3874170382364614,0.6666666666666666,0.6588715831051664,1.0,6.123233995736766e-17,0.7907757369376989,-0.6121059825476626,-0.433883739117558,-0.9009688679024191
-0.017714491899757476,0.0008114163268970655,-0.0326525746251792,0.008143476381141438,-1.2286654169163076,0.6666666666666666,0.6589164684231789,1.0,6.123233995736766e-17,0.6513724827222223,-0.758758122692791,-0.9749279121818236,-0.2225209339563146
0.012685148017746698,0.012892994328284856,0.041672775907936194,0.011290316727892475,1.4929040961781488,0.6666666666666666,0.6590511243772162,1.0,6.123233995736766e-17,0.10116832198743272,-0.994869323391895,0.7818314824680298,0.6234898018587336
0.004192994195795275,0.0008002621714882169,0.02020263024506457,-0.004017622133925287,-0.15790302944580878,0.6666666666666666,0.6590960096952287,1.0,6.123233995736766e-17,-0.10116832198743204,-0.9948693233918952,0.9749279121818236,-0.22252093395631434
0.015774432411637285,-0.004007960270461723,-0.008032048950153439,-0.017052713955621208,-1.3184717647811295,0.6666666666666666,0.6591408950132412,1.0,6.123233995736766e-17,-0.29936312297335776,-0.9541392564000489,0.43388373911755823,-0.900968867902419
0.005749555666394472,-0.00321813581711326,-0.004040579079797588,0.0154412269112736,0.39998564234353884,0.6666666666666666,0.6591857803312537,1.0,6.123233995736766e-17,-0.4853019625310808,-0.8743466161445822,-0.433883739117558,-0.9009688679024191
-0.05556991810281411,0.0,-0.006498682100958855,-0.05639981130688125,0.25131442828090617,0.6666666666666666,0.6592306656492661,1.0,6.123233995736766e-17,-0.6513724827222217,-0.7587581226927913,-0.9749279121818236,-0.2225209339563146
0.008620796465828072,-0.022820738372648437,-0.043304096022090705,0.03190869881684216,-0.262364264467491,0.6666666666666666,0.6593653216033036,1.0,6.123233995736766e-17,-0.9680771188662041,-0.2506525322587213,0.7818314824680298,0.6234898018587336
-0.012090007471677528,0.0024700922886158835,-0.02063699881708996,-0.03789923605822061,0.3980301296206463,0.6666666666666666,0.6594102069213161,1.0,6.123233995736766e-17,-0.9987165071710528,-0.05064916883871355,0.9749279121818236,-0.22252093395631434
0.012090007471677622,-0.013245214201674278,0.012090007471677622,0.027932445320694898,0.18356456503355165,0.6666666666666666,0.6594550922393285,1.0,6.123233995736766e-17,-0.9884683243281114,0.15142777750457667,0.43388373911755823,-0.900968867902419
0.0,-0.0016679958044364918,0.008546991345412409,-0.019385453975282532,0.36963408858123753,0.6666666666666666,0.659499977557341,1.0,6.123233995736766e-17,-0.9377521321470804,0.3473052528448203,-0.433883739117558,-0.9009688679024191
-0.004301139325206432,-0.012599962288734797,-0.011986433869778264,-0.007689052619938169,-1.056589298893262,0.6666666666666666,0.6595448628753535,1.0,6.123233995736766e-17,-0.8486442574947509,0.5289640103269624,-0.9749279121818236,-0.2225209339563146
-0.02974838395125387,0.005899656331198962,0.01453636917768804,-0.012947946197151792,0.32404971662265575,0.6666666666666666,0.6596795188293909,1.0,6.123233995736766e-17,-0.3943558551133187,0.9189578116202306,0.7818314824680298,0.6234898018587336
0.014109504644902515,-0.025533278688365642,-0.02841342197400931,0.007788868146470972,-0.4700036292457356,0.6666666666666666,0.6597244041474034,1.0,6.123233995736766e-17,-0.20129852008866114,0.9795299412524943,0.9749279121818236,-0.22252093395631434
-0.005267848935483817,-0.009527997397088442,-0.0017482505539558543,-0.017391726485559075,-0.12136085700426748,0.6666666666666666,0.6597692894654159,1.0,6.123233995736766e-17,-2.4492935982947064e-16,1.0,0.43388373911755823,-0.900968867902419
-0.01776237645174058,-0.0034873585983920875,-0.0026281199361225405,0.0017528471792078288,0.8357102452148159,0.6666666666666666,0.6598141747834284,0.8660254037844387,-0.4999999999999998,0.20129852008866006,0.9795299412524945,-0.433883739117558,-0.9009688679024191
0.016881833899033236,0.013877052796321232,0.0035026897829055137,0.013049324797801753,-0.902401619713488,0.6666666666666666,0.6599937160554783,0.8660254037844387,-0.4999999999999998,0.8486442574947509,0.5289640103269624,0.7818314824680298,0.6234898018587336
0.009644895267766072,0.028864576083320343,0.02332716859251199,0.028122833196915168,1.0084611916738122,0.6666666666666666,0.6600386013734908,0.8660254037844387,-0.4999999999999998,0.9377521321470804,0.3473052528448203,0.9749279121818236,-0.22252093395631434
0.03430877132447013,0.015774432411637285,0.017774526814855505,0.007534562154427709,-0.4439313889359605,0.6666666666666666,0.6600834866915033,0.8660254037844387,-0.4999999999999998,0.9884683243281114,0.1514277775045767,0.43388373911755823,-0.900968867902419
0.0016848584322166225,-0.011599124845460197,0.00668892174562415,-0.006694519606640215,-0.7537718023763802,0.6666666666666666,0.6601283720095157,0.8660254037844387,-0.4999999999999998,0.9987165071710528,-0.05064916883871264,-0.433883739117558,-0.9009688679024191
-0.019550114904703802,-0.0033389578799614397,-0.029600441125131428,0.0016777911773710435,-0.2602830982636664,0.6666666666666666,0.6601732573275282,0.8660254037844387,-0.4999999999999998,0.9680771188662043,-0.2506525322587204,-0.9749279121818236,-0.2225209339563146
0.013640376325603748,0.0016709620755249101,0.023749973088317722,-0.004199858183613867,0.8434293836092832,0.6666666666666666,0.6603079132815657,0.8660254037844387,-0.4999999999999998,0.6513724827222223,-0.758758122692791,0.7818314824680298,0.6234898018587336
-0.01794151565081008,-0.010067188848207781,-0.010109596762714078,-0.0025284439146058255,0.08894748601649612,0.6666666666666666,0.6603527985995781,0.8660254037844387,-0.4999999999999998,0.48530196253108104,-0.8743466161445821,0.9749279121818236,-0.22252093395631434
0.010291676566584808,0.0016848584322166225,-0.005944749467966796,-0.004228332017376538,0.010582109330537008,0.6666666666666666,0.6603976839175906,0.8660254037844387,-0.4999999999999998,0.29936312297335804,-0.9541392564000488,0.43388373911755823,-0.900968867902419
0.002556454104033897,0.03230097246279945,0.0008513644877755045,0.025105897085499016,0.6446201396652849,0.6666666666666666,0.6604425692356031,0.8660254037844387,-0.4999999999999998,0.10116832198743272,-0.994869323391895,-0.433883739117558,-0.9009688679024191
-0.005975196480137168,-0.005721359925166483,0.03758273609692413,-0.010801922761046476,-0.3006572313149144,0.6666666666666666,0.6604874545536156,0.8660254037844387,-0.4999999999999998,-0.10116832198743204,-0.9948693233918952,-0.9749279121818236,-0.2225209339563146
0.011068581460328505,-0.024897588079177486,-0.030797244410376578,-0.0058651739340148555,-1.0691984034618165,0.6666666666666666,0.660622110507653,0.8660254037844387,-0.4999999999999998,-0.6513724827222217,-0.7587581226927913,0.7818314824680298,0.6234898018587336
0.0033812946644944013,0.024077639278276334,0.0016891879581379455,0.01335583852836291,1.252762968495368,0.6666666666666666,0.6606669958256655,0.8660254037844387,-0.4999999999999998,-0.7907757369376986,-0.6121059825476627,0.9749279121818236,-0.22252093395631434
0.00840346256885653,0.0008199488009010982,0.028288107651337463,0.011541749550814525,0.07188722951331587,0.6666666666666666,0.660711881143678,0.8660254037844387,-0.4999999999999998,-0.8978045395707417,-0.44039415155763423,0.43388373911755823,-0.900968867902419
0.009162844332567739,-0.0008199488009010516,-0.0057590161054560775,-0.0008199488009010516,-0.6424320879809289,0.6666666666666666,0.6607567664616905,0.8660254037844387,-0.4999999999999998,-0.9680771188662041,-0.2506525322587213,-0.433883739117558,-0.9009688679024191
-0.02179463891880064,0.008983251813717915,0.00575901610545605,0.004093271080379034,-0.5988365010887039,0.6666666666666666,0.6608016517797028,0.8660254037844387,-0.4999999999999998,-0.9987165071710528,-0.05064916883871355,-0.9749279121818236,-0.2225209339563146
0.01095663411559611,-0.004889980733338914,0.004093271080379034,0.0,0.9242589015233319,0.6666666666666666,0.6609363077337403,0.8660254037844387,-0.4999999999999998,-0.8486442574947509,0.5289640103269624,0.7818314824680298,0.6234898018587336
-0.002517833725158559,-0.0008173851043159377,-0.02817091035865535,-0.003273322279477878,0.1941560144409574,0.6666666666666666,0.6609811930517528,0.8660254037844387,-0.4999999999999998,-0.7247927872291207,0.6889669190756859,0.9749279121818236,-0.22252093395631434
0.010033579494220832,0.0008173851043159939,0.014184740811541087,-0.011541749550814532,-0.712949807856125,0.6666666666666666,0.6610260783697653,0.8660254037844387,-0.4999999999999998,-0.5712682150947924,0.8207634412072763,0.43388373911755823,-0.900968867902419
0.0008316595441015067,0.02021908560511037,-0.0008289022831782103,0.004137303284768324,0.550046336919272,0.6666666666666666,0.6610709636877777,0.8660254037844387,-0.4999999999999998,-0.3943558551133187,0.9189578116202306,-0.433883739117558,-0.9009688679024191
0.0066279027748090795,-0.003207698098973406,0.013179750019798665,0.0,0.03774032798284711,0.6666666666666666,0.6611158490057902,0.8660254037844387,-0.4999999999999998,-0.20129852008866114,0.9795299412524943,-0.9749279121818236,-0.2225209339563146
0.004942345066570351,0.0032076980989734598,-0.0041001016684600305,0.007404446266046121,-0.48643417064183153,0.6666666666666666,0.6612505049598277,0.5000000000000003,-0.8660254037844385,0.5712682150947923,0.8207634412072763,0.7818314824680298,0.6234898018587336
-0.004942345066570269,0.0,0.0,0.007349906771246519,0.6115973135958376,0.6666666666666666,0.6612953902778401,0.5000000000000003,-0.8660254037844385,0.72479278722912,0.6889669190756866,0.9749279121818236,-0.22252093395631434
-0.009124840051159135,-0.0008010177282941566,0.010625404212292534,-0.02387919308845173,-0.9360933591703348,0.6666666666666666,0.6613402755958526,0.5000000000000003,-0.8660254037844385,0.8486442574947509,0.5289640103269624,0.43388373911755823,-0.900968867902419
-0.019352709879868424,0.0,0.008903270955684685,0.008298794933089142,0.45953232937844013,0.6666666666666666,0.6613851609138651,0.5000000000000003,-0.8660254037844385,0.9377521321470804,0.3473052528448203,-0.433883739117558,-0.9009688679024191
0.006773939744834999,-0.02269139015629393,-0.017886522769402658,-0.014987716678713245,0.07109592168373026,0.6666666666666666,0.6614300462318776,0.5000000000000003,-0.8660254037844385,0.9884683243281114,0.1514277775045767,-0.9749279121818236,-0.2225209339563146
0.010910774330597013,0.019481117474581363,-0.0157093375163042,0.041090316213099845,0.05715841383994862,0.6666666666666666,0.661564702185915,0.5000000000000003,-0.8660254037844385,0.8978045395707416,-0.4403941515576344,0.7818314824680298,0.6234898018587336
0.023918642046808377,0.0,0.03440139446747577,-0.007272694593967142,-0.028170876966696335,0.6666666666666666,0.6616095875039275,0.5000000000000003,-0.8660254037844385,0.7907757369376989,-0.6121059825476626,0.9749279121818236,-0.22252093395631434
-0.003265422750004624,-0.0008041235056163088,-0.005652066124145164,0.0048543736892072385,0.322773392263051,0.6666666666666666,0.66165447282194,0.5000000000000003,-0.8660254037844385,0.6513724827222223,-0.758758122692791,0.43388373911755823,-0.900968867902419
0.002450037002956744,-0.002416372863042017,-0.0040567390133085905,-0.005665790016104111,-1.2878542883066382,0.6666666666666666,0.6616993581399525,0.5000000000000003,-0.8660254037844385,0.48530196253108104,-0.8743466161445821,-0.433883739117558,-0.9009688679024191
0.003257328834698097,0.0024163728630421655,0.0,0.0064726238765166425,1.0560526742493137,0.6666666666666666,0.6617442434579649,0.5000000000000003,-0.8660254037844385,0.29936312297335804,-0.9541392564000488,-0.9749279121818236,-0.2225209339563146
-0.00570736583765481,0.014377230490635632,0.008097318093106211,0.016793603353677668,0.14541699985850368,0.6666666666666666,0.6618788994120024,0.5000000000000003,-0.8660254037844385,-0.29936312297335776,-0.9541392564000489,0.7818314824680298,0.6234898018587336
-0.01068642855927807,0.03888511102294881,0.01600021133323996,0.035829343721991216,1.0809127115687087,0.6666666666666666,0.6619237847300149,0.5000000000000003,-0.8660254037844385,-0.4853019625310808,-0.8743466161445822,0.9749279121818236,-0.22252093395631434
0.056239666599835515,0.009867297648850401,0.01964703537527026,0.01292306494980786,-0.4299982946320364,0.6666666666666666,0.6619686700480273,0.5000000000000003,-0.8660254037844385,-0.6513724827222217,-0.7587581226927913,0.43388373911755823,-0.900968867902419
0.0007810001208593094,0.0,0.029898765316966502,-0.011393904802790636,-0.11191791620398532,0.6666666666666666,0.6620135553660398,0.5000000000000003,-0.8660254037844385,-0.7907757369376986,-0.6121059825476627,-0.433883739117558,-0.9009688679024191
-0.0007810001208593409,-0.0030257179698641545,-0.018293175095287908,-0.003060552588660061,-0.3294792011302423,0.6666666666666666,0.6620584406840523,0.5000000000000003,-0.8660254037844385,-0.8978045395707417,-0.44039415155763423,-0.9749279121818236,-0.2225209339563146
0.0201090446572752,0.020990255632366707,0.005370110145479871,0.03019105092681474,0.3724042458472762,0.6666666666666666,0.6621930966380897,0.5000000000000003,-0.8660254037844385,-0.9884683243281114,0.15142777750457667,0.7818314824680298,0.6234898018587336
-0.0038358825126122036,-0.004460969670479546,0.010654689328530618,-0.02484135163436217,-1.2675780542805086,0.6666666666666666,0.6622379819561022,0.5000000000000003,-0.8660254037844385,-0.9377521321470804,0.3473052528448203,0.9749279121818236,-0.22252093395631434
0.014498577801153227,-0.005979085302778273,0.0022683756212774587,0.00759293527665029,-0.06155789299943332,0.6666666666666666,0.6622828672741147,0.5000000000000003,-0.8660254037844385,-0.8486442574947509,0.5289640103269624,0.43388373911755823,-0.900968867902419
0.0045351507520485805,0.009697887520511162,0.007524482689244964,0.0052810875611492055,0.322773392263051,0.6666666666666666,0.6623277525921272,0.5000000000000003,-0.8660254037844385,-0.7247927872291207,0.6889669190756859,-0.433883739117558,-0.9009688679024191
-0.0007544855742693855,-0.0067038761931460635,-0.0037552179504434396,-0.0022598319566167757,-1.900958761193047,0.6666666666666666,0.6623726379101397,0.5000000000000003,-0.8660254037844385,-0.5712682150947924,0.8207634412072763,-0.9749279121818236,-0.2225209339563146
-0.011385366316940643,0.006703876193146091,0.0,-0.012139851891209998,2.814947996078923,0.6666666666666666,0.6625521791821896,1.2246467991473532e-16,-1.0,0.20129852008866006,0.9795299412524945,0.9749279121818236,-0.22252093395631434
0.0015256610100274058,-0.016467423001840835,-0.012874022837799521,0.0022875105864969803,-0.8800876832101945,0.6666666666666666,0.6625970645002021,1.2246467991473532e-16,-1.0,0.39435585511331855,0.9189578116202306,0.43388373911755823,-0.900968867902419
-0.015361380691851199,0.011257197629317685,-0.0038183068508098193,0.0022821811206129236,0.3829922522561057,0.6666666666666666,0.6626419498182146,1.2246467991473532e-16,-1.0,0.5712682150947923,0.8207634412072763,-0.433883739117558,-0.9009688679024191
-0.004654775412327615,-0.018832875675029954,0.0,-0.009160361396100622,0.07302513501488982,0.6666666666666666,0.662686835136227,1.2246467991473532e-16,-1.0,0.72479278722912,0.6889669190756866,-0.9749279121818236,-0.2225209339563146
-0.015674288035017886,-0.016098508054214034,-0.009996173942203201,-0.029574113440178663,-0.1936531228035046,0.6666666666666666,0.6628214910902644,1.2246467991473532e-16,-1.0,0.9884683243281114,0.1514277775045767,0.7818314824680298,0.6234898018587336
-0.19472025470873158,-0.06299411346300997,-0.06299411346300997,-0.12074946435392898,1.7788560643921472,0.6666666666666666,0.662866376408277,1.2246467991473532e-16,-1.0,0.9987165071710528,-0.05064916883871264,0.9749279121818236,-0.22252093395631434
0.01523823932481162,-0.07963131423710271,-0.13741906537315018,-0.019802673194944484,-0.574883260066211,0.6666666666666666,0.6629112617262893,1.2246467991473532e-16,-1.0,0.9680771188662043,-0.2506525322587204,0.43388373911755823,-0.900968867902419
0.003773653423321092,-0.001784056223840985,0.0028288535293776312,-0.005469470811890868,-1.0757976109019383,0.6666666666666666,0.6629561470443018,1.2246467991473532e-16,-1.0,0.8978045395707416,-0.4403941515576344,-0.433883739117558,-0.9009688679024191
-0.02382203981451399,0.050489288895550655,-0.0009421297125744875,0.06373838875069696,0.9385964893884533,0.6666666666666666,0.6630010323623143,1.2246467991473532e-16,-1.0,0.7907757369376989,-0.6121059825476626,-0.9749279121818236,-0.2225209339563146
0.08500047291247516,0.024319953521377953,0.09350933333763156,0.015319434544893,-0.39522361405596734,0.6666666666666666,0.6631356883163517,1.2246467991473532e-16,-1.0,0.29936312297335804,-0.9541392564000488,0.7818314824680298,0.6234898018587336
0.034816301452848405,-0.009155396929530345,0.0034275309257525955,0.007572599817950269,-1.4447379569899652,0.6666666666666666,0.6631805736343642,1.2246467991473532e-16,-1.0,0.10116832198743272,-0.994869323391895,0.9749279121818236,-0.22252093395631434
-0.027755441891341097,0.0008358300520040817,0.02366978237142147,-0.004199858183613867,0.7205461547480596,0.6666666666666666,0.6632254589523767,1.2246467991473532e-16,-1.0,-0.10116832198743204,-0.9948693233918952,0.43388373911755823,-0.900968867902419
0.0017574052429190034,-0.0025094092032537183,-0.011764830265213966,-0.0412429807154693,0.5787368293822011,0.6666666666666666,0.6632703442703892,1.2246467991473532e-16,-1.0,-0.29936312297335776,-0.9541392564000489,-0.433883739117558,-0.9009688679024191
-0.03484047349066235,-0.01859736685254197,-0.010195490467308256,-0.022173900541340975,-0.4207325802389528,0.6666666666666666,0.6633152295884017,1.2246467991473532e-16,-1.0,-0.4853019625310808,-0.8743466161445822,-0.9749279121818236,-0.2225209339563146
-0.001819769917144921,-0.015477508790113179,-0.05710825342064039,0.0035810851266065303,0.16290347093685306,0.6666666666666666,0.6634498855424391,1.2246467991473532e-16,-1.0,-0.8978045395707417,-0.44039415155763423,0.7818314824680298,0.6234898018587336
0.008163302695052716,-0.021016578912607373,0.016143833872275273,-0.008976776811600232,-1.2237754316221157,0.6666666666666666,0.6634947708604516,1.2246467991473532e-16,-1.0,-0.9680771188662041,-0.2506525322587213,0.9749279121818236,-0.22252093395631434
-0.006343532777907779,-0.0035459728151182508,-0.017048336454320415,0.001801929422719358,0.0,0.6666666666666666,0.6635396561784641,1.2246467991473532e-16,-1.0,-0.9987165071710528,-0.05064916883871355,0.43388373911755823,-0.900968867902419
-0.020202622389194305,-0.0071302756646928886,0.0116959644968804,-0.030153072988145464,0.537142932083364,0.6666666666666666,0.6635845414964765,1.2246467991473532e-16,-1.0,-0.9884683243281114,0.15142777750457667,-0.433883739117558,-0.9009688679024191
-0.00464907085996256,0.0334244898215374,-0.027200201602397642,0.011987156945362927,1.319155058282262,0.6666666666666666,0.663629426814489,1.2246467991473532e-16,-1.0,-0.9377521321470804,0.3473052528448203,-0.9749279121818236,-0.2225209339563146
-0.007483657476978772,-0.03521493489916639,0.0018366117383491996,-0.009208093537133515,-1.7117167615545186,0.6666666666666666,0.6637640827685265,1.2246467991473532e-16,-1.0,-0.5712682150947924,0.8207634412072763,0.7818314824680298,0.6234898018587336
-0.01418462155992368,-0.03743016571347104,-0.03453449642880406,-0.017732665430760373,-0.34032580593720285,0.6666666666666666,0.6638089680865389,1.2246467991473532e-16,-1.0,-0.3943558551133187,0.9189578116202306,0.9749279121818236,-0.22252093395631434
-0.023122395112683266,0.002786808129726841,0.015080451566706498,-0.015180611134188495,1.1340142157190256,0.6666666666666666,0.6638538534045514,1.2246467991473532e-16,-1.0,-0.20129852008866114,0.9795299412524943,0.43388373911755823,-0.900968867902419
-0.023669792091886934,-0.005581404267745016,-0.04594111573128268,-0.015414480150085412,0.05908891637000658,0.6666666666666666,0.6638987387225639,-0.4999999999999997,-0.8660254037844388,0.20129852008866006,0.9795299412524945,-0.433883739117558,-0.9009688679024191
-0.001997929281147111,-0.03705890396650718,0.003909999799430681,-0.01073710769816909,0.17958557697507987,0.6666666666666666,0.6639436240405764,-0.4999999999999997,-0.8660254037844388,0.39435585511331855,0.9189578116202306,-0.9749279121818236,-0.2225209339563146
-0.026344095479068148,0.017274953210149976,-0.011776376577681226,-0.04106732493402407,0.6440144919823007,0.6666666666666666,0.6641231653126263,-0.4999999999999997,-0.8660254037844388,0.9377521321470804,0.3473052528448203,0.9749279121818236,-0.22252093395631434
0.0162936974922411,-0.022127041177256324,-0.022966539795103255,0.03219590967774864,-1.6202879284581662,0.6666666666666666,0.6641680506306388,-0.4999999999999997,-0.8660254037844388,0.9884683243281114,0.1514277775045767,0.43388373911755823,-0.900968867902419
-0.016293697492241042,-0.023623124141770972,0.009049827058433975,-0.020000648108160064,0.05310982531394833,0.6666666666666666,0.6642129359486513,-0.4999999999999997,-0.8660254037844388,0.9987165071710528,-0.05064916883871264,-0.433883739117558,-0.9009688679024191
0.017303359920987523,0.006947912356437025,-0.008040164629687475,0.013045903971536977,-0.3468709438421116,0.6666666666666666,0.6642578212666638,-0.4999999999999997,-0.8660254037844388,0.9680771188662043,-0.2506525322587204,-0.9749279121818236,-0.2225209339563146
-0.015251932387407251,-0.010939858395889736,0.009040735558080586,-0.026264255769421735,0.25671984684781407,0.6666666666666666,0.6643924772207012,-0.4999999999999997,-0.8660254037844388,0.6513724827222223,-0.758758122692791,0.7818314824680298,0.6234898018587336
0.02229059561263366,0.011928558991463726,0.0019979292811470634,0.035197308776175495,0.10724553035359759,0.6666666666666666,0.6644373625387137,-0.4999999999999997,-0.8660254037844388,0.48530196253108104,-0.8743466161445821,0.9749279121818236,-0.22252093395631434
-0.022290595612633607,0.03495504929325195,0.035297818803971585,-0.02805799732769298,1.3069576188833696,0.6666666666666666,0.6644822478567262,-0.4999999999999997,-0.8660254037844388,0.29936312297335804,-0.9541392564000488,0.43388373911755823,-0.900968867902419
0.014242269958660835,-0.05089169747356039,-0.04130383727396346,0.00809720261204125,-1.3771618775566181,0.6666666666666666,0.6645271331747385,-0.4999999999999997,-0.8660254037844388,0.10116832198743272,-0.994869323391895,-0.433883739117558,-0.9009688679024191
0.007045891979641572,0.03064999380939837,0.004008089188844662,0.010030165005335302,0.9484938723687899,0.6666666666666666,0.664572018492751,-0.4999999999999997,-0.8660254037844388,-0.10116832198743204,-0.9948693233918952,-0.9749279121818236,-0.2225209339563146
-0.0440871282175491,0.0077594882344309305,0.028587428630938733,-0.022200762133348904,0.01398624197473987,0.6666666666666666,0.6647066744467885,-0.4999999999999997,-0.8660254037844388,-0.6513724827222217,-0.7587581226927913,0.7818314824680298,0.6234898018587336
0.005227323769968264,-0.037405898862169974,-0.033600037307530986,0.008130263780175145,-0.6523251860396901,0.6666666666666666,0.6647515597648009,-0.4999999999999997,-0.8660254037844388,-0.7907757369376986,-0.6121059825476627,0.9749279121818236,-0.22252093395631434
0.01654645478676179,-0.0060362295508951625,-0.020305246991412403,-0.00813026378017518,-0.4888467170472155,0.6666666666666666,0.6647964450828134,-0.4999999999999997,-0.8660254037844388,-0.8978045395707417,-0.44039415155763423,0.43388373911755823,-0.900968867902419
0.010204233107062585,0.02195687736635682,0.023315783335150445,0.008130263780175145,-1.2636920390275583,0.6666666666666666,0.6648413304008259,-0.4999999999999997,-0.8660254037844388,-0.9680771188662041,-0.2506525322587213,-0.433883739117558,-0.9009688679024191
0.0030410534889152865,0.013725762812277392,0.011952322454187108,0.030894234449635013,1.285198244248522,0.6666666666666666,0.6648862157188384,-0.4999999999999997,-0.8660254037844388,-0.9987165071710528,-0.05064916883871355,-0.9749279121818236,-0.2225209339563146
-0.0010127297551681016,0.006792769365347865,0.015717471251701115,0.009765763253330582,-0.02150620522096362,0.6666666666666666,0.6650208716728758,-0.4999999999999997,-0.8660254037844388,-0.8486442574947509,0.5289640103269624,0.7818314824680298,0.6234898018587336
0.024025157223084573,0.01725832284274122,-0.008810621045141976,-0.007804910044412188,0.5020919437972361,0.6666666666666666,0.6650657569908883,-0.4999999999999997,-0.8660254037844388,-0.7247927872291207,0.6889669190756859,0.9749279121818236,-0.22252093395631434
0.0039487392994670455,-0.0038093885439271532,0.00685940282009588,0.006832551594697029,-0.06805346324501564,0.6666666666666666,0.6651106423089008,-0.4999999999999997,-0.8660254037844388,-0.5712682150947924,0.8207634412072763,0.43388373911755823,-0.900968867902419
-0.0029600387038930297,-0.009587860199596983,0.00875065500034214,0.006786322673760779,-0.8286926725561692,0.6666666666666666,0.6651555276269133,-0.4999999999999997,-0.8660254037844388,-0.3943558551133187,0.9189578116202306,-0.433883739117558,-0.9009688679024191
-0.0009887005955738876,0.007677505140744218,-0.010705757908353883,-0.0234615344590948,1.076872302031704,0.6666666666666666,0.6652004129449257,-0.4999999999999997,-0.8660254037844388,-0.20129852008866114,0.9795299412524943,-0.9749279121818236,-0.2225209339563146
0.007881806981718666,-0.006714509855058995,-0.0029397348623679373,0.013752659990067667,-0.20679441331268028,0.6666666666666666,0.6653350688989632,-0.8660254037844385,-0.5000000000000004,0.39435585511331855,0.9189578116202306,0.7818314824680298,0.6234898018587336
-0.003933067682251631,-0.008699970295026463,-0.003933067682251631,0.001949386234596262,-0.8075575317376895,0.6666666666666666,0.6653799542169757,-0.8660254037844385,-0.5000000000000004,0.5712682150947923,0.8207634412072763,0.9749279121818236,-0.22252093395631434
-0.20121831549098515,-0.05487662874378202,-0.04020645336336126,-0.17051236787483381,3.3818189068248445,0.6666666666666666,0.6654248395349881,-0.8660254037844385,-0.5000000000000004,0.72479278722912,0.6889669190756866,0.43388373911755823,-0.900968867902419
0.04245925454134821,-0.08004270767353637,-0.11855260758627556,0.02508689246808907,-1.7723809943907443,0.6666666666666666,0.6654697248530006,-0.8660254037844385,-0.5000000000000004,0.8486442574947509,0.5289640103269624,-0.433883739117558,-0.9009688679024191
0.030701644844708064,0.0,0.03850989991273912,0.013423007444649979,0.49617334697912024,0.6666666666666666,0.6655146101710131,-0.8660254037844385,-0.5000000000000004,0.9377521321470804,0.3473052528448203,-0.9749279121818236,-0.2225209339563146
-0.013528942939581899,0.0011105726102166385,0.0,-0.010050326220427584,-1.1713020220363872,0.6666666666666666,0.6656492661250505,-0.8660254037844385,-0.5000000000000004,0.9680771188662043,-0.2506525322587204,0.7818314824680298,0.6234898018587336
-0.020642916225882647,-0.013408008164168966,-0.01229743555395241,-0.027305424024319534,-0.02409755157906053,0.6666666666666666,0.665694151443063,-0.8660254037844385,-0.5000000000000004,0.8978045395707416,-0.4403941515576344,0.9749279121818236,-0.22252093395631434
-0.005810586282635005,-0.007905252300826063,-0.02160408323640831,0.0034542314543865057,-1.148622709242771,0.6666666666666666,0.6657390367610755,-0.8660254037844385,-0.5000000000000004,0.7907757369376989,-0.6121059825476626,0.43388373911755823,-0.900968867902419
0.00465124989683921,0.0,0.0057305873279877,-0.0069204359934654305,0.14310084364067324,0.6666666666666666,0.665783922079088,-0.8660254037844385,-0.5000000000000004,0.6513724827222223,-0.758758122692791,-0.433883739117558,-0.9009688679024191
0.003474232814837334,0.006779680410128444,-0.011494286342081038,0.013793308523969955,0.23638877806423034,0.6666666666666666,0.6658288073971005,-0.8660254037844385,-0.5000000000000004,0.48530196253108104,-0.8743466161445821,-0.9749279121818236,-0.2225209339563146
0.0034622042989930738,-0.007914190562962864,0.008059826986950904,0.0,-0.3053816495511819,0.6666666666666666,0.6659634633511379,-0.8660254037844385,-0.5000000000000004,-0.10116832198743204,-0.9948693233918952,0.7818314824680298,0.6234898018587336
-0.018605253211607865,0.01128687178718537,-0.023202875899565763,0.011350929338606208,0.5179430915348546,0.6666666666666666,0.6660083486691504,-0.8660254037844385,-0.5000000000000004,-0.29936312297335776,-0.9541392564000489,0.9749279121818236,-0.22252093395631434
0.03460557886229043,0.008938518867289812,0.04811928496677107,0.0011278692460794633,0.2273898421956608,0.6666666666666666,0.6660532339871629,-0.8660254037844385,-0.5000000000000004,-0.4853019625310808,-0.8743466161445822,0.43388373911755823,-0.900968867902419
0.006779680410128444,-0.010061562895361283,-0.006734025694352127,0.0033764774266715047,-1.5926307941177191,0.6666666666666666,0.6660981193051754,-0.8660254037844385,-0.5000000000000004,-0.6513724827222217,-0.7587581226927913,-0.433883739117558,-0.9009688679024191
-0.006779680410128465,0.008948757000240174,0.011198394196391232,-0.004504346672750912,1.6894806201076369,0.6666666666666666,0.6661430046231878,-0.8660254037844385,-0.5000000000000004,-0.7907757369376986,-0.6121059825476627,-0.9749279121818236,-0.2225209339563146
0.0011331434950883272,-0.004464368502038991,-0.016844931111431337,0.0033802813672976057,-1.2840155119994723,0.6666666666666666,0.6662776605772253,-0.8660254037844385,-0.5000000000000004,-0.9987165071710528,-0.05064916883871355,0.7818314824680298,0.6234898018587336
-0.00910138710268275,0.017738886056474567,-0.003403289817952357,0.011185628200814597,1.6204877486206852,0.6666666666666666,0.6663225458952378,-0.8660254037844385,-0.5000000000000004,-0.9884683243281114,0.15142777750457667,0.9749279121818236,-0.22252093395631434
0.0034227042051375744,-0.017738886056474588,-0.0022753930795928264,-0.005577174397160052,-1.0143519450503697,0.6666666666666666,0.6663674312132501,-0.8660254037844385,-0.5000000000000004,-0.9377521321470804,0.3473052528448203,0.43388373911755823,-0.900968867902419
0.009070510335985311,-0.002239560255253827,0.014697901036807695,-0.008988735170952167,0.21706450523782758,0.6666666666666666,0.6664123165312626,-0.8660254037844385,-0.5000000000000004,-0.8486442574947509,0.5289640103269624,-0.433883739117558,-0.9009688679024191
-0.006795117256392571,0.007816734652413759,0.008938518867289812,-0.0022600474156282647,0.3468709438421115,0.6666666666666666,0.6664572018492751,-0.8660254037844385,-0.5000000000000004,-0.7247927872291207,0.6889669190756859,-0.9749279121818236,-0.2225209339563146
0.012422507957214958,0.003331482680225397,-0.008938518867289755,0.0190483369470949,0.12921173148000625,0.6666666666666666,0.6665918578033125,-0.8660254037844385,-0.5000000000000004,-0.20129852008866114,0.9795299412524943,0.7818314824680298,0.6234898018587336
-0.001123044028071455,-0.0033314826802252518,0.008938518867289812,-0.012283942858715598,-0.2578291093020998,0.6666666666666666,0.666636743121325,-0.8660254037844385,-0.5000000000000004,-2.4492935982947064e-16,1.0,0.9749279121818236,-0.22252093395631434
-0.020432020569004092,0.003331482680225397,-0.010061562895361283,0.0022448282429474104,0.3308542443169896,0.6666666666666666,0.6666816284393375,-1.0,-1.8369701987210297e-16,0.20129852008866006,0.9795299412524945,0.43388373911755823,-0.900968867902419
0.018182383372853148,-0.0022196753270874573,-0.0011240653054532905,0.0067039287572929,-1.6236225474260568,0.6666666666666666,0.66672651375735,-1.0,-1.8369701987210297e-16,0.39435585511331855,0.9189578116202306,-0.433883739117558,-0.9009688679024191
-0.001126840230520461,0.011049904306176757,0.02334733986012914,-0.003346346556568551,1.488077055429833,0.6666666666666666,0.6667713990753625,-1.0,-1.8369701987210297e-16,0.5712682150947923,0.8207634412072763,-0.9749279121818236,-0.2225209339563146
-0.014764511623431056,-0.016620864111004097,-0.03125259216095513,-0.0237433994937741,-0.27698678333503296,0.6666666666666666,0.6669509403474124,-1.0,-1.8369701987210297e-16,0.9884683243281114,0.1514277775045767,0.9749279121818236,-0.22252093395631434
0.012507257146191695,0.007790635131914911,0.007905252300826063,0.019264033078174033,-1.452252328911688,0.6666666666666666,0.6669958256654249,-1.0,-1.8369701987210297e-16,0.9987165071710528,-0.05064916883871264,0.43388373911755823,-0.900968867902419
-0.009080643788875152,-0.0022196753270874573,-0.013590310387332709,0.01005032622042762,1.6451559950361796,0.6666666666666666,0.6670407109834373,-1.0,-1.8369701987210297e-16,0.9680771188662043,-0.2506525322587204,-0.433883739117558,-0.9009688679024191
0.015837419720857577,-0.010050326220427584,0.015837419720857577,-0.010050326220427584,-4.04305126783455,0.6666666666666666,0.6670855963014498,-1.0,-1.8369701987210297e-16,0.8978045395707416,-0.4403941515576344,-0.9749279121818236,-0.2225209339563146
-0.001123044028071455,0.008938518867289812,0.00671142814445918,0.008938518867289812,2.4849066497880004,0.6666666666666666,0.6672202522554873,-1.0,-1.8369701987210297e-16,0.48530196253108104,-0.8743466161445821,0.7818314824680298,0.6234898018587336
-0.012436472606606944,-0.0011128058951210282,-0.020270944779137542,-0.0011128058951210282,-0.5389965007326869,0.6666666666666666,0.6672651375734997,-1.0,-1.8369701987210297e-16,0.29936312297335804,-0.9541392564000488,0.9749279121818236,-0.22252093395631434
0.005672078518227807,-0.003346346556568551,0.016920861104808112,-0.00894875700024019,0.7621400520468967,0.6666666666666666,0.6673100228915122,-1.0,-1.8369701987210297e-16,0.10116832198743272,-0.994869323391895,0.43388373911755823,-0.900968867902419
0.0056403287829258335,0.015521281215675456,-0.004484388498201162,0.021123691659347254,0.8183103235139513,0.6666666666666666,0.6673549082095247,-1.0,-1.8369701987210297e-16,-0.10116832198743204,-0.9948693233918952,-0.433883739117558,-0.9009688679024191
0.007843009634394575,-0.00995032141084811,0.007834472172530605,-0.014404747330405835,-0.8873031950009028,0.6666666666666666,0.6673997935275372,-1.0,-1.8369701987210297e-16,-0.29936312297335776,-0.9541392564000489,-0.9749279121818236,-0.2225209339563146
-0.0067189443289413205,0.0011105726102166385,-0.002232061728858926,0.0011155278435892376,2.2735975561207935,0.6666666666666666,0.6675344494815746,-1.0,-1.8369701987210297e-16,-0.7907757369376986,-0.6121059825476627,0.7818314824680298,0.6234898018587336
0.0,-0.005564998529774323,0.0011165338852695819,-0.0033500836743294692,-1.3573068242466384,0.6666666666666666,0.6675793347995871,-1.0,-1.8369701987210297e-16,-0.8978045395707417,-0.44039415155763423,0.9749279121818236,-0.22252093395631434
0.0022448282429474104,0.0044544259195577795,-0.0022345558307400866,-0.002239560255253827,0.1823215567939546,0.6666666666666666,0.6676242201175996,-1.0,-1.8369701987210297e-16,-0.9680771188662041,-0.2506525322587213,0.43388373911755823,-0.900968867902419
-0.01695920393573337,-0.004454425919557724,0.0022345558307401347,-0.007878560146858223,0.15415067982725836,0.6666666666666666,0.6676691054356121,-1.0,-1.8369701987210297e-16,-0.9987165071710528,-0.05064916883871355,-0.433883739117558,-0.9009688679024191
-0.0011409003185710873,0.015504330225734485,-0.01574826193522072,0.012352676232852222,-0.3364722366212129,0.6666666666666666,0.6677139907536246,-1.0,-1.8369701987210297e-16,-0.9884683243281114,0.15142777750457667,-0.9749279121818236,-0.2225209339563146
0.021457686455028765,-0.01104990430617671,0.020202687854778384,0.0,0.37647757123491205,0.6666666666666666,0.667848646707662,-1.0,-1.8369701987210297e-16,-0.7247927872291207,0.6889669190756859,0.7818314824680298,0.6234898018587336
-0.01803888305027858,0.0,0.0,-0.008968581525092237,1.1307694003026412,0.6666666666666666,0.6678935320256745,-1.0,-1.8369701987210297e-16,-0.5712682150947924,0.8207634412072763,0.9749279121818236,-0.22252093395631434
-0.0034188034047502353,0.0686966163650603,-0.017937764336878204,-0.006779680410128465,2.0123681649390766,0.6666666666666666,0.667938417343687,-1.0,-1.8369701987210297e-16,-0.3943558551133187,0.9189578116202306,0.43388373911755823,-0.900968867902419
-0.003430531729770814,-0.0765048714330914,-0.005672078518227752,0.012394432786747388,-1.7278556672485748,0.6666666666666666,0.6679833026616994,-1.0,-1.8369701987210297e-16,-0.20129852008866114,0.9795299412524943,-0.433883739117558,-0.9009688679024191
0.007986343811984375,0.007808255068030984,0.0224980355019682,-0.013528942939581899,0.4212134650763035,0.6666666666666666,0.6680281879797119,-0.866025403784439,0.49999999999999933,0.20129852008866006,0.9795299412524945,-0.9749279121818236,-0.2225209339563146
-0.00684152512095893,-0.003338898075968429,-0.016825956983740408,-0.006833733454760174,-0.9808292530117262,0.6666666666666666,0.6681628439337494,-0.866025403784439,0.49999999999999933,0.72479278722912,0.6889669190756866,0.7818314824680298,0.6234898018587336
-0.011507595485224547,-0.01799829993164449,-0.0217274534675758,-0.0057305873279876116,0.2097205309820691,0.6666666666666666,0.6682077292517618,-0.866025403784439,0.49999999999999933,0.8486442574947509,0.5289640103269624,0.9749279121818236,-0.22252093395631434
0.004618941278365039,-0.002272644847493101,0.006912463085292109,0.0011487640711988142,-1.500704712297635,0.6666666666666666,0.6682526145697743,-0.866025403784439,0.49999999999999933,0.9377521321470804,0.3473052528448203,0.43388373911755823,-0.900968867902419
0.0011513271592340408,0.010186835410455923,0.004581823256788897,0.0011473639016586427,1.984131361875511,0.6666666666666666,0.6682974998877868,-0.866025403784439,0.49999999999999933,0.9884683243281114,0.1514277775045767,-0.433883739117558,-0.9009688679024191
0.001150167555866446,0.008968581525092346,0.00228318552108797,0.0,0.7576857016975165,0.6666666666666666,0.6683423852057992,-0.866025403784439,0.49999999999999933,0.9987165071710528,-0.05064916883871264,-0.9749279121818236,-0.2225209339563146
0.0022961279728573995,-0.023716505542815285,-0.003426613357316449,0.0,-2.5006550067561393,0.6666666666666666,0.6684770411598366,-0.866025403784439,0.49999999999999933,0.7907757369376989,-0.6121059825476626,0.7818314824680298,0.6234898018587336
-0.0057503594272439364,0.0,-0.008041390946145602,0.0034344593551300993,1.8533173622274883,0.6666666666666666,0.6685219264778491,-0.866025403784439,0.49999999999999933,0.6513724827222223,-0.758758122692791,0.9749279121818236,-0.22252093395631434
0.006896572255120114,0.013621083787202566,0.011468004303462016,-0.0011434278362284932,0.04380262265839284,0.6666666666666666,0.6685668117958616,-0.866025403784439,0.49999999999999933,0.48530196253108104,-0.8743466161445821,0.43388373911755823,-0.900968867902419
-0.0034423408007336364,-0.0011278692460795657,-0.008013772849075623,0.0045661320413661185,-0.4418327522790392,0.6666666666666666,0.6686116971138741,-0.866025403784439,0.49999999999999933,0.29936312297335804,-0.9541392564000488,-0.433883739117558,-0.9009688679024191
0.0022961279728573995,-0.012493214541123064,0.0057305873279877,-0.0034227042051376984,-0.3646431135879093,0.6666666666666666,0.6686565824318865,-0.866025403784439,0.49999999999999933,0.10116832198743272,-0.994869323391895,-0.9749279121818236,-0.2225209339563146
0.0,0.0,0.0,-0.0034344593551301414,-0.9364934391916745,0.6666666666666666,0.668791238385924,-0.866025403784439,0.49999999999999933,-0.4853019625310808,-0.8743466161445822,0.7818314824680298,0.6234898018587336
-0.002296127972857474,0.0,0.0,-0.00114736390165869,0.3708595789306888,0.6666666666666666,0.6688361237039365,-0.866025403784439,0.49999999999999933,-0.6513724827222217,-0.7587581226927913,0.9749279121818236,-0.22252093395631434
-0.003454231454386554,0.0,-0.0011434278362284932,0.003438395420560249,-0.4340384805522204,0.6666666666666666,0.6688810090219489,-0.866025403784439,0.49999999999999933,-0.7907757369376986,-0.6121059825476627,0.43388373911755823,-0.900968867902419
-0.002309467559706886,0.021481949712075083,0.0011434278362285378,-0.008041390946145602,1.672616814055632,0.6666666666666666,0.6689258943399614,-0.866025403784439,0.49999999999999933,-0.8978045395707417,-0.44039415155763423,-0.433883739117558,-0.9009688679024191
-0.003474232814837275,-0.022625377548303634,-0.0011434278362284932,0.0023040638985201366,-1.0945389632804738,0.6666666666666666,0.6689707796579739,-0.866025403784439,0.49999999999999933,-0.9680771188662041,-0.2506525322587213,-0.9749279121818236,-0.2225209339563146
-0.002322962269793553,0.0011434278362285378,-0.0045871594917590896,0.006880754883854118,0.059188871390330654,0.6666666666666666,0.6691054356120113,-0.866025403784439,0.49999999999999933,-0.9377521321470804,0.3473052528448203,0.7818314824680298,0.6234898018587336
0.0023229622697936146,0.007968243607594442,0.013698830935582138,-0.012651023321453056,1.210845683613698,0.6666666666666666,0.6691503209300238,-0.866025403784439,0.49999999999999933,-0.8486442574947509,0.5289640103269624,0.9749279121818236,-0.22252093395631434
-0.002322962269793553,-0.013698830935582187,-0.014848998491448577,0.0,-0.34403500900291273,0.6666666666666666,0.6691952062480363,-0.866025403784439,0.49999999999999933,-0.7247927872291207,0.6889669190756859,0.43388373911755823,-0.900968867902419
0.0023229622697936146,0.0011487640711988142,-0.005770268437598988,0.005770268437598931,-1.8987315887802227,0.6666666666666666,0.6692400915660488,-0.866025403784439,0.49999999999999933,-0.5712682150947924,0.8207634412072763,-0.433883739117558,-0.9009688679024191
0.003474232814837334,0.004581823256788897,0.0011567369793720219,0.0034462955287238154,0.9968295943581673,0.6666666666666666,0.6692849768840613,-0.866025403784439,0.49999999999999933,-0.3943558551133187,0.9189578116202306,-0.9749279121818236,-0.2225209339563146
0.001155317891714973,0.012493214541122922,0.02285811565204414,-0.0069045090952360375,1.7615456906315583,0.6666666666666666,0.6694196328380987,-0.5000000000000012,0.8660254037844379,0.20129852008866006,0.9795299412524945,0.7818314824680298,0.6234898018587336
0.008050721923112155,-0.003391827438440173,-0.0022624422072803248,0.010338968450366118,-0.6749095930101645,0.6666666666666666,0.6694645181561112,-0.5000000000000012,0.8660254037844379,0.39435585511331855,0.9189578116202306,0.9749279121818236,-0.22252093395631434
-0.010362776794199027,-0.0011331434950883085,-0.013683210359471685,0.007968243607594442,-0.18473410319933853,0.6666666666666666,0.6695094034741237,-0.5000000000000012,0.8660254037844379,0.5712682150947923,0.8207634412072763,0.43388373911755823,-0.900968867902419
0.026272107108655605,0.01909088050164055,0.023824212713610186,0.007905252300826063,-0.6053309745530285,0.6666666666666666,0.6695542887921362,-0.5000000000000012,0.8660254037844379,0.72479278722912,0.6889669190756866,-0.433883739117558,-0.9009688679024191
0.0022524121212180647,0.011062128763986006,-0.003368893548400769,0.01783753162686225,1.1419090944214338,0.6666666666666666,0.6695991741101486,-0.5000000000000012,0.8660254037844379,0.8486442574947509,0.5289640103269624,-0.9749279121818236,-0.2225209339563146
-0.0056403287829258925,-0.00995032141084811,0.01007282230569362,-0.020089943748080336,-0.8067018801068077,0.6666666666666666,0.6697338300641861,-0.5000000000000012,0.8660254037844379,0.9987165071710528,-0.05064916883871264,0.7818314824680298,0.6234898018587336
0.0022600474156283267,0.048790194444806596,-0.013453103672991148,0.023399375777074093,1.3426334250038747,0.6666666666666666,0.6697787153821986,-0.5000000000000012,0.8660254037844379,0.9680771188662043,-0.2506525322587204,0.9749279121818236,-0.22252093395631434
0.02672762122742665,0.011572899418514911,0.02672762122742665,0.051513565761417954,-1.2461731588163125,0.6666666666666666,0.669823600700211,-0.5000000000000012,0.8660254037844379,0.8978045395707416,-0.4403941515576344,0.43388373911755823,-0.900968867902419
0.016349121431899406,-0.001046496734665162,0.048266692822479605,-0.013691542191950332,-0.5050949490570057,0.6666666666666666,0.6698684860182235,-0.5000000000000012,0.8660254037844379,0.7907757369376989,-0.6121059825476626,-0.433883739117558,-0.9009688679024191
-0.010869739420870873,0.03093034365194269,-0.015831449679768062,0.009498742836134095,0.8833739168610132,0.6666666666666666,0.669913371336236,-0.5000000000000012,0.8660254037844379,0.6513724827222223,-0.758758122692791,-0.9749279121818236,-0.2225209339563146
0.026955861131682943,-0.006109992411095937,0.037582747947164936,0.003146302621151044,-0.2094580982289555,0.6666666666666666,0.6700480272902734,-0.5000000000000012,0.8660254037844379,0.10116832198743272,-0.994869323391895,0.7818314824680298,0.6234898018587336
0.0,-0.024820351240846878,-0.031220060433226872,-0.00946876216583005,-0.19207773173931936,0.6666666666666666,0.6700929126082859,-0.5000000000000012,0.8660254037844379,-0.10116832198743204,-0.9948693233918952,0.9749279121818236,-0.22252093395631434
0.0,0.0041796557581183676,0.005271488325743609,-0.006362687513937987,-1.4722367909206153,0.6666666666666666,0.6701377979262984,-0.5000000000000012,0.8660254037844379,-0.29936312297335776,-0.9541392564000489,0.43388373911755823,-0.900968867902419
0.010582023628001085,0.007272826886597028,0.008376929598204776,0.027283932324483402,-0.10821358464023272,0.6666666666666666,0.6701826832443109,-0.5000000000000012,0.8660254037844379,-0.4853019625310808,-0.8743466161445822,-0.433883739117558,-0.9009688679024191
-0.03644550830045099,0.0,0.007272826886597028,-0.027283932324483368,1.7578579175523736,0.6666666666666666,0.6702275685623234,-0.5000000000000012,0.8660254037844379,-0.6513724827222217,-0.7587581226927913,-0.9749279121818236,-0.2225209339563146
0.002180945820244756,-0.001035805995828602,-0.01670190869648226,0.026248126328654746,-0.08209736218720072,0.6666666666666666,0.6703622245163607,-0.5000000000000012,0.8660254037844379,-0.9680771188662041,-0.2506525322587213,0.7818314824680298,0.6234898018587336
0.03741747869570553,0.025576891577170916,0.01670190869648231,0.025576891577170916,-0.4353180712578455,0.6666666666666666,0.6704071098343732,-0.5000000000000012,0.8660254037844379,-0.9987165071710528,-0.05064916883871355,0.9749279121818236,-0.22252093395631434
0.03302685348821034,0.02000064810816009,0.02756680366034223,0.009049827058433975,-0.8639649128724154,0.6666666666666666,0.6704519951523857,-0.5000000000000012,0.8660254037844379,-0.9884683243281114,0.15142777750457667,0.43388373911755823,-0.900968867902419
-0.010204233107062616,-0.008950822242725929,0.008024107786434085,-0.023292097017094747,0.0,0.6666666666666666,0.6705417657884106,-0.5000000000000012,0.8660254037844379,-0.8486442574947509,0.5289640103269624,-0.9749279121818236,-0.2225209339563146
-0.012384047315929621,-0.015098483122345312,-0.020182300811966182,0.001023918160775997,0.09352605801082355,0.6666666666666666,0.6706764217424481,-0.5000000000000012,0.8660254037844379,-0.3943558551133187,0.9189578116202306,0.7818314824680298,0.6234898018587336
0.014433153199222259,0.010090966054893442,0.015174783744514345,0.014228014226631322,-2.2335922215070942,0.6666666666666666,0.6707213070604605,-0.5000000000000012,0.8660254037844379,-0.20129852008866114,0.9795299412524943,0.9749279121818236,-0.22252093395631434
-0.020683167490737724,-0.012121349147384575,-0.03785622126592158,-0.007088702778148634,2.302585092994046,0.6666666666666666,0.670766192378473,-2.4492935982947064e-16,1.0,0.20129852008866006,0.9795299412524945,0.43388373911755823,-0.900968867902419
0.015552398013476215,0.006079040349402274,0.025734872118537037,-0.006116221220186404,-0.456758402495715,0.6666666666666666,0.6708110776964855,-2.4492935982947064e-16,1.0,0.39435585511331855,0.9189578116202306,-0.433883739117558,-0.9009688679024191
-0.00930238372196077,-0.0010106828773618387,0.005068357472040391,0.003062786623056623,0.6109090823229731,0.6666666666666666,0.670855963014498,-2.4492935982947064e-16,1.0,0.5712682150947923,0.8207634412072763,-0.9749279121818236,-0.2225209339563146
0.020555615941371504,0.006048472187596876,-0.006085206178373636,0.00812179206917008,-0.13762137787604772,0.6666666666666666,0.6709906189685354,-2.4492935982947064e-16,1.0,0.9377521321470804,0.3473052528448203,0.7818314824680298,0.6234898018587336
-0.0010176652302781384,-0.002012071231234845,0.007095889055735436,0.004036400956361941,0.16579225484274404,0.6666666666666666,0.6710355042865479,-2.4492935982947064e-16,1.0,0.9884683243281114,0.1514277775045767,0.9749279121818236,-0.22252093395631434
-0.001018920660518415,0.004020173900641601,0.0,-0.005047889164199533,0.32850406697203605,0.6666666666666666,0.6710803896045604,-2.4492935982947064e-16,1.0,0.9987165071710528,-0.05064916883871264,0.43388373911755823,-0.900968867902419
-0.010246055174307645,-0.0060362295508951625,0.0010096624287464129,-0.009151045900011303,-1.5606477482646683,0.6666666666666666,0.6711252749225729,-2.4492935982947064e-16,1.0,0.9680771188662043,-0.2506525322587204,-0.433883739117558,-0.9009688679024191
0.0071832685512510635,-0.0010096624287464892,-0.004044563269114052,0.008138316144843068,0.6190392084062235,0.6666666666666666,0.6711701602405854,-2.4492935982947064e-16,1.0,0.8978045395707416,-0.4403941515576344,-0.9749279121818236,-0.2225209339563146
-0.002047008389072112,0.024938995682183808,0.007067232546046188,0.007067232546046188,0.9315582040049435,0.6666666666666666,0.6713048161946228,-2.4492935982947064e-16,1.0,0.48530196253108104,-0.8743466161445821,0.7818314824680298,0.6234898018587336
0.0020470083890720245,-0.0009857063518207989,0.01893420808942492,-0.0010066136266783311,-0.9842019374903654,0.6666666666666666,0.6713497015126353,-2.4492935982947064e-16,1.0,0.29936312297335804,-0.9541392564000488,0.9749279121818236,-0.22252093395631434
0.01320492399833506,-0.00991094530408323,-0.008924195768823546,-0.0010075558163611033,-0.20972053098206903,0.6666666666666666,0.6713945868306478,-2.4492935982947064e-16,1.0,0.10116832198743272,-0.994869323391895,0.43388373911755823,-0.900968867902419
-0.006072887002861344,-0.00299251816084556,-0.00399194603945268,0.008032235724188087,0.125163142954006,0.6666666666666666,0.6714394721486602,-2.4492935982947064e-16,1.0,-0.10116832198743204,-0.9948693233918952,-0.433883739117558,-0.9009688679024191
-0.004069250372417158,-0.001999998807000212,-0.009040735558080638,-0.0010005709283931923,0.21130909366720696,0.6666666666666666,0.6714843574666727,-2.4492935982947064e-16,1.0,-0.29936312297335776,-0.9541392564000489,-0.9749279121818236,-0.2225209339563146
-0.0010199599188427133,-0.0020039350787922267,0.00603622955089524,-0.01818230200496599,-0.9044562742271522,0.6666666666666666,0.6716190134207102,-2.4492935982947064e-16,1.0,-0.7907757369376986,-0.6121059825476627,0.7818314824680298,0.6234898018587336
0.0,0.002003935078792171,-0.01515944626565526,0.018182302004965924,0.3448404862917296,0.6666666666666666,0.6716638987387226,-2.4492935982947064e-16,1.0,-0.8978045395707417,-0.44039415155763423,0.9749279121818236,-0.22252093395631434
0.0030565458096392323,-0.004012037748198974,0.01315134359624856,-0.01309848431534503,-0.08701137698962981,0.6666666666666666,0.6717087840567351,-2.4492935982947064e-16,1.0,-0.9680771188662041,-0.2506525322587213,0.43388373911755823,-0.900968867902419
-0.002036585890796547,-0.00100545760455652,-0.014170264256766943,0.006066819519550196,0.5198754592859086,0.6666666666666666,0.6717536693747476,-2.4492935982947064e-16,1.0,-0.9987165071710528,-0.05064916883871355,-0.433883739117558,-0.9009688679024191
-0.03105836711961199,-0.0020141694430394937,0.010142137375278524,-0.020367283537785285,0.5787368293822011,0.6666666666666666,0.6719332106467975,-2.4492935982947064e-16,1.0,-0.7247927872291207,0.6889669190756859,0.7818314824680298,0.6234898018587336
0.003149605828236448,-0.011150637209170972,-0.02038819254958606,0.003081663593968796,-0.7884573603642702,0.6666666666666666,0.67197809596481,-2.4492935982947064e-16,1.0,-0.5712682150947924,0.8207634412072763,0.9749279121818236,-0.22252093395631434
0.01663245770986004,0.00812179206917008,0.013299489771437314,-0.005141320846869878,0.4489502200479032,0.6666666666666666,0.6720229812828225,-2.4492935982947064e-16,1.0,-0.3943558551133187,0.9189578116202306,0.43388373911755823,-0.900968867902419
-0.0072427264690596805,-0.004052541696752963,0.001015815775287368,-0.004132307053294919,-0.8544153281560676,0.6666666666666666,0.672067866600835,-2.4492935982947064e-16,1.0,-0.20129852008866114,0.9795299412524943,-0.433883739117558,-0.9009688679024191
0.001037956007453491,-0.007132036995473854,-0.021550324415538717,0.008247388089101105,0.5877866649021191,0.6666666666666666,0.6721127519188473,-2.4492935982947064e-16,1.0,-2.4492935982947064e-16,1.0,-0.9749279121818236,-0.2225209339563146
0.011346091308476032,0.020243587223561506,0.025602866112291796,0.0010262398110635496,0.7602864833975739,0.6833333333333333,0.6722474078728848,0.49999999999999994,0.8660254037844387,0.5712682150947923,0.8207634412072763,0.7818314824680298,0.6234898018587336
0.00715390339516395,-0.002006016855990486,0.0,0.017285619943816517,0.0,0.6833333333333333,0.6722922931908973,0.49999999999999994,0.8660254037844387,0.72479278722912,0.6889669190756866,0.9749279121818236,-0.22252093395631434
0.0040648970291024804,0.0020060168559905365,0.009059008531334668,0.006030163391333992,-1.0479685558493548,0.6833333333333333,0.6723371785089097,0.49999999999999994,0.8660254037844387,0.8486442574947509,0.5289640103269624,0.43388373911755823,-0.900968867902419
0.0010137564165434681,0.006989537692288051,0.002002072332854207,-0.0040159939482943925,0.10536051565782635,0.6833333333333333,0.6723820638269222,0.49999999999999994,0.8660254037844387,0.9377521321470804,0.3473052528448203,-0.433883739117558,-0.9009688679024191
0.01308529882719469,0.006941093632029606,0.0,0.017946625272612204,1.5114575040738967,0.6833333333333333,0.6724269491449347,0.49999999999999994,0.8660254037844387,0.9884683243281114,0.1514277775045767,-0.9749279121818236,-0.2225209339563146
-0.022245659556415755,0.0,0.000999427878607031,-0.0019783088701307103,-1.545359055749578,0.6833333333333333,0.6725616050989721,0.49999999999999994,0.8660254037844387,0.8978045395707416,-0.4403941515576344,0.7818314824680298,0.6234898018587336
0.03120539199605234,0.029213412620454828,0.007960304561029438,0.006906850206559131,0.7435780341868372,0.6833333333333333,0.6726064904169846,0.49999999999999994,0.8660254037844387,0.7907757369376989,-0.6121059825476626,0.9749279121818236,-0.22252093395631434
0.007897367888255624,0.0,0.007897367888255624,0.024284871284026562,0.73331322228528,0.6833333333333333,0.6726513757349971,0.49999999999999994,0.8660254037844387,0.6513724827222223,-0.758758122692791,0.43388373911755823,-0.900968867902419
0.024284871284026562,0.006695242843119973,0.024284871284026562,0.006695242843119973,-1.6661332561106457,0.6833333333333333,0.6726962610530096,0.49999999999999994,0.8660254037844387,0.48530196253108104,-0.8743466161445821,-0.433883739117558,-0.9009688679024191
-0.011583198536141016,0.0009529020306786283,-0.011583198536141016,-0.013435821600054111,0.4855078157817008,0.6833333333333333,0.6727411463710221,0.49999999999999994,0.8660254037844387,0.29936312297335804,-0.9541392564000488,-0.9749279121818236,-0.2225209339563146
0.0,-0.009569510620797259,0.0,0.004819213009935502,-0.48550781578170077,0.6833333333333333,0.672920687643072,0.49999999999999994,0.8660254037844387,-0.4853019625310808,-0.8743466161445822,0.9749279121818236,-0.22252093395631434
-0.0058422699277894145,0.0,0.009661832789142583,-0.0028887813193826215,0.4855078157817008,0.6833333333333333,0.6729655729610845,0.49999999999999994,0.8660254037844387,-0.6513724827222217,-0.7587581226927913,0.43388373911755823,-0.900968867902419
0.011650674933205197,0.006708281072356263,-0.003853427783726968,0.009597062391738817,-0.5725191927713306,0.6833333333333333,0.673010458279097,0.49999999999999994,0.8660254037844387,-0.7907757369376986,-0.6121059825476627,-0.433883739117558,-0.9009688679024191
-0.005808405005415641,0.0009547213474394779,0.011516430203522547,-0.013461728788946163,0.6466271649250525,0.6833333333333333,0.6730553435971094,0.49999999999999994,0.8660254037844387,-0.8978045395707417,-0.44039415155763423,-0.9749279121818236,-0.2225209339563146
-0.00975616541406821,-0.018296179653776872,-0.027081000623006432,-0.007774639762372713,0.49643688631389105,0.6833333333333333,0.6731899995511469,0.49999999999999994,0.8660254037844387,-0.9884683243281114,0.15142777750457667,0.7818314824680298,0.6234898018587336
-0.019802607661709205,-0.0038949102449814146,0.0,-0.007835418058065358,-0.4499168706789983,0.6833333333333333,0.6732348848691594,0.49999999999999994,0.8660254037844387,-0.9377521321470804,0.3473052528448203,0.9749279121818236,-0.22252093395631434
0.009950250121333052,0.003894910244981475,0.0,0.005882364128172348,1.42529651892316,0.6833333333333333,0.6732797701871718,0.49999999999999994,0.8660254037844387,-0.8486442574947509,0.5289640103269624,0.43388373911755823,-0.900968867902419
-0.03424291806682082,0.010633177233981243,0.011696028347801337,-0.041922337389423386,-0.28223246768421634,0.6833333333333333,0.6733246555051843,0.49999999999999994,0.8660254037844387,-0.7247927872291207,0.6889669190756859,-0.433883739117558,-0.9009688679024191
-0.01340923503844629,-0.059423438717121795,-0.054767385794222384,-0.015408610634810183,-0.29252469692756894,0.6833333333333333,0.6733695408231968,0.49999999999999994,0.8660254037844387,-0.5712682150947924,0.8207634412072763,-0.9749279121818236,-0.2225209339563146
0.0020746134199361773,0.0030565458096392323,-0.012358539779286115,0.015408610634810329,-0.475845904869964,0.6833333333333333,0.6735041967772342,0.49999999999999994,0.8660254037844387,-2.4492935982947064e-16,1.0,0.7818314824680298,0.6234898018587336
0.0,0.030062428850838843,0.01644441663063886,0.00812179206917008,0.4054651081081644,0.6833333333333333,0.6735490820952467,0.8660254037844386,0.5000000000000001,0.20129852008866006,0.9795299412524945,0.9749279121818236,-0.22252093395631434
0.012358539779285986,-0.014918214141130405,0.011150637209170958,-0.010162534107848838,0.1361321743245799,0.6833333333333333,0.6735939674132592,0.8660254037844386,0.5000000000000001,0.39435585511331855,0.9189578116202306,0.43388373911755823,-0.900968867902419
0.009169694540973649,-0.002006016855990486,0.003019627047595913,0.009151045900011175,-1.1451323043030026,0.6833333333333333,0.6736388527312717,0.8660254037844386,0.5000000000000001,0.5712682150947923,0.8207634412072763,-0.433883739117558,-0.9009688679024191
-0.00508381768962087,0.004008089188844662,-0.00705996039543447,0.008064479883181841,1.0696247517948574,0.6833333333333333,0.6736837380492842,0.8660254037844386,0.5000000000000001,0.72479278722912,0.6889669190756866,-0.9749279121818236,-0.2225209339563146
0.004069250372417158,0.009950250121333052,0.02202281919335953,-0.005032646369235905,-0.9614111671546247,0.6833333333333333,0.6738183940033216,0.8660254037844386,0.5000000000000001,0.9884683243281114,0.1514277775045767,0.7818314824680298,0.6234898018587336
-0.003050329711898682,-0.020000648108160064,-0.020000648108160064,-0.00810555148448192,-1.717651497074333,0.6833333333333333,0.673863279321334,0.8660254037844386,0.5000000000000001,0.9987165071710528,-0.05064916883871264,0.9749279121818236,-0.22252093395631434
-0.004081707283575055,0.013045903971536977,-0.005063224574114849,-0.0010176652302781384,1.550597412411167,0.6833333333333333,0.6739081646393466,0.8660254037844386,0.5000000000000001,0.9680771188662043,-0.2506525322587204,0.43388373911755823,-0.900968867902419
-0.0030721961115888004,-0.016080804811904475,-0.006109992411095937,-0.006128715672647219,1.0360919316867758,0.6833333333333333,0.6739530499573589,0.8660254037844386,0.5000000000000001,0.8978045395707416,-0.4403941515576344,-0.433883739117558,-0.9009688679024191
-0.014462973706003796,-0.0030441395090345987,-0.01751732249152673,0.0020470083890720245,-1.0360919316867756,0.6833333333333333,0.6739979352753714,0.8660254037844386,0.5000000000000001,0.7907757369376989,-0.6121059825476626,-0.9749279121818236,-0.2225209339563146
-0.042514482781553724,-0.02886803114199016,-0.04246911082493687,-0.033267068822299,2.625985248047906,0.6833333333333333,0.6741325912294089,0.8660254037844386,0.5000000000000001,0.29936312297335804,-0.9541392564000488,0.7818314824680298,0.6234898018587336
0.020419896262909392,-0.00629592278643202,0.02991665602385003,0.004219336114063063,-2.5115748968701617,0.6833333333333333,0.6741774765474213,0.8660254037844386,0.5000000000000001,0.10116832198743272,-0.994869323391895,0.9749279121818236,-0.22252093395631434
0.0031864042224829105,0.028024642479939722,-0.002107404984568497,0.028024642479939722,-0.24362208265775043,0.6833333333333333,0.6742223618654338,0.8660254037844386,0.5000000000000001,-0.10116832198743204,-0.9948693233918952,0.43388373911755823,-0.900968867902419
0.013691542191950254,0.008155127223769957,0.008403327771000554,0.008155127223769957,0.5447271754416719,0.6833333333333333,0.6742672471834463,0.8660254037844386,0.5000000000000001,-0.29936312297335776,-0.9541392564000489,-0.433883739117558,-0.9009688679024191
0.014538292963344955,-0.005089210291259849,0.01967961381021483,-0.015345553953932485,-0.2231435513142097,0.6833333333333333,0.6743121325014588,0.8660254037844386,0.5000000000000001,-0.4853019625310808,-0.8743466161445822,-0.9749279121818236,-0.2225209339563146
-0.011405133939891867,-0.010256343662672689,-0.008238893688332551,-0.008281760948690117,-0.10536051565782628,0.6833333333333333,0.6744916737735087,0.8660254037844386,0.5000000000000001,-0.9680771188662041,-0.2506525322587213,0.9749279121818236,-0.22252093395631434
-0.020011105437886385,-0.0010315323551069071,-0.01458372669281529,-0.018888267507708924,1.2447947988461912,0.6833333333333333,0.6745365590915212,0.8660254037844386,0.5000000000000001,-0.9987165071710528,-0.05064916883871355,0.43388373911755823,-0.900968867902419
0.0053050469959185,-0.004136580694016641,0.012513186485154305,0.0010588360745392707,-0.623621117911335,0.6833333333333333,0.6745814444095337,0.8660254037844386,0.5000000000000001,-0.9884683243281114,0.15142777750457667,-0.433883739117558,-0.9009688679024191
0.0,0.001035805995828644,-0.020943079332736377,0.014706058441968038,-1.7197859696029658,0.6833333333333333,0.6746263297275462,0.8660254037844386,0.5000000000000001,-0.9377521321470804,0.3473052528448203,-0.9749279121818236,-0.2225209339563146
0.010526402683849667,-0.006230543734639407,0.01366283712498239,-0.00417965575811844,0.6931471805599453,0.6833333333333333,0.6747609856815836,0.8660254037844386,0.5000000000000001,-0.5712682150947924,0.8207634412072763,0.7818314824680298,0.6234898018587336
0.002092048937435025,0.009331318432827333,-0.0010443855036978151,0.014553257342903345,0.08004270767353636,0.6833333333333333,0.6748058709995961,1.0,6.123233995736766e-17,0.20129852008866006,0.9795299412524945,0.9749279121818236,-0.22252093395631434
-0.0010455522027698631,-0.007250228593583268,0.005210979811884979,-0.011416822901770516,0.32542240043462795,0.6833333333333333,0.6748507563176086,1.0,6.123233995736766e-17,0.39435585511331855,0.9189578116202306,0.43388373911755823,-0.900968867902419
0.009370179914221403,0.010341418201591207,0.010341418201591207,0.012448355256877371,-0.1823215567939546,0.6833333333333333,0.674895641635621,1.0,6.123233995736766e-17,0.5712682150947923,0.8207634412072763,-0.433883739117558,-0.9009688679024191
0.005168113049123606,0.013285896701031547,0.0,0.014329738178645197,1.308332819650179,0.6833333333333333,0.6749405269536335,1.0,6.123233995736766e-17,0.72479278722912,0.6889669190756866,-0.9749279121818236,-0.2225209339563146
-0.013492740760575236,0.0121091165537565,0.025395013254788018,-0.0020345139366113995,-0.7021970160798633,0.6833333333333333,0.675075182907671,1.0,6.123233995736766e-17,0.9884683243281114,0.1514277775045767,0.7818314824680298,0.6234898018587336
0.021706257719033957,-0.01210911655375654,-0.01210911655375654,0.0020345139366114012,0.1973594341584952,0.6833333333333333,0.6751200682256834,1.0,6.123233995736766e-17,0.9987165071710528,-0.05064916883871264,0.9749279121818236,-0.22252093395631434
-0.0040984359226523895,-0.001015815775287398,-0.006109992411095937,-0.009188417331775252,-2.0074680420547466,0.6833333333333333,0.6751649535436959,1.0,6.123233995736766e-17,0.9680771188662043,-0.2506525322587204,0.43388373911755823,-0.900968867902419
-0.007212653877269027,0.0,-0.012333134384299243,0.00715390339516395,0.0,0.6833333333333333,0.6752098388617084,1.0,6.123233995736766e-17,0.8978045395707416,-0.4403941515576344,-0.433883739117558,-0.9009688679024191
-0.0020705402076608708,-0.01846204523194002,-0.0020705402076608708,-0.016427531295328663,0.36772478012531734,0.6833333333333333,0.6752547241797209,1.0,6.123233995736766e-17,0.7907757369376989,-0.6121059825476626,-0.9749279121818236,-0.2225209339563146
-0.006237020890768254,0.005162555460502701,0.006198361456331235,-0.001035805995828602,-0.48550781578170077,0.6833333333333333,0.6753893801337583,1.0,6.123233995736766e-17,0.29936312297335804,-0.9541392564000488,0.7818314824680298,0.6234898018587336
-0.005227323769968322,-0.005162555460502682,-0.005162555460502682,0.0,-0.13353139262452263,0.6833333333333333,0.6754342654517708,1.0,6.123233995736766e-17,0.10116832198743272,-0.994869323391895,0.9749279121818236,-0.22252093395631434
-0.037377511972524625,-0.001035805995828602,-0.001035805995828602,-0.048841856633261155,4.4982211076451275,0.6833333333333333,0.6754791507697833,1.0,6.123233995736766e-17,-0.10116832198743204,-0.9948693233918952,0.43388373911755823,-0.900968867902419
0.008667357320340442,-0.013562979270037811,-0.029444716187206045,0.014046601472815475,-3.0768354267139664,0.6833333333333333,0.6755240360877958,1.0,6.123233995736766e-17,-0.29936312297335776,-0.9541392564000489,-0.433883739117558,-0.9009688679024191
0.027661312827766505,0.004192799355816314,0.016931529702051556,0.02542507524622404,0.033901551675681416,0.6833333333333333,0.6755689214058082,1.0,6.123233995736766e-17,-0.4853019625310808,-0.8743466161445822,-0.9749279121818236,-0.2225209339563146
-0.0073722523295623125,-0.0052437705747515675,-0.002100764003818673,-0.01051525890049519,-0.06899287148695143,0.6833333333333333,0.6757035773598457,1.0,6.123233995736766e-17,-0.8978045395707417,-0.44039415155763423,0.7818314824680298,0.6234898018587336
-0.025697319909786794,-0.00844777161719869,-0.012698570842024859,-0.009559277372489352,1.0372433422918177,0.6833333333333333,0.6757484626778582,1.0,6.123233995736766e-17,-0.9680771188662041,-0.2506525322587213,0.9749279121818236,-0.22252093395631434
0.018270237393505712,0.00528821442094977,0.006369441998261662,0.011671208501984007,-0.3090048419206021,0.6833333333333333,0.6757933479958705,1.0,6.123233995736766e-17,-0.9987165071710528,-0.05064916883871355,0.43388373911755823,-0.900968867902419
-0.009630960387242324,-0.011671208501983938,-0.010638464179469688,-0.017021747475223625,-0.8023464725249373,0.6833333333333333,0.675838233313883,1.0,6.123233995736766e-17,-0.9884683243281114,0.15142777750457667,-0.433883739117558,-0.9009688679024191
0.0,0.003196589858551273,-0.0010700134971582587,0.007482733829447758,0.23841102344499815,0.6833333333333333,0.6758831186318955,1.0,6.123233995736766e-17,-0.9377521321470804,0.3473052528448203,-0.9749279121818236,-0.2225209339563146
0.0064308844141964675,0.00741913508162893,0.011708477676628007,0.008483530083972143,0.8729402910005413,0.6833333333333333,0.676017774585933,1.0,6.123233995736766e-17,-0.5712682150947924,0.8207634412072763,0.7818314824680298,0.6234898018587336
0.002134470573420216,0.0010554835618037015,-0.007435047397887131,0.0010554835618037015,-2.9831534913471307,0.6833333333333333,0.6760626599039454,1.0,6.123233995736766e-17,-0.3943558551133187,0.9189578116202306,0.9749279121818236,-0.22252093395631434
0.010604619045401376,0.0,0.010604619045401376,0.0,-0.6931471805599453,0.6833333333333333,0.6761075452219579,1.0,6.123233995736766e-17,-0.20129852008866114,0.9795299412524943,0.43388373911755823,-0.900968867902419
-0.008474618643432665,0.0021074049845685727,0.0021074049845685727,-0.008474618643432665,2.8903717578961645,0.6833333333333333,0.6761524305399704,1.0,6.123233995736766e-17,-2.4492935982947064e-16,1.0,-0.433883739117558,-0.9009688679024191
-0.010695355389585463,-0.004219336114063216,-0.015915440811552436,-0.0031965898585513313,0.6931471805599453,0.6833333333333333,0.6761973158579829,0.8660254037844387,-0.4999999999999998,0.20129852008866006,0.9795299412524945,-0.9749279121818236,-0.2225209339563146
0.007498765531034109,0.002111931129494728,0.010638464179469728,0.00850163685446975,-0.04255961441879589,0.6833333333333333,0.6763319718120203,0.8660254037844387,-0.4999999999999998,0.72479278722912,0.6889669190756866,0.7818314824680298,0.6234898018587336
-0.00749876553103416,-0.001055483561803636,0.0,0.00211408808571073,0.1967102942460543,0.6833333333333333,0.6763768571300328,0.8660254037844387,-0.4999999999999998,0.8486442574947509,0.5289640103269624,0.9749279121818236,-0.22252093395631434
0.010695355389585538,-0.0010564475676910169,0.00105764051801965,-0.007419135081628976,-3.044522437723423,0.6833333333333333,0.6764217424480453,0.8660254037844387,-0.4999999999999998,0.9377521321470804,0.3473052528448203,0.43388373911755823,-0.900968867902419
-0.0010643950023432331,-0.0010576405180196188,-0.006362687513937987,0.0053050469959185,1.55814461804655,0.6833333333333333,0.6764666277660578,0.8660254037844387,-0.4999999999999998,0.9884683243281114,0.1514277775045767,-0.433883739117558,-0.9009688679024191
-0.004269022181208072,0.0,0.0053050469959185,-0.002118642773435489,1.7190001149456267,0.6833333333333333,0.6765115130840702,0.8660254037844387,-0.4999999999999998,0.9987165071710528,-0.05064916883871264,-0.9749279121818236,-0.2225209339563146
0.004269022181208109,0.010526402683849667,0.00105764051801965,0.00844777161719865,-0.7922380832041762,0.6833333333333333,0.6766461690381077,0.8660254037844387,-0.4999999999999998,0.7907757369376989,-0.6121059825476626,0.7818314824680298,0.6234898018587336
0.0010643950023432765,-0.004197273840086403,0.005271488325743609,0.0,-1.4733057381095205,0.6833333333333333,0.6766910543561202,0.8660254037844387,-0.4999999999999998,0.6513724827222223,-0.758758122692791,0.9749279121818236,-0.22252093395631434
0.010582023628001085,-0.0010521522116804841,-0.0010521522116804841,-0.0010521522116804841,-0.2006706954621511,0.6833333333333333,0.6767359396741326,0.8660254037844387,-0.4999999999999998,0.48530196253108104,-0.8743466161445821,0.43388373911755823,-0.900968867902419
-0.00845662641586481,-0.003162888546372117,-0.003162888546372117,-0.00845662641586481,2.245426679154097,0.6833333333333333,0.6767808249921451,0.8660254037844387,-0.4999999999999998,0.29936312297335804,-0.9541392564000488,-0.433883739117558,-0.9009688679024191
-0.017131100116188968,0.0010554835618037015,0.0010554835618037015,0.0,-1.8035939268750578,0.6833333333333333,0.6768257103101576,0.8660254037844387,-0.4999999999999998,0.10116832198743272,-0.994869323391895,-0.9749279121818236,-0.2225209339563146
0.01713110011618905,-0.006349221431296386,-0.006349221431296386,0.0,-7.649692623711514,0.6833333333333333,0.676960366264195,0.8660254037844387,-0.4999999999999998,-0.4853019625310808,-0.8743466161445822,0.7818314824680298,0.6234898018587336
-0.006389868187525432,-0.0021253972121363504,-0.003189792214479489,-0.003189792214479489,8.860782895806315,0.6833333333333333,0.6770052515822075,0.8660254037844387,-0.4999999999999998,-0.6513724827222217,-0.7587581226927913,0.9749279121818236,-0.22252093395631434
-0.007506730754214235,0.0053050469959185,0.0,0.0021275822622945505,0.15718558352241235,0.6833333333333333,0.67705013690022,0.8660254037844387,-0.4999999999999998,-0.7907757369376986,-0.6121059825476627,0.43388373911755823,-0.900968867902419
-0.0043149199812087275,0.004223866968873542,-0.007482733829447782,0.008465726704840663,1.0802631499999131,0.6833333333333333,0.6770950222182325,0.8660254037844387,-0.4999999999999998,-0.8978045395707417,-0.44039415155763423,-0.433883739117558,-0.9009688679024191
0.010752704527260772,0.001053109663209251,0.019129152459792062,-0.007403516752655571,-1.2163953243244932,0.6833333333333333,0.6772745634902824,0.8660254037844387,-0.4999999999999998,-0.9377521321470804,0.3473052528448203,0.7818314824680298,0.6234898018587336
0.0,0.0052494260517668674,-0.011646418630344322,0.01370605246763158,0.2559333741372007,0.6833333333333333,0.6773194488082949,0.8660254037844387,-0.4999999999999998,-0.8486442574947509,0.5289640103269624,0.9749279121818236,-0.22252093395631434
0.0053334171835512315,0.0,0.010593308967135137,-0.012645045457285162,0.04725288485054551,0.6833333333333333,0.6773643341263074,0.8660254037844387,-0.4999999999999998,-0.7247927872291207,0.6889669190756859,0.43388373911755823,-0.900968867902419
0.0010631872599513761,-0.0020965098362677164,-0.008465726704840694,0.010548535621017449,-1.2299482907291965,0.6833333333333333,0.6774092194443198,0.8660254037844387,-0.4999999999999998,-0.5712682150947924,0.8207634412072763,-0.433883739117558,-0.9009688679024191
0.0,0.0020965098362676583,0.014768262419816743,-0.0042060258787083625,0.6109090823229731,0.6833333333333333,0.6774541047623323,0.8660254037844387,-0.4999999999999998,-0.3943558551133187,0.9189578116202306,-0.9749279121818236,-0.2225209339563146
0.009518836368049904,0.002092048937435025,-0.005249426051766803,0.008394584652411144,0.13353139262452257,0.6833333333333333,0.6775887607163698,0.5000000000000003,-0.8660254037844385,0.39435585511331855,0.9189578116202306,0.7818314824680298,0.6234898018587336
0.009429081809885205,0.004171087901441294,0.010471364961842733,0.004171087901441294,-1.2039728043259361,0.6833333333333333,0.6776336460343823,0.5000000000000003,-0.8660254037844385,0.5712682150947923,0.8207634412072763,0.9749279121818236,-0.22252093395631434
-0.020011105437886385,-0.008359646675143976,-0.00731844874634363,-0.018908182296161515,0.5596157879354227,0.6833333333333333,0.6776785313523946,0.5000000000000003,-0.8660254037844385,0.72479278722912,0.6889669190756866,0.43388373911755823,-0.900968867902419
0.00424621092137925,-0.0031529162154991723,-0.0031529162154991723,0.0073956194055183186,-0.4795730802618862,0.6833333333333333,0.6777234166704071,0.5000000000000003,-0.8660254037844385,0.8486442574947509,0.5289640103269624,-0.433883739117558,-0.9009688679024191
-0.003183023661427835,0.009429081809885205,0.009429081809885205,0.007341474989201802,1.3862943611198906,0.6833333333333333,0.6777683019884196,0.5000000000000003,-0.8660254037844385,0.9377521321470804,0.3473052528448203,-0.9749279121818236,-0.2225209339563146
0.016860311357251842,0.004162407470832081,-0.002087606820683401,0.006250014291515601,-1.5533484457830569,0.6833333333333333,0.677902957942457,0.5000000000000003,-0.8660254037844385,0.9680771188662043,-0.2506525322587204,0.7818314824680298,0.6234898018587336
0.006250014291515601,0.007242726469059607,0.008324627711451637,0.007242726469059607,1.2396908869280152,0.6833333333333333,0.6779478432604695,0.5000000000000003,-0.8660254037844385,0.8978045395707416,-0.4403941515576344,0.9749279121818236,-0.22252093395631434
0.0020746134199361773,0.0010302484072076603,0.006198361456331235,-0.0020641298680528788,-0.3794896217049037,0.6833333333333333,0.677992728578482,0.5000000000000003,-0.8660254037844385,0.7907757369376989,-0.6121059825476626,0.43388373911755823,-0.900968867902419
0.0,0.004111072439662128,-0.001030248407207705,-0.003103983181070664,0.6131044728864089,0.6833333333333333,0.6780376138964945,0.5000000000000003,-0.8660254037844385,0.6513724827222223,-0.758758122692791,-0.433883739117558,-0.9009688679024191
-0.002074613419936136,-0.010309433895993382,-0.005168113049123539,-0.002074613419936136,-1.4733057381095205,0.6833333333333333,0.678082499214507,0.5000000000000003,-0.8660254037844385,0.48530196253108104,-0.8743466161445821,-0.9749279121818236,-0.2225209339563146
-0.013591489280717428,0.0020705402076608564,-0.002074613419936136,-0.009389731240800472,2.32949254591397,0.6833333333333333,0.6782171551685444,0.5000000000000003,-0.8660254037844385,-0.10116832198743204,-0.9948693233918952,0.7818314824680298,0.6234898018587336
-0.00845662641586481,-0.01458372669281529,-0.011488365850101672,-0.012658384455781838,-0.649850374806621,0.6833333333333333,0.6782620404865569,0.5000000000000003,-0.8660254037844385,-0.29936312297335776,-0.9541392564000489,0.9749279121818236,-0.22252093395631434
-0.008528827892845946,0.0020965098362676583,-0.014815147460585681,0.010559749846480547,0.9976363713281075,0.6833333333333333,0.6783069258045694,0.5000000000000003,-0.8660254037844385,-0.4853019625310808,-0.8743466161445822,0.43388373911755823,-0.900968867902419
0.014878049324142138,0.0207261105448802,0.016913782069886904,0.01976134072636897,-1.3375041969504586,0.6833333333333333,0.6783518111225818,0.5000000000000003,-0.8660254037844385,-0.6513724827222217,-0.7587581226927913,-0.433883739117558,-0.9009688679024191
-0.006349221431296386,-0.007205450714922782,0.004184102452982567,-0.0218644641569848,0.8056251639866356,0.6833333333333333,0.6783966964405943,0.5000000000000003,-0.8660254037844385,-0.7907757369376986,-0.6121059825476627,-0.9749279121818236,-0.2225209339563146
0.0074035167526556025,-0.015617169666225096,-0.008385860492899648,0.0,-0.9879467207805903,0.6833333333333333,0.6785313523946318,0.5000000000000003,-0.8660254037844385,-0.9987165071710528,-0.05064916883871355,0.7818314824680298,0.6234898018587336
0.001053109663209251,0.0,0.0031529162154991727,0.0010521522116804251,-0.7221347174331976,0.6833333333333333,0.6785762377126442,0.5000000000000003,-0.8660254037844385,-0.9884683243281114,0.15142777750457667,0.9749279121818236,-0.22252093395631434
-0.03753788475968414,0.020769307039932166,0.0020965098362676583,0.0,2.499505449209153,0.6833333333333333,0.6786211230306567,0.5000000000000003,-0.8660254037844385,-0.9377521321470804,0.3473052528448203,0.43388373911755823,-0.900968867902419
0.044879359748886016,-0.013450858293588573,0.002092048937435025,0.009419212750162363,-2.2881963555419462,0.6833333333333333,0.6786660083486692,0.5000000000000003,-0.8660254037844385,-0.8486442574947509,0.5289640103269624,-0.433883739117558,-0.9009688679024191
0.004171087901441294,0.010362850787934273,0.004171087901441294,0.010362850787934273,0.3894647667617233,0.6833333333333333,0.6787108936666817,0.5000000000000003,-0.8660254037844385,-0.7247927872291207,0.6889669190756859,-0.9749279121818236,-0.2225209339563146
-0.0010411979288004027,0.01939809565068558,0.014462973706003744,-0.010362850787934221,1.8841327893590702,0.6833333333333333,0.6788904349387316,0.5000000000000003,-0.8660254037844385,-2.4492935982947064e-16,1.0,0.9749279121818236,-0.22252093395631434
-0.025317859565233025,-0.028719748509819384,-0.014462973706003796,-0.014690701075905982,-0.8183103235139514,0.6833333333333333,0.6789353202567441,1.2246467991473532e-16,-1.0,0.20129852008866006,0.9795299412524945,0.43388373911755823,-0.900968867902419
0.014846494603390114,0.0020789263900743097,-0.0010411979288004027,0.016771790915149992,-0.8362480242006186,0.6833333333333333,0.6789802055747566,1.2246467991473532e-16,-1.0,0.39435585511331855,0.9189578116202306,-0.433883739117558,-0.9009688679024191
-0.04301726677071272,-0.003120124318874639,0.0,-0.052278443845209396,2.194371508353813,0.6833333333333333,0.679025090892769,1.2246467991473532e-16,-1.0,0.5712682150947923,0.8207634412072763,-0.9749279121818236,-0.2225209339563146
0.0,-0.03930408862455653,-0.04800924972152699,-0.0032912777265902567,-1.5271998141971284,0.6833333333333333,0.6791597468468065,1.2246467991473532e-16,-1.0,0.9377521321470804,0.3473052528448203,0.7818314824680298,0.6234898018587336
-0.005509808233266887,-0.01089326538140876,-0.0021881042844383524,0.0,-0.5465437063680699,0.6833333333333333,0.679204632164819,1.2246467991473532e-16,-1.0,0.9884683243281114,0.1514277775045767,0.9749279121818236,-0.22252093395631434
0.0,0.0032804807436714357,-0.0032912777265902567,-0.005509808233266887,-0.45198512374305727,0.6833333333333333,0.6792495174828314,1.2246467991473532e-16,-1.0,0.9987165071710528,-0.05064916883871264,0.43388373911755823,-0.900968867902419
0.0,0.01838874101534808,-0.005509808233266887,0.03047030771887676,-0.5596157879354228,0.6833333333333333,0.6792944028008439,1.2246467991473532e-16,-1.0,0.9680771188662043,-0.2506525322587204,-0.433883739117558,-0.9009688679024191
0.004410225337938336,-0.007530959246950956,0.01969435134126599,-0.020574688525205595,0.3184537311185346,0.6833333333333333,0.6793392881188564,1.2246467991473532e-16,-1.0,0.8978045395707416,-0.4403941515576344,-0.9749279121818236,-0.2225209339563146
-0.004410225337938224,-0.008676835948152543,-0.00543183881749261,-0.009895619193671129,-0.0953101798043249,0.6833333333333333,0.6794739440728939,1.2246467991473532e-16,-1.0,0.48530196253108104,-0.8743466161445821,0.7818314824680298,0.6234898018587336
-0.005540096072909814,-0.013158072193738508,-0.019802608596683105,-0.0033204207458223424,0.22314355131420976,0.6833333333333333,0.6795188293909062,1.2246467991473532e-16,-1.0,0.29936312297335804,-0.9541392564000488,0.9749279121818236,-0.22252093395631434
0.0022196753270873866,-0.0011044403300347725,0.0022196753270873866,0.0033204207458222995,-1.8325814637483102,0.6833333333333333,0.6795637147089187,1.2246467991473532e-16,-1.0,0.10116832198743272,-0.994869323391895,0.43388373911755823,-0.900968867902419
0.0033204207458222995,0.012081566703528553,0.015401987449350889,0.007705118128764542,2.0149030205422647,0.6833333333333333,0.6796086000269312,1.2246467991473532e-16,-1.0,-0.10116832198743204,-0.9948693233918952,-0.433883739117558,-0.9009688679024191
-0.0033204207458223424,-0.004376448574764174,-0.004376448574764174,-0.0010971702945612256,1.252762968495368,0.6833333333333333,0.6796534853449437,1.2246467991473532e-16,-1.0,-0.29936312297335776,-0.9541392564000489,-0.9749279121818236,-0.2225209339563146
0.0,0.0032840721155310434,0.0032840721155310434,-0.009928368580025661,-0.7419373447293773,0.6833333333333333,0.6797881412989811,1.2246467991473532e-16,-1.0,-0.7907757369376986,-0.6121059825476627,0.7818314824680298,0.6234898018587336
-0.0033314826802252518,0.004362130827076476,-0.014309610990117839,0.008830228979089232,0.4824261492442928,0.6833333333333333,0.6798330266169936,1.2246467991473532e-16,-1.0,-0.8978045395707417,-0.44039415155763423,0.9749279121818236,-0.22252093395631434
-0.0011128058951210282,-0.019780844534065294,-0.0022196753270874573,-0.013274517554435566,-1.2163953243244932,0.6833333333333333,0.6798779119350061,1.2246467991473532e-16,-1.0,-0.9680771188662041,-0.2506525322587213,0.43388373911755823,-0.900968867902419
-0.025946318214114153,0.017602118642042756,-0.005570959804827417,0.020937304500518148,1.1657515915057384,0.6833333333333333,0.6799227972530186,1.2246467991473532e-16,-1.0,-0.9987165071710528,-0.05064916883871355,-0.433883739117558,-0.9009688679024191
0.005698097284730378,-0.0021834049350540116,0.015521281215675456,-0.0355197934046692,0.6534068519104312,0.6833333333333333,0.679967682571031,1.2246467991473532e-16,-1.0,-0.9884683243281114,0.15142777750457667,-0.9749279121818236,-0.2225209339563146
0.0034032898179522982,0.0,-0.02788808574772629,-0.001130662184468354,-0.7067528326157239,0.6833333333333333,0.6801023385250685,1.2246467991473532e-16,-1.0,-0.7247927872291207,0.6889669190756859,0.7818314824680298,0.6234898018587336
0.002262442207280426,-0.017641093670343114,0.016825956983740398,0.0011306621844683904,-0.6528732814220054,0.6833333333333333,0.680147223843081,1.2246467991473532e-16,-1.0,-0.5712682150947924,0.8207634412072763,0.9749279121818236,-0.22252093395631434
-0.005665732025232641,-0.010061562895361283,-0.020225390654475043,0.005633731903910914,-0.3794896217049037,0.6833333333333333,0.6801921091610934,1.2246467991473532e-16,-1.0,-0.3943558551133187,0.9189578116202306,0.43388373911755823,-0.900968867902419
0.010175398623690076,0.024418584450173347,0.009039762453660559,0.024418584450173347,0.0,0.6833333333333333,0.6802369944791059,1.2246467991473532e-16,-1.0,-0.20129852008866114,0.9795299412524943,-0.433883739117558,-0.9009688679024191
0.006726475749124987,-0.007705118128764448,0.01783753162686225,-0.008810542232399316,-0.12260232209233239,0.6833333333333333,0.6802818797971184,-0.4999999999999997,-0.8660254037844388,0.20129852008866006,0.9795299412524945,-0.9749279121818236,-0.2225209339563146
0.012215496207771938,0.010989190244295495,0.004410225337938336,0.012094614347930351,0.7963314167951762,0.6833333333333333,0.6804614210691683,-0.4999999999999997,-0.8660254037844388,0.8486442574947509,0.5289640103269624,0.9749279121818236,-0.22252093395631434
0.0098847499142606,0.0032733222794778514,0.006578964906357279,0.0,-0.3483066942682157,0.6833333333333333,0.6805063063871808,-0.4999999999999997,-0.8660254037844388,0.9377521321470804,0.3473052528448203,0.43388373911755823,-0.900968867902419
-0.0010935710506242635,0.007596417141393018,-0.0010935710506242635,0.004362130827076476,0.664976303593249,0.6833333333333333,0.6805511917051933,-0.4999999999999997,-0.8660254037844388,0.9884683243281114,0.1514277775045767,-0.433883739117558,-0.9009688679024191
0.001093571050624249,-0.005420139751351461,0.001093571050624249,-0.0032697543678434104,-0.35667494393873245,0.6833333333333333,0.6805960770232058,-0.4999999999999997,-0.8660254037844388,0.9987165071710528,-0.05064916883871264,-0.9749279121818236,-0.2225209339563146
-0.005479382011028557,-0.008733671785050415,-0.004381242410092185,-0.006571758470261735,0.235314086934465,0.6833333333333333,0.6807307329772432,-0.4999999999999997,-0.8660254037844388,0.7907757369376989,-0.6121059825476626,0.7818314824680298,0.6234898018587336
-0.005509808233266887,0.0,-0.0010981396009364483,-0.005509808233266887,-0.8312975190407624,0.6833333333333333,0.6807756182952557,-0.4999999999999997,-0.8660254037844388,0.6513724827222223,-0.758758122692791,0.9749279121818236,-0.22252093395631434
0.0,0.0065573943950087855,-0.005509808233266887,0.00880108595985704,1.0479685558493548,0.6833333333333333,0.6808205036132682,-0.4999999999999997,-0.8660254037844388,0.48530196253108104,-0.8743466161445821,0.43388373911755823,-0.900968867902419
-0.011111055877737192,-0.006557394395008837,0.005509808233266814,-0.019912141837594308,0.17798315519535643,0.6833333333333333,0.6808653889312806,-0.4999999999999997,-0.8660254037844388,0.29936312297335804,-0.9541392564000488,-0.433883739117558,-0.9009688679024191
-0.014631728049951146,-0.009917427277352855,-0.016620864111004097,-0.014631728049951146,-1.1544927470625663,0.6833333333333333,0.6809102742492931,-0.4999999999999997,-0.8660254037844388,0.10116832198743272,-0.994869323391895,-0.9749279121818236,-0.2225209339563146
0.005652840179607987,-0.003327786924321495,-0.008978887870343077,0.020202687854778384,0.5245244681241527,0.6833333333333333,0.6810449302033306,-0.4999999999999997,-0.8660254037844388,-0.4853019625310808,-0.8743466161445822,0.7818314824680298,0.6234898018587336
0.0033764774266715047,0.013245214201674292,0.021194384078115015,0.013245214201674292,0.07847161544149531,0.6833333333333333,0.6810898155213431,-0.4999999999999997,-0.8660254037844388,-0.6513724827222217,-0.7587581226927913,0.9749279121818236,-0.22252093395631434
-0.004504346672750912,-0.003294892790826186,0.0033057850079034495,-0.02329554042210188,0.5070449009260847,0.6833333333333333,0.6811347008393555,-0.4999999999999997,-0.8660254037844388,-0.7907757369376986,-0.6121059825476627,0.43388373911755823,-0.900968867902419
0.0011278692460794633,-0.017758576478879167,-0.018878863416399775,-0.0022471093335248386,-0.6061358035703156,0.6833333333333333,0.681179586157368,-0.4999999999999997,-0.8660254037844388,-0.8978045395707417,-0.44039415155763423,-0.433883739117558,-0.9009688679024191
0.0056213056696188856,0.01224292703730601,0.0,0.01007282230569362,1.3705460041517514,0.6833333333333333,0.6812244714753805,-0.4999999999999997,-0.8660254037844388,-0.9680771188662041,-0.2506525322587213,-0.9749279121818236,-0.2225209339563146
-0.007878560146858223,-0.004434671969275009,-0.0056213056696188535,-0.005583641819772243,-0.3364722366212129,0.6833333333333333,0.6813591274294178,-0.4999999999999997,-0.8660254037844388,-0.9377521321470804,0.3473052528448203,0.7818314824680298,0.6234898018587336
-0.007941125104825454,0.0,0.014549847675170424,0.0022372952632036093,-0.8799230877032802,0.6833333333333333,0.6814040127474303,-0.4999999999999997,-0.8660254037844388,-0.8486442574947509,0.5289640103269624,0.9749279121818236,-0.22252093395631434
0.014697901036807695,-0.003338898075968429,-0.007808255068031006,-0.004479366415600193,-1.1349799328389845,0.6833333333333333,0.6814488980654428,-0.4999999999999997,-0.8660254037844388,-0.7247927872291207,0.6889669190756859,0.43388373911755823,-0.900968867902419
-0.02385119256993302,-0.008958537477983993,-0.014664579109611492,-0.02385119256993302,0.7985076962177716,0.6833333333333333,0.6814937833834553,-0.4999999999999997,-0.8660254037844388,-0.5712682150947924,0.8207634412072763,-0.433883739117558,-0.9009688679024191
0.0,0.004489180485921406,-0.01142868461271805,0.009153291533125323,-0.2876820724517809,0.6833333333333333,0.6815386687014678,-0.4999999999999997,-0.8660254037844388,-0.3943558551133187,0.9189578116202306,-0.9749279121818236,-0.2225209339563146
0.017094416637950666,0.003353829148473377,0.017094416637950666,0.009070510335985311,0.125163142954006,0.6833333333333333,0.6816733246555052,-0.8660254037844385,-0.5000000000000004,0.20129852008866006,0.9795299412524945,0.7818314824680298,0.6234898018587336
-0.005665732025232641,-0.018018408258084744,-0.005665732025232641,-0.006795117256392571,-0.5819215454497209,0.6833333333333333,0.6817182099735177,-0.8660254037844385,-0.5000000000000004,0.39435585511331855,0.9189578116202306,0.9749279121818236,-0.22252093395631434
-0.0022753930795928264,-0.0022753930795928264,-0.0022753930795928264,-0.0022753930795928264,-1.55814461804655,0.6833333333333333,0.6817630952915302,-0.8660254037844385,-0.5000000000000004,0.5712682150947923,0.8207634412072763,0.43388373911755823,-0.900968867902419
-0.020714185631849562,-0.0011395186840497176,-0.0011395186840497176,-0.020714185631849562,3.248434627109745,0.6833333333333333,0.6818079806095426,-0.8660254037844385,-0.5000000000000004,0.72479278722912,0.6889669190756866,-0.433883739117558,-0.9009688679024191
-0.3973585692104971,-0.01377747186316895,-0.01609236829221052,-0.06484867418885006,1.4267279306983813,0.6833333333333333,0.6818528659275551,-0.8660254037844385,-0.5000000000000004,0.8486442574947509,0.5289640103269624,-0.9749279121818236,-0.2225209339563146
0.2631624450749436,-0.08943162718412187,-0.08964828473128493,-0.04569318616940808,-0.5849933669965063,0.6833333333333333,0.6819875218815926,-0.8660254037844385,-0.5000000000000004,0.9987165071710528,-0.05064916883871264,0.7818314824680298,0.6234898018587336
0.010582288544951787,0.06958269159000129,-0.029584121163609253,0.09649011984876846,-0.5936616293451398,0.6833333333333333,0.682032407199605,-0.8660254037844385,-0.5000000000000004,0.9680771188662043,-0.2506525322587204,0.9749279121818236,-0.22252093395631434
0.05129315321865653,-0.04092014316645495,0.06077822356336016,-0.05826894186245542,-1.3564413979702095,0.6833333333333333,0.6820772925176175,-0.8660254037844385,-0.5000000000000004,0.8978045395707416,-0.4403941515576344,0.43388373911755823,-0.900968867902419
-0.04473585293624144,-0.011118165646946242,-0.011118165646946242,-0.03822117798631296,1.0986122886681098,0.6833333333333333,0.68212217783563,-0.8660254037844385,-0.5000000000000004,0.7907757369376989,-0.6121059825476626,-0.433883739117558,-0.9009688679024191
0.014276673103173595,-0.027709645314703064,-0.0366898128821221,0.01290339292688759,-0.5140989491109599,0.6833333333333333,0.6821670631536425,-0.8660254037844385,-0.5000000000000004,0.6513724827222223,-0.758758122692791,-0.9749279121818236,-0.2225209339563146
0.005141394773642651,0.018975973919352566,0.005141394773642651,0.002560818516419052,-0.30421137440299145,0.6833333333333333,0.6823017191076799,-0.8660254037844385,-0.5000000000000004,0.10116832198743272,-0.994869323391895,0.7818314824680298,0.6234898018587336
0.0,-0.010075642004524269,0.0,-0.0025608185164190463,0.6931471805599453,0.6833333333333333,0.6823466044256924,-0.8660254037844385,-0.5000000000000004,-0.10116832198743204,-0.9948693233918952,0.9749279121818236,-0.22252093395631434
0.0,0.02005068853391573,0.007662865745610478,0.03278979324252042,-1.6094379124341003,0.6833333333333333,0.6823914897437049,-0.8660254037844385,-0.5000000000000004,-0.29936312297335776,-0.9541392564000489,0.43388373911755823,-0.900968867902419
0.014004035331879546,-0.002484382158005983,0.00634116958626901,-0.008722699446894843,-0.1823215567939546,0.6833333333333333,0.6824363750617174,-0.8660254037844385,-0.5000000000000004,-0.4853019625310808,-0.8743466161445822,-0.433883739117558,-0.9009688679024191
-0.01400403533187951,-0.017566306375909755,-0.0012649306232748474,-0.024067093795625626,-0.1431008436406733,0.6833333333333333,0.6824812603797298,-0.8660254037844385,-0.5000000000000004,-0.6513724827222217,-0.7587581226927913,-0.9749279121818236,-0.2225209339563146
-0.015504172207925167,0.02869813591172415,-0.0076239174887792706,-0.006430792123134946,0.8362480242006185,0.6833333333333333,0.6826159163337673,-0.8660254037844385,-0.5000000000000004,-0.9680771188662041,-0.2506525322587213,0.7818314824680298,0.6234898018587336
-0.003913895668890834,-0.026169692073329243,0.0025476785257851635,-0.0064726008037525665,0.28768207245178085,0.6833333333333333,0.6826608016517798,-0.8660254037844385,-0.5000000000000004,-0.9987165071710528,-0.05064916883871355,0.9749279121818236,-0.22252093395631434
0.007812532460724927,0.03230082577333952,-0.015384904731035867,0.0038885301346332593,1.0560526742493137,0.6833333333333333,0.6827056869697923,-0.8660254037844385,-0.5000000000000004,-0.9884683243281114,0.15142777750457667,0.43388373911755823,-0.900968867902419
-0.0012978575107963507,-0.04885124695608501,0.0012912468622902338,0.006447561579504618,-0.9382696385929302,0.6833333333333333,0.6827505722878047,-0.8660254037844385,-0.5000000000000004,-0.9377521321470804,0.3473052528448203,-0.433883739117558,-0.9009688679024191
-0.006514674949928501,-0.0025706931397244687,0.002577226347664598,-0.014239801561350933,-1.1676051601550612,0.6833333333333333,0.6827954576058172,-0.8660254037844385,-0.5000000000000004,-0.8486442574947509,0.5289640103269624,-0.9749279121818236,-0.2225209339563146
0.011696028891390677,0.008968752995295886,-0.003868473209954897,0.021922289993926092,-0.4418327522790392,0.6833333333333333,0.6829301135598547,-0.8660254037844385,-0.5000000000000004,-0.3943558551133187,0.9189578116202306,0.7818314824680298,0.6234898018587336
0.005154737772675719,0.04367502061601356,0.005154737772675719,0.017699559493303537,1.0986122886681098,0.6833333333333333,0.6829749988778671,-0.8660254037844385,-0.5000000000000004,-0.20129852008866114,0.9795299412524943,0.9749279121818236,-0.22252093395631434
0.021615568850935556,-0.0012218335155000052,0.04891260995379856,0.0,0.9088557533866369,0.6833333333333333,0.6830198841958796,-0.8660254037844385,-0.5000000000000004,-2.4492935982947064e-16,1.0,0.43388373911755823,-0.900968867902419
-0.005044232306306448,-0.02852010668215308,-0.027297041102862938,-0.00881071138124949,-1.7197859696029658,0.6833333333333333,0.6830647695138921,-1.0,-1.8369701987210297e-16,0.20129852008866006,0.9795299412524945,-0.433883739117558,-0.9009688679024191
0.0,0.0037664790749430688,-0.005044232306306448,0.008810711381249404,1.5040773967762742,0.6833333333333333,0.6831096548319046,-1.0,-1.8369701987210297e-16,0.39435585511331855,0.9189578116202306,-0.9749279121818236,-0.2225209339563146
-0.007614243073838263,-0.010075642004524269,-0.0012649306232748474,-0.01134226535745401,-1.2163953243244932,0.6833333333333333,0.6832891961039544,-1.0,-1.8369701987210297e-16,0.9377521321470804,0.3473052528448203,0.9749279121818236,-0.22252093395631434
-0.0038289737416222582,-0.0012666233529296808,-0.0012666233529296808,-0.006357294135849495,0.661398482245365,0.6833333333333333,0.6833340814219669,-1.0,-1.8369701987210297e-16,0.9884683243281114,0.1514277775045767,0.43388373911755823,-0.900968867902419
-0.003843691152164949,-0.0012683204910227972,-0.012755353991420876,-0.005115187219825401,-0.17589066646366416,0.6833333333333333,0.6833789667399794,-1.0,-1.8369701987210297e-16,0.9987165071710528,-0.05064916883871264,-0.433883739117558,-0.9009688679024191
-0.01813519524107019,-0.007643342348233134,0.0,0.0,-1.3121863889661687,0.6833333333333333,0.6834238520579918,-1.0,-1.8369701987210297e-16,0.9680771188662043,-0.2506525322587204,-0.9749279121818236,-0.2225209339563146
0.0013064280688818964,-0.01028285750184436,-0.014221299572179229,-0.014202844049889033,0.13353139262452257,0.6833333333333333,0.6835585080120293,-1.0,-1.8369701987210297e-16,0.6513724827222223,-0.758758122692791,0.7818314824680298,0.6234898018587336
-0.003924134417617002,-0.006480805064463742,0.0013013281580361124,-0.003908795758045257,1.5314763709643886,0.6833333333333333,0.6836033933300418,-1.0,-1.8369701987210297e-16,0.48530196253108104,-0.8743466161445821,0.9749279121818236,-0.22252093395631434
0.003924134417617041,-0.003908795758045257,-0.003908795758045257,0.0,-8.62155320674048,0.6833333333333333,0.6836482786480542,-1.0,-1.8369701987210297e-16,0.29936312297335804,-0.9541392564000488,0.43388373911755823,-0.900968867902419
0.0,0.011680847684799366,0.0013045370338336817,0.011680847684799366,8.1886891244442,0.6833333333333333,0.6836931639660667,-1.0,-1.8369701987210297e-16,0.10116832198743272,-0.994869323391895,-0.433883739117558,-0.9009688679024191
0.006506104391843013,0.01409365786874563,0.016807102774100587,-0.0051747432929562945,-0.40546510810816444,0.6833333333333333,0.6837380492840792,-1.0,-1.8369701987210297e-16,-0.10116832198743204,-0.9948693233918952,-0.9749279121818236,-0.2225209339563146
0.0,-0.015384904731035867,-0.01160553541609122,0.0,2.6611332813144584,0.6833333333333333,0.6838727052381166,-1.0,-1.8369701987210297e-16,-0.6513724827222217,-0.7587581226927913,0.7818314824680298,0.6234898018587336
0.0,-0.0012928238068290311,0.0,0.0,-0.43650972979012465,0.6833333333333333,0.6839175905561291,-1.0,-1.8369701987210297e-16,-0.7907757369376986,-0.6121059825476627,0.9749279121818236,-0.22252093395631434
-0.007812532460724839,-0.0025906726238368685,0.0,-0.007812532460724839,-0.8075575317376895,0.6833333333333333,0.6839624758741416,-1.0,-1.8369701987210297e-16,-0.8978045395707417,-0.44039415155763423,0.43388373911755823,-0.900968867902419
-0.01847006939233713,-0.005201567358009289,-0.007812532460724839,-0.01847006939233713,0.02985296314968113,0.6833333333333333,0.6840073611921541,-1.0,-1.8369701987210297e-16,-0.9680771188662041,-0.2506525322587213,-0.433883739117558,-0.9009688679024191
0.0,0.0,-0.017139588827366947,0.02108103449505263,-0.5559460590464603,0.6833333333333333,0.6840522465101666,-1.0,-1.8369701987210297e-16,-0.9987165071710528,-0.05064916883871355,-0.9749279121818236,-0.2225209339563146
0.001330480564970149,0.009085063788675242,0.02883561771875767,0.0039037098472128554,-0.7731898882334817,0.6833333333333333,0.684186902464204,-1.0,-1.8369701987210297e-16,-0.8486442574947509,0.5289640103269624,0.7818314824680298,0.6234898018587336
0.023654263777295435,0.016656450446778992,0.0012912468622902338,0.0,1.4534336639575192,0.6833333333333333,0.6842317877822165,-1.0,-1.8369701987210297e-16,-0.7247927872291207,0.6889669190756859,0.9749279121818236,-0.22252093395631434
-0.003903709847212945,-0.02183780438824132,-0.0064726008037525665,-0.003903709847212945,-1.7047480922384253,0.6833333333333333,0.684276673100229,-1.0,-1.8369701987210297e-16,-0.5712682150947924,0.8207634412072763,0.43388373911755823,-0.900968867902419
-0.015769132032318448,-0.003903709847212945,-0.003903709847212945,-0.013123441125396196,2.5142342648825204,0.6833333333333333,0.6843215584182415,-1.0,-1.8369701987210297e-16,-0.3943558551133187,0.9189578116202306,-0.433883739117558,-0.9009688679024191
-0.006644441667080235,-0.005228671451450774,-0.011803499013468124,-0.00929013257400247,-2.588342237036242,0.6833333333333333,0.6843664437362539,-1.0,-1.8369701987210297e-16,-0.20129852008866114,0.9795299412524943,-0.9749279121818236,-0.2225209339563146
-0.010723856685126522,0.002617706348735266,-0.010610074685930537,-0.00668888574282159,2.697740831443349,0.6833333333333333,0.6845010996902914,-0.866025403784439,0.49999999999999933,0.5712682150947923,0.8207634412072763,0.7818314824680298,0.6234898018587336
-0.03706676046786487,-0.026491494339504654,-0.01612936642298425,-0.006734218358012613,-1.8287029844197393,0.6833333333333333,0.6845459850083039,-0.866025403784439,0.49999999999999933,0.72479278722912,0.6889669190756866,0.9749279121818236,-0.22252093395631434
0.02486313462724479,-0.006734218358012613,-0.0040733214317941755,0.0,-0.7259370033829361,0.6833333333333333,0.6845908703263163,-0.866025403784439,0.49999999999999933,0.8486442574947509,0.5289640103269624,0.43388373911755823,-0.900968867902419
0.002724794670968241,0.013423104100834088,0.0013597153753219968,-0.006779583753944391,0.8754687373538999,0.6833333333333333,0.6846357556443288,-0.866025403784439,0.49999999999999933,0.9377521321470804,0.3473052528448203,-0.433883739117558,-0.9009688679024191
-0.004089981263258574,0.0039920174700382215,-0.002721282094131885,0.0,0.5436154465889816,0.6833333333333333,0.6846806409623413,-0.866025403784439,0.49999999999999933,0.9884683243281114,0.1514277775045767,-0.9749279121818236,-0.2225209339563146
0.021622538734509415,0.017117019195526717,0.0426732912391531,0.020202687854778384,-0.4382549309311553,0.6833333333333333,0.6848152969163787,-0.866025403784439,0.49999999999999933,0.8978045395707416,-0.4403941515576344,0.7818314824680298,0.6234898018587336
0.0026701303835275875,-0.01844601689624867,-0.021109036665564938,0.0026630197693163033,-2.0794415416798357,0.6833333333333333,0.6848601822343912,-0.866025403784439,0.49999999999999933,0.7907757369376989,-0.6121059825476626,0.9749279121818236,-0.22252093395631434
0.023716504265574045,0.03399035549143331,0.023716504265574045,0.03399035549143331,1.6863989535702288,0.6833333333333333,0.6849050675524037,-0.866025403784439,0.49999999999999933,0.6513724827222223,-0.758758122692791,0.43388373911755823,-0.900968867902419
0.005194904701303472,-0.001286264562720817,0.011650606432454828,-0.001286264562720817,0.9526583760450299,0.6833333333333333,0.6849499528704162,-0.866025403784439,0.49999999999999933,0.48530196253108104,-0.8743466161445821,-0.433883739117558,-0.9009688679024191
0.0012944047143674921,0.0,-0.0012878289981721421,-0.005161297016783928,-0.6375773294051346,0.6833333333333333,0.6849948381884287,-0.866025403784439,0.49999999999999933,0.29936312297335804,-0.9541392564000488,-0.9749279121818236,-0.2225209339563146
0.0,-0.005161297016783928,-0.003873468018611736,0.0,-3.6109179126442243,0.6833333333333333,0.685129494142466,-0.866025403784439,0.49999999999999933,-0.29936312297335776,-0.9541392564000489,0.7818314824680298,0.6234898018587336
-0.00518798125763475,-0.0025906726238368685,-0.00518798125763475,-0.0025906726238368685,2.0794415416798357,0.6833333333333333,0.6851743794604785,-0.866025403784439,0.49999999999999933,-0.4853019625310808,-0.8743466161445822,0.9749279121818236,-0.22252093395631434
0.001299451123001571,0.021809696280743442,0.001299451123001571,0.005174743292956243,1.4759065198095778,0.6833333333333333,0.685219264778491,-0.866025403784439,0.49999999999999933,-0.6513724827222217,-0.7587581226927913,0.43388373911755823,-0.900968867902419
0.00647260080375265,0.0012683204910227451,0.011620520291141653,0.015365203584488632,-0.25951119548508456,0.6833333333333333,0.6852641500965034,-0.866025403784439,0.49999999999999933,-0.7907757369376986,-0.6121059825476627,-0.433883739117558,-0.9009688679024191
0.016634952987787045,0.011342265357453946,0.024097619348874978,0.006333137085645814,-0.40546510810816444,0.6833333333333333,0.6853090354145159,-0.866025403784439,0.49999999999999933,-0.8978045395707417,-0.44039415155763423,-0.9749279121818236,-0.2225209339563146
0.010101176720290954,0.0012523470824965103,-0.0025094091281859204,0.00754719816612951,0.4054651081081644,0.6833333333333333,0.6854436913685534,-0.866025403784439,0.49999999999999933,-0.9884683243281114,0.15142777750457667,0.7818314824680298,0.6234898018587336
0.0025094091281858237,-0.0012523470824966174,0.0025094091281858237,0.0,-8.306472160100585,0.6833333333333333,0.6854885766865658,-0.866025403784439,0.49999999999999933,-0.9377521321470804,0.3473052528448203,0.9749279121818236,-0.22252093395631434
0.0012523470824965103,0.032061814546974626,0.0012523470824965103,0.005000005499291981,9.453286550586572,0.6833333333333333,0.6855334620045783,-0.866025403784439,0.49999999999999933,-0.8486442574947509,0.5289640103269624,0.43388373911755823,-0.900968867902419
-0.010063058463746064,-0.003647417285196193,0.017370146824703253,0.023414391762486556,0.3613697882429401,0.6833333333333333,0.6855783473225908,-0.866025403784439,0.49999999999999933,-0.7247927872291207,0.6889669190756859,-0.433883739117558,-0.9009688679024191
0.016301375752635003,-0.019680725866427995,-0.00988882251184919,-0.020923732890392982,-1.5081841787289274,0.6833333333333333,0.6856232326406033,-0.866025403784439,0.49999999999999933,-0.5712682150947924,0.8207634412072763,-0.9749279121818236,-0.2225209339563146
-0.02010125021986232,0.023328143151624132,-0.02134425724382747,0.007434971238750044,-0.30010459245033816,0.6833333333333333,0.6857578885946407,-0.866025403784439,0.49999999999999933,-2.4492935982947064e-16,1.0,0.7818314824680298,0.6234898018587336
0.01511362419477328,-0.02457115017558917,0.01511362419477328,-0.01242259726383907,0.22314355131420976,0.6833333333333333,0.6858027739126532,-0.5000000000000012,0.8660254037844379,0.20129852008866006,0.9795299412524945,0.9749279121818236,-0.22252093395631434
0.0,0.05210146023869902,0.0,0.044016846916163484,2.0693912058263346,0.6833333333333333,0.6858476592306657,-0.5000000000000012,0.8660254037844379,0.39435585511331855,0.9189578116202306,0.43388373911755823,-0.900968867902419
-0.020202597839599983,0.0035356512557808174,0.044016846916163484,-0.026668048220162967,-0.3682861048664103,0.6833333333333333,0.6858925445486782,-0.5000000000000012,0.8660254037844379,0.5712682150947923,0.8207634412072763,-0.433883739117558,-0.9009688679024191
-0.002554368703406431,-0.02985301924816878,-0.013245128644763172,-0.012361172670911386,-0.13248918304607887,0.6833333333333333,0.6859374298666906,-0.5000000000000012,0.8660254037844379,0.72479278722912,0.6889669190756866,-0.9749279121818236,-0.2225209339563146
0.03146898802122022,-0.0183491210075612,-0.0183491210075612,0.0049627844976551806,-0.32158362412746233,0.6833333333333333,0.6860720858207281,-0.5000000000000012,0.8660254037844379,0.9884683243281114,0.1514277775045767,0.7818314824680298,0.6234898018587336
0.002475157965962814,0.013488761651643167,0.00982799199707454,0.004938188758153199,-1.330413902725434,0.6833333333333333,0.6861169711387406,-0.5000000000000012,0.8660254037844379,0.9987165071710528,-0.05064916883871264,0.9749279121818236,-0.22252093395631434
-0.012437870707976535,-0.012254868206124593,-0.00982799199707463,-0.014888599280897544,0.8347976976229722,0.6833333333333333,0.6861618564567531,-0.5000000000000012,0.8660254037844379,0.9680771188662043,-0.2506525322587204,0.43388373911755823,-0.900968867902419
0.006238317288888781,-0.0012338934455183859,0.0,0.004987626025089084,-2.583997552432231,0.6833333333333333,0.6862067417747655,-0.5000000000000012,0.8660254037844379,0.8978045395707416,-0.4403941515576344,-0.433883739117558,-0.9009688679024191
-0.003738318445499735,-0.00992563011084352,-0.00992563011084352,-0.003738318445499735,2.545531271604435,0.6833333333333333,0.686251627092778,-0.5000000000000012,0.8660254037844379,0.7907757369376989,-0.6121059825476626,-0.9749279121818236,-0.2225209339563146
-0.0012493075795894108,0.022195798083414923,-0.002496967152995526,0.011173289684249525,-1.7346010553881064,0.6833333333333333,0.6863862830468155,-0.5000000000000012,0.8660254037844379,0.29936312297335804,-0.9541392564000488,0.7818314824680298,0.6234898018587336
0.0074720081830950535,0.0,0.009950410522744323,0.012270167972571439,1.329135947279942,0.6833333333333333,0.6864311683648279,-0.5000000000000012,0.8660254037844379,0.10116832198743272,-0.994869323391895,0.9749279121818236,-0.22252093395631434
0.012330689236197782,0.006078953034989732,0.009852286896548572,0.006078953034989732,0.48097266061630956,0.6833333333333333,0.6864760536828404,-0.5000000000000012,0.8660254037844379,-0.10116832198743204,-0.9948693233918952,0.43388373911755823,-0.900968867902419
-0.012330689236197857,-0.008521129010486633,0.0024478918416207377,-0.02329971008830519,-2.2155737160044158,0.6833333333333333,0.6865209390008529,-0.5000000000000012,0.8660254037844379,-0.29936312297335776,-0.9541392564000489,-0.433883739117558,-0.9009688679024191
0.02208676801758322,0.025348347978508344,0.00730818693976464,0.04012692905632692,0.9162907318741551,0.6833333333333333,0.6865658243188654,-0.5000000000000012,0.8660254037844379,-0.4853019625310808,-0.8743466161445822,-0.9749279121818236,-0.2225209339563146
-0.017136178936839296,-0.009580817332989603,0.008459343705754017,-0.01682721896802165,0.0,0.6833333333333333,0.6867004802729028,-0.5000000000000012,0.8660254037844379,-0.8978045395707417,-0.44039415155763423,0.7818314824680298,0.6234898018587336
0.02197888560279815,0.00599872700973117,-0.0024095511566451593,0.006042222535542439,1.3862943611198906,0.6833333333333333,0.6867453655909153,-0.5000000000000012,0.8660254037844379,-0.9680771188662041,-0.2506525322587213,0.9749279121818236,-0.22252093395631434
0.0024124579403054314,0.0023896560608793146,0.0012053720571555807,0.008398447946501792,0.949080554697146,0.6833333333333333,0.6867902509089278,-0.5000000000000012,0.8660254037844379,-0.9987165071710528,-0.05064916883871355,0.43388373911755823,-0.900968867902419
0.0036079382726434215,0.004761823947295887,0.0036079382726434215,0.005955938170894212,-2.5585184671312464,0.6833333333333333,0.6868800215449526,-0.5000000000000012,0.8660254037844379,-0.9377521321470804,0.3473052528448203,-0.9749279121818236,-0.2225209339563146
0.01666720718420228,0.023475317717399996,0.03422176556215276,0.005920759339449352,0.15415067982725836,0.6833333333333333,0.6870146774989901,-0.5000000000000012,0.8660254037844379,-0.5712682150947924,0.8207634412072763,0.7818314824680298,0.6234898018587336
-0.009490149024366163,-0.008153877230516447,-0.02704470740231669,0.0,0.1941560144409574,0.6833333333333333,0.6870595628170026,-0.5000000000000012,0.8660254037844379,-0.3943558551133187,0.9189578116202306,0.9749279121818236,-0.22252093395631434
0.0,-0.004689336038064916,0.011848554049652942,0.004711345109369185,0.995428052432879,0.6833333333333333,0.687104448135015,-0.5000000000000012,0.8660254037844379,-0.20129852008866114,0.9795299412524943,0.43388373911755823,-0.900968867902419
0.0,0.015160709104046655,0.0011772462304940163,-0.011820372558873152,-0.39465419200394874,0.6833333333333333,0.6871493334530275,-2.4492935982947064e-16,1.0,0.20129852008866006,0.9795299412524945,-0.433883739117558,-0.9009688679024191
-0.010784996432479318,-0.023420250667560726,-0.013025800280147114,-0.01316611800734159,0.6931471805599453,0.6833333333333333,0.68719421877104,-2.4492935982947064e-16,1.0,0.39435585511331855,0.9189578116202306,-0.9749279121818236,-0.2225209339563146
0.0024069098955176896,0.016451504935256184,-0.008378086536961574,0.026160887737018506,-1.4190841839428814,0.6833333333333333,0.6873288747250774,-2.4492935982947064e-16,1.0,0.8486442574947509,0.5289640103269624,0.7818314824680298,0.6234898018587336
0.007185652274582509,-0.003502627333677229,0.02140388681710876,-0.0047058866815056985,0.1823215567939546,0.6833333333333333,0.6873737600430899,-2.4492935982947064e-16,1.0,0.9377521321470804,0.3473052528448203,0.9749279121818236,-0.22252093395631434
-0.009592562170100155,0.0,0.0,-0.0011798555986673191,-0.9444616088408514,0.6833333333333333,0.6874186453611024,-2.4492935982947064e-16,1.0,0.9884683243281114,0.1514277775045767,0.43388373911755823,-0.900968867902419
-0.012121175570532187,-0.0035149388672611106,0.0011756938535884155,-0.031177727348306036,1.519825753744413,0.6833333333333333,0.6874635306791149,-2.4492935982947064e-16,1.0,0.9987165071710528,-0.05064916883871264,-0.433883739117558,-0.9009688679024191
0.0,-0.034630206704267946,-0.03467170089969492,-0.0012185936790716453,-0.5753641449035618,0.6833333333333333,0.6875084159971274,-2.4492935982947064e-16,1.0,0.9680771188662043,-0.2506525322587204,-0.9749279121818236,-0.2225209339563146
-0.0012203424599967286,0.055536954630976264,-0.002435965237051942,0.05111021579112402,1.3723081191451507,0.6833333333333333,0.6876430719511648,-2.4492935982947064e-16,1.0,0.6513724827222223,-0.758758122692791,0.7818314824680298,0.6234898018587336
0.038328008596743735,-0.005763699014093472,0.037107666136746854,0.002314896429041375,-1.6236225474260568,0.6833333333333333,0.6876879572691773,-2.4492935982947064e-16,1.0,0.48530196253108104,-0.8743466161445821,0.9749279121818236,-0.22252093395631434
0.01631744608341871,0.0,0.01631744608341871,0.0,-7.649692623711514,0.6833333333333333,0.6877328425871898,-2.4492935982947064e-16,1.0,0.29936312297335804,-0.9541392564000488,0.43388373911755823,-0.900968867902419
-0.022210209586400426,0.001155317891714973,-0.01162811004535376,-0.01045912035747337,7.649692623711514,0.6833333333333333,0.6877777279052023,-2.4492935982947064e-16,1.0,0.10116832198743272,-0.994869323391895,-0.433883739117558,-0.9009688679024191
-0.043485070606336544,0.009195540614137685,0.0116281100453537,-0.05523615983526359,2.0243817644968085,0.6833333333333333,0.6878226132232147,-2.4492935982947064e-16,1.0,-0.10116832198743204,-0.9948693233918952,-0.9749279121818236,-0.2225209339563146
0.003696858297064305,-0.016148053590483404,-0.06199842189567248,0.012270167972571439,-0.7514160886839211,0.6833333333333333,0.6879572691772522,-2.4492935982947064e-16,1.0,-0.6513724827222217,-0.7587581226927913,0.7818314824680298,0.6234898018587336
0.007352967215510197,-0.019965412796523193,0.007352967215510197,0.001218593679071696,-0.8209805520698302,0.6833333333333333,0.6880021544952647,-2.4492935982947064e-16,1.0,-0.7907757369376986,-0.6121059825476627,0.9749279121818236,-0.22252093395631434
0.0,-0.0035650628312419866,0.0012203424599968337,0.0,1.0198314108149955,0.6833333333333333,0.6880470398132771,-2.4492935982947064e-16,1.0,-0.8978045395707417,-0.44039415155763423,0.43388373911755823,-0.900968867902419
0.0012203424599968337,0.0011898520701043652,0.020519623517033948,0.01810548800068119,-0.5555258026838976,0.6833333333333333,0.6880919251312896,-2.4492935982947064e-16,1.0,-0.9680771188662041,-0.2506525322587213,-0.433883739117558,-0.9009688679024191
0.018127365789281955,0.003560830995358946,0.008328501056198718,-0.0011967158904709597,-0.25951119548508456,0.6833333333333333,0.6881368104493021,-2.4492935982947064e-16,1.0,-0.9987165071710528,-0.05064916883871355,-0.9749279121818236,-0.2225209339563146
-0.024243761908028176,-0.004750683065463275,-0.010720758783950814,-0.021792607344068873,0.8472978603872037,0.6833333333333333,0.688316351721352,-2.4492935982947064e-16,1.0,-0.7247927872291207,0.6889669190756859,0.9749279121818236,-0.22252093395631434
0.001226328301628655,-0.005970075718487451,-0.02301743360639954,0.013373959185013592,-0.2311117209633867,0.6833333333333333,0.6883612370393645,-2.4492935982947064e-16,1.0,-0.5712682150947924,0.8207634412072763,0.43388373911755823,-0.900968867902419
0.0061086614961891475,0.00953513854972938,0.007326033054169503,0.01795378670878471,0.5187937934151675,0.6833333333333333,0.688406122357377,-2.4492935982947064e-16,1.0,-0.3943558551133187,0.9189578116202306,-0.433883739117558,-0.9009688679024191
0.012106760990950247,0.008269467944147277,0.025226539101959565,0.007092221713653185,-0.6466271649250525,0.6833333333333333,0.6884510076753895,-2.4492935982947064e-16,1.0,-0.20129852008866114,0.9795299412524943,-0.9749279121818236,-0.2225209339563146
-0.010889389432969921,-0.0011772462304940506,-0.0023752107611377093,0.0,0.31015492830383945,0.7,0.6886305489474394,0.49999999999999994,0.8660254037844387,0.5712682150947923,0.8207634412072763,0.9749279121818236,-0.22252093395631434
0.013293148606123628,0.01635548973845949,-0.009558179734698255,-0.01662736026338253,0.9994056385846617,0.7,0.6886754342654519,0.49999999999999994,0.8660254037844387,0.72479278722912,0.6889669190756866,0.43388373911755823,-0.900968867902419
0.0047905096738585454,-0.015178243507965435,0.005984623897456959,0.007159927788591784,-0.8742424956306557,0.7,0.6887203195834642,0.49999999999999994,0.8660254037844387,0.8486442574947509,0.5289640103269624,-0.433883739117558,-0.9009688679024191
-0.001195541837281033,0.0,0.014218234542526204,-0.005963211898120758,-0.3483066942682157,0.7,0.6887652049014767,0.49999999999999994,0.8660254037844387,0.9377521321470804,0.3473052528448203,-0.9749279121818236,-0.2225209339563146
0.009524042893479795,0.0,-0.004717069649393437,0.016607890603405624,0.5108256237659907,0.7,0.6888998608555142,0.49999999999999994,0.8660254037844387,0.9680771188662043,-0.2506525322587204,0.7818314824680298,0.6234898018587336
0.005906601479431759,0.01053256192020206,0.004717069649393402,0.0035231944559475,0.44628710262841953,0.7,0.6889447461735266,0.49999999999999994,0.8660254037844387,0.8978045395707416,-0.4403941515576344,0.9749279121818236,-0.22252093395631434
0.012873191082870116,0.0034863452019677434,0.014018907122169584,0.008172750396428589,-3.7297014486341915,0.7,0.6889896314915391,0.49999999999999994,0.8660254037844387,0.7907757369376989,-0.6121059825476626,0.43388373911755823,-0.900968867902419
0.0,0.0057837003745441215,0.0,0.008106662644337848,3.41224721784874,0.7,0.6890345168095516,0.49999999999999994,0.8660254037844387,0.6513724827222223,-0.758758122692791,-0.433883739117558,-0.9009688679024191
-0.009345853827983927,-0.005783700374544202,0.0,-0.0174525164723217,-1.252762968495368,0.7,0.6890794021275641,0.49999999999999994,0.8660254037844387,0.48530196253108104,-0.8743466161445821,-0.9749279121818236,-0.2225209339563146
0.004683928555141439,0.014968519156918231,-0.0011608481521736458,0.02663733525469586,1.9348603128687283,0.7,0.689258943399614,0.49999999999999994,0.8660254037844387,-0.29936312297335776,-0.9541392564000489,0.9749279121818236,-0.22252093395631434
0.011614438249188197,0.0,0.01612936730909209,-0.008032082043088036,-1.1856236656577395,0.7,0.6893038287176265,0.49999999999999994,0.8660254037844387,-0.4853019625310808,-0.8743466161445822,0.43388373911755823,-0.900968867902419
0.006904509095235914,0.04251211349514,-0.0034344593551301414,0.03953080042978259,0.5570150062353653,0.7,0.689348714035639,0.49999999999999994,0.8660254037844387,-0.6513724827222217,-0.7587581226927913,-0.433883739117558,-0.9009688679024191
-0.00114736390165869,-0.005491653930863304,0.018182383372853148,0.0055217411775822026,-0.14550758367123828,0.7,0.6893935993536515,0.49999999999999994,0.8660254037844387,-0.7907757369376986,-0.6121059825476627,-0.9749279121818236,-0.2225209339563146
0.0011473639016586427,-0.015538509852201376,-0.014747924017722982,-0.01665778316993461,-1.327798154438282,0.7,0.6895282553076889,0.49999999999999994,0.8660254037844387,-0.9987165071710528,-0.05064916883871355,0.7818314824680298,0.6234898018587336
0.015927673896253134,0.006688981750297954,0.021481949712075083,0.007808255068030984,0.9694005571881035,0.7,0.6895731406257014,0.49999999999999994,0.8660254037844387,-0.9884683243281114,0.15142777750457667,0.9749279121818236,-0.22252093395631434
0.014565909568112184,0.012148043907113026,0.010016768674619233,0.012148043907113026,-1.9810014688665833,0.7,0.6896180259437139,0.49999999999999994,0.8660254037844387,-0.9377521321470804,0.3473052528448203,0.43388373911755823,-0.900968867902419
-0.002227090722830528,0.009830842079611591,0.01101339510844547,0.009830842079611591,1.6817585740137264,0.7,0.6896629112617263,0.49999999999999994,0.8660254037844387,-0.8486442574947509,0.5289640103269624,-0.433883739117558,-0.9009688679024191
0.014388802382145205,0.003255561427451024,-0.0032912777265902567,0.002171629066314688,0.0,0.7,0.6897077965797388,0.49999999999999994,0.8660254037844387,-0.7247927872291207,0.6889669190756859,-0.9749279121818236,-0.2225209339563146
-0.033522738483819196,-0.0065217561619164465,0.007662786946082529,-0.023039942442822946,0.6696166831497512,0.7,0.6898424525337763,0.49999999999999994,0.8660254037844387,-0.20129852008866114,0.9795299412524943,0.7818314824680298,0.6234898018587336
0.02469250950473003,-0.014278019282984384,-0.015384904327937893,0.003324099359058319,-0.7932306391169278,0.7,0.6898873378517887,0.49999999999999994,0.8660254037844387,-2.4492935982947064e-16,1.0,0.9749279121818236,-0.22252093395631434
-0.00779063513191489,0.006615232336901677,-0.005552400172580287,0.006615232336901677,-0.3794896217049037,0.7,0.6899322231698012,0.8660254037844386,0.5000000000000001,0.20129852008866006,0.9795299412524945,0.43388373911755823,-0.900968867902419
0.0011165338852695819,0.02923865328416024,0.014372657155372049,0.02923865328416024,1.0045833390198333,0.7,0.6899771084878137,0.8660254037844386,0.5000000000000001,0.39435585511331855,0.9189578116202306,-0.433883739117558,-0.9009688679024191
-0.059787779531829004,0.0,0.0281405136832239,-0.06276139176797957,2.2188972522351156,0.7,0.6900219938058262,0.8660254037844386,0.5000000000000001,0.5712682150947923,0.8207634412072763,-0.9749279121818236,-0.2225209339563146
0.04176937127374425,-0.0604912454451155,-0.06276139176797957,0.0022701463228641202,-3.3460829133472814,0.7,0.6901566497598636,0.8660254037844386,0.5000000000000001,0.9377521321470804,0.3473052528448203,0.7818314824680298,0.6234898018587336
0.0011356361700296043,0.03235073176189164,0.0022701463228641202,0.005652840179607987,0.1967102942460543,0.7,0.6902015350778761,0.8660254037844386,0.5000000000000001,0.9884683243281114,0.1514277775045767,0.9749279121818236,-0.22252093395631434
-0.001135636170029703,-0.006607947834203337,-0.002270146322864086,0.0022524121212180647,0.3566749439387324,0.7,0.6902464203958886,0.8660254037844386,0.5000000000000001,0.9987165071710528,-0.05064916883871264,0.43388373911755823,-0.900968867902419
0.005665732025232685,-0.005540096072909814,0.015783852427344657,0.011185628200814597,-0.6931471805599453,0.7,0.6902913057139011,0.8660254037844386,0.5000000000000001,0.9680771188662043,-0.2506525322587204,-0.433883739117558,-0.9009688679024191
0.0,0.03386455902436646,-0.010118120402112067,0.0165475226197188,1.308332819650179,0.7,0.6903361910319135,0.8660254037844386,0.5000000000000001,0.8978045395707416,-0.4403941515576344,-0.9749279121818236,-0.2225209339563146
0.032242817418990904,-0.005385114479530759,0.032242817418990904,0.0076295359193978675,0.05264373348542188,0.7,0.690470846985951,0.8660254037844386,0.5000000000000001,0.48530196253108104,-0.8743466161445821,0.7818314824680298,0.6234898018587336
-0.026609085515080025,0.003234501174449283,0.011963310471495316,-0.007629535919397879,-0.6931471805599453,0.7,0.6905157323039635,0.8660254037844386,0.5000000000000001,0.29936312297335804,-0.9541392564000488,0.9749279121818236,-0.22252093395631434
0.028795033024937584,0.004296458072501688,-0.0065076085937943,0.020574688525205588,-0.1670540846631662,0.7,0.6905606176219758,0.8660254037844386,0.5000000000000001,0.10116832198743272,-0.994869323391895,0.43388373911755823,-0.900968867902419
-0.0120815667035286,0.002141326473550504,0.010822528575003229,-0.020574688525205595,0.31015492830383945,0.7,0.6906055029399883,0.8660254037844386,0.5000000000000001,-0.10116832198743204,-0.9948693233918952,-0.433883739117558,-0.9009688679024191
0.027249695986392954,0.002136827324999902,0.007506730754214187,0.021646001501597872,0.7783049889002521,0.7,0.6906503882580008,0.8660254037844386,0.5000000000000001,-0.29936312297335776,-0.9541392564000489,-0.9749279121818236,-0.2225209339563146
-0.010810906072578126,-0.00749876553103416,-0.00858365871129501,-0.01184726935400301,-0.5959834321062977,0.7,0.6908299295300507,0.8660254037844386,0.5000000000000001,-0.8978045395707417,-0.44039415155763423,0.9749279121818236,-0.22252093395631434
-0.005449599669519466,0.0021482265577945935,-0.009745600617922479,0.0,-0.25131442828090605,0.7,0.6908748148480632,0.8660254037844386,0.5000000000000001,-0.9680771188662041,-0.2506525322587213,0.43388373911755823,-0.900968867902419
-0.0032840721155309315,0.003213711648239741,0.004343030269893913,-0.0032555614274510612,1.2110902720948,0.7,0.6909197001660757,0.8660254037844386,0.5000000000000001,-0.9987165071710528,-0.05064916883871355,-0.433883739117558,-0.9009688679024191
0.0087336717850503,-0.016172844278612344,-0.0032555614274510612,0.0,-9.959395184474424,0.7,0.6909645854840882,0.8660254037844386,0.5000000000000001,-0.9884683243281114,0.15142777750457667,-0.9749279121818236,-0.2225209339563146
-0.038785988139134586,0.01937626106019479,-0.038785988139134586,0.016172844278612285,9.185022563991893,0.7,0.6910992414381256,0.8660254037844386,0.5000000000000001,-0.7247927872291207,0.6889669190756859,0.7818314824680298,0.6234898018587336
0.043124385699021495,-0.004273430278740811,0.05067166117677636,-0.0032137116482396887,-1.6094379124341003,0.7,0.6911441267561381,0.8660254037844386,0.5000000000000001,-0.5712682150947924,0.8207634412072763,0.9749279121818236,-0.22252093395631434
-0.021882611577336675,0.0074666179406608505,-0.029429887055091412,-0.0032240728978123823,2.205735267004128,0.7,0.6911890120741506,0.8660254037844386,0.5000000000000001,-0.3943558551133187,0.9189578116202306,0.43388373911755823,-0.900968867902419
0.021882611577336664,-0.0010631872599513351,0.030503346647822328,0.007506730754214187,-0.6435502394205731,0.7,0.6912338973921631,1.0,6.123233995736766e-17,0.20129852008866006,0.9795299412524945,-0.433883739117558,-0.9009688679024191
0.0021621609982239963,0.0031864042224829105,0.004282657856401812,0.007450875197871865,-0.29849298855599654,0.7,0.6912787827101755,1.0,6.123233995736766e-17,0.39435585511331855,0.9189578116202306,-0.9749279121818236,-0.2225209339563146
0.009672285720501328,0.004232730859146024,0.011683606057018032,-0.008519821406034122,-0.6505875661411494,0.7,0.691413438664213,1.0,6.123233995736766e-17,0.8486442574947509,0.5289640103269624,0.7818314824680298,0.6234898018587336
-0.03261163419242717,-0.0010564475676910169,-0.010615724940180381,0.00851982140603414,2.6330871626287546,0.7,0.6914583239822255,1.0,6.123233995736766e-17,0.9377521321470804,0.3473052528448203,0.9749279121818236,-0.22252093395631434
0.00880108595985704,0.002111931129494728,0.00425977711850265,0.00528821442094977,-2.6756467770475507,0.7,0.6915032093002379,1.0,6.123233995736766e-17,0.9884683243281114,0.1514277775045767,0.43388373911755823,-0.900968867902419
0.029143965416121426,0.0,0.0021232169625315673,-0.001055483561803636,1.0076405104623831,0.7,0.6915480946182504,1.0,6.123233995736766e-17,0.9987165071710528,-0.05064916883871264,-0.433883739117558,-0.9009688679024191
0.0031864042224829105,0.0021074049845685727,0.002118642773435536,-0.004232730859146103,1.5438406299482872,0.7,0.6915929799362629,1.0,6.123233995736766e-17,0.9680771188662043,-0.2506525322587204,-0.9749279121818236,-0.2225209339563146
0.0,0.0,0.005276976632082788,0.0,-1.330266529650228,0.7,0.6917276358903003,1.0,6.123233995736766e-17,0.6513724827222223,-0.758758122692791,0.7818314824680298,0.6234898018587336
0.004232730859146024,0.0,-0.001053109663209154,0.006342509742309171,-1.3609765531356008,0.7,0.6917725212083128,1.0,6.123233995736766e-17,0.48530196253108104,-0.8743466161445821,0.9749279121818236,-0.22252093395631434
-0.005293737869492722,0.004201758039916929,-0.0042238669688736035,-0.005282703043412815,0.371563556432483,0.7,0.6918174065263253,1.0,6.123233995736766e-17,0.29936312297335804,-0.9541392564000488,0.43388373911755823,-0.900968867902419
-0.012820752601721806,-0.009478734671999748,0.0,-0.0010598066988962934,0.15906469462968728,0.7,0.6918622918443378,1.0,6.123233995736766e-17,0.10116832198743272,-0.994869323391895,-0.433883739117558,-0.9009688679024191
0.0021482265577945935,0.005276976632082788,-0.003179649783782088,-0.008519821406034122,-0.30748469974796055,0.7,0.6919071771623503,1.0,6.123233995736766e-17,-0.10116832198743204,-0.9948693233918952,-0.9749279121818236,-0.2225209339563146
-0.006458574072261761,0.0052494260517668674,0.006349221431296268,0.020117198851469318,1.0577902941478545,0.7,0.6920418331163877,1.0,6.123233995736766e-17,-0.6513724827222217,-0.7587581226927913,0.7818314824680298,0.6234898018587336
0.013941307901709547,0.0,0.007356831036335393,-0.0063091630244854185,-0.11778303565638351,0.7,0.6920867184344002,1.0,6.123233995736766e-17,-0.7907757369376986,-0.6121059825476627,0.9749279121818236,-0.22252093395631434
0.008483530083972143,-0.007356831036335351,-0.007356831036335351,-0.001055483561803636,-3.0602707946915624,0.7,0.6921316037524127,1.0,6.123233995736766e-17,-0.8978045395707417,-0.44039415155763423,0.43388373911755823,-0.900968867902419
-0.008483530083972233,0.007356831036335393,-0.008474618643432665,0.005266011976988011,2.9618307218783095,0.7,0.6921764890704251,1.0,6.123233995736766e-17,-0.9680771188662041,-0.2506525322587213,-0.433883739117558,-0.9009688679024191
0.0021275822622945505,-0.005249426051766803,0.002125397212136427,-0.002103123430615795,-1.7578579175523736,0.7,0.6922213743884376,1.0,6.123233995736766e-17,-0.9987165071710528,-0.05064916883871355,-0.9749279121818236,-0.2225209339563146
0.0010622099521850868,0.009429081809885205,0.015798101405066718,0.0010521522116804251,1.667706820558076,0.7,0.6923560303424751,1.0,6.123233995736766e-17,-0.8486442574947509,0.5289640103269624,0.7818314824680298,0.6234898018587336
-0.003189792214479489,-0.00417965575811844,-0.005238351558586111,-0.0031595571962489775,-0.1861022796338606,0.7,0.6924009156604874,1.0,6.123233995736766e-17,-0.7247927872291207,0.6889669190756859,0.9749279121818236,-0.22252093395631434
0.009539013645775776,-0.007356831036335351,-0.00421052841518422,0.0,-8.794824928014517,0.7,0.6924458009785,1.0,6.123233995736766e-17,-0.5712682150947924,0.8207634412072763,0.43388373911755823,-0.900968867902419
-0.008474618643432665,0.005260321200067726,0.0,-0.008474618643432665,8.146129510025405,0.7,0.6924906862965124,1.0,6.123233995736766e-17,-0.3943558551133187,0.9189578116202306,-0.433883739117558,-0.9009688679024191
0.010582023628001085,0.007318448746343633,0.006309163024485387,0.015831449679768118,-0.09097177820572676,0.7,0.692535571614525,1.0,6.123233995736766e-17,-0.20129852008866114,0.9795299412524943,-0.9749279121818236,-0.2225209339563146
0.0,-0.0010422831519575674,0.004184102452982567,-0.0010476680118498738,1.3621968095408301,0.7,0.6926702275685623,0.8660254037844387,-0.4999999999999998,0.39435585511331855,0.9189578116202306,0.7818314824680298,0.6234898018587336
-0.004219336114063216,0.018595560670054356,-0.003136434441132798,0.0010476680118498456,0.03593200922606337,0.7,0.6927151128865748,0.8660254037844387,-0.4999999999999998,0.5712682150947923,0.8207634412072763,0.9749279121818236,-0.22252093395631434
0.007372252329562416,-0.01547218767885266,0.0,0.00626313683887641,-1.041453874828161,0.7,0.6927599982045873,0.8660254037844387,-0.4999999999999998,0.72479278722912,0.6889669190756866,0.43388373911755823,-0.900968867902419
-0.013734939843500384,0.008281760948690191,0.01558478969801022,-0.013619967875211652,1.1314021114911006,0.7,0.6928048835225998,0.8660254037844387,-0.4999999999999998,0.8486442574947509,0.5289640103269624,-0.433883739117558,-0.9009688679024191
0.00741913508162893,-0.020834215749777098,-0.023997104296149187,0.0021074049845685727,-3.4339872044851463,0.7,0.6929844247946497,0.8660254037844387,-0.4999999999999998,0.9680771188662043,-0.2506525322587204,0.7818314824680298,0.6234898018587336
0.004215040758052623,0.02083421574977714,0.004215040758052623,0.02083421574977714,0.8472978603872037,0.7,0.6930293101126622,0.8660254037844387,-0.4999999999999998,0.8978045395707416,-0.4403941515576344,0.9749279121818236,-0.22252093395631434
-0.002105261874889653,-0.004132307053294919,0.01564975648480183,-0.014538292963345023,2.344549292093078,0.7,0.6930741954306747,0.8660254037844387,-0.4999999999999998,0.7907757369376989,-0.6121059825476626,0.43388373911755823,-0.900968867902419
-0.0063425097423091235,-0.007272826886596924,-0.009360433707280307,-0.011572899418514767,-0.027779564107075706,0.7,0.6931190807486871,0.8660254037844387,-0.4999999999999998,0.6513724827222223,-0.758758122692791,-0.433883739117558,-0.9009688679024191
0.006342509742309171,-0.0073259583792694314,-0.005238351558586111,0.005276976632082788,-0.8614824953791601,0.7,0.6931639660666996,0.8660254037844387,-0.4999999999999998,0.48530196253108104,-0.8743466161445821,-0.9749279121818236,-0.2225209339563146
0.001053109663209251,-0.002103123430615795,-0.002103123430615795,0.0,-8.411832675758411,0.7,0.6932986220207371,0.8660254037844387,-0.4999999999999998,-0.10116832198743204,-0.9948693233918952,0.7818314824680298,0.6234898018587336
0.0031529162154991727,0.017736642908314493,0.008385860492899648,0.01566610270065348,9.341368634382587,0.7,0.6933435073387495,0.8660254037844387,-0.4999999999999998,-0.29936312297335776,-0.9541392564000489,0.9749279121818236,-0.22252093395631434
-0.010548535621017511,-0.0124872168565476,-0.007333708281219228,-0.010416676648886654,-1.55814461804655,0.7,0.693388392656762,0.8660254037844387,-0.4999999999999998,-0.4853019625310808,-0.8743466161445822,0.43388373911755823,-0.900968867902419
0.012645045457285108,0.012487216856547658,0.01461395048897316,0.0031364344411326946,-0.4700036292457356,0.7,0.6934332779747745,0.8660254037844387,-0.4999999999999998,-0.6513724827222217,-0.7587581226927913,-0.433883739117558,-0.9009688679024191
-0.00946876216583005,0.0,0.001035805995828644,-0.012605196606962825,1.0986122886681098,0.7,0.693478163292787,0.8660254037844387,-0.4999999999999998,-0.7907757369376986,-0.6121059825476627,-0.9749279121818236,-0.2225209339563146
0.003166226450853909,-0.007265277946471579,-0.017755018359691437,0.014690701075906011,-0.8362480242006186,0.7,0.6936128192468244,0.8660254037844387,-0.4999999999999998,-0.9987165071710528,-0.05064916883871355,0.7818314824680298,0.6234898018587336
0.015682554951380157,0.007265277946471611,0.015682554951380157,0.007265277946471611,-0.7731898882334817,0.7,0.6936577045648369,0.8660254037844387,-0.4999999999999998,-0.9884683243281114,0.15142777750457667,0.9749279121818236,-0.22252093395631434
-0.022025064693689124,-0.009350782415414793,-0.006243584795271199,-0.02513226231383266,0.4054651081081644,0.7,0.6937025898828494,0.8660254037844387,-0.4999999999999998,-0.9377521321470804,0.3473052528448203,0.43388373911755823,-0.900968867902419
0.0,0.0020855044689432442,-0.01578147989841793,0.0,-0.25131442828090605,0.7,0.6937474752008619,0.8660254037844387,-0.4999999999999998,-0.8486442574947509,0.5289640103269624,-0.433883739117558,-0.9009688679024191
-0.009589834903192495,-0.011524474625052015,-0.006382994081034191,0.006342509742309171,0.4519851237430572,0.7,0.6937923605188743,0.8660254037844387,-0.4999999999999998,-0.7247927872291207,0.6889669190756859,-0.9749279121818236,-0.2225209339563146
0.020138370524209904,0.004206025878708467,0.016931529702051556,0.004206025878708467,-1.7047480922384253,0.7,0.6939270164729118,0.8660254037844387,-0.4999999999999998,-0.20129852008866114,0.9795299412524943,0.7818314824680298,0.6234898018587336
-0.0031529162154991723,0.011476529072671587,0.003143006570932958,0.011476529072671587,3.481240089335692,0.7,0.6939719017909243,0.5000000000000003,-0.8660254037844385,0.20129852008866006,0.9795299412524945,0.9749279121818236,-0.22252093395631434
0.010471364961842733,0.0010366574124826265,0.007295566494285308,0.0010366574124826265,-0.4367176516122688,0.7,0.6940167871089367,0.5000000000000003,-0.8660254037844385,0.39435585511331855,0.9189578116202306,0.43388373911755823,-0.900968867902419
-0.00731844874634363,0.0,0.0020746134199361773,-0.0010366574124826835,-1.1727202608218315,0.7,0.6940616724269492,0.5000000000000003,-0.8660254037844385,0.5712682150947923,0.8207634412072763,-0.433883739117558,-0.9009688679024191
-0.015864940245469104,0.0,-0.01566610270065354,-0.027341469318140785,1.0986122886681098,0.7,0.6941065577449617,0.5000000000000003,-0.8660254037844385,0.72479278722912,0.6889669190756866,-0.9749279121818236,-0.2225209339563146
0.016913782069886904,0.0020705402076608564,0.004201758039916929,0.03044866693828424,-1.717651497074333,0.7,0.694241213698999,0.5000000000000003,-0.8660254037844385,0.9884683243281114,0.1514277775045767,0.7818314824680298,0.6234898018587336
-0.025479137057503595,-0.007265277946471579,0.006269606921925908,-0.0124872168565476,0.9985288301111273,0.7,0.6942860990170115,0.5000000000000003,-0.8660254037844385,0.9987165071710528,-0.05064916883871264,0.9749279121818236,-0.22252093395631434
0.021277379017586712,-0.009419212750162352,-0.009419212750162352,-0.005249426051766803,-0.2363887780642304,0.7,0.694330984335024,0.5000000000000003,-0.8660254037844385,0.9680771188662043,-0.2506525322587204,0.43388373911755823,-0.900968867902419
-0.007395619405518302,0.004197273840086369,-0.00844777161719869,0.0052494260517668674,-0.06899287148695143,0.7,0.6943758696530365,0.5000000000000003,-0.8660254037844385,0.8978045395707416,-0.4403941515576344,-0.433883739117558,-0.9009688679024191
0.0073956194055183186,-0.005249426051766803,0.0073956194055183186,-0.005249426051766803,-2.639057329615259,0.7,0.694420754971049,0.5000000000000003,-0.8660254037844385,0.7907757369376989,-0.6121059825476626,-0.9749279121818236,-0.2225209339563146
-0.010582023628001175,-0.004219336114063216,-0.010582023628001175,-0.005276976632082774,2.833213344056216,0.7,0.6945554109250864,0.5000000000000003,-0.8660254037844385,0.29936312297335804,-0.9541392564000488,0.7818314824680298,0.6234898018587336
0.0053050469959185,0.011560811103265123,0.0053050469959185,0.012618451621284563,0.46262352194811296,0.7,0.6946002962430989,0.5000000000000003,-0.8660254037844385,0.10116832198743272,-0.994869323391895,0.9749279121818236,-0.22252093395631434
0.012618451621284563,0.0,0.012618451621284563,0.0,-8.306472160100585,0.7,0.6946451815611114,0.5000000000000003,-0.8660254037844385,-0.10116832198743204,-0.9948693233918952,0.43388373911755823,-0.900968867902419
-0.017923498617203083,-0.006289322777521368,-0.006289322777521368,-0.012618451621284669,9.259130536145614,0.7,0.6946900668791239,0.5000000000000003,-0.8660254037844385,-0.29936312297335776,-0.9541392564000489,-0.433883739117558,-0.9009688679024191
-0.005333417183551207,-0.005271488325743659,-0.015898646815070732,-0.009569517971307444,-0.6649763035932491,0.7,0.6947349521971363,0.5000000000000003,-0.8660254037844385,-0.4853019625310808,-0.8743466161445822,-0.9749279121818236,-0.2225209339563146
-0.015086479079358213,-0.010627158489327064,0.0,-0.016155425287520307,0.7602864833975739,0.7,0.6948696081511738,0.5000000000000003,-0.8660254037844385,-0.8978045395707417,-0.44039415155763423,0.7818314824680298,0.6234898018587336
-0.02306525118597888,-0.017241790486774565,-0.024879494440732296,-0.0010863651992541845,-0.9765095918672098,0.7,0.6949144934691863,0.5000000000000003,-0.8660254037844385,-0.9680771188662041,-0.2506525322587213,0.9749279121818236,-0.22252093395631434
0.005540096072909741,-0.002176277390041486,0.005461426563916293,-0.016438789913814842,-1.1700712526502546,0.7,0.6949593787871987,0.5000000000000003,-0.8660254037844385,-0.9987165071710528,-0.05064916883871355,0.43388373911755823,-0.900968867902419
0.0,0.007596417141393018,-0.014262512523773306,0.0033094320289937394,0.8938178760220965,0.7,0.6950042641052112,0.5000000000000003,-0.8660254037844385,-0.9884683243281114,0.15142777750457667,-0.433883739117558,-0.9009688679024191
0.0011044403300348835,0.0,0.0011044403300348835,0.018549497636172595,-0.8938178760220964,0.7,0.6950491494232237,0.5000000000000003,-0.8660254037844385,-0.9377521321470804,0.3473052528448203,-0.9749279121818236,-0.2225209339563146
0.02075448933513155,0.0,0.02075448933513155,0.0,-0.8109302162163288,0.7,0.6952286906952736,0.5000000000000003,-0.8660254037844385,-0.3943558551133187,0.9189578116202306,0.9749279121818236,-0.22252093395631434
0.0,0.0,0.0,0.0,-6.396929655216146,0.7,0.6952735760132861,0.5000000000000003,-0.8660254037844385,-0.20129852008866114,0.9795299412524943,0.43388373911755823,-0.900968867902419
-0.016349121431899465,0.004314919981208731,-0.0010817421914645663,-0.016349121431899465,9.625755810937516,0.7,0.6953184613312986,0.5000000000000003,-0.8660254037844385,-2.4492935982947064e-16,1.0,-0.433883739117558,-0.9009688679024191
0.0010981396009365231,0.019190336811232424,-0.01307206934493735,0.03985437822434059,-3.5165082281731497,0.7,0.6953633466493111,1.2246467991473532e-16,-1.0,0.20129852008866006,0.9795299412524945,-0.9749279121818236,-0.2225209339563146
0.016331400637722492,-0.022424837985681664,0.015234230343161417,-0.022424837985681664,4.214593690373678,0.7,0.6954980026033485,1.2246467991473532e-16,-1.0,0.72479278722912,0.6889669190756866,0.7818314824680298,0.6234898018587336
-0.10944859899892301,-0.017429540238658964,-0.028479444544835652,-0.05779380384343719,0.057432049085875396,0.7,0.695542887921361,1.2246467991473532e-16,-1.0,0.8486442574947509,0.5289640103269624,0.9749279121818236,-0.22252093395631434
-0.004830749911114004,-0.0415090822958037,-0.06187542739085451,-0.056485545066599877,-0.838038534974407,0.7,0.6955877732393735,1.2246467991473532e-16,-1.0,0.9377521321470804,0.3473052528448203,0.43388373911755823,-0.900968867902419
-0.022032780373084253,-0.02787642598232802,-0.023924476974346985,-0.0012114726244282679,-0.17589066646366416,0.7,0.6956326585573859,1.2246467991473532e-16,-1.0,0.9884683243281114,0.1514277775045767,-0.433883739117558,-0.9009688679024191
-0.0037197774736901466,-0.02867577301767471,-0.0012114726244282679,-0.02329971008830519,0.025317807984289786,0.7,0.6956775438753984,1.2246467991473532e-16,-1.0,0.9987165071710528,-0.05064916883871264,-0.9749279121818236,-0.2225209339563146
0.009888822511849348,-0.0036429877979378762,-0.00974419458977669,0.01355551549852851,-2.0794415416798357,0.7,0.6958121998294359,1.2246467991473532e-16,-1.0,0.7907757369376989,-0.6121059825476626,0.7818314824680298,0.6234898018587336
0.00368324185838948,0.0012158913662308074,-0.0012248262623305644,0.007317098158069602,-0.35667494393873245,0.7,0.6958570851474483,1.2246467991473532e-16,-1.0,0.6513724827222223,-0.758758122692791,0.9749279121818236,-0.22252093395631434
0.008541924420400214,0.0,0.008541924420400214,0.0,-6.956545443151569,0.7,0.6959019704654608,1.2246467991473532e-16,-1.0,0.48530196253108104,-0.8743466161445821,0.43388373911755823,-0.900968867902419
-0.0036518566032826983,-0.0036518566032826983,-0.0036518566032826983,-0.0036518566032826983,8.699514748210191,0.7,0.6959468557834733,1.2246467991473532e-16,-1.0,0.29936312297335804,-0.9541392564000488,-0.433883739117558,-0.9009688679024191
-0.020949782297811685,0.008500172929652258,-0.020949782297811685,-0.009804165955512902,-0.4307829160924542,0.7,0.6959917411014858,1.2246467991473532e-16,-1.0,0.10116832198743272,-0.994869323391895,-0.9749279121818236,-0.2225209339563146
0.014833386179065516,-0.013390240746769796,0.016059714480694123,0.0036877698367667896,-0.7731898882334817,0.7,0.6961263970555231,1.2246467991473532e-16,-1.0,-0.4853019625310808,-0.8743466161445822,0.7818314824680298,0.6234898018587336
0.001226328301628655,0.015805871330494194,0.0012248262623304757,0.001226328301628655,1.0414538748281612,0.7,0.6961712823735356,1.2246467991473532e-16,-1.0,-0.6513724827222217,-0.7587581226927913,0.9749279121818236,-0.22252093395631434
-0.0012263283016286709,0.07212420029081532,-0.0024511545639592128,0.0061086614961891475,1.830225750055851,0.7,0.6962161676915481,1.2246467991473532e-16,-1.0,-0.7907757369376986,-0.6121059825476627,0.43388373911755823,-0.900968867902419
0.006116396118746289,-0.04710803152103346,0.013406821778164227,0.0,-1.0799201556559572,0.7,0.6962610530095606,1.2246467991473532e-16,-1.0,-0.8978045395707417,-0.44039415155763423,-0.433883739117558,-0.9009688679024191
0.01091580351337672,-0.011834530775389164,0.007237659806631741,0.009697209834304865,-0.6390799592896695,0.7,0.6963059383275731,1.2246467991473532e-16,-1.0,-0.9680771188662041,-0.2506525322587213,-0.9749279121818236,-0.2225209339563146
0.006013155254229501,-0.007168482740163348,0.002400873301556124,0.006013155254229501,-3.6375861597263857,0.7,0.6964405942816105,1.2246467991473532e-16,-1.0,-0.9377521321470804,0.3473052528448203,0.7818314824680298,0.6234898018587336
0.005977213235405312,0.005977213235405312,0.005977213235405312,0.005977213235405312,1.791759469228055,0.7,0.696485479599623,1.2246467991473532e-16,-1.0,-0.8486442574947509,0.5289640103269624,0.9749279121818236,-0.22252093395631434
0.001191269504758018,0.013025800280147059,0.001191269504758018,0.013025800280147059,0.4054651081081644,0.7,0.6965303649176355,1.2246467991473532e-16,-1.0,-0.7247927872291207,0.6889669190756859,0.43388373911755823,-0.900968867902419
0.00475068306546328,-0.0011772462304940506,0.00475068306546328,-0.0070838477099257734,0.10536051565782635,0.7,0.6965752502356479,1.2246467991473532e-16,-1.0,-0.5712682150947924,0.8207634412072763,-0.433883739117558,-0.9009688679024191
-0.04731025676058908,0.03016467250958195,0.005906601479431759,0.03607127398901377,0.9162907318741551,0.7,0.6966201355536604,1.2246467991473532e-16,-1.0,-0.3943558551133187,0.9189578116202306,-0.9749279121818236,-0.2225209339563146
0.024541085222346,-0.008032082043088036,0.0,-0.058840445527256695,0.27763173659827955,0.7,0.6967547915076979,-0.4999999999999997,-0.8660254037844388,0.39435585511331855,0.9189578116202306,0.7818314824680298,0.6234898018587336
0.002421219894662619,-0.005777100728034424,-0.02625455312301211,0.04154896410054485,-1.1939224684724346,0.7,0.6967996768257103,-0.4999999999999997,-0.8660254037844388,0.5712682150947923,0.8207634412072763,0.9749279121818236,-0.22252093395631434
0.02860749320709461,0.005777100728034438,0.02860749320709461,0.00925939938362384,1.252762968495368,0.7,0.6968894474617353,-0.4999999999999997,-0.8660254037844388,0.8486442574947509,0.5289640103269624,-0.433883739117558,-0.9009688679024191
0.0035190619674061348,0.020525296584211105,0.0035190619674061348,0.010315267564176058,-0.2972515234679316,0.7,0.6969343327797478,-0.4999999999999997,-0.8660254037844388,0.9377521321470804,0.3473052528448203,-0.9749279121818236,-0.2225209339563146
-0.012964223765141723,-0.02398750088320402,0.012798384116012295,-0.03362640745728955,-0.48550781578170077,0.7,0.6970689887337852,-0.4999999999999997,-0.8660254037844388,0.9680771188662043,-0.2506525322587204,0.7818314824680298,0.6234898018587336
0.045225137830829765,0.02285811565204414,0.02285811565204414,0.04270705124616468,0.4054651081081644,0.7,0.6971138740517977,-0.4999999999999997,-0.8660254037844388,0.8978045395707416,-0.4403941515576344,0.9749279121818236,-0.22252093395631434
0.006779680410128444,0.003384094707759889,0.003384094707759889,0.003384094707759889,-1.791759469228055,0.7,0.6971587593698102,-0.4999999999999997,-0.8660254037844388,0.7907757369376989,-0.6121059825476626,0.43388373911755823,-0.900968867902419
-0.04255965644322268,-0.013605638815206152,-0.04255965644322268,-0.014747924017722982,2.0794415416798357,0.7,0.6972036446878227,-0.4999999999999997,-0.8660254037844388,0.6513724827222223,-0.758758122692791,-0.433883739117558,-0.9009688679024191
0.02781173242549973,-0.0011422852025168393,0.02781173242549973,0.0,-8.476371196895983,0.7,0.6972485300058351,-0.4999999999999997,-0.8660254037844388,0.48530196253108104,-0.8743466161445821,-0.9749279121818236,-0.2225209339563146
-0.08090014232044304,-0.011494286342081038,-0.011494286342081038,-0.08090014232044304,7.649692623711514,0.7,0.6973831859598726,-0.4999999999999997,-0.8660254037844388,-0.10116832198743204,-0.9948693233918952,0.7818314824680298,0.6234898018587336
0.017199337437268127,-0.05220651854109389,-0.05220651854109389,0.017199337437268127,-2.639057329615259,0.7,0.6974280712778851,-0.4999999999999997,-0.8660254037844388,-0.29936312297335776,-0.9541392564000489,0.9749279121818236,-0.22252093395631434
-0.0012185936790716453,0.07506463419313801,-0.0012185936790716453,0.034713378604086825,3.871201010907891,0.7,0.6974729565958975,-0.4999999999999997,-0.8660254037844388,-0.4853019625310808,-0.8743466161445822,0.43388373911755823,-0.900968867902419
0.04179700217481166,-0.027493196619055138,0.04179700217481166,0.012858058969995933,-2.4849066497880004,0.7,0.69751784191391,-0.4999999999999997,-0.8660254037844388,-0.6513724827222217,-0.7587581226927913,-0.433883739117558,-0.9009688679024191
0.0116281100453537,0.00463508096701099,0.0116281100453537,0.00463508096701099,-0.6931471805599453,0.7,0.6975627272319225,-0.4999999999999997,-0.8660254037844388,-0.7907757369376986,-0.6121059825476627,-0.9749279121818236,-0.2225209339563146
-0.017493139937006977,-0.0011567369793720036,-0.0011567369793720036,-0.017493139937006977,1.9459101490553132,0.7,0.6976973831859599,-0.4999999999999997,-0.8660254037844388,-0.9987165071710528,-0.05064916883871355,0.7818314824680298,0.6234898018587336
0.0011756938535884155,-0.002317495835465308,-0.0151607091040466,0.014018907122169584,-0.6931471805599453,0.7,0.6977422685039724,-0.4999999999999997,-0.8660254037844388,-0.9884683243281114,0.15142777750457667,0.9749279121818236,-0.22252093395631434
-0.0011756938535882754,-0.014018907122169603,-0.0011756938535882754,-0.014018907122169603,0.25131442828090617,0.7,0.6977871538219849,-0.4999999999999997,-0.8660254037844388,-0.9377521321470804,0.3473052528448203,0.43388373911755823,-0.900968867902419
-0.004717069649393437,0.0035231944559475,-0.004717069649393437,0.0035231944559475,-0.40546510810816444,0.7,0.6978320391399974,-0.4999999999999997,-0.8660254037844388,-0.8486442574947509,0.5289640103269624,-0.433883739117558,-0.9009688679024191
-0.0312149026337651,-0.0035231944559474485,-0.002366778060532287,-0.0035231944559474485,2.5257286443082556,0.7,0.6978769244580099,-0.4999999999999997,-0.8660254037844388,-0.7247927872291207,0.6889669190756859,-0.9749279121818236,-0.2225209339563146
0.0,0.016336402957634947,0.007083847709925869,0.016336402957634947,-0.8835009090511642,0.7,0.6980115804120473,-0.4999999999999997,-0.8660254037844388,-0.20129852008866114,0.9795299412524943,0.7818314824680298,0.6234898018587336
0.052268375240793453,0.0,0.016336402957634947,0.0,-8.444622498581403,0.7,0.6980564657300597,-0.4999999999999997,-0.8660254037844388,-2.4492935982947064e-16,1.0,0.9749279121818236,-0.22252093395631434
-0.003478343987639026,0.0011567369793720219,-0.003478343987639026,0.0011567369793720219,7.313220387090301,0.7,0.6981013510480722,-0.8660254037844385,-0.5000000000000004,0.20129852008866006,0.9795299412524945,0.43388373911755823,-0.900968867902419
-0.010507967945603857,-0.015143048912614797,-0.010507967945603857,-0.015143048912614797,-2.3025850929940455,0.7,0.6981462363660847,-0.8660254037844385,-0.5000000000000004,0.39435585511331855,0.9189578116202306,-0.433883739117558,-0.9009688679024191
-0.020154697518268695,-0.002350091024392134,-0.002350091024392134,-0.012994769729676931,4.007333185232471,0.7,0.6981911216840971,-0.8660254037844385,-0.5000000000000004,0.5712682150947923,0.8207634412072763,-0.9749279121818236,-0.2225209339563146
-0.006006190218749774,-0.013025800280147114,-0.019003013515552544,-0.0023811215748622623,-0.48097266061630956,0.7,0.6983257776381346,-0.8660254037844385,-0.5000000000000004,0.9377521321470804,0.3473052528448203,0.7818314824680298,0.6234898018587336
0.022633550482132225,0.030518940217154105,0.01782576728505847,0.030518940217154105,-0.02985296314968116,0.7,0.6983706629561471,-0.8660254037844385,-0.5000000000000004,0.9884683243281114,0.1514277775045767,0.9749279121818236,-0.22252093395631434
0.019825704059215844,0.01719238362681144,0.019825704059215844,0.01377747186316907,0.058840500022933395,0.7,0.6984155482741595,-0.8660254037844385,-0.5000000000000004,0.9987165071710528,-0.05064916883871264,0.43388373911755823,-0.900968867902419
-0.03525634843212739,-0.022989578711442374,-0.01864845782872187,-0.019574666947799895,-0.9903987040278769,0.7,0.698460433592172,-0.8660254037844385,-0.5000000000000004,0.9680771188662043,-0.2506525322587204,-0.433883739117558,-0.9009688679024191
-0.005998727009731087,-0.01169594485237606,0.0,-0.018779792562301882,0.43078291609245434,0.7,0.6985053189101845,-0.8660254037844385,-0.5000000000000004,0.8978045395707416,-0.4403941515576344,-0.9749279121818236,-0.2225209339563146
0.010772086837747724,0.0058650298916531965,-0.011834530775389164,0.007083847709925869,0.9555114450274363,0.7,0.6986399748642219,-0.8660254037844385,-0.5000000000000004,0.48530196253108104,-0.8743466161445821,0.7818314824680298,0.6234898018587336
-0.00956935604171967,0.0,0.01652928659638369,0.0058650298916531965,-0.42488319396526597,0.7,0.6986848601822344,-0.8660254037844385,-0.5000000000000004,0.29936312297335804,-0.9541392564000488,0.9749279121818236,-0.22252093395631434
-0.001202730796027986,0.005830914960722952,-0.02249936231487111,0.005830914960722952,-0.8183103235139514,0.7,0.6987297455002469,-0.8660254037844385,-0.5000000000000004,0.10116832198743272,-0.994869323391895,0.43388373911755823,-0.900968867902419
-0.0133253546700218,-0.018779792562301882,-0.002398251946106543,-0.04276190617126675,1.5686159179138452,0.7,0.6987746308182594,-0.8660254037844385,-0.5000000000000004,-0.10116832198743204,-0.9948693233918952,-0.433883739117558,-0.9009688679024191
-0.004890067817117541,-0.004750683065463275,-0.0012010283771256393,0.009662074501781987,-0.1495317339709637,0.7,0.6988195161362719,-0.8660254037844385,-0.5000000000000004,-0.29936312297335776,-0.9541392564000489,-0.9749279121818236,-0.2225209339563146
0.02421414949687052,0.01301022462897737,0.004795996213703171,0.02257958067069712,-0.9082585601768909,0.7,0.6989541720903093,-0.8660254037844385,-0.5000000000000004,-0.7907757369376986,-0.6121059825476627,0.7818314824680298,0.6234898018587336
0.0177835844569939,0.010520250998787681,0.02480936800855891,0.009356868066613733,0.41871033485818504,0.7,0.6989990574083218,-0.8660254037844385,-0.5000000000000004,-0.8978045395707417,-0.44039415155763423,0.9749279121818236,-0.22252093395631434
0.004689336038064808,0.00925939938362384,0.0,0.006960578016804932,-0.4595323293784402,0.7,0.6990439427263343,-0.8660254037844385,-0.5000000000000004,-0.9680771188662041,-0.2506525322587213,0.43388373911755823,-0.900968867902419
0.006993029078342827,0.008032082043088019,0.012753866830846691,-0.004635080967010965,-0.13353139262452263,0.7,0.6990888280443467,-0.8660254037844385,-0.5000000000000004,-0.9987165071710528,-0.05064916883871355,-0.433883739117558,-0.9009688679024191
-0.001162114117619915,-0.009184818782374116,-0.009259399383623905,0.006944548526718014,0.28768207245178085,0.7,0.6991337133623592,-0.8660254037844385,-0.5000000000000004,-0.9884683243281114,0.15142777750457667,-0.9749279121818236,-0.2225209339563146
0.0,-0.008106662644337759,0.0,-0.008106662644337759,-1.3862943611198906,0.7,0.6992683693163967,-0.8660254037844385,-0.5000000000000004,-0.7247927872291207,0.6889669190756859,0.7818314824680298,0.6234898018587336
0.0034822986555893424,0.011560894098724307,0.005797195084630884,0.011560894098724307,1.1895840668738364,0.7,0.6993132546344091,-0.8660254037844385,-0.5000000000000004,-0.5712682150947924,0.8207634412072763,0.9749279121818236,-0.22252093395631434
-0.003482298655589337,-0.009237931828930724,-0.005797195084630815,-0.009237931828930724,-0.09097177820572676,0.7,0.6993581399524216,-0.8660254037844385,-0.5000000000000004,-0.3943558551133187,0.9189578116202306,0.43388373911755823,-0.900968867902419
0.0023229622697936146,0.0,0.0023229622697936146,0.0,-8.055157731819678,0.7,0.6994030252704341,-0.8660254037844385,-0.5000000000000004,-0.20129852008866114,0.9795299412524943,-0.433883739117558,-0.9009688679024191
-0.06593162316352477,0.0011593363857958544,-0.002322962269793553,-0.011668816097777545,10.313940202155331,0.7,0.6994479105884466,-0.8660254037844385,-0.5000000000000004,-2.4492935982947064e-16,1.0,-0.9749279121818236,-0.2225209339563146
-0.0024813884291596967,-0.02701277428335462,-0.025914179394902353,-0.056744195494906974,-0.66857591982944,0.7,0.6996274518604965,-1.0,-1.8369701987210297e-16,0.72479278722912,0.6889669190756866,0.9749279121818236,-0.22252093395631434
-0.030267097544519898,-0.03390160746328238,-0.03398390571320373,0.0037197774736901896,-0.019608471388376313,0.7,0.699672337178509,-1.0,-1.8369701987210297e-16,0.8486442574947509,0.5289640103269624,0.43388373911755823,-0.900968867902419
-0.006422715337602217,0.036279727643441284,-0.0012354178196622846,0.004938188758153199,-0.3384543978252042,0.7,0.6997172224965215,-1.0,-1.8369701987210297e-16,0.9377521321470804,0.3473052528448203,-0.433883739117558,-0.9009688679024191
0.04534777911396543,-0.015559758174551618,0.014724179471305313,0.020719969468889574,-0.9093702890295813,0.7,0.699762107814534,-1.0,-1.8369701987210297e-16,0.9884683243281114,0.1514277775045767,-0.9749279121818236,-0.2225209339563146
0.014670176919780852,0.0048133103297989446,0.0036474172851962343,-0.004836850478386865,0.963437510299857,0.7,0.6998967637685714,-1.0,-1.8369701987210297e-16,0.8978045395707416,-0.4403941515576344,0.7818314824680298,0.6234898018587336
0.0012129420707219208,0.0,0.0012129420707219208,0.002421219894662619,-0.6931471805599453,0.7,0.6999416490865839,-1.0,-1.8369701987210297e-16,0.7907757369376989,-0.6121059825476626,0.9749279121818236,-0.22252093395631434
0.008449132431059965,0.021378552293571346,0.008449132431059965,0.016787120648221406,-0.3053816495511819,0.7,0.6999865344045964,-1.0,-1.8369701987210297e-16,0.6513724827222223,-0.758758122692791,0.43388373911755823,-0.900968867902419
0.01786823556132786,0.01977965038241161,0.02257958067069712,0.020012335930615317,0.06899287148695142,0.7,0.7000314197226087,-1.0,-1.8369701987210297e-16,0.48530196253108104,-0.8743466161445821,-0.433883739117558,-0.9009688679024191
0.0035356512557808174,-0.003462204298992983,0.015160709104046655,-0.004672901404335923,0.15415067982725836,0.7,0.7000763050406212,-1.0,-1.8369701987210297e-16,0.29936312297335804,-0.9541392564000488,-0.9749279121818236,-0.2225209339563146
-0.010644678705284816,-0.005797195084630815,-0.004640458105258895,-0.007050551478108213,-0.25951119548508456,0.7,0.7002109609946587,-1.0,-1.8369701987210297e-16,-0.29936312297335776,-0.9541392564000489,0.7818314824680298,0.6234898018587336
0.0011882681100545973,-0.014051740509489753,-0.021152355447606363,0.0,0.878550403891308,0.7,0.7002558463126711,-1.0,-1.8369701987210297e-16,-0.4853019625310808,-0.8743466161445822,0.9749279121818236,-0.22252093395631434
0.0,-0.005913672287033515,0.0011869426510832273,-0.007100614938116675,-2.228477120840324,0.7,0.7003007316306836,-1.0,-1.8369701987210297e-16,-0.6513724827222217,-0.7587581226927913,0.43388373911755823,-0.900968867902419
0.0,0.0011856202342213902,0.0011856202342213902,0.00237256288530443,0.6190392084062235,0.7,0.7003456169486961,-1.0,-1.8369701987210297e-16,-0.7907757369376986,-0.6121059825476627,-0.433883739117558,-0.9009688679024191
-0.005955938170894239,0.0,-0.0023725628853044924,-0.008328501056198789,0.6931471805599453,0.7,0.7003905022667086,-1.0,-1.8369701987210297e-16,-0.8978045395707417,-0.44039415155763423,-0.9749279121818236,-0.2225209339563146
0.00357781799073553,0.007083847709925869,-0.002378120180158848,0.015412348766124616,-1.6486586255873816,0.7,0.700525158220746,-1.0,-1.8369701987210297e-16,-0.9884683243281114,0.15142777750457667,0.7818314824680298,0.6234898018587336
-0.0047733598280164345,0.0,0.0071174611259955806,0.0,2.1972245773362196,0.7,0.7005700435387585,-1.0,-1.8369701987210297e-16,-0.9377521321470804,0.3473052528448203,0.9749279121818236,-0.22252093395631434
-0.004795996213703114,0.0011756938535884155,-0.00711746112599564,-0.02140388681710868,-0.25131442828090605,0.7,0.700614928856771,-1.0,-1.8369701987210297e-16,-0.8486442574947509,0.5289640103269624,0.43388373911755823,-0.900968867902419
0.003599280323232139,-0.00825954156351409,-0.005970075718487451,0.004795996213703171,-1.157452788691043,0.7,0.7006598141747835,-1.0,-1.8369701987210297e-16,-0.7247927872291207,0.6889669190756859,-0.433883739117558,-0.9009688679024191
0.003586371951350269,0.01877979256230191,0.003586371951350269,0.004773359828016475,0.6466271649250525,0.7,0.7007046994927959,-1.0,-1.8369701987210297e-16,-0.5712682150947924,0.8207634412072763,-0.9749279121818236,-0.2225209339563146
-0.012005020110405596,-0.02830383545578168,-0.002389656060879348,-0.014388723877542694,0.322773392263051,0.7,0.7008393554468334,-0.866025403784439,0.49999999999999933,0.20129852008866006,0.9795299412524945,0.7818314824680298,0.6234898018587336
0.0,-0.009615364049526178,-0.009615364049526178,0.0,-8.37793112408273,0.7,0.7008842407648459,-0.866025403784439,0.49999999999999933,0.39435585511331855,0.9189578116202306,0.9749279121818236,-0.22252093395631434
0.0,0.0,0.0,0.0,0.0,0.7,0.7009291260828583,-0.866025403784439,0.49999999999999933,0.5712682150947923,0.8207634412072763,0.43388373911755823,-0.900968867902419
0.0,0.0,0.0,0.0,0.0,0.7,0.7009740114008708,-0.866025403784439,0.49999999999999933,0.72479278722912,0.6889669190756866,-0.433883739117558,-0.9009688679024191
0.004819367835823101,0.05406725309579119,0.004819367835823101,0.05406725309579119,10.110501721920453,0.7,0.7010188967188833,-0.866025403784439,0.49999999999999933,0.8486442574947509,0.5289640103269624,-0.9749279121818236,-0.2225209339563146
0.03774028977474363,-0.011507595485224547,0.03774028977474363,-0.011507595485224547,-4.406719247264253,0.7,0.7011535526729208,-0.866025403784439,0.49999999999999933,0.9987165071710528,-0.05064916883871264,0.7818314824680298,0.6234898018587336
-0.028170933733023984,0.009216563966322823,-0.023420250667560726,0.009216563966322823,0.9162907318741551,0.7,0.7011984379909332,-0.866025403784439,0.49999999999999933,0.9680771188662043,-0.2506525322587204,0.9749279121818236,-0.22252093395631434
0.03738749769934702,0.0,0.03263681463388359,0.0,-6.620073206530356,0.7,0.7012433233089457,-0.866025403784439,0.49999999999999933,0.8978045395707416,-0.4403941515576344,0.43388373911755823,-0.900968867902419
-0.033822434868105045,-0.010374723415992364,-0.010374723415992364,-0.033822434868105045,8.648221453822641,0.7,0.7012882086269582,-0.866025403784439,0.49999999999999933,0.7907757369376989,-0.6121059825476626,-0.433883739117558,-0.9009688679024191
-0.0035650628312419866,-0.02701277428335462,-0.02701277428335462,-0.0035650628312419866,-3.6375861597263857,0.7,0.7013330939449707,-0.866025403784439,0.49999999999999933,0.6513724827222223,-0.758758122692791,-0.9749279121818236,-0.2225209339563146
0.0,0.011834530775389021,0.0023781201801587027,0.0011898520701043652,3.1354942159291497,0.7,0.7014677498990081,-0.866025403784439,0.49999999999999933,0.10116832198743272,-0.994869323391895,0.7818314824680298,0.6234898018587336
0.0,0.0,-0.0011882681100545368,0.008288883048171302,-0.09097177820572676,0.7,0.7015126352170206,-0.866025403784439,0.49999999999999933,-0.10116832198743204,-0.9948693233918952,0.9749279121818236,-0.22252093395631434
0.011834530775389021,0.00820147740515337,0.010644678705284748,0.0082208255487668,0.09097177820572679,0.7,0.7015575205350331,-0.866025403784439,0.49999999999999933,-0.29936312297335776,-0.9541392564000489,0.43388373911755823,-0.900968867902419
0.011695944852376036,0.0034944674472228683,0.011695944852376036,0.005830914960722952,-1.0560526742493137,0.7,0.7016024058530456,-0.866025403784439,0.49999999999999933,-0.4853019625310808,-0.8743466161445822,-0.433883739117558,-0.9009688679024191
0.0,0.01270965816992298,0.01270965816992298,0.0,0.4054651081081644,0.7,0.701647291171058,-0.866025403784439,0.49999999999999933,-0.6513724827222217,-0.7587581226927913,-0.9749279121818236,-0.2225209339563146
0.0,0.004581823256788897,0.004581823256788897,0.0,0.6505875661411494,0.7,0.7017819471250955,-0.866025403784439,0.49999999999999933,-0.9680771188662041,-0.2506525322587213,0.7818314824680298,0.6234898018587336
0.0,-0.008032082043088036,-0.008032082043088036,0.0011621141176197745,-0.496436886313891,0.7,0.701826832443108,-0.866025403784439,0.49999999999999933,-0.9987165071710528,-0.05064916883871355,0.9749279121818236,-0.22252093395631434
0.0023229622697936146,0.009174367245604971,-0.006936437113830279,0.01612936730909209,1.252762968495368,0.7,0.7018717177611203,-0.866025403784439,0.49999999999999933,-0.9884683243281114,0.15142777750457667,0.43388373911755823,-0.900968867902419
0.0,-0.006872872530504391,0.0,-0.0057305873279876116,-2.505525936990736,0.7,0.7019166030791328,-0.866025403784439,0.49999999999999933,-0.9377521321470804,0.3473052528448203,-0.433883739117558,-0.9009688679024191
-0.01873597677156307,-0.027973908600493886,-0.01873597677156307,-0.027973908600493886,-0.6931471805599453,0.7,0.7019614883971453,-0.866025403784439,0.49999999999999933,-0.8486442574947509,0.5289640103269624,-0.9749279121818236,-0.2225209339563146
0.004717069649393402,0.03712720013361902,0.004717069649393402,0.03712720013361902,1.6094379124341003,0.7,0.7021859149872077,-0.866025403784439,0.49999999999999933,-2.4492935982947064e-16,1.0,0.43388373911755823,-0.900968867902419
0.0011756938535884155,0.0022753930795928142,0.03468552356381835,-0.031234436630637376,0.7419373447293773,0.7,0.7022308003052202,-0.5000000000000012,0.8660254037844379,0.20129852008866006,0.9795299412524945,-0.433883739117558,-0.9009688679024191
-0.011820372558873152,-0.031162329107871065,-0.031162329107871065,-0.007075494651437674,0.04652001563489291,0.7,0.7022756856232327,-0.5000000000000012,0.8660254037844379,0.39435585511331855,0.9189578116202306,-0.9749279121818236,-0.2225209339563146
0.010644678705284748,-0.0035231944559474485,-0.0035231944559474485,0.005899800797849289,-1.7047480922384253,0.7,0.7024103415772701,-0.5000000000000012,0.8660254037844379,0.8486442574947509,0.5289640103269624,0.7818314824680298,0.6234898018587336
0.0,0.0,0.0,0.0,-6.396929655216146,0.7,0.7024552268952826,-0.5000000000000012,0.8660254037844379,0.9377521321470804,0.3473052528448203,0.9749279121818236,-0.22252093395631434
-0.02020285843998308,0.0,0.0,-0.003535651255780887,7.313220387090301,0.7,0.7025001122132951,-0.5000000000000012,0.8660254037844379,0.9884683243281114,0.1514277775045767,0.43388373911755823,-0.900968867902419
0.028404335845136307,0.00820147740515337,0.00820147740515337,0.011737128660934222,-0.6931471805599453,0.7,0.7025449975313075,-0.5000000000000012,0.8660254037844379,0.9987165071710528,-0.05064916883871264,-0.433883739117558,-0.9009688679024191
0.0034944674472228683,0.0034944674472228683,0.0034944674472228683,0.0034944674472228683,-0.5108256237659907,0.7,0.70258988284932,-0.5000000000000012,0.8660254037844379,0.9680771188662043,-0.2506525322587204,-0.9749279121818236,-0.2225209339563146
-0.03309983166948477,-0.004661925272842467,-0.023530475627765203,-0.029500551346252676,1.791759469228055,0.7,0.7027245388033575,-0.5000000000000012,0.8660254037844379,0.6513724827222223,-0.758758122692791,0.7818314824680298,0.6234898018587336
0.0012010283771256734,-0.010569670835314455,0.008298879519608261,-0.002398251946106543,-0.325422400434628,0.7,0.70276942412137,-0.5000000000000012,0.8660254037844379,0.48530196253108104,-0.8743466161445821,0.9749279121818236,-0.22252093395631434
-0.030471468556841613,-0.008298879519608175,-0.008298879519608175,-0.009650160808185726,1.4954936530848826,0.7,0.7028143094393824,-0.5000000000000012,0.8660254037844379,0.29936312297335804,-0.9541392564000488,0.43388373911755823,-0.900968867902419
0.014742354713666014,-0.019231430543501574,-0.024097441507769404,-0.0012129420707219813,-2.268683541318364,0.7,0.7028591947573949,-0.5000000000000012,0.8660254037844379,0.10116832198743272,-0.994869323391895,-0.433883739117558,-0.9009688679024191
0.0,-0.0024300457272159806,0.0,-0.0024300457272159806,-0.6931471805599453,0.7,0.7029040800754074,-0.5000000000000012,0.8660254037844379,-0.10116832198743204,-0.9948693233918952,-0.9749279121818236,-0.2225209339563146
0.0,0.00243004572721595,0.0,-0.001217371557980231,1.992430164690206,0.7,0.7030387360294448,-0.5000000000000012,0.8660254037844379,-0.6513724827222217,-0.7587581226927913,0.7818314824680298,0.6234898018587336
0.0,-0.003647417285196193,0.0,0.0,-1.0116009116784799,0.7,0.7030836213474573,-0.5000000000000012,0.8660254037844379,-0.7907757369376986,-0.6121059825476627,0.9749279121818236,-0.22252093395631434
0.001218593679071696,0.0,0.001218593679071696,0.0,-7.090076835776092,0.7,0.7031285066654698,-0.5000000000000012,0.8660254037844379,-0.8978045395707417,-0.44039415155763423,0.43388373911755823,-0.900968867902419
-0.002438936139068401,0.001217371557980346,0.0,-0.002438936139068401,8.594154232552366,0.7,0.7032182773014948,-0.5000000000000012,0.8660254037844379,-0.9987165071710528,-0.05064916883871355,-0.9749279121818236,-0.2225209339563146
-0.009815932067056162,0.0,-0.012254868206124593,0.0036563076970486893,-1.3862943611198906,0.7,0.7033529332555322,-0.5000000000000012,0.8660254037844379,-0.8486442574947509,0.5289640103269624,0.7818314824680298,0.6234898018587336
0.007371032972266023,0.0012158913662308074,0.007371032972266023,0.0,0.0,0.7,0.7033978185735447,-0.5000000000000012,0.8660254037844379,-0.7247927872291207,0.6889669190756859,0.9749279121818236,-0.22252093395631434
0.0061012067918388025,0.02992432002276211,0.0061012067918388025,0.027596206248257267,1.6314168191528755,0.7,0.7034427038915572,-0.5000000000000012,0.8660254037844379,-0.5712682150947924,0.8207634412072763,0.43388373911755823,-0.900968867902419
0.0036429877979378892,0.007050551478108263,0.006064207692600452,0.010594556618843953,0.12260232209233228,0.7,0.7034875892095696,-0.5000000000000012,0.8660254037844379,-0.3943558551133187,0.9189578116202306,-0.433883739117558,-0.9009688679024191
0.034547775069163324,0.0,0.03212655517450087,0.0,-8.961879012677683,0.7,0.703532474527582,-0.5000000000000012,0.8660254037844379,-0.20129852008866114,0.9795299412524943,-0.9749279121818236,-0.2225209339563146
-0.010594556618843835,-0.010594556618843835,-0.010594556618843835,-0.010594556618843835,5.0106352940962555,0.7,0.7036671304816196,-2.4492935982947064e-16,1.0,0.5712682150947923,0.8207634412072763,0.7818314824680298,0.6234898018587336
-0.03983633744082222,-0.016706816815287434,-0.03983633744082222,-0.020323453855082493,2.833213344056216,0.7,0.7037120157996319,-2.4492935982947064e-16,1.0,0.72479278722912,0.6889669190756866,0.9749279121818236,-0.22252093395631434
0.01709459161493103,0.0012027307960278894,0.01709459161493103,0.0024124579403054314,-1.041453874828161,0.7,0.7037569011176444,-2.4492935982947064e-16,1.0,0.8486442574947509,0.5289640103269624,0.43388373911755823,-0.900968867902419
0.0048307499111141464,-0.00240690989551766,0.0048307499111141464,0.0,-6.802394763324311,0.7,0.7038017864356569,-2.4492935982947064e-16,1.0,0.9377521321470804,0.3473052528448203,-0.433883739117558,-0.9009688679024191
0.006006190218749916,0.01197626593723736,0.006006190218749916,0.01197626593723736,7.313220387090301,0.7,0.7038466717536694,-2.4492935982947064e-16,1.0,0.9884683243281114,0.1514277775045767,-0.9749279121818236,-0.2225209339563146
0.0059700757184875395,0.0,0.0059700757184875395,0.0,-2.3025850929940455,0.7,0.7039813277077068,-2.4492935982947064e-16,1.0,0.8978045395707416,-0.4403941515576344,0.7818314824680298,0.6234898018587336
-0.01680701584835135,0.0,-0.002383703767137111,-0.008368327664594014,3.4657359027997265,0.7,0.7040262130257193,-2.4492935982947064e-16,1.0,0.7907757369376989,-0.6121059825476626,0.9749279121818236,-0.22252093395631434
0.0024182919708086014,0.0,-0.009592562170100155,0.008368327664594015,0.11778303565638346,0.7,0.7040710983437318,-2.4492935982947064e-16,1.0,0.6513724827222223,-0.758758122692791,0.43388373911755823,-0.900968867902419
0.014388723877542623,0.011834530775389021,0.01197626593723736,0.011834530775389021,1.0512100497735257,0.7,0.7041159836617443,-2.4492935982947064e-16,1.0,0.48530196253108104,-0.8743466161445821,-0.433883739117558,-0.9009688679024191
0.009478735118275568,0.004694755820994529,0.009478735118275568,0.004694755820994529,-1.45667515788169,0.7,0.7041608689797567,-2.4492935982947064e-16,1.0,0.29936312297335804,-0.9541392564000488,-0.9749279121818236,-0.2225209339563146
0.007050551478108263,0.0,0.007050551478108263,0.0,0.15415067982725836,0.7,0.7042955249337942,-2.4492935982947064e-16,1.0,-0.29936312297335776,-0.9541392564000489,0.7818314824680298,0.6234898018587336
-0.016529286596383683,-0.015339434526279424,-0.016529286596383683,-0.016529286596383683,-0.2876820724517809,0.7,0.7043404102518067,-2.4492935982947064e-16,1.0,-0.4853019625310808,-0.8743466161445822,0.9749279121818236,-0.22252093395631434
0.0,0.003560830995358946,0.00475068306546328,0.0,-0.6466271649250525,0.7,0.7043852955698191,-2.4492935982947064e-16,1.0,-0.6513724827222217,-0.7587581226927913,0.43388373911755823,-0.900968867902419
-0.00956935604171967,-0.004750683065463275,-0.010720758783950814,-0.00956935604171967,1.5339303599259553,0.7,0.7044301808878316,-2.4492935982947064e-16,1.0,-0.7907757369376986,-0.6121059825476627,-0.433883739117558,-0.9009688679024191
-0.008449132431060042,0.009478735118275568,-0.012048412754292191,0.01904809115999518,-0.10318423623523075,0.7,0.7044750662058441,-2.4492935982947064e-16,1.0,-0.8978045395707417,-0.44039415155763423,-0.9749279121818236,-0.2225209339563146
0.02867577301767469,0.0011785494266194436,0.02867577301767469,0.0011785494266194436,-3.1354942159291497,0.7,0.7046097221598816,-2.4492935982947064e-16,1.0,-0.9884683243281114,0.15142777750457667,0.7818314824680298,0.6234898018587336
-0.0011785494266195358,0.0,-0.0011785494266195358,0.0,1.7047480922384253,0.7,0.7046994927959065,-2.4492935982947064e-16,1.0,-0.8486442574947509,0.5289640103269624,0.43388373911755823,-0.900968867902419
-0.01904809115999505,0.0,-0.01904809115999505,0.0,1.128465251817791,0.7,0.704744378113919,-2.4492935982947064e-16,1.0,-0.7247927872291207,0.6889669190756859,-0.433883739117558,-0.9009688679024191
0.0012010283771256734,-0.019025612209488982,0.0012010283771256734,-0.019025612209488982,-2.833213344056216,0.7,0.7047892634319315,-2.4492935982947064e-16,1.0,-0.5712682150947924,0.8207634412072763,-0.9749279121818236,-0.2225209339563146
-0.002403759173153693,0.01666720718420228,0.0023982519461066,0.01666720718420228,2.3978952727983707,0.7,0.7049239193859689,-2.4492935982947064e-16,1.0,-2.4492935982947064e-16,1.0,0.7818314824680298,0.6234898018587336
0.003603604097584179,0.00235840502528684,0.011904805696027154,0.0011798555986673265,0.6225296133459919,0.7166666666666667,0.7050136900219939,0.49999999999999994,0.8660254037844387,0.39435585511331855,0.9189578116202306,0.43388373911755823,-0.900968867902419
0.007168482740163504,0.012873191082870116,0.004722554567355234,-0.009478735118275499,-0.41773520069997866,0.7166666666666667,0.7050585753400064,0.49999999999999994,0.8660254037844387,0.5712682150947923,0.8207634412072763,-0.433883739117558,-0.9009688679024191
-0.01077208683774765,-0.01169594485237606,-0.009467432474790793,0.0,0.44183275227903923,0.7166666666666667,0.7051034606580188,0.49999999999999994,0.8660254037844387,0.72479278722912,0.6889669190756866,-0.9749279121818236,-0.2225209339563146
0.010772086837747724,0.01053256192020206,0.02117724062548685,0.0011898520701043652,0.1124779834266903,0.7166666666666667,0.7052381166120563,0.49999999999999994,0.8660254037844387,0.9884683243281114,0.1514277775045767,0.7818314824680298,0.6234898018587336
-0.002383703767137111,0.015020405003755795,-0.022367092695591128,0.035050281727584,-0.714653385780909,0.7166666666666667,0.7052830019300688,0.49999999999999994,0.8660254037844387,0.9987165071710528,-0.05064916883871264,0.9749279121818236,-0.22252093395631434
0.034020842039239996,-0.0057503594272439364,0.03163713827210298,-0.004602995525585232,-2.03688192726104,0.7166666666666667,0.7053278872480812,0.49999999999999994,0.8660254037844387,0.9680771188662043,-0.2506525322587204,0.43388373911755823,-0.900968867902419
-0.004624363988748369,-0.002309467559706886,-0.0034662045390789404,-0.002309467559706886,2.5649493574615367,0.7166666666666667,0.7053727725660937,0.49999999999999994,0.8660254037844387,0.8978045395707416,-0.4403941515576344,-0.433883739117558,-0.9009688679024191
-0.015178243507965435,0.006912463085292109,0.003466204539078954,0.006912463085292109,0.26826398659467937,0.7166666666666667,0.7054176578841062,0.49999999999999994,0.8660254037844387,0.7907757369376989,-0.6121059825476626,-0.9749279121818236,-0.2225209339563146
0.017493139937006994,0.003438395420560249,0.004602995525585194,-0.0011487640711987247,-0.060624621816434854,0.7166666666666667,0.7055523138381435,0.49999999999999994,0.8660254037844387,0.29936312297335804,-0.9541392564000488,0.7818314824680298,0.6234898018587336
0.005763699014093472,-0.0045871594917590896,-0.0011487640711987247,0.0,-8.881836305004146,0.7166666666666667,0.705597199156156,0.49999999999999994,0.8660254037844387,0.10116832198743272,-0.994869323391895,0.9749279121818236,-0.22252093395631434
-0.0011501675558664142,0.0045871594917591095,0.0045871594917591095,0.0,7.408530566894626,0.7166666666666667,0.7056420844741685,0.49999999999999994,0.8660254037844387,-0.10116832198743204,-0.9948693233918952,0.43388373911755823,-0.900968867902419
-0.010410726542857934,-0.010350858505852566,-0.010350858505852566,-0.01156089409872423,0.8209805520698303,0.7166666666666667,0.705686969792181,0.49999999999999994,0.8660254037844387,-0.29936312297335776,-0.9541392564000489,-0.433883739117558,-0.9009688679024191
0.005797195084630884,0.010350858505852538,0.001155317891714973,0.013857022071581805,0.6097655716208943,0.7166666666666667,0.7057318551101935,0.49999999999999994,0.8660254037844387,-0.4853019625310808,-0.8743466161445822,-0.9749279121818236,-0.2225209339563146
0.008059826986950904,0.0011434278362285378,0.009195540614137685,0.0034344593551300993,0.6931471805599453,0.7166666666666667,0.7059113963822434,0.49999999999999994,0.8660254037844387,-0.9680771188662041,-0.2506525322587213,0.9749279121818236,-0.22252093395631434
0.00799554796239729,0.006833733454760142,0.007977161290988691,0.006833733454760142,-2.2192034840549946,0.7166666666666667,0.7059562817002559,0.49999999999999994,0.8660254037844387,-0.9987165071710528,-0.05064916883871355,0.43388373911755823,-0.900968867902419
0.0022726448474930197,0.0,0.0,0.0,-7.313220387090301,0.7166666666666667,0.7060011670182683,0.49999999999999994,0.8660254037844387,-0.9884683243281114,0.15142777750457667,-0.433883739117558,-0.9009688679024191
-0.02761968232869486,0.01016382775911388,0.0011345101528344081,0.01016382775911388,8.1886891244442,0.7166666666666667,0.7060460523362808,0.49999999999999994,0.8660254037844387,-0.9377521321470804,0.3473052528448203,-0.9749279121818236,-0.2225209339563146
0.0,0.0,0.009029317606279372,-0.0011240653054532905,0.6720937713621129,0.7166666666666667,0.7061807082903183,0.49999999999999994,0.8660254037844387,-0.5712682150947924,0.8207634412072763,0.7818314824680298,0.6234898018587336
0.015055361545947167,-0.0011240653054532905,-0.0022496371961509185,0.0,0.26072626246325264,0.7166666666666667,0.7062255936083308,0.49999999999999994,0.8660254037844387,-0.3943558551133187,0.9189578116202306,0.9749279121818236,-0.22252093395631434
0.017094416637950666,-0.002252412121218134,-0.001126840230520461,-0.002252412121218134,-2.031432322493475,0.7166666666666667,0.7062704789263432,0.49999999999999994,0.8660254037844387,-0.20129852008866114,0.9795299412524943,0.43388373911755823,-0.900968867902419
-0.018244584193817134,-0.007922986502472102,-0.007922986502472102,-0.020501838671056503,1.3217558399823195,0.7166666666666667,0.7063153642443557,0.49999999999999994,0.8660254037844387,-2.4492935982947064e-16,1.0,-0.433883739117558,-0.9009688679024191
0.020501838671056663,0.048790117724254164,0.010175398623690076,0.03505168634622697,2.4652706752711415,0.7166666666666667,0.7063602495623682,0.8660254037844386,0.5000000000000001,0.20129852008866006,0.9795299412524945,-0.9749279121818236,-0.2225209339563146
0.01566042028538697,-0.001082836132435927,0.03753188296812805,0.0033277869243214537,-2.3699604954668168,0.7166666666666667,0.7064949055164056,0.8660254037844386,0.5000000000000001,0.72479278722912,0.6889669190756866,0.7818314824680298,0.6234898018587336
0.003324099359058319,0.0021645783239004628,-0.017486689124065202,0.024071238813754656,0.3536400402435784,0.7166666666666667,0.7065397908344181,0.8660254037844386,0.5000000000000001,0.8486442574947509,0.5289640103269624,0.9749279121818236,-0.22252093395631434
0.016456745175006955,0.009682691030102589,0.01640275676292884,0.009682691030102589,0.24419696051204215,0.7166666666666667,0.7065846761524306,0.8660254037844386,0.5000000000000001,0.9377521321470804,0.3473052528448203,0.43388373911755823,-0.900968867902419
0.015118986647504717,0.010649641602088759,0.017204631993880025,0.010649641602088759,-1.6094379124341003,0.7166666666666667,0.7066295614704431,0.8660254037844386,0.5000000000000001,0.9884683243281114,0.1514277775045767,-0.433883739117558,-0.9009688679024191
-0.012945152605807765,0.005282703043412741,-0.018289895860940653,0.005282703043412741,0.7731898882334817,0.7166666666666667,0.7066744467884556,0.8660254037844386,0.5000000000000001,0.9987165071710528,-0.05064916883871264,-0.9749279121818236,-0.2225209339563146
-0.02640414926194726,0.0,0.024666107184288636,-0.0063425097423091235,0.8850381883700505,0.7166666666666667,0.706809102742493,0.8660254037844386,0.5000000000000001,0.7907757369376989,-0.6121059825476626,0.7818314824680298,0.6234898018587336
0.05424318060648567,0.0,0.004228407722053436,0.006342509742309171,-1.3099213823353166,0.7166666666666667,0.7068539880605055,0.8660254037844386,0.5000000000000001,0.6513724827222223,-0.758758122692791,0.9749279121818236,-0.22252093395631434
0.0,0.006302535714976108,-0.001055483561803636,0.006302535714976108,0.3448404862917296,0.7166666666666667,0.706898873378518,0.8660254037844386,0.5000000000000001,0.48530196253108104,-0.8743466161445821,0.43388373911755823,-0.900968867902419
0.0063158047618712895,0.0031364344411326946,0.0063158047618712895,0.0031364344411326946,0.4054651081081644,0.7166666666666667,0.7069437586965304,0.8660254037844386,0.5000000000000001,0.29936312297335804,-0.9541392564000488,-0.433883739117558,-0.9009688679024191
-0.025506141573103665,-0.003136434441132798,-0.025506141573103665,-0.005232944277400458,0.5108256237659907,0.7166666666666667,0.7069886440145429,0.8660254037844386,0.5000000000000001,0.10116832198743272,-0.994869323391895,-0.9749279121818236,-0.2225209339563146
0.02655498339752153,0.009380019236403973,0.027602651409371355,0.011476529072671587,-0.06899287148695143,0.7166666666666667,0.7071681852865928,0.8660254037844386,0.5000000000000001,-0.6513724827222217,-0.7587581226927913,0.9749279121818236,-0.22252093395631434
-0.041739642799601184,0.0,0.009380019236403973,-0.05107495358862181,0.6841785105771849,0.7166666666666667,0.7072130706046053,0.8660254037844386,0.5000000000000001,-0.7907757369376986,-0.6121059825476627,0.43388373911755823,-0.900968867902419
0.010869739420870984,-0.04021717182022466,-0.04021717182022466,0.00977736296163773,-1.6184877479540183,0.7166666666666667,0.7072579559226178,0.8660254037844386,0.5000000000000001,-0.8978045395707417,-0.44039415155763423,-0.433883739117558,-0.9009688679024191
0.002159748726546063,0.04435781241377797,0.00107932991978654,0.045438231220537494,-1.4816045409242156,0.7166666666666667,0.7073028412406303,0.8660254037844386,0.5000000000000001,-0.9680771188662041,-0.2506525322587213,-0.9749279121818236,-0.2225209339563146
0.0021551712546628143,-0.008298720919881425,0.0021551712546628143,-0.01352065982995736,2.2192034840549946,0.7166666666666667,0.7074374971946676,0.8660254037844386,0.5000000000000001,-0.9377521321470804,0.3473052528448203,0.7818314824680298,0.6234898018587336
0.021300115694395355,0.007265277946471611,0.04008986826591891,0.00522193891007587,2.119393592691551,0.7166666666666667,0.7074823825126801,0.8660254037844386,0.5000000000000001,-0.8486442574947509,0.5289640103269624,0.9749279121818236,-0.22252093395631434
0.001053109663209251,0.0,0.0,0.004158080326328046,-2.234462922476338,0.7166666666666667,0.7075272678306926,0.8660254037844386,0.5000000000000001,-0.7247927872291207,0.6889669190756859,0.43388373911755823,-0.900968867902419
0.0,-0.004145153627596982,-0.004145153627596982,-0.0010379560074535168,0.1365755350057507,0.7166666666666667,0.7075721531487051,0.8660254037844386,0.5000000000000001,-0.5712682150947924,0.8207634412072763,-0.433883739117558,-0.9009688679024191
0.0,-0.010438573065218185,-0.013591489280717428,-0.013591489280717428,0.41253227533125686,0.7166666666666667,0.7076170384667175,1.0,6.123233995736766e-17,0.20129852008866006,0.9795299412524945,-0.9749279121818236,-0.2225209339563146
0.0052494260517668674,0.009399538585587808,0.012552454801086872,0.0052494260517668674,-1.0045833390198333,0.7166666666666667,0.707751694420755,1.0,6.123233995736766e-17,0.72479278722912,0.6889669190756866,0.7818314824680298,0.6234898018587336
0.0,-0.0020810898392440913,-0.0020810898392440913,0.00522193891007587,0.26826398659467937,0.7166666666666667,0.7077965797387675,1.0,6.123233995736766e-17,0.8486442574947509,0.5289640103269624,0.9749279121818236,-0.22252093395631434
-0.005249426051766803,0.004158080326328046,0.0,-0.010471364961842818,0.9279867716373463,0.7166666666666667,0.70784146505678,1.0,6.123233995736766e-17,0.9377521321470804,0.3473052528448203,0.43388373911755823,-0.900968867902419
0.0,-0.014629445288170827,-0.010471364961842818,0.0,-9.464982590349763,0.7166666666666667,0.7078863503747924,1.0,6.123233995736766e-17,0.9884683243281114,0.1514277775045767,-0.433883739117558,-0.9009688679024191
0.0,0.01566610270065348,0.009429081809885205,0.010471364961842733,8.101677747454572,0.7166666666666667,0.7079312356928049,1.0,6.123233995736766e-17,0.9987165071710528,-0.05064916883871264,-0.9749279121818236,-0.2225209339563146
0.0,0.001035805995828644,0.005200363478285551,-0.0020855044689431683,1.0033021088637848,0.7166666666666667,0.7080658916468424,1.0,6.123233995736766e-17,0.7907757369376989,-0.6121059825476626,0.7818314824680298,0.6234898018587336
0.0052494260517668674,-0.011452482644715368,-0.00938001923640404,-0.003136434441132798,-1.455287232606842,0.7166666666666667,0.7081107769648548,1.0,6.123233995736766e-17,0.6513724827222223,-0.758758122692791,0.9749279121818236,-0.22252093395631434
0.0,0.00522193891007587,0.0,0.00522193891007587,-1.252762968495368,0.7166666666666667,0.7081556622828673,1.0,6.123233995736766e-17,0.48530196253108104,-0.8743466161445821,0.43388373911755823,-0.900968867902419
0.00522193891007587,0.0,0.00522193891007587,0.0,-1.3862943611198906,0.7166666666666667,0.7082005476008798,1.0,6.123233995736766e-17,0.29936312297335804,-0.9541392564000488,-0.433883739117558,-0.9009688679024191
-0.010471364961842818,0.0,0.0,-0.010471364961842818,4.532599493153256,0.7166666666666667,0.7082454329188923,1.0,6.123233995736766e-17,0.10116832198743272,-0.994869323391895,-0.9749279121818236,-0.2225209339563146
-0.04301726677071272,-0.010471364961842818,-0.010471364961842818,-0.020202612052523015,-0.10178269430994236,0.7166666666666667,0.7083800888729297,1.0,6.123233995736766e-17,-0.4853019625310808,-0.8743466161445822,0.7818314824680298,0.6234898018587336
0.016349121431899406,-0.026668145338813322,-0.026668145338813322,-0.006465533286290261,-2.4849066497880004,0.7166666666666667,0.7084249741909422,1.0,6.123233995736766e-17,-0.6513724827222217,-0.7587581226927913,0.9749279121818236,-0.22252093395631434
0.0053907663212265184,0.037139510300656056,0.0053907663212265184,0.0319175713905801,2.005333569526114,0.7166666666666667,0.7084698595089547,1.0,6.123233995736766e-17,-0.7907757369376986,-0.6121059825476627,0.43388373911755823,-0.900968867902419
0.02652680506935348,0.005194737738810736,0.02652680506935348,0.010416676648886692,-0.08004270767353637,0.7166666666666667,0.7085147448269672,1.0,6.123233995736766e-17,-0.8978045395707417,-0.44039415155763423,-0.433883739117558,-0.9009688679024191
0.010416676648886692,0.0,0.010416676648886692,0.0,-1.5686159179138452,0.7166666666666667,0.7085596301449796,1.0,6.123233995736766e-17,-0.9680771188662041,-0.2506525322587213,-0.9749279121818236,-0.2225209339563146
-0.004153539810010321,0.0,0.0,-0.004153539810010321,-0.2231435513142097,0.7166666666666667,0.7086942860990171,1.0,6.123233995736766e-17,-0.9377521321470804,0.3473052528448203,0.7818314824680298,0.6234898018587336
-0.0010411979288004027,-0.004153539810010321,-0.004153539810010321,-0.0010411979288004027,1.3217558399823195,0.7166666666666667,0.7087391714170296,1.0,6.123233995736766e-17,-0.8486442574947509,0.5289640103269624,0.9749279121818236,-0.22252093395631434
-0.041473284852753374,-0.011512562890643183,-0.042514482781553724,-0.010471364961842818,-0.7621400520468967,0.7166666666666667,0.708784056735042,1.0,6.123233995736766e-17,-0.7247927872291207,0.6889669190756859,0.43388373911755823,-0.900968867902419
0.03100191989091056,0.01980268339467024,0.04977200577263477,0.0,-0.3364722366212129,0.7166666666666667,0.7088289420530545,1.0,6.123233995736766e-17,-0.5712682150947924,0.8207634412072763,-0.433883739117558,-0.9009688679024191
-0.05406717107688943,-0.015600925354753187,-0.07283725695861372,-0.029916656023850012,1.1314021114911006,0.7166666666666667,0.7090084833251044,0.8660254037844387,-0.4999999999999998,0.20129852008866006,0.9795299412524945,0.7818314824680298,0.6234898018587336
0.03278979205930277,-0.021187212348627648,0.03493801861709743,0.01293120171513916,-0.7259370033829361,0.7166666666666667,0.7090533686431169,0.8660254037844387,-0.4999999999999998,0.39435585511331855,0.9189578116202306,0.9749279121818236,-0.22252093395631434
0.00429192470887596,0.03575554019043503,0.03479525516044554,0.0010700134971584209,0.125163142954006,0.7166666666666667,0.7090982539611294,0.8660254037844387,-0.4999999999999998,0.5712682150947923,0.8207634412072763,0.43388373911755823,-0.900968867902419
0.011708477676628007,-0.009341004071839,-0.016719212363862767,0.010638464179469728,0.0,0.7166666666666667,0.7091431392791419,0.8660254037844387,-0.4999999999999998,0.72479278722912,0.6889669190756866,-0.433883739117558,-0.9009688679024191
-0.003179649783782088,-0.014706058441968055,-0.005282703043412815,-0.003179649783782088,-0.4353180712578455,0.7166666666666667,0.7091880245971544,0.8660254037844387,-0.4999999999999998,0.8486442574947509,0.5289640103269624,-0.9749279121818236,-0.2225209339563146
-0.023631658674299963,-0.018153176682602364,-0.020332332632191304,-0.023631658674299963,0.7375989431307791,0.7166666666666667,0.7093226805511917,0.8660254037844387,-0.4999999999999998,0.9987165071710528,-0.05064916883871264,0.7818314824680298,0.6234898018587336
-0.0032661947344653475,-0.003237992024128064,-0.00868633448581691,0.005420139751351599,-0.9382696385929302,0.7166666666666667,0.7093675658692042,0.8660254037844387,-0.4999999999999998,0.9680771188662043,-0.2506525322587204,0.9749279121818236,-0.22252093395631434
0.013001254467025599,0.01182165073542314,0.014077100807043356,0.010752704527260772,3.0012724539296065,0.7166666666666667,0.7094124511872167,0.8660254037844387,-0.4999999999999998,0.8978045395707416,-0.4403941515576344,0.43388373911755823,-0.900968867902419
-0.01518465940207971,-0.006430884414196457,0.0,-0.021622443948131755,-1.039613947906154,0.7166666666666667,0.7094573365052292,0.8660254037844387,-0.4999999999999998,0.7907757369376989,-0.6121059825476626,-0.433883739117558,-0.9009688679024191
-0.00988474991426066,0.0,-0.0053907663212266164,0.01626050574209758,0.7163142398414797,0.7166666666666667,0.7095022218232416,0.8660254037844387,-0.4999999999999998,0.6513724827222223,-0.758758122692791,-0.9749279121818236,-0.2225209339563146
0.02614525565635826,0.0021482265577945935,0.006465533286290178,0.0,-1.8794650496471605,0.7166666666666667,0.7096368777772791,0.8660254037844387,-0.4999999999999998,0.10116832198743272,-0.994869323391895,0.7818314824680298,0.6234898018587336
0.0,0.017021747475223625,-0.0010747669650636718,0.01916997403301824,1.0116009116784799,0.7166666666666667,0.7096817630952916,0.8660254037844387,-0.4999999999999998,-0.10116832198743204,-0.9948693233918952,0.9749279121818236,-0.22252093395631434
-0.010810906072578126,-0.029980880105596283,-0.010810906072578126,-0.029980880105596283,-4.007333185232471,0.7166666666666667,0.709726648413304,0.8660254037844387,-0.4999999999999998,-0.29936312297335776,-0.9541392564000489,0.43388373911755823,-0.900968867902419
0.009735059732560223,0.009735059732560223,0.009735059732560223,0.009735059732560223,0.0,0.7166666666666667,0.7097715337313165,0.8660254037844387,-0.4999999999999998,-0.4853019625310808,-0.8743466161445822,-0.433883739117558,-0.9009688679024191
0.0,0.0,0.0,0.0,-5.0106352940962555,0.7166666666666667,0.709816419049329,0.8660254037844387,-0.4999999999999998,-0.6513724827222217,-0.7587581226927913,-0.9749279121818236,-0.2225209339563146
-0.022864417617381387,0.0021506133050814467,0.0,-0.0043149199812087275,8.771835409789817,0.7166666666666667,0.7099510750033664,0.8660254037844387,-0.4999999999999998,-0.9680771188662041,-0.2506525322587213,0.7818314824680298,0.6234898018587336
0.018549497636172595,-0.006465533286290261,-0.0043149199812087275,0.0,-3.7612001156935624,0.7166666666666667,0.7099959603213789,0.8660254037844387,-0.4999999999999998,-0.9987165071710528,-0.05064916883871355,0.9749279121818236,-0.22252093395631434
-0.0043337745520973065,0.01182165073542314,0.0032379920241281733,-0.0043337745520973065,3.8066624897703196,0.7166666666666667,0.7100408456393914,0.8660254037844387,-0.4999999999999998,-0.9884683243281114,0.15142777750457667,0.43388373911755823,-0.900968867902419
-0.0010863651992541845,0.001067881116837771,-0.008658131775479585,0.017223306404358128,0.42744401482693967,0.7166666666666667,0.7100857309574039,0.8660254037844387,-0.4999999999999998,-0.9377521321470804,0.3473052528448203,-0.433883739117558,-0.9009688679024191
-0.016438789913814842,-0.012889531852260768,0.005420139751351599,-0.020485948993653868,-0.19105523676270922,0.7166666666666667,0.7101306162754164,0.8660254037844387,-0.4999999999999998,-0.8486442574947509,0.5289640103269624,-0.9749279121818236,-0.2225209339563146
0.01535132107137191,-0.0010817421914645663,-0.0065076085937943,0.006514674949928488,-1.4781019103730135,0.7166666666666667,0.7102652722294538,0.8660254037844387,-0.4999999999999998,-0.3943558551133187,0.9189578116202306,0.7818314824680298,0.6234898018587336
-0.009841512838105151,0.006472508512691137,0.011898374915020857,-0.005425866402329818,1.148622709242771,0.7166666666666667,0.7103101575474663,0.8660254037844387,-0.4999999999999998,-0.20129852008866114,0.9795299412524943,0.9749279121818236,-0.22252093395631434
0.01092898168054801,0.02022426935437741,-0.010810906072578126,0.032122644269398426,-0.49469624183610705,0.7166666666666667,0.7103550428654788,0.5000000000000003,-0.8660254037844385,0.20129852008866006,0.9795299412524945,0.43388373911755823,-0.900968867902419
0.026811308458082078,0.016719212363862722,0.027868948976101603,0.014644598943926508,2.244955980157409,0.7166666666666667,0.7103999281834912,0.5000000000000003,-0.8660254037844385,0.39435585511331855,0.9189578116202306,-0.433883739117558,-0.9009688679024191
0.015748341593925654,0.004136580694016674,0.019885438814716775,0.006211194113952857,-1.750259738321302,0.7166666666666667,0.7104448135015037,0.5000000000000003,-0.8660254037844385,0.5712682150947923,0.8207634412072763,-0.9749279121818236,-0.2225209339563146
0.0,-0.009331318432827345,-0.005194737738810695,-0.009331318432827345,-3.713572066704308,0.7166666666666667,0.7105794694555412,0.5000000000000003,-0.8660254037844385,0.9377521321470804,0.3473052528448203,0.7818314824680298,0.6234898018587336
0.0,0.014477931823740582,0.0,0.014477931823740582,3.4339872044851463,0.7166666666666667,0.7106243547735536,0.5000000000000003,-0.8660254037844385,0.9884683243281114,0.1514277775045767,0.9749279121818236,-0.22252093395631434
0.014477931823740582,0.023339589471882704,0.014477931823740582,0.01224504023532987,1.9641754970326066,0.7166666666666667,0.7106692400915661,0.5000000000000003,-0.8660254037844385,0.9987165071710528,-0.05064916883871264,0.43388373911755823,-0.900968867902419
-0.007212653877269027,0.014933064998648994,0.02133148680247607,0.024049305365071202,-0.8030428513831629,0.7166666666666667,0.7107141254095786,0.5000000000000003,-0.8660254037844385,0.9680771188662043,-0.2506525322587204,-0.433883739117558,-0.9009688679024191
0.021484180284310508,0.013739162381570373,0.012980699420573354,-0.014962858797925093,-0.23841102344499823,0.7166666666666667,0.7107590107275911,0.5000000000000003,-0.8660254037844385,0.8978045395707416,-0.4403941515576344,-0.9749279121818236,-0.2225209339563146
-0.01838660744284782,-0.033699957097222115,-0.01600032646816928,-0.003019627047595933,-1.3609765531356008,0.7166666666666667,0.7108936666816285,0.5000000000000003,-0.8660254037844385,0.48530196253108104,-0.8743466161445821,0.7818314824680298,0.6234898018587336
0.02040877852804732,-0.002018162262638945,-0.002018162262638945,-0.002018162262638945,-1.8971199848858813,0.7166666666666667,0.710938551999641,0.5000000000000003,-0.8660254037844385,0.29936312297335804,-0.9541392564000488,0.9749279121818236,-0.22252093395631434
0.0,0.0,0.0,0.0,-6.1092475827643655,0.7166666666666667,0.7109834373176535,0.5000000000000003,-0.8660254037844385,0.10116832198743272,-0.994869323391895,0.43388373911755823,-0.900968867902419
-0.0152674576811775,0.010050397986827098,-0.010152434865374697,0.010050397986827098,8.268731832117737,0.7166666666666667,0.711028322635666,0.5000000000000003,-0.8660254037844385,-0.10116832198743204,-0.9948693233918952,-0.433883739117558,-0.9009688679024191
0.02531785566800466,0.004987465359433852,0.020202832852201782,0.000999427878607031,0.4054651081081644,0.7166666666666667,0.7110732079536783,0.5000000000000003,-0.8660254037844385,-0.29936312297335776,-0.9541392564000489,-0.9749279121818236,-0.2225209339563146
-0.0555127283787147,0.0029806253845470537,0.007968090743981202,-0.0110498258654342,-2.277267285009756,0.7166666666666667,0.7112078639077158,0.5000000000000003,-0.8660254037844385,-0.7907757369376986,-0.6121059825476627,0.7818314824680298,0.6234898018587336
0.05551272837871474,0.01672442764197637,-0.007968090743981136,0.019010130426463677,1.7047480922384253,0.7166666666666667,0.7112527492257283,0.5000000000000003,-0.8660254037844385,-0.8978045395707417,-0.44039415155763423,0.9749279121818236,-0.22252093395631434
0.010939858395889799,-0.0019530539298930755,0.02273946445606427,0.003956409368639745,-0.0953101798043249,0.7166666666666667,0.7112976345437408,0.5000000000000003,-0.8660254037844385,-0.9680771188662041,-0.2506525322587213,0.43388373911755823,-0.900968867902419
-0.005952393036455742,-0.015763928708794242,-0.017751999096630337,-0.006934076103042804,1.0116009116784799,0.7166666666666667,0.7113425198617532,0.5000000000000003,-0.8660254037844385,-0.9987165071710528,-0.05064916883871355,-0.433883739117558,-0.9009688679024191
0.009901132335922765,0.00791306194808654,0.009901132335922765,0.008906531990123237,-1.927891643552635,0.7166666666666667,0.7113874051797657,0.5000000000000003,-0.8660254037844385,-0.9884683243281114,0.15142777750457667,-0.9749279121818236,-0.2225209339563146
-0.008906531990123208,-0.0009857063518207989,-0.0009857063518207989,-0.008906531990123208,1.252762968495368,0.7166666666666667,0.7115669464518156,0.5000000000000003,-0.8660254037844385,-0.5712682150947924,0.8207634412072763,0.9749279121818236,-0.22252093395631434
0.003968184416099624,-0.0019743323520723076,-0.002963032947646201,0.003968184416099624,0.4054651081081644,0.7166666666666667,0.7116118317698281,0.5000000000000003,-0.8660254037844385,-0.3943558551133187,0.9189578116202306,0.43388373911755823,-0.900968867902419
-0.009950250121332943,-0.01192855899146363,-0.010939858395889736,-0.009950250121332943,-2.128231705849268,0.7166666666666667,0.7116567170878406,0.5000000000000003,-0.8660254037844385,-0.20129852008866114,0.9795299412524943,-0.433883739117558,-0.9009688679024191
-0.007024679907826979,0.03825874337080397,-0.0010005709283931923,0.03729574808511878,2.833213344056216,0.7166666666666667,0.7117016024058531,0.5000000000000003,-0.8660254037844385,-2.4492935982947064e-16,1.0,-0.9749279121818236,-0.2225209339563146
0.024864580330417448,0.0,0.03829631901351192,-0.009680677903895075,-1.6094379124341003,0.7166666666666667,0.7118362583598905,1.2246467991473532e-16,-1.0,0.5712682150947923,0.8207634412072763,0.7818314824680298,0.6234898018587336
-0.011857834717357081,-0.003857350515819441,-0.02734549796378581,-0.01568651118976,0.995428052432879,0.7166666666666667,0.711881143677903,1.2246467991473532e-16,-1.0,0.72479278722912,0.6889669190756866,0.9749279121818236,-0.22252093395631434
-0.03644124222010789,-0.02445114273365149,-0.024049305365071206,-0.03724641465946816,-0.7841189587656721,0.7166666666666667,0.7119260289959155,1.2246467991473532e-16,-1.0,0.8486442574947509,0.5289640103269624,0.43388373911755823,-0.900968867902419
-0.0030975728414626203,-0.02202281919335953,-0.004064897029102356,0.00613498273464547,-0.15415067982725836,0.7166666666666667,0.711970914313928,1.2246467991473532e-16,-1.0,0.9377521321470804,0.3473052528448203,-0.433883739117558,-0.9009688679024191
0.01437387642297791,0.02597546041556247,-0.001018920660518415,0.0320990147416353,0.5108256237659907,0.7166666666666667,0.7120157996319404,1.2246467991473532e-16,-1.0,0.9884683243281114,0.1514277775045767,-0.9749279121818236,-0.2225209339563146
0.03898548059506835,0.005899716318173401,0.03898548059506835,0.006886465853433052,-0.8362480242006186,0.7166666666666667,0.7121504555859779,1.2246467991473532e-16,-1.0,0.8978045395707416,-0.4403941515576344,0.7818314824680298,0.6234898018587336
-0.014815142302275305,-0.014815142302275305,-0.014815142302275305,-0.014815142302275305,-1.8718021769015913,0.7166666666666667,0.7121953409039904,1.2246467991473532e-16,-1.0,0.7907757369376989,-0.6121059825476626,0.9749279121818236,-0.22252093395631434
-0.004987465359433928,0.014815142302275281,0.007928676448842329,-0.004987465359433928,2.8903717578961645,0.7166666666666667,0.7122402262220028,1.2246467991473532e-16,-1.0,0.6513724827222223,-0.758758122692791,0.43388373911755823,-0.900968867902419
-0.0030045060071853995,0.028034606793329402,-0.012916141808276183,0.032467158148330205,2.2064412324411435,0.7166666666666667,0.7122851115400153,1.2246467991473532e-16,-1.0,0.48530196253108104,-0.8743466161445821,-0.433883739117558,-0.9009688679024191
0.02769702439314287,-0.00573614829639353,0.03440139285498457,-0.006799436775296125,-2.4577556607220497,0.7166666666666667,0.7123299968580278,1.2246467991473532e-16,-1.0,0.29936312297335804,-0.9541392564000488,-0.9749279121818236,-0.2225209339563146
-0.024692518385957336,-0.018384563010657076,-0.010684889706996527,-0.02068025601360003,-0.6931471805599453,0.7166666666666667,0.7124646528120652,1.2246467991473532e-16,-1.0,-0.29936312297335776,-0.9541392564000489,0.7818314824680298,0.6234898018587336
0.01488859769535674,0.014542240222815936,0.0,0.02941392749555068,0.8266785731844679,0.7166666666666667,0.7125095381300777,1.2246467991473532e-16,-1.0,-0.4853019625310808,-0.8743466161445822,0.9749279121818236,-0.22252093395631434
0.006872802544619439,0.0,0.0009760152379694305,-0.006786322673760849,-0.2876820724517809,0.7166666666666667,0.7125544234480902,1.2246467991473532e-16,-1.0,-0.6513724827222217,-0.7587581226927913,0.43388373911755823,-0.900968867902419
-0.041964233092178,-0.02337014567544726,-0.00980392069060065,-0.042728692742165605,1.2762934659055623,0.7166666666666667,0.7125993087661027,1.2246467991473532e-16,-1.0,-0.7907757369376986,-0.6121059825476627,-0.433883739117558,-0.9009688679024191
0.004073394515972567,-0.004938347574023745,-0.018896686884201427,0.019105568600394602,-0.3768098523477883,0.7166666666666667,0.7126441940841152,1.2246467991473532e-16,-1.0,-0.8978045395707417,-0.44039415155763423,-0.9749279121818236,-0.2225209339563146
0.012121349147384488,0.013766253026655064,0.0,0.019724557108535327,0.3413031638908785,0.7166666666666667,0.7127788500381526,1.2246467991473532e-16,-1.0,-0.9884683243281114,0.15142777750457667,0.7818314824680298,0.6234898018587336
0.004008089188844662,0.0009760152379694305,0.026747553644908943,0.0009760152379694305,-1.7107904066943878,0.7166666666666667,0.7128237353561651,1.2246467991473532e-16,-1.0,-0.9377521321470804,0.3473052528448203,0.9749279121818236,-0.22252093395631434
-0.007024679907826979,-0.02269458910481021,-0.029764144363891302,-0.02269458910481021,-0.2231435513142097,0.7166666666666667,0.7128686206741776,1.2246467991473532e-16,-1.0,-0.8486442574947509,0.5289640103269624,0.43388373911755823,-0.900968867902419
0.027807198494353643,0.02171857386684079,0.030741183055814993,0.02074153517491718,0.0,0.7166666666666667,0.71291350599219,1.2246467991473532e-16,-1.0,-0.7247927872291207,0.6889669190756859,-0.433883739117558,-0.9009688679024191
0.003909999799430681,0.0038985670332356373,0.0038985670332356373,0.004875605725159436,-0.2876820724517809,0.7166666666666667,0.7129583913102024,1.2246467991473532e-16,-1.0,-0.5712682150947924,0.8207634412072763,-0.9749279121818236,-0.2225209339563146
-0.011776376577681226,0.010643673189580285,-0.014698928372947492,0.010643673189580285,0.8472978603872037,0.7166666666666667,0.7130930472642399,-0.4999999999999997,-0.8660254037844388,0.20129852008866006,0.9795299412524945,0.7818314824680298,0.6234898018587336
-0.007928676448842228,-0.002891565289610837,-0.006934076103042804,-0.03128320762353386,0.5389965007326869,0.7166666666666667,0.7131379325822524,-0.4999999999999997,-0.8660254037844388,0.39435585511331855,0.9189578116202306,0.9749279121818236,-0.22252093395631434
-0.0354466418743084,-0.025416927959860187,-0.005982065705233369,-0.037434712262144496,-0.21622310846963594,0.7166666666666667,0.7131828179002648,-0.4999999999999997,-0.8660254037844388,0.5712682150947923,0.8207634412072763,0.43388373911755823,-0.900968867902419
0.01939809565068558,0.0,-0.011061080864188914,0.04040942663620753,-0.534082485930258,0.7166666666666667,0.7132725885362898,-0.4999999999999997,-0.8660254037844388,0.8486442574947509,0.5289640103269624,-0.9749279121818236,-0.2225209339563146
-0.004052541696752963,0.010832268465193627,0.03184359945071561,-0.025063872682274953,-0.12516314295400605,0.7166666666666667,0.7134072444903272,-0.4999999999999997,-0.8660254037844388,0.9987165071710528,-0.05064916883871264,0.7818314824680298,0.6234898018587336
0.015113622560941882,0.012652155399374922,-0.019783090707919518,0.04661225857045243,1.9832976811269336,0.7166666666666667,0.7134521298083397,-0.4999999999999997,-0.8660254037844388,0.9680771188662043,-0.2506525322587204,0.9749279121818236,-0.22252093395631434
0.03343467398590165,0.00578593187901836,0.03340196497637744,0.0057971120756082056,-0.9777758155248358,0.7166666666666667,0.7134970151263522,-0.4999999999999997,-0.8660254037844388,0.8978045395707416,-0.4403941515576344,0.43388373911755823,-0.900968867902419
0.0009667188690829264,0.009569510620797157,0.004819213009935502,-0.0028943552301342276,-0.10265415406008334,0.7166666666666667,0.7135419004443647,-0.4999999999999997,-0.8660254037844388,0.7907757369376989,-0.6121059825476626,-0.433883739117558,-0.9009688679024191
-0.019512795159627887,-0.014388723630732781,-0.004819213009935574,0.0,0.17327172127403678,0.7166666666666667,0.7135867857623772,-0.4999999999999997,-0.8660254037844388,0.6513724827222223,-0.758758122692791,-0.9749279121818236,-0.2225209339563146
0.004914009966352595,0.004819213009935502,-0.014598785193275239,0.004819213009935502,-0.6061358035703156,0.7166666666666667,0.7137214417164146,-0.4999999999999997,-0.8660254037844388,0.10116832198743272,-0.994869323391895,0.7818314824680298,0.6234898018587336
0.0,0.0,0.001958792578266886,-0.01941799820321079,0.8109302162163288,0.7166666666666667,0.7137663270344271,-0.4999999999999997,-0.8660254037844388,-0.10116832198743204,-0.9948693233918952,0.9749279121818236,-0.22252093395631434
0.012664550486620893,0.00861660859011853,0.015534347845142479,0.028034606793329402,0.5959834321062976,0.7166666666666667,0.7138112123524396,-0.4999999999999997,-0.8660254037844388,-0.29936312297335776,-0.9541392564000489,0.43388373911755823,-0.900968867902419
0.005791585222473768,0.01419804900906628,0.010541466369919913,0.0,-2.793208009442517,0.7166666666666667,0.713856097670452,-0.4999999999999997,-0.8660254037844388,-0.4853019625310808,-0.8743466161445822,-0.433883739117558,-0.9009688679024191
0.0057581673708132185,-0.008494616536328223,-0.0038203037134214636,0.005703432472738068,1.4271163556401458,0.7166666666666667,0.7139009829884645,-0.4999999999999997,-0.8660254037844388,-0.6513724827222217,-0.7587581226927913,-0.9749279121818236,-0.2225209339563146
-0.019324392355659747,0.0,0.009523736186159665,-0.02301154137663274,0.47000362924573563,0.7166666666666667,0.714035638942502,-0.4999999999999997,-0.8660254037844388,-0.9680771188662041,-0.2506525322587213,0.7818314824680298,0.6234898018587336
0.009708874469027077,-0.017208822382239246,-0.01913925407279216,0.005802718994393489,-2.0794415416798357,0.7166666666666667,0.7140805242605144,-0.4999999999999997,-0.8660254037844388,-0.9987165071710528,-0.05064916883871355,0.9749279121818236,-0.22252093395631434
0.009615517886632556,0.01720882238223935,0.014388723630732752,0.007685086196079733,0.8754687373538999,0.7166666666666667,0.7141254095785269,-0.4999999999999997,-0.8660254037844388,-0.9884683243281114,0.15142777750457667,0.43388373911755823,-0.900968867902419
-0.019324392355659747,-0.001897464176673791,-0.005730669228098182,-0.0028749391296986194,-0.2876820724517809,0.7166666666666667,0.7141702948965394,-0.4999999999999997,-0.8660254037844388,-0.9377521321470804,0.3473052528448203,-0.433883739117558,-0.9009688679024191
0.004866254689819993,-0.0172417898961184,-0.008658054402634622,-0.011583198536141016,-1.0986122886681098,0.7166666666666667,0.7142151802145519,-0.4999999999999997,-0.8660254037844388,-0.8486442574947509,0.5289640103269624,-0.9749279121818236,-0.2225209339563146
0.004842619779207141,0.007699673303660597,0.0,0.004842619779207141,1.2992829841302609,0.7166666666666667,0.7143498361685893,-0.4999999999999997,-0.8660254037844388,-0.3943558551133187,0.9189578116202306,0.7818314824680298,0.6234898018587336
0.000965785226208664,0.0,0.002894355230134138,0.002894355230134138,0.7375989431307791,0.7166666666666667,0.7143947214866018,-0.4999999999999997,-0.8660254037844388,-0.20129852008866114,0.9795299412524943,0.9749279121818236,-0.22252093395631434
0.0028915652896107456,0.0076410451998349,0.0009629952856852761,0.012446363273361337,-0.24512245803298496,0.7166666666666667,0.7144396068046143,-0.4999999999999997,-0.8660254037844388,-2.4492935982947064e-16,1.0,0.43388373911755823,-0.900968867902419
0.014333723306468229,0.014171219484556824,0.015281903556972707,0.009469623288996839,1.7730673362159026,0.7166666666666667,0.7144844921226268,-0.8660254037844385,-0.5000000000000004,0.20129852008866006,0.9795299412524945,-0.433883739117558,-0.9009688679024191
0.009442796786832703,0.010265995739230049,0.008494616536328178,0.01496759193478987,-1.5723966407537513,0.7166666666666667,0.7145293774406393,-0.8660254037844385,-0.5000000000000004,0.39435585511331855,0.9189578116202306,-0.9749279121818236,-0.2225209339563146
0.013999349496523221,0.01657501513054585,0.013999349496523221,0.014746862849351164,0.3746934494414107,0.7166666666666667,0.7146640333946767,-0.8660254037844385,-0.5000000000000004,0.8486442574947509,0.5289640103269624,0.7818314824680298,0.6234898018587336
0.005545295584391994,0.002735977141819197,0.011060010367317252,0.004564129423013671,-0.6931471805599453,0.7166666666666667,0.7147089187126892,-0.8660254037844385,-0.5000000000000004,0.9377521321470804,0.3473052528448203,0.9749279121818236,-0.22252093395631434
-0.05202113546924266,-0.0027359771418190757,0.003659718384867312,-0.06199168284512119,3.4440173788450834,0.7166666666666667,0.7147538040307017,-0.8660254037844385,-0.5000000000000004,0.9884683243281114,0.1514277775045767,0.43388373911755823,-0.900968867902419
-0.006819308619713149,-0.051533735847892545,-0.06703783856482463,-0.0019398629337331144,-1.4291143583028187,0.7166666666666667,0.714798689348714,-0.8660254037844385,-0.5000000000000004,0.9987165071710528,-0.05064916883871264,-0.433883739117558,-0.9009688679024191
-0.041922337389423386,-0.009661832789142595,0.0009760152379694305,-0.0058422699277894145,1.0675801794203812,0.7166666666666667,0.7148435746667265,-0.8660254037844385,-0.5000000000000004,0.9680771188662043,-0.2506525322587204,-0.9749279121818236,-0.2225209339563146
-0.004085876851352774,-0.006819308619713149,-0.0019530539298930755,-0.03680180197518269,-0.046929432221983355,0.7166666666666667,0.714978230620764,-0.8660254037844385,-0.5000000000000004,0.6513724827222223,-0.758758122692791,0.7818314824680298,0.6234898018587336
0.009169694540973649,0.0009770386919237468,-0.03683851969980255,0.01308529882719469,-2.917770732084279,0.7166666666666667,0.7150231159387764,-0.8660254037844385,-0.5000000000000004,0.48530196253108104,-0.8743466161445821,0.9749279121818236,-0.22252093395631434
0.008080988962589705,-0.023716503147988007,0.008080988962589705,-0.0020020723328542252,-0.40546510810816444,0.7166666666666667,0.7150680012567889,-0.8660254037844385,-0.5000000000000004,0.29936312297335804,-0.9541392564000488,0.43388373911755823,-0.900968867902419
0.004015993948294322,-0.0020020723328542252,0.004015993948294322,0.0,-7.495541943884256,0.7166666666666667,0.7151128865748014,-0.8660254037844385,-0.5000000000000004,0.10116832198743272,-0.994869323391895,-0.433883739117558,-0.9009688679024191
0.0237634725728305,0.045061519590473276,0.0237634725728305,0.03156084540863155,9.441452092939569,0.7166666666666667,0.7151577718928139,-0.8660254037844385,-0.5000000000000004,-0.10116832198743204,-0.9948693233918952,-0.9749279121818236,-0.2225209339563146
-0.016773934880542254,0.037598444146827614,-0.016773934880542254,0.020183338282702672,0.15415067982725836,0.7166666666666667,0.7152924278468513,-0.8660254037844385,-0.5000000000000004,-0.6513724827222217,-0.7587581226927913,0.7818314824680298,0.6234898018587336
0.049500666822317026,-0.012999308440034867,0.05139274557729622,0.013232626687161098,-0.5596157879354228,0.7166666666666667,0.7153373131648638,-0.8660254037844385,-0.5000000000000004,-0.7907757369376986,-0.6121059825476627,0.9749279121818236,-0.22252093395631434
-0.022020974033420807,0.0,0.011278372027681524,-0.030507579897310896,-0.8472978603872037,0.7166666666666667,0.7153821984828763,-0.8660254037844385,-0.5000000000000004,-0.8978045395707417,-0.44039415155763423,0.43388373911755823,-0.900968867902419
-0.0029083850725527237,-0.01886846647869452,-0.03615994695490127,0.015370056306708403,-0.3448404862917295,0.7166666666666667,0.7154270838008888,-0.8660254037844385,-0.5000000000000004,-0.9680771188662041,-0.2506525322587213,-0.433883739117558,-0.9009688679024191
0.01637011386149886,0.023530541767138174,0.01443025092776569,0.024483443797816737,1.3862943611198906,0.7166666666666667,0.7154719691189012,-0.8660254037844385,-0.5000000000000004,-0.9987165071710528,-0.05064916883871355,-0.9749279121818236,-0.2225209339563146
0.02079474738053308,0.022079992046817754,0.026391771315579172,0.003713954707772797,-0.5059356384717989,0.7166666666666667,0.7156066250729387,-0.8660254037844385,-0.5000000000000004,-0.8486442574947509,0.5289640103269624,0.7818314824680298,0.6234898018587336
0.0018690907645910683,-0.012820741754653071,0.008337233151591253,0.005545295584391994,-0.27958486221916157,0.7166666666666667,0.7156515103909512,-0.8660254037844385,-0.5000000000000004,-0.7247927872291207,0.6889669190756859,0.9749279121818236,-0.22252093395631434
-0.05963299264276392,-0.00925925029216469,-0.07169815896481009,-0.013921325580608318,0.0,0.7166666666666667,0.7156963957089636,-0.8660254037844385,-0.5000000000000004,-0.5712682150947924,0.8207634412072763,0.43388373911755823,-0.900968867902419
0.054015005606004564,-0.009345920207214361,0.054015005606004564,-0.0046838449187708055,-2.740840023925201,0.7166666666666667,0.7157412810269761,-0.8660254037844385,-0.5000000000000004,-0.3943558551133187,0.9189578116202306,-0.433883739117558,-0.9009688679024191
-0.008486605863890075,-0.008486605863890075,-0.008486605863890075,-0.008486605863890075,0.4054651081081644,0.7166666666666667,0.7157861663449886,-0.8660254037844385,-0.5000000000000004,-0.20129852008866114,0.9795299412524943,-0.9749279121818236,-0.2225209339563146
-0.0037951353531081203,-0.0018956655044788206,-0.0028449494306480943,-0.0028449494306480943,1.2992829841302609,0.7166666666666667,0.7159657076170385,-1.0,-1.8369701987210297e-16,0.5712682150947923,0.8207634412072763,0.9749279121818236,-0.22252093395631434
0.012281741216998215,0.016933595437565136,0.016015400213308786,0.011331555294538047,1.6625477377480486,0.7166666666666667,0.716010592935051,-1.0,-1.8369701987210297e-16,0.72479278722912,0.6889669190756866,0.43388373911755823,-0.900968867902419
-0.025678989960522283,-0.00843095481521722,-0.012223862407280853,-0.0018796307460208746,-0.4228568508200336,0.7166666666666667,0.7160554782530635,-1.0,-1.8369701987210297e-16,0.8486442574947509,0.5289640103269624,-0.433883739117558,-0.9009688679024191
0.023799359214501437,0.011225550953235179,0.009416188884334471,0.011225550953235179,1.911489925168834,0.7166666666666667,0.716100363571076,-1.0,-1.8369701987210297e-16,0.9377521321470804,0.3473052528448203,-0.9749279121818236,-0.2225209339563146
0.018639783976190084,0.013857020927051615,0.014883981834344867,0.01018048396165975,-1.4886330743488005,0.7166666666666667,0.7162350195251134,-1.0,-1.8369701987210297e-16,0.9680771188662043,-0.2506525322587204,0.7818314824680298,0.6234898018587336
-0.021465972355521997,0.007312639674724828,0.011019450437002249,-0.010180483961659813,-0.6931471805599453,0.7166666666666667,0.7162799048431259,-1.0,-1.8369701987210297e-16,0.8978045395707416,-0.4403941515576344,0.9749279121818236,-0.22252093395631434
0.007518757860837454,-0.019310992272364966,-0.019364414621012484,0.0018586683294112782,0.0,0.7166666666666667,0.7163247901611384,-1.0,-1.8369701987210297e-16,0.7907757369376989,-0.6121059825476626,0.43388373911755823,-0.900968867902419
0.0018709061832862064,0.017487839493925156,0.0138699007017317,0.013831531876559769,1.165303663166782,0.7166666666666667,0.7163696754791509,-1.0,-1.8369701987210297e-16,0.6513724827222223,-0.758758122692791,-0.433883739117558,-0.9009688679024191
0.008376029996216294,-0.010087257531171888,-0.004601936389085297,-0.01197624549819835,-0.6407791950426294,0.7166666666666667,0.7164145607971633,-1.0,-1.8369701987210297e-16,0.48530196253108104,-0.8743466161445821,-0.9749279121818236,-0.2225209339563146
-0.007441887878227701,0.005514714782925244,-0.01206516632204626,-0.005576217438008349,0.5855165163675798,0.7166666666666667,0.7165492167512008,-1.0,-1.8369701987210297e-16,-0.10116832198743204,-0.9948693233918952,0.7818314824680298,0.6234898018587336
0.0037279331704549432,0.007306026971727832,0.0037279331704549432,0.010199495881826818,-0.45198512374305727,0.7166666666666667,0.7165941020692133,-1.0,-1.8369701987210297e-16,-0.29936312297335776,-0.9541392564000489,0.9749279121818236,-0.22252093395631434
0.0046403087086047045,-0.004560032339787325,0.012020409188702341,0.0009220171405734148,-1.1921383466789333,0.7166666666666667,0.7166389873872256,-1.0,-1.8369701987210297e-16,-0.4853019625310808,-0.8743466161445822,0.43388373911755823,-0.900968867902419
-0.012110057519994683,0.00364970089474591,-0.010161740859290929,-0.00925925029216469,2.15039327765212,0.7166666666666667,0.7166838727052381,-1.0,-1.8369701987210297e-16,-0.6513724827222217,-0.7587581226927913,-0.433883739117558,-0.9009688679024191
0.005607486081154459,0.0018197699171450404,-0.0018586683294113458,0.022989430518921234,-1.032362903126909,0.7166666666666667,0.7167287580232506,-1.0,-1.8369701987210297e-16,-0.7907757369376986,-0.6121059825476627,-0.9749279121818236,-0.2225209339563146
0.0027919954890830772,0.004535215775298212,0.022989430518921234,0.004535215775298212,-2.005333569526114,0.7166666666666667,0.716863413977288,-1.0,-1.8369701987210297e-16,-0.9987165071710528,-0.05064916883871355,0.7818314824680298,0.6234898018587336
0.008329517533317208,-0.0009053862353420898,0.003629829539956049,-0.01550423710551722,1.0498221244986776,0.7166666666666667,0.7169082992953005,-1.0,-1.8369701987210297e-16,-0.9884683243281114,0.15142777750457667,0.9749279121818236,-0.22252093395631434
-0.005545295584391981,-0.006360825561692311,-0.0100137288801148,0.0018366117383491996,0.5306282510621704,0.7166666666666667,0.716953184613313,-1.0,-1.8369701987210297e-16,-0.9377521321470804,0.3473052528448203,0.43388373911755823,-0.900968867902419
0.010143066219278778,0.011780887777978297,-0.0018315661036726286,0.007312639674724828,0.4054651081081644,0.7166666666666667,0.7169980699313255,-1.0,-1.8369701987210297e-16,-0.8486442574947509,0.5289640103269624,-0.433883739117558,-0.9009688679024191
-0.008291149389095245,0.061154426429811316,0.00274599463194053,0.022513374607915172,0.642885345779057,0.7166666666666667,0.717042955249338,-1.0,-1.8369701987210297e-16,-0.7247927872291207,0.6889669190756859,-0.9749279121818236,-0.2225209339563146
0.030070637653535525,-0.03888174909247043,0.018116549484461366,0.0017792945101218725,-1.019362917013969,0.7166666666666667,0.7171776112033754,-1.0,-1.8369701987210297e-16,-0.20129852008866114,0.9795299412524943,0.7818314824680298,0.6234898018587336
0.0017936565219790661,-0.004415140341593081,0.002689375822891969,0.0,0.5877866649021191,0.7166666666666667,0.7172224965213879,-0.866025403784439,0.49999999999999933,0.20129852008866006,0.9795299412524945,0.9749279121818236,-0.22252093395631434
0.003577881776553779,0.010563531829784296,0.0026821624756409993,0.013245214201674292,0.8056251639866356,0.7166666666666667,0.7172673818394004,-0.866025403784439,0.49999999999999933,0.39435585511331855,0.9189578116202306,0.43388373911755823,-0.900968867902419
-0.01529505898001639,0.0,0.01769949643146283,-0.005277052121341222,-1.3378419777339439,0.7166666666666667,0.7173122671574128,-0.866025403784439,0.49999999999999933,0.5712682150947923,0.8207634412072763,-0.433883739117558,-0.9009688679024191
-0.02107267980140375,-0.010563531829784338,-0.04027386046153044,-0.004418852594989273,0.4834266495778763,0.7166666666666667,0.7173571524754253,-0.866025403784439,0.49999999999999933,0.72479278722912,0.6889669190756866,-0.9749279121818236,-0.2225209339563146
-0.003710575949757243,-0.008888811780886317,0.02168104504679621,-0.032406108026394674,0.42744401482693967,0.7166666666666667,0.7174918084294628,-0.866025403784439,0.49999999999999933,0.9884683243281114,0.1514277775045767,0.7818314824680298,0.6234898018587336
0.01567579841991523,-0.01801861697110357,-0.02350919732799081,0.0063838993401588145,-0.8842024173226546,0.7166666666666667,0.7175366937474752,-0.866025403784439,0.49999999999999933,0.9987165071710528,-0.05064916883871264,0.9749279121818236,-0.22252093395631434
0.004564129423013671,0.0,0.0063838993401588145,0.0,-0.17185025692665928,0.7166666666666667,0.7175815790654877,-0.866025403784439,0.49999999999999933,0.9680771188662043,-0.2506525322587204,0.43388373911755823,-0.900968867902419
-0.011910410309611607,0.0,0.0,0.0,0.9769153536905899,0.7166666666666667,0.7176264643835002,-0.866025403784439,0.49999999999999933,0.8978045395707416,-0.4403941515576344,-0.433883739117558,-0.9009688679024191
0.013730180226756615,0.023361455936871497,0.0,0.023361455936871497,0.1823215567939546,0.7166666666666667,0.7176713497015127,-0.866025403784439,0.49999999999999933,0.7907757369376989,-0.6121059825476626,-0.9749279121818236,-0.2225209339563146
0.007246466501787862,-0.005342838965768072,0.014440735194549676,-0.005342838965768072,-0.8873031950009028,0.7166666666666667,0.7178060056555501,-0.866025403784439,0.49999999999999933,0.29936312297335804,-0.9541392564000488,0.7818314824680298,0.6234898018587336
0.01255620669315675,0.0026749877196667973,0.006252869496220395,0.0017840562238409872,-0.6021754023542185,0.7166666666666667,0.7178508909735626,-0.866025403784439,0.49999999999999933,0.10116832198743272,-0.994869323391895,0.9749279121818236,-0.22252093395631434
-0.007155594522373973,0.016777355891003883,-0.007149391829544801,-0.006258460333719123,1.418382675671391,0.7166666666666667,0.7178957762915751,-0.866025403784439,0.49999999999999933,-0.10116832198743204,-0.9948693233918952,0.43388373911755823,-0.900968867902419
0.0008971341886547669,-0.023926747720548685,0.0,0.0,-9.564512185696797,0.7166666666666667,0.7179406616095876,-0.866025403784439,0.49999999999999933,-0.29936312297335776,-0.9541392564000489,-0.433883739117558,-0.9009688679024191
0.013363215890764458,0.017778356232357354,0.013363215890764458,0.014247842757986342,8.229511118964457,0.7166666666666667,0.7179855469276001,-0.866025403784439,0.49999999999999933,-0.4853019625310808,-0.8743466161445822,-0.9749279121818236,-0.2225209339563146
-0.020563895974081994,0.004395544308983558,0.008810684650576536,-0.01874216386296978,-0.916290731874155,0.7166666666666667,0.7181202028816375,-0.866025403784439,0.49999999999999933,-0.8978045395707417,-0.44039415155763423,0.7818314824680298,0.6234898018587336
0.0027063589783342767,-0.017699496431462906,-0.017699496431462906,0.0,0.4054651081081644,0.7166666666666667,0.71816508819965,-0.866025403784439,0.49999999999999933,-0.9680771188662041,-0.2506525322587213,0.9749279121818236,-0.22252093395631434
-0.0018034252544542962,-0.004474404109878134,-0.0053715382985329505,0.0,-0.06899287148695143,0.7166666666666667,0.7182099735176625,-0.866025403784439,0.49999999999999933,-0.9987165071710528,-0.05064916883871355,0.43388373911755823,-0.900968867902419
0.0018034252544543506,0.0,0.0008971341886547669,0.0,0.6931471805599453,0.7166666666666667,0.7182548588356749,-0.866025403784439,0.49999999999999933,-0.9884683243281114,0.15142777750457667,-0.433883739117558,-0.9009688679024191
-0.007233297576737516,0.0,0.0,-0.007233297576737516,0.3566749439387324,0.7166666666666667,0.7182997441536874,-0.866025403784439,0.49999999999999933,-0.9377521321470804,0.3473052528448203,-0.9749279121818236,-0.2225209339563146
0.00903341202090435,0.007149391829544678,0.0,0.018877010511265634,0.07232066157962608,0.7166666666666667,0.7184344001077249,-0.866025403784439,0.49999999999999933,-0.5712682150947924,0.8207634412072763,0.7818314824680298,0.6234898018587336
-0.005410287843065649,-0.01525388633342679,-0.008104494503882061,-0.01525388633342679,-3.7612001156935624,0.7166666666666667,0.7184792854257372,-0.866025403784439,0.49999999999999933,-0.3943558551133187,0.9189578116202306,0.9749279121818236,-0.22252093395631434
0.004510732241607817,0.004510732241607817,0.004510732241607817,0.004510732241607817,0.0,0.7166666666666667,0.7185241707437497,-0.866025403784439,0.49999999999999933,-0.20129852008866114,0.9795299412524943,0.43388373911755823,-0.900968867902419
-0.006320621058994985,0.006280729673227505,0.004490284595598665,0.0017984955211682353,3.295836866004329,0.7166666666666667,0.7185690560617622,-0.866025403784439,0.49999999999999933,-2.4492935982947064e-16,1.0,-0.433883739117558,-0.9009688679024191
0.014388787431147425,0.007130275664692978,0.003577881776553779,0.01072395308077295,0.28768207245178085,0.7166666666666667,0.7186139413797747,-0.5000000000000012,0.8660254037844379,0.20129852008866006,0.9795299412524945,-0.9749279121818236,-0.2225209339563146
-0.007168610770694577,-0.0008885567359794676,0.0,-0.0044542822297886225,0.5273549257172012,0.7166666666666667,0.7187485973338121,-0.5000000000000012,0.8660254037844379,0.72479278722912,0.6889669190756866,0.7818314824680298,0.6234898018587336
-0.0018001144441669263,0.021978948182875154,0.0,0.026433230412663655,1.1040618934356743,0.7166666666666667,0.7187934826518246,-0.5000000000000012,0.8660254037844379,0.8486442574947509,0.5289640103269624,0.9749279121818236,-0.22252093395631434
0.022272677337340712,-0.0017407050485994421,0.022948847390245383,-0.013129278290184303,-4.116323468940876,0.7166666666666667,0.7188383679698371,-0.5000000000000012,0.8660254037844379,0.9377521321470804,0.3473052528448203,0.43388373911755823,-0.900968867902419
-0.011519895898638392,0.00087070015586916,-0.010526403080123783,-0.011519895898638392,3.1354942159291497,0.7166666666666667,0.7188832532878496,-0.5000000000000012,0.8660254037844379,0.9884683243281114,0.1514277775045767,-0.433883739117558,-0.9009688679024191
0.007989382424267296,0.012970399857799407,0.02439149188028658,0.022037072563700685,0.8157495026522776,0.7166666666666667,0.718928138605862,-0.5000000000000012,0.8660254037844379,0.9987165071710528,-0.05064916883871264,-0.9749279121818236,-0.2225209339563146
0.006170195587086214,-0.012100394965068992,-0.020870301955213534,-0.0017452618660004301,-0.8303483020734304,0.7166666666666667,0.7190627945598995,-0.5000000000000012,0.8660254037844379,0.7907757369376989,-0.6121059825476626,0.7818314824680298,0.6234898018587336
-0.011489352005406041,0.00433833536373658,0.007877494552347146,-0.015845450448371573,0.5511769192895581,0.7166666666666667,0.719107679877912,-0.5000000000000012,0.8660254037844379,0.6513724827222223,-0.758758122692791,0.9749279121818236,-0.22252093395631434
0.0,-0.021882753995513902,-0.01493231700665542,-0.0017761342433811004,-0.8994836135577737,0.7166666666666667,0.7191525651959244,-0.5000000000000012,0.8660254037844379,0.48530196253108104,-0.8743466161445821,0.43388373911755823,-0.900968867902419
0.0,0.0356405430259939,0.0356405430259939,0.0,-1.6739764335716716,0.7166666666666667,0.7191974505139369,-0.5000000000000012,0.8660254037844379,0.29936312297335804,-0.9541392564000488,-0.433883739117558,-0.9009688679024191
-0.013423007444650008,-0.04007507257709171,-0.05349808002174171,0.0,2.6855773452501515,0.7166666666666667,0.7192423358319494,-0.5000000000000012,0.8660254037844379,0.10116832198743272,-0.994869323391895,-0.9749279121818236,-0.2225209339563146
0.019626008857112562,0.01936684655775321,0.019626008857112562,0.015873334137796822,-2.174751721484161,0.7166666666666667,0.7193769917859868,-0.5000000000000012,0.8660254037844379,-0.4853019625310808,-0.8743466161445822,0.7818314824680298,0.6234898018587336
0.007042212789211634,-0.003493512419956289,0.007042212789211634,0.0,0.23638877806423034,0.7166666666666667,0.7194218771039993,-0.5000000000000012,0.8660254037844379,-0.6513724827222217,-0.7587581226927913,0.9749279121818236,-0.22252093395631434
0.002628119936122682,0.00610561404507824,0.002628119936122682,0.0034935124199562857,0.5212969236332861,0.7166666666666667,0.7194667624220118,-0.5000000000000012,0.8660254037844379,-0.7907757369376986,-0.6121059825476627,0.43388373911755823,-0.900968867902419
-0.0035057598480266886,-0.00348438302241826,-0.0035057598480266886,-0.0008722813972962962,-0.42121346507630353,0.7166666666666667,0.7195116477400243,-0.5000000000000012,0.8660254037844379,-0.8978045395707417,-0.44039415155763423,-0.433883739117558,-0.9009688679024191
-0.004399412209437158,0.0034843830224182072,0.00961137389310487,-0.010526403080123783,0.3566749439387324,0.7166666666666667,0.7195565330580368,-0.5000000000000012,0.8660254037844379,-0.9680771188662041,-0.2506525322587213,-0.9749279121818236,-0.2225209339563146
-0.007968162080333081,-0.02197894818287507,-0.02197894818287507,-0.007968162080333081,-1.0033021088637848,0.7166666666666667,0.7196911890120742,-0.5000000000000012,0.8660254037844379,-0.9377521321470804,0.3473052528448203,0.7818314824680298,0.6234898018587336
0.0008885567359794559,0.0008885567359794559,0.0008885567359794559,0.0008885567359794559,-0.45198512374305727,0.7166666666666667,0.7197360743300867,-0.5000000000000012,0.8660254037844379,-0.8486442574947509,0.5289640103269624,0.9749279121818236,-0.22252093395631434
0.0,0.0,0.0,0.0,-6.956545443151569,0.7166666666666667,0.7197809596480992,-0.5000000000000012,0.8660254037844379,-0.7247927872291207,0.6889669190756859,0.43388373911755823,-0.900968867902419
-0.0008885567359794676,0.0026607527493643667,0.0026607527493643667,-0.0008885567359794676,8.1886891244442,0.7166666666666667,0.7198707302841241,-0.5000000000000012,0.8660254037844379,-0.3943558551133187,0.9189578116202306,-0.9749279121818236,-0.2225209339563146
0.0053191564183196535,0.0026536919271186324,0.0026536919271186324,0.006203001412462662,-0.7801585575495751,0.7166666666666667,0.7200053862381616,-2.4492935982947064e-16,1.0,0.39435585511331855,0.9189578116202306,0.7818314824680298,0.6234898018587336
-0.02779205561921185,-0.0017684718613648939,-0.02595234262226744,-0.0017684718613648939,0.8209805520698303,0.7166666666666667,0.7200502715561741,-2.4492935982947064e-16,1.0,0.5712682150947923,0.8207634412072763,0.9749279121818236,-0.22252093395631434
0.023361455936871497,0.0140600356093591,0.021525475453186033,-0.0035459728151182508,-0.3285040669720361,0.7166666666666667,0.7200951568741865,-2.4492935982947064e-16,1.0,0.72479278722912,0.6889669190756866,0.43388373911755823,-0.900968867902419
-0.005342838965768072,-0.01849456516045682,-0.00623041647316966,-0.0008885567359794676,-0.05715841383994864,0.7166666666666667,0.720140042192199,-2.4492935982947064e-16,1.0,0.8486442574947509,0.5289640103269624,-0.433883739117558,-0.9009688679024191
0.00623041647316975,0.021108943290144903,0.00623041647316975,0.021108943290144903,-1.4469189829363254,0.7166666666666667,0.7201849275102115,-2.4492935982947064e-16,1.0,0.9377521321470804,0.3473052528448203,-0.9749279121818236,-0.2225209339563146
-0.019713817668975033,-0.006986858753019797,0.012345950293744036,-0.021108943290144847,1.3217558399823195,0.7166666666666667,0.7203195834642488,-2.4492935982947064e-16,1.0,0.9680771188662043,-0.2506525322587204,0.7818314824680298,0.6234898018587336
0.021486992910937686,-0.009687554986027375,-0.010572775051781181,0.0044345295510976445,-1.0986122886681098,0.7166666666666667,0.7203644687822613,-2.4492935982947064e-16,1.0,0.8978045395707416,-0.4403941515576344,0.9749279121818236,-0.22252093395631434
0.0008852200657538762,0.0,0.0008852200657538762,0.0,-6.620073206530356,0.7166666666666667,0.7204093541002738,-2.4492935982947064e-16,1.0,0.7907757369376989,-0.6121059825476626,0.43388373911755823,-0.900968867902419
-0.004434529551097669,0.007933044738672528,-0.004434529551097669,-0.0035459728151182508,7.90100705199242,0.7166666666666667,0.7204542394182863,-2.4492935982947064e-16,1.0,0.6513724827222223,-0.758758122692791,-0.433883739117558,-0.9009688679024191
0.0,-0.012367574289770238,0.0,-0.0008885567359794676,-2.1972245773362196,0.7166666666666667,0.7204991247362988,-2.4492935982947064e-16,1.0,0.48530196253108104,-0.8743466161445821,-0.9749279121818236,-0.2225209339563146
0.0035493094853437704,0.009730212445398258,0.0044345295510976445,0.0035493094853437704,1.5040773967762742,0.7166666666666667,0.7206337806903362,-2.4492935982947064e-16,1.0,-0.10116832198743204,-0.9948693233918952,0.7818314824680298,0.6234898018587336
-0.0035493094853438233,0.0017591395600079125,-0.0035459728151182508,0.00794004252006219,-0.11778303565638351,0.7166666666666667,0.7206786660083487,-2.4492935982947064e-16,1.0,-0.29936312297335776,-0.9541392564000489,0.9749279121818236,-0.22252093395631434
-0.02156415712729978,0.004383982132390904,0.006197319790336897,0.004383982132390904,3.2386784521643803,0.7166666666666667,0.7207235513263612,-2.4492935982947064e-16,1.0,-0.4853019625310808,-0.8743466161445822,0.43388373911755823,-0.900968867902419
0.010840204046527043,-0.004383982132390776,-0.01780982960708921,-0.004383982132390776,-3.9318256327243257,0.7166666666666667,0.7207684366443736,-2.4492935982947064e-16,1.0,-0.6513724827222217,-0.7587581226927913,-0.433883739117558,-0.9009688679024191
0.012500087324153926,-0.005286350592943527,0.012500087324153926,-0.006170195587086272,1.0986122886681098,0.7166666666666667,0.7208133219623861,-2.4492935982947064e-16,1.0,-0.7907757369376986,-0.6121059825476627,-0.9749279121818236,-0.2225209339563146
0.005309742282935221,0.014035241721813158,0.005309742282935221,0.014919086715955928,-0.08701137698962981,0.7166666666666667,0.7209479779164236,-2.4492935982947064e-16,1.0,-0.9987165071710528,-0.05064916883871355,0.7818314824680298,0.6234898018587336
0.013152366607959341,0.00087070015586916,0.013152366607959341,0.00087070015586916,-0.7884573603642702,0.7166666666666667,0.720992863234436,-2.4492935982947064e-16,1.0,-0.9884683243281114,0.15142777750457667,0.9749279121818236,-0.22252093395631434
-0.011388573241584888,0.0008700048927302431,0.0017407050485994965,-0.011378730844746665,1.2809338454620642,0.7166666666666667,0.721082633870461,-2.4492935982947064e-16,1.0,-0.8486442574947509,0.5289640103269624,-0.433883739117558,-0.9009688679024191
0.005272414644434212,0.03670910491788232,-0.007856863645750091,0.04895784065535933,2.05127066471314,0.7166666666666667,0.7211275191884735,-2.4492935982947064e-16,1.0,-0.7247927872291207,0.6889669190756859,-0.9749279121818236,-0.2225209339563146
0.03021374874566754,0.0182730351303977,0.04456596856363242,-0.0008384537088103946,-0.6931471805599453,0.7166666666666667,0.7212621751425109,-2.4492935982947064e-16,1.0,-0.20129852008866114,0.9795299412524943,0.7818314824680298,0.6234898018587336
0.017699560026821166,0.002466031306457443,0.020739066436855053,0.004185793917666816,-2.456735772821304,0.7166666666666667,0.7213070604605234,-2.4492935982947064e-16,1.0,-2.4492935982947064e-16,1.0,0.9749279121818236,-0.22252093395631434
-0.003347340208856306,-0.011560811475720044,-0.011560811475720044,-0.0008358300520040477,1.7346010553881064,0.7333333333333333,0.7213968310965484,0.49999999999999994,0.8660254037844387,0.39435585511331855,0.9189578116202306,-0.433883739117558,-0.9009688679024191
0.00167516047063664,-0.004161526531865915,-0.004161526531865915,-0.0008363496862155325,-1.329135947279942,0.7333333333333333,0.7214417164145609,0.49999999999999994,0.8660254037844387,0.5712682150947923,0.8207634412072763,-0.9749279121818236,-0.2225209339563146
-0.002513614179447174,0.021453065735761643,0.013256306701128458,-0.002513614179447174,0.7472144018302211,0.7333333333333333,0.7215763723685983,0.49999999999999994,0.8660254037844387,0.9377521321470804,0.3473052528448203,0.7818314824680298,0.6234898018587336
-0.04899992949925622,-0.00409003981101194,-0.04374128151147949,-0.04372751485482198,0.5212969236332861,0.7333333333333333,0.7216212576866108,0.49999999999999994,0.8660254037844387,0.9884683243281114,0.1514277775045767,0.9749279121818236,-0.22252093395631434
0.021787270794542516,-0.03673197417198372,-0.0017211692316017203,0.0259529880399666,-0.9007865453381898,0.7333333333333333,0.7216661430046233,0.49999999999999994,0.8660254037844387,0.9987165071710528,-0.05064916883871264,0.43388373911755823,-0.900968867902419
-0.021787270794542558,-0.01369889259555935,-0.01562530335027711,-0.017227000036329463,0.990398704027877,0.7333333333333333,0.7217110283226357,0.49999999999999994,0.8660254037844387,0.9680771188662043,-0.2506525322587204,-0.433883739117558,-0.9009688679024191
0.009644895267766072,0.0008616968008405852,0.014763606549436554,-0.004353507380305384,-1.252762968495368,0.7333333333333333,0.7217559136406482,0.49999999999999994,0.8660254037844387,0.8978045395707416,-0.4403941515576344,-0.9749279121818236,-0.2225209339563146
-0.013175408742137134,0.015384965397341861,0.0008616968008405852,-0.012291563747994278,0.6931471805599453,0.7333333333333333,0.7218905695946857,0.49999999999999994,0.8660254037844387,0.48530196253108104,-0.8743466161445821,0.7818314824680298,0.6234898018587336
0.0052910126285313965,-0.029262018193662972,-0.020888468441222687,0.009670332725334274,-0.35667494393873245,0.7333333333333333,0.7219354549126981,0.49999999999999994,0.8660254037844387,0.29936312297335804,-0.9541392564000488,0.9749279121818236,-0.22252093395631434
0.0,0.004357363491122283,0.011368779136023808,0.0017482505539559027,-0.15415067982725836,0.7333333333333333,0.7219803402307106,0.49999999999999994,0.8660254037844387,0.10116832198743272,-0.994869323391895,0.43388373911755823,-0.900968867902419
0.013974075458528622,0.04089157715025966,0.0026052963225047963,0.03010983429340862,2.3434070875143007,0.7333333333333333,0.7220252255487231,0.49999999999999994,0.8660254037844387,-0.10116832198743204,-0.9948693233918952,-0.433883739117558,-0.9009688679024191
-0.0043460013711042,0.0016679958044365714,0.03995427663219128,-0.020548648092337213,-2.631089159966082,0.7333333333333333,0.7220701108667356,0.49999999999999994,0.8660254037844387,-0.29936312297335776,-0.9541392564000489,-0.9749279121818236,-0.2225209339563146
-0.011388573241584888,-0.022756965171033726,-0.022756965171033726,-0.018333101000133207,1.0216512475319812,0.7333333333333333,0.7222496521387854,0.49999999999999994,0.8660254037844387,-0.8978045395707417,-0.44039415155763423,0.9749279121818236,-0.22252093395631434
-0.007961113156711367,-0.020672612676392615,-0.0373470264154397,0.012259273397454022,0.14842000511827322,0.7333333333333333,0.722294537456798,0.49999999999999994,0.8660254037844387,-0.9680771188662041,-0.2506525322587213,0.43388373911755823,-0.900968867902419
0.017606008424477324,0.024076867967557886,0.02534003288667035,-0.002614378129687933,0.34627623671783375,0.7333333333333333,0.7223394227748104,0.49999999999999994,0.8660254037844387,-0.9987165071710528,-0.05064916883871355,-0.433883739117558,-0.9009688679024191
-0.01849456516045682,0.01768471407543199,-0.010407715880014996,0.004353507380305283,0.9114007465799633,0.7333333333333333,0.7223843080928228,0.49999999999999994,0.8660254037844387,-0.9884683243281114,0.15142777750457667,-0.9749279121818236,-0.2225209339563146
0.0053191564183196535,-0.04874844079600958,-0.005244762020628079,-0.013117860095364045,-2.1400661634962708,0.7333333333333333,0.7225189640468603,0.49999999999999994,0.8660254037844387,-0.7247927872291207,0.6889669190756859,0.7818314824680298,0.6234898018587336
-0.002656041535203881,0.013060686355698976,-0.011458969654009228,0.01745255844742592,0.4054651081081644,0.7333333333333333,0.7225638493648728,0.49999999999999994,0.8660254037844387,-0.5712682150947924,0.8207634412072763,0.9749279121818236,-0.22252093395631434
0.024519656009708197,0.0,0.024519656009708197,0.0,-7.901007051992421,0.7333333333333333,0.7226087346828852,0.49999999999999994,0.8660254037844387,-0.3943558551133187,0.9189578116202306,0.43388373911755823,-0.900968867902419
0.0017285454243482557,0.005176883067795418,0.005176883067795418,0.0017285454243482557,7.2078598714324755,0.7333333333333333,0.7226536200008977,0.49999999999999994,0.8660254037844387,-0.20129852008866114,0.9795299412524943,-0.433883739117558,-0.9009688679024191
-0.022708314904709734,-0.00431226778193586,-0.025273777434303184,-0.0008639301384886148,0.6359887667199967,0.7333333333333333,0.7226985053189102,0.49999999999999994,0.8660254037844387,-2.4492935982947064e-16,1.0,-0.9749279121818236,-0.2225209339563146
-0.006203001412462543,-0.010425801486930997,0.007912184854565676,-0.010425801486930997,1.8489178830680035,0.7333333333333333,0.7228331612729476,0.8660254037844386,0.5000000000000001,0.5712682150947923,0.8207634412072763,0.7818314824680298,0.6234898018587336
0.0017761342433811073,-0.0034995001546276085,-0.010563531829784338,-0.015845450448371573,-1.0185695809945732,0.7333333333333333,0.7228780465909601,0.8660254037844386,0.5000000000000001,0.72479278722912,0.6889669190756866,0.9749279121818236,-0.22252093395631434
0.0,-0.012345950293743978,-0.002658395307716586,0.0,-8.674196940225903,0.7333333333333333,0.7229229319089726,0.8660254037844386,0.5000000000000001,0.8486442574947509,0.5289640103269624,0.43388373911755823,-0.900968867902419
0.0,0.0,0.0,0.0,0.0,0.7333333333333333,0.7229678172269851,0.8660254037844386,0.5000000000000001,0.9377521321470804,0.3473052528448203,-0.433883739117558,-0.9009688679024191
0.008834034803470132,0.03144367247629447,0.03144367247629447,0.024541149303230418,7.408530566894626,0.7333333333333333,0.7230127025449976,0.8660254037844386,0.5000000000000001,0.9884683243281114,0.1514277775045767,-0.9749279121818236,-0.2225209339563146
-0.00972161231087168,0.001718273292764154,-0.017346472581878748,0.008620796465828072,0.5465437063680699,0.7333333333333333,0.723147358499035,0.8660254037844386,0.5000000000000001,0.8978045395707416,-0.4403941515576344,0.7818314824680298,0.6234898018587336
0.024562551727725535,0.0,0.009577774325908122,-0.00775530911961572,0.38776553100876343,0.7333333333333333,0.7231922438170475,0.8660254037844386,0.5000000000000001,0.7907757369376989,-0.6121059825476626,0.9749279121818236,-0.22252093395631434
-0.0334832724700474,-0.004301139325206432,-0.0334832724700474,0.0,1.8827312474337816,0.7333333333333333,0.72323712913506,0.8660254037844386,0.5000000000000001,0.6513724827222223,-0.758758122692791,0.43388373911755823,-0.900968867902419
0.024780067990922198,-0.00345416979440929,0.02827040714061807,-0.009561186201071308,-0.9808292530117262,0.7333333333333333,0.7232820144530725,0.8660254037844386,0.5000000000000001,0.48530196253108104,-0.8743466161445821,-0.433883739117558,-0.9009688679024191
-0.009662027458263452,0.003454169794409362,-0.001743677973818762,0.010425801486931006,0.5020919437972361,0.7333333333333333,0.7233268997710849,0.8660254037844386,0.5000000000000001,0.29936312297335804,-0.9541392564000488,-0.9749279121818236,-0.2225209339563146
0.021825439790856067,0.03390158045033796,0.010416751156715365,0.03231582739271056,-0.24756207866235563,0.7333333333333333,0.7235064410431349,0.8660254037844386,0.5000000000000001,-0.4853019625310808,-0.8743466161445822,0.9749279121818236,-0.22252093395631434
0.006026763695267513,-0.0025031278279573394,0.033124076992441555,-0.005033562540168707,-1.5982646118359751,0.7333333333333333,0.7235513263611473,0.8660254037844386,0.5000000000000001,-0.6513724827222217,-0.7587581226927913,0.43388373911755823,-0.900968867902419
0.019550114904703892,0.001669388220412922,-0.0050251313862273595,0.008375130498801219,1.7147984280919266,0.7333333333333333,0.7235962116791598,0.8660254037844386,0.5000000000000001,-0.7907757369376986,-0.6121059825476627,-0.433883739117558,-0.9009688679024191
0.01005032622042762,0.0008337396075445028,0.007528259214184688,0.0008337396075445028,-3.912023005428146,0.7333333333333333,0.7236410969971723,0.8660254037844386,0.5000000000000001,-0.8978045395707417,-0.44039415155763423,-0.9749279121818236,-0.2225209339563146
0.0,0.026317283546611638,0.0,0.0008330450648388574,3.871201010907891,0.7333333333333333,0.7237757529512097,0.8660254037844386,0.5000000000000001,-0.9884683243281114,0.15142777750457667,0.7818314824680298,0.6234898018587336
0.011599124845460211,0.0024320447967190063,0.011599124845460211,0.023859544265183108,-1.5198257537444133,0.7333333333333333,0.7238206382692222,0.8660254037844386,0.5000000000000001,-0.9377521321470804,0.3473052528448203,0.9749279121818236,-0.22252093395631434
-0.007441178011275907,0.00645695194283974,0.004930161471745102,-0.01970505256363134,-0.7419373447293773,0.7333333333333333,0.7238655235872347,0.8660254037844386,0.5000000000000001,-0.8486442574947509,0.5289640103269624,0.43388373911755823,-0.900968867902419
0.0074411780112758836,-0.0008048858186945912,-0.004930161471744996,0.0261880514293412,2.2617630984737906,0.7333333333333333,0.7239104089052472,0.8660254037844386,0.5000000000000001,-0.7247927872291207,0.6889669190756859,-0.433883739117558,-0.9009688679024191
0.0236071554407101,0.0016090093243108507,0.024411278946326442,0.004030692090438264,-3.4657359027997265,0.7333333333333333,0.7239552942232597,0.8660254037844386,0.5000000000000001,-0.5712682150947924,0.8207634412072763,-0.9749279121818236,-0.2225209339563146
-0.02608144023501114,-0.020301066275482362,-0.02688556374062745,-0.01949694276986614,1.0986122886681098,0.7333333333333333,0.724089950177297,1.0,6.123233995736766e-17,0.5712682150947923,0.8207634412072763,0.7818314824680298,0.6234898018587336
-0.0008260451180699919,0.004093271080379034,-0.0008260451180699919,0.004093271080379034,0.9382696385929302,0.7333333333333333,0.7241348354953095,1.0,6.123233995736766e-17,0.72479278722912,0.6889669190756866,0.9749279121818236,-0.22252093395631434
0.016393794396932948,0.004889980733338848,0.016393794396932948,0.004889980733338848,-1.0560526742493137,0.7333333333333333,0.724179720813322,1.0,6.123233995736766e-17,0.8486442574947509,0.5289640103269624,0.43388373911755823,-0.900968867902419
-0.014742267919173985,0.0,0.0,0.0,1.0560526742493137,0.7333333333333333,0.7242246061313344,1.0,6.123233995736766e-17,0.9377521321470804,0.3473052528448203,-0.433883739117558,-0.9009688679024191
0.003294892790826155,0.012121406772797938,0.0,0.012121406772797938,-0.3022808718729337,0.7333333333333333,0.7242694914493469,1.0,6.123233995736766e-17,0.9884683243281114,0.1514277775045767,-0.9749279121818236,-0.2225209339563146
0.012260110294152428,0.004807696883909408,0.0008127351658046842,0.004807696883909408,0.05715841383994862,0.7333333333333333,0.7244041474033844,1.0,6.123233995736766e-17,0.8978045395707416,-0.4403941515576344,0.7818314824680298,0.6234898018587336
0.0113086716069933,0.022135269833459124,0.03276352964658248,0.022135269833459124,-0.25131442828090605,0.7333333333333333,0.7244490327213968,1.0,6.123233995736766e-17,0.7907757369376989,-0.6121059825476626,0.9749279121818236,-0.22252093395631434
-0.025214871257359887,-0.052157837974728435,-0.04666972929694907,-0.052157837974728435,-0.8472978603872037,0.7333333333333333,0.7244939180394093,1.0,6.123233995736766e-17,0.6513724827222223,-0.758758122692791,0.43388373911755823,-0.900968867902419
0.024411278946326442,0.06381755571113362,0.024411278946326442,0.06381755571113362,0.9808292530117262,0.7333333333333333,0.7245388033574218,1.0,6.123233995736766e-17,0.48530196253108104,-0.8743466161445821,-0.433883739117558,-0.9009688679024191
0.015949400024991355,-0.02187596334618377,0.01753031341862368,-0.02187596334618377,0.17185025692665923,0.7333333333333333,0.7245836886754343,1.0,6.123233995736766e-17,0.29936312297335804,-0.9541392564000488,-0.9749279121818236,-0.2225209339563146
0.017255201428650176,0.02342036366214711,0.015674288035017782,0.019554826040784228,-0.4595323293784402,0.7333333333333333,0.7247183446294717,1.0,6.123233995736766e-17,-0.29936312297335776,-0.9541392564000489,0.7818314824680298,0.6234898018587336
0.007746075627129388,0.00231208240210159,0.010058158029230822,0.0038655376213630696,-0.2876820724517809,0.7333333333333333,0.7247632299474842,1.0,6.123233995736766e-17,-0.4853019625310808,-0.8743466161445822,0.9749279121818236,-0.22252093395631434
-0.016336459056122573,0.0,0.0,-0.011641619218773457,0.9382696385929302,0.7333333333333333,0.7248081152654967,1.0,6.123233995736766e-17,-0.6513724827222217,-0.7587581226927913,0.43388373911755823,-0.900968867902419
-0.0047169853690404535,-0.015516200454470296,-0.015516200454470296,-0.00941182520638949,-0.7375989431307791,0.7333333333333333,0.7248530005835092,1.0,6.123233995736766e-17,-0.7907757369376986,-0.6121059825476627,-0.433883739117558,-0.9009688679024191
-0.0023669192369841817,-0.01021624560977841,-0.01021624560977841,-0.0023669192369841817,-0.6061358035703156,0.7333333333333333,0.7248978859015217,1.0,6.123233995736766e-17,-0.8978045395707417,-0.44039415155763423,-0.9749279121818236,-0.2225209339563146
-0.04359039579956212,0.0,0.0,-0.04359039579956212,2.917770732084279,0.7333333333333333,0.7250325418555591,1.0,6.123233995736766e-17,-0.9884683243281114,0.15142777750457667,0.7818314824680298,0.6234898018587336
0.0,-0.04359039579956212,-0.04359039579956212,0.0,-1.6184877479540183,0.7333333333333333,0.7250774271735716,1.0,6.123233995736766e-17,-0.9377521321470804,0.3473052528448203,0.9749279121818236,-0.22252093395631434
-0.0016515264777589007,-0.0016515264777589007,-0.0016515264777589007,-0.0016515264777589007,-3.0910424533583156,0.7333333333333333,0.7251223124915841,1.0,6.123233995736766e-17,-0.8486442574947509,0.5289640103269624,0.43388373911755823,-0.900968867902419
0.024491112490039182,0.029318148238638955,0.024491112490039182,0.029318148238638955,0.6931471805599453,0.7333333333333333,0.7251671978095965,1.0,6.123233995736766e-17,-0.7247927872291207,0.6889669190756859,-0.433883739117558,-0.9009688679024191
-0.020367340329544244,-0.0024106628855577964,-0.020367340329544244,-0.0024106628855577964,2.740840023925201,0.7333333333333333,0.725212083127609,1.0,6.123233995736766e-17,-0.5712682150947924,0.8207634412072763,-0.9749279121818236,-0.2225209339563146
-0.008264620259399795,0.0032127363152306475,0.025996449507816932,-0.0269074853530812,-0.06669137449867228,0.7333333333333333,0.7253467390816465,1.0,6.123233995736766e-17,-2.4492935982947064e-16,1.0,0.7818314824680298,0.6234898018587336
0.012371339483020929,-0.014539823512949286,-0.014539823512949286,0.008230491384116023,-0.8823891801984737,0.7333333333333333,0.7253916243996589,0.8660254037844387,-0.4999999999999998,0.20129852008866006,0.9795299412524945,0.9749279121818236,-0.22252093395631434
-0.01403234904085506,-0.009812007970722318,-0.02138225581210157,-0.00246210119947582,-0.2876820724517809,0.7333333333333333,0.7254365097176714,0.8660254037844387,-0.4999999999999998,0.39435585511331855,0.9189578116202306,0.43388373911755823,-0.900968867902419
0.011570247841379253,0.0,0.011570247841379253,0.0,-7.2078598714324755,0.7333333333333333,0.7254813950356839,0.8660254037844387,-0.4999999999999998,0.5712682150947923,0.8207634412072763,-0.433883739117558,-0.9009688679024191
-0.06975603636260976,-0.005768390184640325,-0.014067185117729442,-0.009909238283545225,9.605755144230846,0.7333333333333333,0.7255262803536964,0.8660254037844387,-0.4999999999999998,0.72479278722912,0.6889669190756866,-0.9749279121818236,-0.2225209339563146
0.02608841011974896,-0.009132534540633579,-0.0033389578799614397,-0.01168620604836897,-0.30466040898619884,0.7333333333333333,0.7256609363077338,0.8660254037844387,-0.4999999999999998,0.9884683243281114,0.1514277775045767,0.7818314824680298,0.6234898018587336
0.009397753270352898,0.016543077123848556,-0.01686372997481701,0.023237596730488835,-0.5768873744440833,0.7333333333333333,0.7257058216257463,0.8660254037844387,-0.4999999999999998,0.9987165071710528,-0.05064916883871264,0.9749279121818236,-0.22252093395631434
0.01015236163435085,-0.008237270615979338,0.021035732919617283,-0.012381550591982694,0.09309042306601203,0.7333333333333333,0.7257507069437588,0.8660254037844387,-0.4999999999999998,0.9680771188662043,-0.2506525322587204,0.43388373911755823,-0.900968867902419
0.029035549712794706,0.011513156592042316,0.018152178427528434,0.015657436568045684,-2.4203681286504293,0.7333333333333333,0.7257955922617713,0.8660254037844387,-0.4999999999999998,0.8978045395707416,-0.4403941515576344,-0.433883739117558,-0.9009688679024191
-0.027353525254339452,-0.005740009290692876,-0.027353525254339452,-0.005740009290692876,0.5596157879354227,0.7333333333333333,0.7258404775797836,0.8660254037844387,-0.4999999999999998,0.7907757369376989,-0.6121059825476626,-0.9749279121818236,-0.2225209339563146
0.01086523903832229,0.005740009290692963,0.02735352525433953,-0.010748276925324096,-0.8472978603872037,0.7333333333333333,0.7259751335338211,0.8660254037844387,-0.4999999999999998,0.29936312297335804,-0.9541392564000488,0.7818314824680298,0.6234898018587336
0.0,-0.013168784442798339,-0.016488286216017032,0.003319501773218649,1.992430164690206,0.7333333333333333,0.7260200188518336,0.8660254037844387,-0.4999999999999998,0.10116832198743272,-0.994869323391895,0.9749279121818236,-0.22252093395631434
0.0,0.0,0.003319501773218649,-0.0033195017732187905,-0.5260930958967791,0.7333333333333333,0.726064904169846,0.8660254037844387,-0.4999999999999998,-0.10116832198743204,-0.9948693233918952,0.43388373911755823,-0.900968867902419
-0.05028755442934154,0.0057826857958913815,-0.016708930028805517,0.009102187569109958,-0.3677247801253174,0.7333333333333333,0.7261097894878585,0.8660254037844387,-0.4999999999999998,-0.29936312297335776,-0.9541392564000489,-0.433883739117558,-0.9009688679024191
0.05938974199845163,0.0,0.02249161582469698,0.0,-7.2078598714324755,0.7333333333333333,0.7262893307599085,0.8660254037844387,-0.4999999999999998,-0.8978045395707417,-0.44039415155763423,0.7818314824680298,0.6234898018587336
0.0,0.0,0.0,0.0,0.0,0.7333333333333333,0.7263342160779209,0.8660254037844387,-0.4999999999999998,-0.9680771188662041,-0.2506525322587213,0.9749279121818236,-0.22252093395631434
-0.013267120649896701,0.006568161940729147,0.006568161940729147,-0.010766079780621322,8.1886891244442,0.7333333333333333,0.7263791013959334,0.8660254037844387,-0.4999999999999998,-0.9987165071710528,-0.05064916883871355,0.43388373911755823,-0.900968867902419
-0.008382330415991145,-0.001638000468984179,-0.006568161940729242,-0.0008330450648388733,-0.13353139262452263,0.7333333333333333,0.7264239867139459,0.8660254037844387,-0.4999999999999998,-0.9884683243281114,0.15142777750457667,-0.433883739117558,-0.9009688679024191
0.018349121153516793,-0.0016406879171637927,0.0032894735545812,0.009950321410848074,0.28768207245178085,0.7333333333333333,0.7264688720319584,0.8660254037844387,-0.4999999999999998,-0.9377521321470804,0.3473052528448203,-0.9749279121818236,-0.2225209339563146
-0.0041408480989049016,-0.01073065156585718,-0.01073065156585718,-0.005792374576663779,-1.9459101490553135,0.7333333333333333,0.7266035279859958,0.8660254037844387,-0.4999999999999998,-0.5712682150947924,0.8207634412072763,0.7818314824680298,0.6234898018587336
-0.025211396613903227,0.008264620259399755,-0.023510656714052686,-0.005825942638620717,1.0986122886681098,0.7333333333333333,0.7266484133040083,0.8660254037844387,-0.4999999999999998,-0.3943558551133187,0.9189578116202306,0.9749279121818236,-0.22252093395631434
0.01184457967337335,0.005744719692605355,0.010143839773522683,0.019835282590625926,0.08004270767353636,0.7333333333333333,0.7266932986220208,0.8660254037844387,-0.4999999999999998,-0.20129852008866114,0.9795299412524943,0.43388373911755823,-0.900968867902419
0.02737615689253503,0.0,0.02737615689253503,0.0,-7.575584651557793,0.7333333333333333,0.7267381839400333,0.5000000000000003,-0.8660254037844385,0.20129852008866006,0.9795299412524945,-0.433883739117558,-0.9009688679024191
-0.04263073534666892,-0.002457949269885244,-0.04263073534666892,-0.002457949269885244,6.956545443151569,0.7333333333333333,0.7267830692580457,0.5000000000000003,-0.8660254037844385,0.39435585511331855,0.9189578116202306,-0.9749279121818236,-0.2225209339563146
-0.008576435089017707,0.0032758859760629745,0.043448672052846735,-0.0041102126708439145,-0.3364722366212129,0.7333333333333333,0.7269177252120832,0.5000000000000003,-0.8660254037844385,0.8486442574947509,0.5289640103269624,0.7818314824680298,0.6234898018587336
0.021304698996853038,-0.030720408145011407,-0.030720408145011407,-0.023334309498104465,-0.916290731874155,0.7333333333333333,0.7269626105300957,0.5000000000000003,-0.8660254037844385,0.9377521321470804,0.3473052528448203,0.9749279121818236,-0.22252093395631434
0.0050462629070200885,0.024157751746228168,0.024157751746228168,0.006722647621433316,1.252762968495368,0.7333333333333333,0.7270074958481081,0.5000000000000003,-0.8660254037844385,0.9884683243281114,0.1514277775045767,0.43388373911755823,-0.900968867902419
0.018288046591084337,0.0,0.0,0.016611661876671152,-0.8472978603872037,0.7333333333333333,0.7270523811661206,0.5000000000000003,-0.8660254037844385,0.9987165071710528,-0.05064916883871264,-0.433883739117558,-0.9009688679024191
-0.025022192700224252,-0.012422567093584021,-0.023315058072820756,-0.025022192700224252,2.2335922215070942,0.7333333333333333,0.7270972664841331,0.5000000000000003,-0.8660254037844385,0.9680771188662043,-0.2506525322587204,-0.9749279121818236,-0.2225209339563146
-0.007630381924954921,0.0,0.010892490979236617,-0.007630381924954921,-0.2411620568168881,0.7333333333333333,0.7272319224381705,0.5000000000000003,-0.8660254037844385,0.6513724827222223,-0.758758122692791,0.7818314824680298,0.6234898018587336
0.012685148017746698,-0.008368301761972223,-0.008368301761972223,0.012685148017746698,-1.7047480922384253,0.7333333333333333,0.727276807756183,0.5000000000000003,-0.8660254037844385,0.48530196253108104,-0.8743466161445821,0.9749279121818236,-0.22252093395631434
-0.022950412655923305,0.024077639278276334,0.007534562154427709,0.024077639278276334,2.3513752571634776,0.7333333333333333,0.7273216930741955,0.5000000000000003,-0.8660254037844385,0.29936312297335804,-0.9541392564000488,0.43388373911755823,-0.900968867902419
0.01620509113080642,-0.02491820762264981,-0.014279883679544613,-0.026601828495540842,-1.252762968495368,0.7333333333333333,0.727366578392208,0.5000000000000003,-0.8660254037844385,0.10116832198743272,-0.994869323391895,-0.433883739117558,-0.9009688679024191
0.004221132307852513,0.007540874301909172,0.004221132307852513,0.009224495174800151,-0.2876820724517809,0.7333333333333333,0.7274114637102205,0.5000000000000003,-0.8660254037844385,-0.10116832198743204,-0.9948693233918952,-0.9749279121818236,-0.2225209339563146
0.005042022942423008,0.008312532207381193,0.005042022942423008,0.008312532207381193,1.0216512475319812,0.7333333333333333,0.7275461196642579,0.5000000000000003,-0.8660254037844385,-0.6513724827222217,-0.7587581226927913,0.7818314824680298,0.6234898018587336
-0.016906497134220006,0.012340687089422521,0.006683513101652516,-0.020067604257708645,2.501435951739211,0.7333333333333333,0.7275910049822704,0.5000000000000003,-0.8660254037844385,-0.7907757369376986,-0.6121059825476627,0.9749279121818236,-0.22252093395631434
-0.0025608183600688106,-0.029877714471603943,-0.01172553604407553,0.0,-2.7245795030534206,0.7333333333333333,0.7276358903002829,0.5000000000000003,-0.8660254037844385,-0.8978045395707417,-0.44039415155763423,0.43388373911755823,-0.900968867902419
0.004264333751383608,-0.010160958800482286,-0.010160958800482286,-0.007630381924954921,-1.8971199848858813,0.7333333333333333,0.7276807756182953,0.5000000000000003,-0.8660254037844385,-0.9680771188662041,-0.2506525322587213,-0.433883739117558,-0.9009688679024191
0.0017007398998505228,0.0017007398998505228,0.0017007398998505228,0.0017007398998505228,-0.40546510810816444,0.7333333333333333,0.7277256609363077,0.5000000000000003,-0.8660254037844385,-0.9987165071710528,-0.05064916883871355,-0.9749279121818236,-0.2225209339563146
-0.03721764917736973,-0.005965073651234099,-0.011106468109758592,-0.027564226565950027,3.7376696182833684,0.7333333333333333,0.7279052022083577,0.5000000000000003,-0.8660254037844385,-0.7247927872291207,0.6889669190756859,0.9749279121818236,-0.22252093395631434
0.022668778606900322,-0.008583796919235286,-0.003442402460710787,0.013015355995480675,-4.430816798843313,0.7333333333333333,0.7279500875263701,0.5000000000000003,-0.8660254037844385,-0.5712682150947924,0.8207634412072763,0.43388373911755823,-0.900968867902419
0.012848130670618959,0.01454887057046945,0.012848130670618959,0.01454887057046945,1.9459101490553132,0.7333333333333333,0.7279949728443826,0.5000000000000003,-0.8660254037844385,-0.3943558551133187,0.9189578116202306,-0.433883739117558,-0.9009688679024191
-0.00854699134541242,-0.002552104387626122,-0.0008513644877756493,-0.0034042552911652886,0.6931471805599453,0.7333333333333333,0.7280398581623951,0.5000000000000003,-0.8660254037844385,-0.20129852008866114,0.9795299412524943,-0.9749279121818236,-0.2225209339563146
0.0,0.0017021264127160607,-0.0076956268576367885,-0.0025608183600688106,0.25131442828090617,0.7333333333333333,0.7281745141164325,1.2246467991473532e-16,-1.0,0.39435585511331855,0.9189578116202306,0.7818314824680298,0.6234898018587336
-0.026969917932106697,-0.011976179322173175,-0.004301139325206432,-0.017241789423593466,1.8101086078962514,0.7333333333333333,0.728219399434445,1.2246467991473532e-16,-1.0,0.5712682150947923,0.8207634412072763,0.9749279121818236,-0.22252093395631434
0.036367671202459616,0.01960009704191827,0.013698892595559412,0.026599508155168296,-0.5260930958967791,0.7333333333333333,0.7282642847524575,1.2246467991473532e-16,-1.0,0.72479278722912,0.6889669190756866,0.43388373911755823,-0.900968867902419
-0.009397753270352893,0.029927450646888048,-0.007682488667103339,0.03330874531138244,0.030305349495328843,0.7333333333333333,0.72830917007047,1.2246467991473532e-16,-1.0,0.8486442574947509,0.5289640103269624,-0.433883739117558,-0.9009688679024191
0.022072181910946773,0.0234732758614272,0.022872639490670896,0.016247179773852274,1.1752047341494933,0.7333333333333333,0.7283540553884825,1.2246467991473532e-16,-1.0,0.9377521321470804,0.3473052528448203,-0.9749279121818236,-0.2225209339563146
-0.007585364072904482,0.0023971794911760054,0.04743332756378904,-0.008903270955684708,-1.0231885268508678,0.7333333333333333,0.7284887113425199,1.2246467991473532e-16,-1.0,0.9680771188662043,-0.2506525322587204,0.7818314824680298,0.6234898018587336
0.025888745200147584,-0.002397179491175935,-0.0015988341592962285,-0.012270022236438008,-1.466337068793427,0.7333333333333333,0.7285335966605324,1.2246467991473532e-16,-1.0,0.8978045395707416,-0.4403941515576344,0.9749279121818236,-0.22252093395631434
0.0016474451805256957,-0.014504672826670114,-0.028399389279697734,0.01308275740224259,-0.8109302162163288,0.7333333333333333,0.7285784819785449,1.2246467991473532e-16,-1.0,0.7907757369376989,-0.6121059825476626,0.43388373911755823,-0.900968867902419
0.010642800583552964,0.01290339292688759,0.02679810937991525,-0.0024399568186896326,-0.13353139262452263,0.7333333333333333,0.7286233672965573,1.2246467991473532e-16,-1.0,0.6513724827222223,-0.758758122692791,-0.433883739117558,-0.9009688679024191
-0.004898080890947653,0.0016012798997826069,-0.021053389687309784,0.00568396066619361,3.0513021247088017,0.7333333333333333,0.7286682526145698,1.2246467991473532e-16,-1.0,0.48530196253108104,-0.8743466161445821,-0.9749279121818236,-0.2225209339563146
0.014622620636938937,0.01508568007411266,0.014622620636938937,0.02715830810406376,-1.0459685551826876,0.7333333333333333,0.7288029085686073,1.2246467991473532e-16,-1.0,-0.10116832198743204,-0.9948693233918952,0.7818314824680298,0.6234898018587336
0.011226936926330217,0.00471698536904043,0.020750809787281967,0.0031471278322304356,1.3862943611198906,0.7333333333333333,0.7288477938866197,1.2246467991473532e-16,-1.0,-0.29936312297335776,-0.9541392564000489,0.9749279121818236,-0.22252093395631434
0.006359316123144853,0.011696084120135192,-0.003164556737806939,0.005483697253299855,-1.508896683212223,0.7333333333333333,0.7288926792046322,1.2246467991473532e-16,-1.0,-0.4853019625310808,-0.8743466161445822,0.43388373911755823,-0.900968867902419
0.005531475974791241,0.0030959746200239038,0.023493620185152535,0.009331319124831068,1.4078005663408544,0.7333333333333333,0.7289375645226447,1.2246467991473532e-16,-1.0,-0.6513724827222217,-0.7587581226927913,-0.433883739117558,-0.9009688679024191
0.0055010469883788665,0.0015444003159634293,0.0030913002148017467,0.0030913002148017467,-1.0933072364384164,0.7333333333333333,0.7289824498406572,1.2246467991473532e-16,-1.0,-0.7907757369376986,-0.6121059825476627,-0.9749279121818236,-0.2225209339563146
0.007028470695865323,0.00231208240210159,-0.00852392674091888,0.0,0.16093036681263712,0.7333333333333333,0.7291171057946946,1.2246467991473532e-16,-1.0,-0.9987165071710528,-0.05064916883871355,0.7818314824680298,0.6234898018587336
0.01083600914302046,0.022079346784450053,0.01083600914302046,0.01834912060618362,-1.16857087727502,0.7333333333333333,0.7291619911127071,1.2246467991473532e-16,-1.0,-0.9884683243281114,0.15142777750457667,0.9749279121818236,-0.22252093395631434
-0.0257324460642487,-0.015174783195487198,0.0053743429155408765,-0.040190953401080205,2.0685124711476455,0.7333333333333333,0.7292068764307196,1.2246467991473532e-16,-1.0,-0.9377521321470804,0.3473052528448203,0.43388373911755823,-0.900968867902419
0.011778744443373698,0.01215819258498346,0.013688413258405177,0.029528258112539143,-1.677646162460634,0.7333333333333333,0.7292517617487321,1.2246467991473532e-16,-1.0,-0.8486442574947509,0.5289640103269624,-0.433883739117558,-0.9009688679024191
-0.004694839837349066,0.0030165906105037365,-0.0314563965555876,-0.021672653300682406,0.44393138893596046,0.7333333333333333,0.7292966470667445,1.2246467991473532e-16,-1.0,-0.7247927872291207,0.6889669190756859,-0.9749279121818236,-0.2225209339563146
0.007812532315203588,0.0015048897215660104,0.002335482352410713,0.017067891463799605,-1.3312345839368633,0.7333333333333333,0.729431303020782,1.2246467991473532e-16,-1.0,-0.20129852008866114,0.9795299412524943,0.7818314824680298,0.6234898018587336
-0.007812532315203657,-0.01058220773398528,-0.007022986482597179,0.012232447693372433,-0.5596157879354228,0.7333333333333333,0.7294761883387945,-0.4999999999999997,-0.8660254037844388,0.20129852008866006,0.9795299412524945,0.9749279121818236,-0.22252093395631434
-0.011834503060066504,-0.0060974651830679565,0.017850725590486255,-0.023060186801261543,3.044522437723423,0.7333333333333333,0.7295210736568069,-0.4999999999999997,-0.8660254037844388,0.39435585511331855,0.9189578116202306,0.43388373911755823,-0.900968867902419
0.01964703537527026,-0.0015302206734218039,0.0038387177038372456,0.006974118383557358,-1.0635209688568397,0.7333333333333333,0.7295659589748194,-0.4999999999999997,-0.8660254037844388,0.5712682150947923,0.8207634412072763,-0.433883739117558,-0.9009688679024191
-0.03887837966701623,0.003821115609554793,-0.043059505683872575,-0.019493719878469252,1.1599128145319055,0.7333333333333333,0.7297455002468693,-0.4999999999999997,-0.8660254037844388,0.9884683243281114,0.1514277775045767,0.7818314824680298,0.6234898018587336
0.0016168137311098623,-0.00996563231495931,0.03149874956328841,-0.01587344737723441,-0.3528213746227423,0.7333333333333333,0.7297903855648817,-0.4999999999999997,-0.8660254037844388,0.9987165071710528,-0.05064916883871264,0.9749279121818236,-0.22252093395631434
-0.04375435833076536,0.0007701737898635771,-0.055791419619364825,0.00637971485507757,-0.6048545734142671,0.7333333333333333,0.7298352708828942,-0.4999999999999997,-0.8660254037844388,0.9680771188662043,-0.2506525322587204,0.43388373911755823,-0.900968867902419
0.0008435854823892485,-0.014734701741734304,-0.028264470969849544,-0.02658234510014214,0.05480823649499495,0.7333333333333333,0.7298801562009067,-0.4999999999999997,-0.8660254037844388,0.8978045395707416,-0.4403941515576344,-0.433883739117558,-0.9009688679024191
0.011735184652644294,-0.015748342776556276,0.05015420125404524,-0.006552141010487793,-0.6286086594223742,0.7333333333333333,0.7299250415189192,-0.4999999999999997,-0.8660254037844388,0.7907757369376989,-0.6121059825476626,-0.9749279121818236,-0.2225209339563146
0.018167286786189427,0.022755038048744052,-0.0016050204985809911,0.004100101668459887,0.09531017980432493,0.7333333333333333,0.7300596974729566,-0.4999999999999997,-0.8660254037844388,0.29936312297335804,-0.9541392564000488,0.7818314824680298,0.6234898018587336
0.0,0.006957832679682985,0.008000034884969375,0.04167265817587037,0.8697707162392622,0.7333333333333333,0.7301045827909691,-0.4999999999999997,-0.8660254037844388,0.10116832198743272,-0.994869323391895,0.9749279121818236,-0.22252093395631434
0.010582041557141209,-0.02023413534238616,0.013454823154619783,-0.02947237904928253,-0.7827593392496325,0.7333333333333333,0.7301494681089816,-0.4999999999999997,-0.8660254037844388,-0.10116832198743204,-0.9948693233918952,0.43388373911755823,-0.900968867902419
-0.006498682100958855,-0.016647161155679782,-0.03601820790003748,0.011254127073951965,-0.6931471805599453,0.7333333333333333,0.7301943534269941,-0.4999999999999997,-0.8660254037844388,-0.29936312297335776,-0.9541392564000489,-0.433883739117558,-0.9009688679024191
0.00973242732034403,0.01507371076378678,0.016168370359029228,0.0015974428777281548,2.4918270926325743,0.7333333333333333,0.7302392387450065,-0.4999999999999997,-0.8660254037844388,-0.4853019625310808,-0.8743466161445822,-0.9749279121818236,-0.2225209339563146
-0.006477749066889045,-0.008699193362491817,0.009577193786623332,-0.01690185231784611,-3.7239707739252066,0.7333333333333333,0.730373894699044,-0.4999999999999997,-0.8660254037844388,-0.8978045395707417,-0.44039415155763423,0.7818314824680298,0.6234898018587336
0.018511519853631815,-0.003979366038565931,-0.003979366038565931,0.017699560802846848,-0.3364722366212129,0.7333333333333333,0.7304187800170565,-0.4999999999999997,-0.8660254037844388,-0.9680771188662041,-0.2506525322587213,0.9749279121818236,-0.22252093395631434
-0.05490933532869514,-0.0007977084850007031,-0.0007977084850007031,-0.02584955756326904,4.100989104940769,0.7333333333333333,0.7304636653350689,-0.4999999999999997,-0.8660254037844388,-0.9987165071710528,-0.05064916883871355,0.43388373911755823,-0.900968867902419
0.010892490979236617,-0.0266898495472525,-0.04321913586445764,-0.002457949269885244,-1.7591832987934424,0.7333333333333333,0.7305085506530814,-0.4999999999999997,-0.8660254037844388,-0.9884683243281114,0.15142777750457667,-0.433883739117558,-0.9009688679024191
-0.03390158045033786,0.0008193941946492593,0.017348680511854606,-0.025759663736731723,1.9649583440260079,0.7333333333333333,0.7305534359710939,-0.4999999999999997,-0.8660254037844388,-0.9377521321470804,0.3473052528448203,-0.9749279121818236,-0.2225209339563146
0.012848130670618959,0.001636542980512566,-0.03840213029157361,-0.005063297066661577,-1.0486676121518528,0.7333333333333333,0.7306880919251313,-0.4999999999999997,-0.8660254037844388,-0.5712682150947924,0.8207634412072763,0.7818314824680298,0.6234898018587336
0.0,-0.026513482706551843,0.009318265127074664,-0.0059398264926297795,-0.9357088177312567,0.7333333333333333,0.7307329772431438,-0.4999999999999997,-0.8660254037844388,-0.3943558551133187,0.9189578116202306,0.9749279121818236,-0.22252093395631434
0.0,0.002515722182973634,-0.0076175252272242065,0.01604091274850801,-1.041453874828161,0.7333333333333333,0.7307778625611563,-0.4999999999999997,-0.8660254037844388,-0.20129852008866114,0.9795299412524943,0.43388373911755823,-0.900968867902419
-0.07509038015061398,-0.020305246499891533,-0.005965073651234099,-0.030614667789187797,2.209494669928034,0.7333333333333333,0.7308227478791688,-0.4999999999999997,-0.8660254037844388,-2.4492935982947064e-16,1.0,-0.433883739117558,-0.9009688679024191
0.04397288308253209,-0.00944617516870051,-0.026853163316698434,-0.005194812051598307,-1.6341305250244718,0.7333333333333333,0.7308676331971813,-0.8660254037844385,-0.5000000000000004,0.20129852008866006,0.9795299412524945,-0.9749279121818236,-0.2225209339563146
-0.0035179043970793764,0.05129324501700834,0.008741369000374546,0.012079514472340099,1.8123787564307907,0.7333333333333333,0.7310022891512187,-0.8660254037844385,-0.5000000000000004,0.72479278722912,0.6889669190756866,0.7818314824680298,0.6234898018587336
-0.007073535649309641,-0.023218208062829322,-0.01667441373904707,-0.030476862319594365,0.45845763824867475,0.7333333333333333,0.7310471744692312,-0.8660254037844385,-0.5000000000000004,0.8486442574947509,0.5289640103269624,0.9749279121818236,-0.22252093395631434
0.0026583953077165914,-0.0025199483607215877,0.004415140341593191,0.036462399548217686,-0.1606231943328758,0.7333333333333333,0.7310920597872437,-0.8660254037844385,-0.5000000000000004,0.9377521321470804,0.3473052528448203,0.43388373911755823,-0.900968867902419
0.007933044738672528,0.0008405683443735055,0.04479636026564372,-0.008561749246861764,-0.05448818528406968,0.7333333333333333,0.7311369451052561,-0.8660254037844385,-0.5000000000000004,0.9884683243281114,0.1514277775045767,-0.433883739117558,-0.9009688679024191
-0.0035179043970793764,0.015840368662296978,-0.03864796877745246,0.0008595364282684491,0.27155269052189734,0.7333333333333333,0.7311818304232686,-0.8660254037844385,-0.5000000000000004,0.9987165071710528,-0.05064916883871264,-0.9749279121818236,-0.2225209339563146
-0.0026466684802282227,-0.031935515460804406,0.010453047082823066,-0.009495098642564346,0.33385557573004115,0.7333333333333333,0.7313164863773061,-0.8660254037844385,-0.5000000000000004,0.7907757369376989,-0.6121059825476626,0.7818314824680298,0.6234898018587336
0.007042212789211634,0.011884678425446018,0.008628234684239173,-0.011339030303705458,-0.5471393581279628,0.7333333333333333,0.7313613716953186,-0.8660254037844385,-0.5000000000000004,0.6513724827222223,-0.758758122692791,0.9749279121818236,-0.22252093395631434
-0.02666822164632427,-0.01273901339606918,-0.004304780710176013,-0.013245214201674278,-0.1416505170630268,0.7333333333333333,0.731406257013331,-0.8660254037844385,-0.5000000000000004,0.48530196253108104,-0.8743466161445821,0.43388373911755823,-0.900968867902419
0.015199141688031237,-0.01376962914276354,-0.020044349992369988,0.0035493094853437704,-0.7195804376281008,0.7333333333333333,0.7314511423313435,-0.8660254037844385,-0.5000000000000004,0.29936312297335804,-0.9541392564000488,-0.433883739117558,-0.9009688679024191
-0.05377144543492422,-0.015720896018306806,-0.001762050365065106,-0.024205614506731376,0.28544743465036454,0.7333333333333333,0.731496027649356,-0.8660254037844385,-0.5000000000000004,0.10116832198743272,-0.994869323391895,-0.9749279121818236,-0.2225209339563146
0.0,0.01745255844742592,-0.028624467101720633,-0.019240153160469432,0.9875182411625228,0.7333333333333333,0.7316306836033933,-0.8660254037844385,-0.5000000000000004,-0.4853019625310808,-0.8743466161445822,0.7818314824680298,0.6234898018587336
0.0037383853337116133,-0.03611145723249075,-0.02760062083644397,0.021053388520920945,-0.9288695140810151,0.7333333333333333,0.7316755689214058,-0.8660254037844385,-0.5000000000000004,-0.6513724827222217,-0.7587581226927913,0.9749279121818236,-0.22252093395631434
0.008360467675974375,0.0017922416342370606,0.0294138561968954,-0.010929059852906334,-1.3990333868973204,0.7333333333333333,0.7317204542394183,-0.8660254037844385,-0.5000000000000004,-0.7907757369376986,-0.6121059825476627,0.43388373911755823,-0.900968867902419
0.003693378754208391,0.004466218699481866,0.016172843654988372,0.01904817643306942,0.5411309732613195,0.7333333333333333,0.7317653395574308,-0.8660254037844385,-0.5000000000000004,-0.8978045395707417,-0.44039415155763423,-0.433883739117558,-0.9009688679024191
0.019169898584100002,0.004446360249328724,-0.0026773752071124826,0.011612509816752442,0.7651206801850345,0.7333333333333333,0.7318102248754433,-0.8660254037844385,-0.5000000000000004,-0.9680771188662041,-0.2506525322587213,-0.9749279121818236,-0.2225209339563146
0.0018067481444443059,0.02886080644385211,0.014197271105750814,-0.01521293476063981,1.4254482985394488,0.7333333333333333,0.7319448808294807,-0.8660254037844385,-0.5000000000000004,-0.9377521321470804,0.3473052528448203,0.7818314824680298,0.6234898018587336
0.0036035396986211377,-0.01826936639746312,-0.02047256289317387,0.006292214018317936,-2.2521268717239167,0.7333333333333333,0.7319897661474932,-0.8660254037844385,-0.5000000000000004,-0.8486442574947509,0.5289640103269624,0.9749279121818236,-0.22252093395631434
0.010733546029209675,0.018269366397463,0.015172202485826939,0.02739901056409548,0.9808292530117262,0.7333333333333333,0.7320346514655057,-0.8660254037844385,-0.5000000000000004,-0.7247927872291207,0.6889669190756859,0.43388373911755823,-0.900968867902419
0.02112759010554916,0.03056262257037641,0.016688933648931852,0.0069504369888584204,-0.5913644862500029,0.7333333333333333,0.7320795367835181,-0.8660254037844385,-0.5000000000000004,-0.5712682150947924,0.8207634412072763,-0.433883739117558,-0.9009688679024191
0.0060790404123361045,-0.010084109974802514,0.0060790404123361045,0.005181353941462286,-0.7713993774596936,0.7333333333333333,0.7321244221015306,-0.8660254037844385,-0.5000000000000004,-0.3943558551133187,0.9189578116202306,-0.9749279121818236,-0.2225209339563146
0.004319657140621676,0.0033727416343363272,0.005181353941462286,0.01453636917768804,0.4284546263328632,0.7333333333333333,0.7323039633735805,-1.0,-1.8369701987210297e-16,0.39435585511331855,0.9189578116202306,0.9749279121818236,-0.22252093395631434
0.02385125422991024,0.008382330415991202,0.025511624435312682,0.008453188251381628,-1.4170660197866443,0.7333333333333333,0.732348848691593,-1.0,-1.8369701987210297e-16,0.5712682150947923,0.8207634412072763,0.43388373911755823,-0.900968867902419
-0.029037086453438513,-0.004182472232377216,-0.006739698878986659,-0.015267457310675045,1.2878542883066382,0.7333333333333333,0.7323937340096055,-1.0,-1.8369701987210297e-16,0.72479278722912,0.6889669190756866,-0.433883739117558,-0.9009688679024191
0.018033962894147184,-0.002517833725158559,-0.002539144059238597,0.004264333751383608,0.06669137449867214,0.7333333333333333,0.732438619327618,-1.0,-1.8369701987210297e-16,0.8486442574947509,0.5289640103269624,-0.9749279121818236,-0.2225209339563146
-0.02150612317497713,-0.018660344497884014,-0.020548648092337213,-0.01890082685247241,-0.01626052087178029,0.7333333333333333,0.7325732752816554,-1.0,-1.8369701987210297e-16,0.9987165071710528,-0.05064916883871264,0.7818314824680298,0.6234898018587336
0.0026052963225047963,0.027861691324695084,-0.0017316624291190338,0.04078732169703027,0.589606501619105,0.7333333333333333,0.7326181605996679,-1.0,-1.8369701987210297e-16,0.9680771188662043,-0.2506525322587204,0.9749279121818236,-0.22252093395631434
0.023994211832663526,0.060575638370934416,0.023127347874338344,0.0,-0.2578291093020998,0.7333333333333333,0.7326630459176804,-1.0,-1.8369701987210297e-16,0.8978045395707416,-0.4403941515576344,0.43388373911755823,-0.900968867902419
0.0033812946644944013,-0.02058672706249139,0.01094752776831684,0.003324901769345391,0.8405524722476722,0.7333333333333333,0.7327079312356929,-1.0,-1.8369701987210297e-16,0.7907757369376989,-0.6121059825476626,-0.433883739117558,-0.9009688679024191
0.0067283020982196184,0.036139124499275636,-0.0008379310056026473,0.022970753039324356,-0.015345569674660421,0.7333333333333333,0.7327528165537053,-1.0,-1.8369701987210297e-16,0.6513724827222223,-0.758758122692791,-0.9749279121818236,-0.2225209339563146
0.005850468036813694,0.0,0.005850468036813694,0.013693256499773208,-0.06385147198653278,0.7333333333333333,0.7328874725077428,-1.0,-1.8369701987210297e-16,0.10116832198743272,-0.994869323391895,0.7818314824680298,0.6234898018587336
0.0008330450648388574,-0.004640374935987326,0.02955877446462218,-0.008032048950153439,-0.3061668871258839,0.7333333333333333,0.7329323578257553,-1.0,-1.8369701987210297e-16,-0.10116832198743204,-0.9948693233918952,0.9749279121818236,-0.22252093395631434
0.007465749868250392,-0.015625302186053888,-0.008123513969298146,0.016793603353677668,0.11944003686401299,0.7333333333333333,0.7329772431437678,-1.0,-1.8369701987210297e-16,-0.29936312297335776,-0.9541392564000489,0.43388373911755823,-0.900968867902419
0.02529706535261755,0.021036928613401853,0.03368398758233668,0.00632412567058852,-0.020067563050809256,0.7333333333333333,0.7330221284617802,-1.0,-1.8369701987210297e-16,-0.4853019625310808,-0.8743466161445822,-0.433883739117558,-0.9009688679024191
0.024672993856702533,0.0023104119893991664,0.014873114850306138,0.024135107905922767,0.2602830982636665,0.7333333333333333,0.7330670137797927,-1.0,-1.8369701987210297e-16,-0.6513724827222217,-0.7587581226927913,-0.9749279121818236,-0.2225209339563146
0.017920269486576205,0.01526745712542374,0.016949651717847652,-0.0030816634807598097,-0.9400072584914712,0.7333333333333333,0.7332016697338302,-1.0,-1.8369701987210297e-16,-0.9680771188662041,-0.2506525322587213,0.7818314824680298,0.6234898018587336
0.0,0.001513895147516328,0.009125529181513218,-0.0007719572435719005,-0.013423020332140661,0.7333333333333333,0.7332465550518426,-1.0,-1.8369701987210297e-16,-0.9987165071710528,-0.05064916883871355,0.9749279121818236,-0.22252093395631434
0.0023138658558099667,-0.0007565527989295224,0.0,0.0023138658558099667,-2.917770732084279,0.7333333333333333,0.733291440369855,-1.0,-1.8369701987210297e-16,-0.9884683243281114,0.15142777750457667,0.43388373911755823,-0.900968867902419
-0.0210205510700977,0.0,-0.03858510541262986,-0.001541908612238006,2.0794415416798357,0.7333333333333333,0.7333363256878676,-1.0,-1.8369701987210297e-16,-0.9377521321470804,0.3473052528448203,-0.433883739117558,-0.9009688679024191
0.010176259079758323,-0.0030327082734426538,0.014062718390414636,0.006153749778031507,0.661398482245365,0.7333333333333333,0.73338121100588,-1.0,-1.8369701987210297e-16,-0.8486442574947509,0.5289640103269624,-0.9749279121818236,-0.2225209339563146
-0.0031202359615313978,-0.00915337349673065,-0.007006695272187806,0.0007666314065654402,-0.9916401691159419,0.7333333333333333,0.7335158669599174,-1.0,-1.8369701987210297e-16,-0.3943558551133187,0.9189578116202306,0.7818314824680298,0.6234898018587336
-0.00705602311822685,0.01294263456910296,0.031529082294403134,-0.0023014399062319694,1.1411719030869056,0.7333333333333333,0.7335607522779299,-1.0,-1.8369701987210297e-16,-0.20129852008866114,0.9795299412524943,0.9749279121818236,-0.22252093395631434
0.014838267521872298,-0.004548904579567612,-0.02219776316957193,-0.00925931621435231,-0.4480247225269604,0.7333333333333333,0.7336056375959424,-0.866025403784439,0.49999999999999933,0.20129852008866006,0.9795299412524945,0.43388373911755823,-0.900968867902419
-0.00700124428278621,-0.019954486110119504,-0.001549074721185609,-0.00700124428278621,-0.570544858467613,0.7333333333333333,0.7336505229139549,-0.866025403784439,0.49999999999999933,0.39435585511331855,0.9189578116202306,-0.433883739117558,-0.9009688679024191
-0.0015624988335952827,0.022989495542170824,0.0,0.029232823474193623,0.0,0.7333333333333333,0.7336954082319673,-0.866025403784439,0.49999999999999933,0.5712682150947923,0.8207634412072763,-0.9749279121818236,-0.2225209339563146
0.0015624988335953857,-0.008368186832926505,0.014621308709244281,-0.015279121853318704,2.205735267004128,0.7333333333333333,0.7338300641860048,-0.866025403784439,0.49999999999999933,0.9377521321470804,0.3473052528448203,0.7818314824680298,0.6234898018587336
0.008550319003971714,-0.0038271839952255236,-0.005361992494891948,0.0007695810786581851,-1.1200263831719262,0.7333333333333333,0.7338749495040173,-0.866025403784439,0.49999999999999933,0.9884683243281114,0.1514277775045767,0.9749279121818236,-0.22252093395631434
-0.01246109722198253,0.003827183995225558,0.005361992494891966,-0.007722038416747061,0.09884583463663264,0.7333333333333333,0.7339198348220297,-0.866025403784439,0.49999999999999933,0.9987165071710528,-0.05064916883871264,0.43388373911755823,-0.900968867902419
-0.00471327968525697,-0.012298484926257246,-0.013846471394619943,-0.0038835518049316255,-0.365113812584597,0.7333333333333333,0.7339647201400422,-0.866025403784439,0.49999999999999933,0.9680771188662043,-0.2506525322587204,-0.433883739117558,-0.9009688679024191
-0.030378120203904516,-0.002322823782987026,-0.014826689108785198,0.0,0.7587444630457586,0.7333333333333333,0.7340096054580547,-0.866025403784439,0.49999999999999933,0.8978045395707416,-0.4403941515576344,-0.9749279121818236,-0.2225209339563146
-0.002438090458159911,0.0038684176924153116,0.017920269486576205,-0.026815461144909004,0.7010523600670585,0.7333333333333333,0.7341442614120921,-0.866025403784439,0.49999999999999933,0.48530196253108104,-0.8743466161445821,0.7818314824680298,0.6234898018587336
0.02332247813990765,-0.013214270739467944,-0.02898745240062611,0.019786990449043723,-1.7761341513249742,0.7333333333333333,0.7341891467301046,-0.866025403784439,0.49999999999999933,0.29936312297335804,-0.9541392564000488,0.9749279121818236,-0.22252093395631434
-0.02576641073303532,-0.016568466418927695,-0.005579978241629973,-0.015002296965183442,-0.4653632496892333,0.7333333333333333,0.7342340320481171,-0.866025403784439,0.49999999999999933,0.10116832198743272,-0.994869323391895,0.43388373911755823,-0.900968867902419
-0.007368075377594546,0.0412991138689898,-0.027554507868999992,0.01107605194410791,1.6808968764162453,0.7333333333333333,0.7342789173661296,-0.866025403784439,0.49999999999999933,-0.10116832198743204,-0.9948693233918952,-0.433883739117558,-0.9009688679024191
0.04341525329696835,-0.0007634856937652477,0.04341525329696835,0.016387342243058028,-1.2631616757162665,0.7333333333333333,0.7343238026841421,-0.866025403784439,0.49999999999999933,-0.29936312297335776,-0.9541392564000489,-0.9749279121818236,-0.2225209339563146
-0.011871969683157308,-0.0038271839952255236,0.013286678380191434,-0.008550319003971758,1.1462403376573644,0.7333333333333333,0.7344584586381795,-0.866025403784439,0.49999999999999933,-0.7907757369376986,-0.6121059825476627,0.7818314824680298,0.6234898018587336
0.0236045365138875,0.004590669688990765,-0.0015541115494610341,0.017028368987572255,-0.5557473111575023,0.7333333333333333,0.734503343956192,-0.866025403784439,0.49999999999999933,-0.8978045395707417,-0.44039415155763423,0.9749279121818236,-0.22252093395631434
-0.004676543712503473,-0.007662755986262417,0.010827739107889183,-0.007704300921799097,-0.8700778887190235,0.7333333333333333,0.7345482292742045,-0.866025403784439,0.49999999999999933,-0.9680771188662041,-0.2506525322587213,0.43388373911755823,-0.900968867902419
0.0,0.007662755986262512,-0.015504282820392552,0.0053992146337600725,0.7556675375412792,0.7333333333333333,0.734593114592217,-0.866025403784439,0.49999999999999933,-0.9987165071710528,-0.05064916883871355,-0.433883739117558,-0.9009688679024191
0.007006695272187745,0.0,0.022403553112889687,-0.0007695810786582766,-0.47608267532211773,0.7333333333333333,0.7346379999102294,-0.866025403784439,0.49999999999999933,-0.9884683243281114,0.15142777750457667,-0.9749279121818236,-0.2225209339563146
-0.017214806238443476,-0.00689387666199187,-0.014621308709244328,-0.020218398995034047,-0.13005312824819779,0.7333333333333333,0.7347726558642669,-0.866025403784439,0.49999999999999933,-0.7247927872291207,0.6889669190756859,0.7818314824680298,0.6234898018587336
-0.0007896333562587501,-0.0007688793242706029,-0.0179903553699012,0.019448225205170623,1.6259672143853108,0.7333333333333333,0.7348175411822794,-0.866025403784439,0.49999999999999933,-0.5712682150947924,0.8207634412072763,0.9749279121818236,-0.22252093395631434
0.02264840641857529,0.007662755986262512,0.02494281270798996,-0.0007706571208774365,-0.9468062758001056,0.7333333333333333,0.7348624265002918,-0.866025403784439,0.49999999999999933,-0.3943558551133187,0.9189578116202306,0.43388373911755823,-0.900968867902419
-0.003093580377791064,-0.0015277734759578919,0.001538460402928878,0.003079291313669772,-0.8953840470548413,0.7333333333333333,0.7349073118183043,-0.866025403784439,0.49999999999999933,-0.20129852008866114,0.9795299412524943,-0.433883739117558,-0.9009688679024191
0.019179648795495132,0.040454915667327326,0.011463568369101883,0.02953644060825004,1.5155060925998969,0.7333333333333333,0.7349521971363168,-0.866025403784439,0.49999999999999933,-2.4492935982947064e-16,1.0,-0.9749279121818236,-0.2225209339563146
0.009077318012419311,0.0036642942339973608,0.01807287223914836,0.01994887247910852,-0.7884573603642702,0.7333333333333333,0.7350868530903542,-0.5000000000000012,0.8660254037844379,0.5712682150947923,0.8207634412072763,0.7818314824680298,0.6234898018587336
0.002256432435371051,0.013081570337311364,0.02068018557221995,-0.026687994270466513,0.540384426007535,0.7333333333333333,0.7351317384083667,-0.5000000000000012,0.8660254037844379,0.72479278722912,0.6889669190756866,0.9749279121818236,-0.22252093395631434
0.0067391217913579,0.0,-0.0176995602935799,0.029609938854406603,-1.2335316065674804,0.7333333333333333,0.7351766237263792,-0.5000000000000012,0.8660254037844379,0.8486442574947509,0.5289640103269624,0.43388373911755823,-0.900968867902419
-0.007490664505163051,0.009342547171222971,0.016968247200468578,-0.015435845692503142,0.550046336919272,0.7333333333333333,0.7352215090443917,-0.5000000000000012,0.8660254037844379,0.9377521321470804,0.3473052528448203,-0.433883739117558,-0.9009688679024191
0.06547796876666902,0.08235105659761165,0.03803843178239734,0.08651734881540121,1.4604023332736125,0.7333333333333333,0.7352663943624042,-0.5000000000000012,0.8660254037844379,0.9884683243281114,0.1514277775045767,-0.9749279121818236,-0.2225209339563146
0.029832171925927065,0.07363733811106826,0.0461037023735664,0.06190261610970084,0.7766180712275499,0.7333333333333333,0.7354010503164415,-0.5000000000000012,0.8660254037844379,0.8978045395707416,-0.4403941515576344,0.7818314824680298,0.6234898018587336
0.0680354601082147,-0.011077114134033712,0.0807150388507279,0.019602298719780226,-1.2829893446441603,0.7333333333333333,0.735445935634454,-0.5000000000000012,0.8660254037844379,0.7907757369376989,-0.6121059825476626,0.9749279121818236,-0.22252093395631434
-0.04372638533429972,-0.014334871490151066,-0.011856646413662231,-0.027294637289027174,0.5795221550522256,0.7333333333333333,0.7354908209524665,-0.5000000000000012,0.8660254037844379,0.6513724827222223,-0.758758122692791,0.43388373911755823,-0.900968867902419
-0.0020032899389235237,-0.02350062871820018,-0.06215596058254357,-0.0019323198547421562,-0.9100859549872722,0.7333333333333333,0.7355357062704789,-0.5000000000000012,0.8660254037844379,0.48530196253108104,-0.8743466161445821,-0.433883739117558,-0.9009688679024191
0.043812176658998406,0.035357275131862334,0.058382374763737255,0.036713037813435836,0.9265472320413441,0.7333333333333333,0.7355805915884914,-0.5000000000000012,0.8660254037844379,0.29936312297335804,-0.9541392564000488,-0.9749279121818236,-0.2225209339563146
0.031488717914637414,0.020872438006841378,0.027960832727257787,0.014193330295495103,-0.6034184105938156,0.7333333333333333,0.7357152475425289,-0.5000000000000012,0.8660254037844379,-0.29936312297335776,-0.9541392564000489,0.7818314824680298,0.6234898018587336
0.014158469665729694,0.011477053226614436,0.002447979281200451,0.010969020852107304,0.2839437503411738,0.7333333333333333,0.7357601328605413,-0.5000000000000012,0.8660254037844379,-0.4853019625310808,-0.8743466161445822,0.9749279121818236,-0.22252093395631434
-0.009828079436654352,-0.0006008234237339405,0.01697008803373215,-0.010356420196032164,-0.19135096351334882,0.7333333333333333,0.7358050181785538,-0.5000000000000012,0.8660254037844379,-0.6513724827222217,-0.7587581226927913,0.43388373911755823,-0.900968867902419
0.006767123989765747,-0.0024067377518887626,-0.02003104348062092,0.01096233996647504,-0.44713780450873236,0.7333333333333333,0.7358499034965663,-0.5000000000000012,0.8660254037844379,-0.7907757369376986,-0.6121059825476627,-0.433883739117558,-0.9009688679024191
-0.008620735070485731,-0.0018088190420945886,0.015815486686637428,0.0,-0.7591051483517427,0.7333333333333333,0.7358947888145788,-0.5000000000000012,0.8660254037844379,-0.8978045395707417,-0.44039415155763423,-0.9749279121818236,-0.2225209339563146
0.017775548748226205,-0.000603725073604995,-0.0018121832861782896,0.0030238448247940073,0.22314355131420976,0.7333333333333333,0.7360294447686162,-0.5000000000000012,0.8660254037844379,-0.9884683243281114,0.15142777750457667,0.7818314824680298,0.6234898018587336
-0.0006076739758018903,-0.00060408977776172,-0.003027593514477562,-0.0018131921294867643,-0.6751286750572671,0.7333333333333333,0.7360743300866287,-0.5000000000000012,0.8660254037844379,-0.9377521321470804,0.3473052528448203,0.9749279121818236,-0.22252093395631434
-0.006709424820516874,0.0,0.00242285959756401,-0.008505510576284944,0.8266785731844679,0.7333333333333333,0.7361192154046412,-0.5000000000000012,0.8660254037844379,-0.8486442574947509,0.5289640103269624,0.43388373911755823,-0.900968867902419
0.0042747679756496544,0.006024195069084086,-0.007286086626474558,0.012128699346379246,-0.42121346507630353,0.7333333333333333,0.7362089860406661,-0.5000000000000012,0.8660254037844379,-0.5712682150947924,0.8207634412072763,-0.9749279121818236,-0.2225209339563146
-0.016590182632462012,0.0,0.014519384047283647,-0.006652616503682091,1.0414538748281612,0.7333333333333333,0.7363436419947036,-2.4492935982947064e-16,1.0,0.20129852008866006,0.9795299412524945,0.7818314824680298,0.6234898018587336
0.02266561656362932,0.07684977931119677,-0.001803468251527333,0.08041605728526613,1.1662971154950459,0.7333333333333333,0.7363885273127161,-2.4492935982947064e-16,1.0,0.39435585511331855,0.9189578116202306,0.9749279121818236,-0.22252093395631434
0.058805831459998945,0.023090691523785727,0.07139669362780116,0.013348350078897762,-1.1012335221479839,0.7333333333333333,0.7364334126307286,-2.4492935982947064e-16,1.0,0.5712682150947923,0.8207634412072763,0.43388373911755823,-0.900968867902419
0.033692094470662855,0.05703757756544403,0.014460750438271403,0.016438788625215573,0.7467998940522653,0.7333333333333333,0.736478297948741,-2.4492935982947064e-16,1.0,0.72479278722912,0.6889669190756866,-0.433883739117558,-0.9009688679024191
0.01751556163273473,0.05493145067512364,0.01751556163273473,0.08438109894235485,-0.06553404137907282,0.7333333333333333,0.7365231832667535,-2.4492935982947064e-16,1.0,0.8486442574947509,0.5289640103269624,-0.9749279121818236,-0.2225209339563146
0.044050630013397235,-0.004382798788252749,0.08375046227847845,0.0,0.9743341015240702,0.7333333333333333,0.736657839220791,-2.4492935982947064e-16,1.0,0.9987165071710528,-0.05064916883871264,0.7818314824680298,0.6234898018587336
0.02562926151760381,0.0,-0.004501092842013223,-0.010544938677907673,-1.4060368398490917,0.7333333333333333,0.7367027245388034,-2.4492935982947064e-16,1.0,0.9680771188662043,-0.2506525322587204,0.9749279121818236,-0.22252093395631434
0.007060104674735551,0.07110552395234011,-0.002509373230728447,0.08974193717646117,2.084032215388435,0.7333333333333333,0.7367476098568159,-2.4492935982947064e-16,1.0,0.8978045395707416,-0.4403941515576344,0.43388373911755823,-0.900968867902419
0.0020079590436140895,0.015336325438577547,0.09713577015598948,0.02910616543741829,-1.086472534117499,0.7333333333333333,0.7367924951748284,-2.4492935982947064e-16,1.0,0.7907757369376989,-0.6121059825476626,-0.433883739117558,-0.9009688679024191
0.07625503523326412,0.04977015468446154,0.02432550103681406,0.037391641021143465,0.22765823166873636,0.7333333333333333,0.7368373804928409,-2.4492935982947064e-16,1.0,0.6513724827222223,-0.758758122692791,-0.9749279121818236,-0.2225209339563146
0.07387556301408554,0.1311328838516246,0.037559027124216174,0.14485521347984898,1.7781538171722764,0.7333333333333333,0.7369720364468783,-2.4492935982947064e-16,1.0,0.10116832198743272,-0.994869323391895,0.7818314824680298,0.6234898018587336
0.1156227465232483,0.02106903275154555,0.15126851401551833,0.0003734556729888943,-1.2105902883882005,0.7333333333333333,0.7370169217648908,-2.4492935982947064e-16,1.0,-0.10116832198743204,-0.9948693233918952,0.9749279121818236,-0.22252093395631434
0.0015366872609284034,-0.005133905469300732,-0.01859473821897019,0.01261616417201247,-0.6699255414456456,0.7333333333333333,0.7370618070829033,-2.4492935982947064e-16,1.0,-0.29936312297335776,-0.9541392564000489,0.43388373911755823,-0.900968867902419
0.003066308390944768,0.001836624814055342,0.022639732544016893,-0.0103781410638231,-0.804960049229825,0.7333333333333333,0.7371066924009158,-2.4492935982947064e-16,1.0,-0.4853019625310808,-0.8743466161445822,-0.433883739117558,-0.9009688679024191
-0.160742096730831,-0.01889295666001307,-0.021889317848340712,-0.1875513306072084,1.1479691856382022,0.7333333333333333,0.7371515777189281,-2.4492935982947064e-16,1.0,-0.6513724827222217,-0.7587581226927913,-0.9749279121818236,-0.2225209339563146
-0.019056820114425756,-0.08789569494278578,-0.19896335607839824,0.061021172113520455,-1.018351692334816,0.7333333333333333,0.7372862336729656,-2.4492935982947064e-16,1.0,-0.9680771188662041,-0.2506525322587213,0.7818314824680298,0.6234898018587336
0.038198304223767694,0.04978125377501533,0.07194803797881409,0.020506991584692977,0.6753425559264385,0.7333333333333333,0.7373311189909781,-2.4492935982947064e-16,1.0,-0.9987165071710528,-0.05064916883871355,0.9749279121818236,-0.22252093395631434
0.03594238071446835,-0.051007022468183255,0.040890215651958106,0.0012420075354243217,-2.997730276216664,0.7333333333333333,0.7373760043089905,-2.4492935982947064e-16,1.0,-0.9884683243281114,0.15142777750457667,0.43388373911755823,-0.900968867902419
-0.021931656808076714,0.0016338688919846653,-0.0028659445035264888,0.006597956047165251,1.0986122886681098,0.7333333333333333,0.7374657749450155,-2.4492935982947064e-16,1.0,-0.8486442574947509,0.5289640103269624,-0.9749279121818236,-0.2225209339563146
0.05621591926506942,0.050538002727992956,0.006538635705567826,0.039489438994207454,0.8642954367557748,0.7333333333333333,0.7376004308990529,-2.4492935982947064e-16,1.0,-0.3943558551133187,0.9189578116202306,0.7818314824680298,0.6234898018587336
0.02876439216025212,0.005803868792796443,0.04733433126614195,0.018399433696682177,-0.5666630334508256,0.7333333333333333,0.7376453162170654,-2.4492935982947064e-16,1.0,-0.20129852008866114,0.9795299412524943,0.9749279121818236,-0.22252093395631434
0.018203945541959764,0.022129893747090953,0.008125372235437946,-0.008179172488268327,0.3616132255793149,0.7333333333333333,0.7376902015350779,-2.4492935982947064e-16,1.0,-2.4492935982947064e-16,1.0,0.43388373911755823,-0.900968867902419
-0.02381062571361482,-0.01367812012085132,-0.002314758487079269,0.0031237792601598187,0.033901551675681416,0.75,0.7377799721711029,0.49999999999999994,0.8660254037844387,0.39435585511331855,0.9189578116202306,-0.9749279121818236,-0.2225209339563146
-0.022746693441007288,-0.025572797251692224,-0.03378171224893845,-0.04914108306514924,0.7576857016975165,0.75,0.7379146281251403,0.49999999999999994,0.8660254037844387,0.8486442574947509,0.5289640103269624,0.7818314824680298,0.6234898018587336
-0.03469528100458257,-0.027453543086756228,-0.009634750267038144,-0.029083985780979395,-1.0769731135646285,0.75,0.7379595134431528,0.49999999999999994,0.8660254037844387,0.9377521321470804,0.3473052528448203,0.9749279121818236,-0.22252093395631434
-0.05283916498596985,-0.03155358820554107,-0.036561881580560215,-0.03125917551837535,0.009132483563272474,0.75,0.7380043987611653,0.49999999999999994,0.8660254037844387,0.9884683243281114,0.1514277775045767,0.43388373911755823,-0.900968867902419
-0.10885443730707307,-0.05256495656518275,-0.05195414059884791,-0.060053890706984525,1.2264456601779945,0.75,0.7380492840791778,0.49999999999999994,0.8660254037844387,0.9987165071710528,-0.05064916883871264,-0.433883739117558,-0.9009688679024191
0.07603475077496205,0.0,-0.042310564794193053,0.038954227416534114,-0.728428994704585,0.75,0.7380941693971902,0.49999999999999994,0.8660254037844387,0.9680771188662043,-0.2506525322587204,-0.9749279121818236,-0.2225209339563146
0.03595374858320065,0.015672984914216065,0.04758529715777619,0.004874779358699027,-0.6658975381125698,0.75,0.7382288253512277,0.49999999999999994,0.8660254037844387,0.6513724827222223,-0.758758122692791,0.7818314824680298,0.6234898018587336
-0.0722871343282616,0.003880116965357483,-0.03570217041967467,-0.05217790792909436,0.5972992217698175,0.75,0.7382737106692402,0.49999999999999994,0.8660254037844387,0.48530196253108104,-0.8743466161445821,0.9749279121818236,-0.22252093395631434
-0.03720445147649508,-0.08482321107795654,-0.06039752303415202,-0.029782333492558006,0.6384222808706987,0.75,0.7383185959872526,0.49999999999999994,0.8660254037844387,0.29936312297335804,-0.9541392564000488,0.43388373911755823,-0.900968867902419
0.02365812443761851,0.0,-0.00580833636746504,0.020423426526667874,-1.4116121691041805,0.75,0.7383634813052651,0.49999999999999994,0.8660254037844387,0.10116832198743272,-0.994869323391895,-0.433883739117558,-0.9009688679024191
0.013065708174060206,0.009324134861374985,0.02065899749419168,0.009824597595795924,0.109199291964992,0.75,0.7384083666232776,0.49999999999999994,0.8660254037844387,-0.10116832198743204,-0.9948693233918952,-0.9749279121818236,-0.2225209339563146
-0.03822117530678604,0.019302051446190786,0.006635021336889464,-0.06094471502644662,0.40162633180099866,0.75,0.7385879078953275,0.49999999999999994,0.8660254037844387,-0.7907757369376986,-0.6121059825476627,0.9749279121818236,-0.22252093395631434
0.009940359063163878,-0.054724880969535636,-0.045912864068663094,0.02733214958259337,-1.3121863889661687,0.75,0.73863279321334,0.49999999999999994,0.8660254037844387,-0.8978045395707417,-0.44039415155763423,0.43388373911755823,-0.900968867902419
0.005425444253883336,-0.0014433129915650655,0.02635588968922907,-0.0033759687929623356,0.7073318155519017,0.75,0.7386776785313525,0.49999999999999994,0.8660254037844387,-0.9680771188662041,-0.2506525322587213,-0.433883739117558,-0.9009688679024191
-0.1090290864640961,-0.0009634591890494935,-0.010167142302833738,-0.070028608299215,0.7001647532185918,0.75,0.738722563849365,0.49999999999999994,0.8660254037844387,-0.9987165071710528,-0.05064916883871355,-0.9749279121818236,-0.2225209339563146
0.0005484346744561604,-0.08285794356767202,-0.07317264689105978,-0.0161925930220368,0.31015492830383945,0.75,0.7388572198034024,0.49999999999999994,0.8660254037844387,-0.8486442574947509,0.5289640103269624,0.7818314824680298,0.6234898018587336
0.020082105730657097,0.046043969583201796,-0.025989202300434954,0.025988964538743723,-0.5816516763346031,0.75,0.7389021051214149,0.49999999999999994,0.8660254037844387,-0.7247927872291207,0.6889669190756859,0.9749279121818236,-0.22252093395631434
0.04825270221859103,0.009950392464305487,0.04825270221859103,0.010717148751787796,0.3325326386171327,0.75,0.7389469904394274,0.49999999999999994,0.8660254037844387,-0.5712682150947924,0.8207634412072763,0.43388373911755823,-0.900968867902419
0.011707899724288361,-0.009950392464305383,0.0237804696650456,0.012610531614869573,-0.8807457944547437,0.75,0.7389918757574397,0.49999999999999994,0.8660254037844387,-0.3943558551133187,0.9189578116202306,-0.433883739117558,-0.9009688679024191
0.00454427451337187,0.049266298734446975,-0.002503092035293327,0.017884215098099763,0.4212134650763035,0.75,0.7390367610754522,0.49999999999999994,0.8660254037844387,-0.20129852008866114,0.9795299412524943,-0.9749279121818236,-0.2225209339563146
0.012515832312392273,-0.00047611072315683305,0.025731231746805677,0.033409064948483606,0.15415067982725836,0.75,0.7391714170294897,0.8660254037844386,0.5000000000000001,0.39435585511331855,0.9189578116202306,0.7818314824680298,0.6234898018587336
-0.007490628920300109,0.06810358815053211,0.040685195559937576,-0.014388723630732781,1.641074997377283,0.75,0.7392163023475021,0.8660254037844386,0.5000000000000001,0.5712682150947923,0.8207634412072763,0.9749279121818236,-0.22252093395631434
-0.16532406018694454,-0.08830627600531045,-0.054458149824737546,-0.12268633248891996,0.02224214873372074,0.75,0.7392611876655146,0.8660254037844386,0.5000000000000001,0.72479278722912,0.6889669190756866,0.43388373911755823,-0.900968867902419
0.04622441030830624,-0.12125121244526178,-0.11370518403711531,-0.020972130155080492,-1.5615344518010612,0.75,0.7393060729835271,0.8660254037844386,0.5000000000000001,0.8486442574947509,0.5289640103269624,-0.433883739117558,-0.9009688679024191
-0.040916191791230266,-0.009368992602896552,-0.024151629480723885,-0.0317306777840998,0.14256306465487048,0.75,0.7393509583015396,0.8660254037844386,0.5000000000000001,0.9377521321470804,0.3473052528448203,-0.9749279121818236,-0.2225209339563146
0.028987592170334447,-0.0005539023097108545,-0.005129713463700224,0.008598537971718516,-0.6453565167235968,0.75,0.739485614255577,0.8660254037844386,0.5000000000000001,0.9680771188662043,-0.2506525322587204,0.7818314824680298,0.6234898018587336
0.012492971340334367,0.05915712789612621,0.016435564552482053,0.08895965877059302,-1.2729656758128873,0.75,0.7395304995735895,0.8660254037844386,0.5000000000000001,0.8978045395707416,-0.4403941515576344,0.9749279121818236,-0.22252093395631434
0.05489855485202395,0.0015653149595365719,0.07523161263665042,-0.003662083393930289,1.1143606456362487,0.75,0.739575384891602,0.8660254037844386,0.5000000000000001,0.7907757369376989,-0.6121059825476626,0.43388373911755823,-0.900968867902419
-0.0032102726817125823,0.011404985618691266,-0.009429081103305382,-0.0010487667713486848,0.8973627219886362,0.75,0.7396202702096145,0.8660254037844386,0.5000000000000001,0.6513724827222223,-0.758758122692791,-0.433883739117558,-0.9009688679024191
-0.008611455378654034,0.002574038305003983,-0.008456701705943427,0.020255189048511025,-0.431272992064037,0.75,0.739665155527627,0.8660254037844386,0.5000000000000001,0.48530196253108104,-0.8743466161445821,-0.9749279121818236,-0.2225209339563146
0.0407788246172792,0.01277151677183674,0.03443216301251183,0.007172154796231331,-0.3209077200801014,0.75,0.7398446967996769,0.8660254037844386,0.5000000000000001,-0.29936312297335776,-0.9541392564000489,0.9749279121818236,-0.22252093395631434
0.011864934643124707,0.009095556937270766,0.0,0.014694918912876156,-0.7487170317147561,0.75,0.7398895821176894,0.8660254037844386,0.5000000000000001,-0.4853019625310808,-0.8743466161445822,0.43388373911755823,-0.900968867902419
0.0,-0.002518220268685424,0.005115095801085178,-0.01163681556414442,0.7351113796589775,0.75,0.7399344674357018,0.8660254037844386,0.5000000000000001,-0.6513724827222217,-0.7587581226927913,-0.433883739117558,-0.9009688679024191
0.0,-0.0010090808380313337,-0.005115095801085085,0.008109514457427566,-0.027779564107075706,0.75,0.7399793527537143,0.8660254037844386,0.5000000000000001,-0.7907757369376986,-0.6121059825476627,-0.9749279121818236,-0.2225209339563146
0.001025114438119951,0.0070422757843155576,0.004094167636139008,-0.007600774934840744,0.19166741921219227,0.75,0.7401140087077518,0.8660254037844386,0.5000000000000001,-0.9987165071710528,-0.05064916883871355,0.7818314824680298,0.6234898018587336
0.002558234537543619,0.0025030920352932503,0.008644882284944104,0.0171461427544496,-0.1368591827171973,0.75,0.7401588940257642,0.8660254037844386,0.5000000000000001,-0.9884683243281114,0.15142777750457667,0.9749279121818236,-0.22252093395631434
-0.009240302992717943,0.0,0.012578734221348649,-0.009545367819608833,0.23638877806423034,0.75,0.7402037793437767,0.8660254037844386,0.5000000000000001,-0.9377521321470804,0.3473052528448203,0.43388373911755823,-0.900968867902419
0.009751121653193163,0.0,-0.005515139585178491,0.0015132757233849946,-0.2772107725844855,0.75,0.7402486646617892,0.8660254037844386,0.5000000000000001,-0.8486442574947509,0.5289640103269624,-0.433883739117558,-0.9009688679024191
0.01268732952471516,-0.0010004994028203382,-0.0015094687970756751,0.0,-1.791759469228055,0.75,0.7402935499798017,0.8660254037844386,0.5000000000000001,-0.7247927872291207,0.6889669190756859,-0.9749279121818236,-0.2225209339563146
-0.008609855772872087,-0.0025056007722269245,-0.009104758428402254,-0.0025234481187319485,1.9095425048844386,0.75,0.7404282059338391,1.0,6.123233995736766e-17,0.39435585511331855,0.9189578116202306,0.7818314824680298,0.6234898018587336
0.007095816293195472,0.00948816630687399,0.006079040349402274,0.0165376063467827,-0.13176927763112334,0.75,0.7404730912518516,1.0,6.123233995736766e-17,0.5712682150947923,0.8207634412072763,0.9749279121818236,-0.22252093395631434
-0.007604555815782332,0.0322766799237698,0.02099025638271681,-0.0004971054201944593,0.7612006438049609,0.75,0.7405179765698641,1.0,6.123233995736766e-17,0.72479278722912,0.6889669190756866,0.43388373911755823,-0.900968867902419
-0.022646339024164356,-0.03376880934567046,-0.006449993211536291,-0.024158172014250964,0.09411329157047864,0.75,0.7405628618878766,1.0,6.123233995736766e-17,0.8486442574947509,0.5289640103269624,-0.433883739117558,-0.9009688679024191
0.01856678613443294,-0.005991097255862481,-0.016562506650683716,0.0,-0.3644036213103904,0.75,0.740607747205889,1.0,6.123233995736766e-17,0.9377521321470804,0.3473052528448203,-0.9749279121818236,-0.2225209339563146
-0.002558234537543614,0.006488697430943117,-0.008130118400589156,0.00963247509496232,0.37037378829689427,0.75,0.7407424031599265,1.0,6.123233995736766e-17,0.9680771188662043,-0.2506525322587204,0.7818314824680298,0.6234898018587336
0.01676437427692619,0.005952393036455796,0.012674392913960926,0.014525696919288775,-0.5389965007326869,0.75,0.740787288477939,1.0,6.123233995736766e-17,0.8978045395707416,-0.4403941515576344,0.9749279121818236,-0.22252093395631434
0.02536819711467059,0.029241891798250312,0.03222095511996416,0.02358836434406196,-1.252762968495368,0.75,0.7408321737959513,1.0,6.123233995736766e-17,0.7907757369376989,-0.6121059825476626,0.43388373911755823,-0.900968867902419
0.006852758005293527,0.03770471343055397,0.019802573934202032,0.042316673561678564,0.8266785731844679,0.75,0.7408770591139638,1.0,6.123233995736766e-17,0.6513724827222223,-0.758758122692791,-0.433883739117558,-0.9009688679024191
0.055503909664273654,0.027823922521547344,0.035701335730071566,0.029811889357662057,-0.7915872533731978,0.75,0.7409219444319763,1.0,6.123233995736766e-17,0.48530196253108104,-0.8743466161445821,-0.9749279121818236,-0.2225209339563146
0.027760605406989998,0.11262152675578513,0.027760605406989998,0.07945163715219157,1.842190322854947,0.75,0.7410566003860137,1.0,6.123233995736766e-17,-0.10116832198743204,-0.9948693233918952,0.7818314824680298,0.6234898018587336
-0.01446678438363762,-0.013759757549414782,0.06389308592732101,-0.060650742723907705,0.275310780649234,0.75,0.7411014857040262,1.0,6.123233995736766e-17,-0.29936312297335776,-0.9541392564000489,0.9749279121818236,-0.22252093395631434
-0.003192734656899107,-0.06481028139321829,-0.03775648652268414,0.01321603931483763,-1.2801043140996888,0.75,0.7411463710220387,1.0,6.123233995736766e-17,-0.4853019625310808,-0.8743466161445822,0.43388373911755823,-0.900968867902419
0.019453239768593842,0.07252294495268007,0.0021838504902193826,0.054504773426982046,0.7152883064371588,0.75,0.7411912563400512,1.0,6.123233995736766e-17,-0.6513724827222217,-0.7587581226927913,-0.433883739117558,-0.9009688679024191
0.04211150715428648,-0.008528049306509666,0.0493717429014358,-0.035861192498952726,-0.7152883064371588,0.75,0.7412361416580637,1.0,6.123233995736766e-17,-0.7907757369376986,-0.6121059825476627,-0.9749279121818236,-0.2225209339563146
0.010256490134848532,0.006909156892471606,-0.023530474779099895,0.050670287142578534,0.20202662787328704,0.75,0.7413707976121011,1.0,6.123233995736766e-17,-0.9987165071710528,-0.05064916883871355,0.7818314824680298,0.6234898018587336
0.04489527718480052,0.00846957871502446,0.04489527718480052,0.004887988454518802,-0.2958453830909419,0.75,0.7414156829301136,1.0,6.123233995736766e-17,-0.9884683243281114,0.15142777750457667,0.9749279121818236,-0.22252093395631434
-0.035163909274671744,-0.00604233743606632,0.006079069336731604,-0.03557041755211992,0.2066142493629992,0.75,0.7414605682481261,1.0,6.123233995736766e-17,-0.9377521321470804,0.3473052528448203,0.43388373911755823,-0.900968867902419
-0.010582068962240057,-0.02040879297765831,-0.02454108522234606,-0.008456702089586694,-1.5448993912965292,0.75,0.7415054535661386,1.0,6.123233995736766e-17,-0.8486442574947509,0.5289640103269624,-0.433883739117558,-0.9009688679024191
0.0012758107449910754,0.026049357504937493,-0.02600815160630619,0.04565103801092991,1.4170660197866443,0.75,0.741550338884151,1.0,6.123233995736766e-17,-0.7247927872291207,0.6889669190756859,-0.9749279121818236,-0.2225209339563146
0.03998868731485007,0.004409847620164699,0.06059964897609622,-0.006511906823742063,-0.06252035698133393,0.75,0.7416849948381885,1.0,6.123233995736766e-17,-0.20129852008866114,0.9795299412524943,0.7818314824680298,0.6234898018587336
-0.009848243463856078,-0.010050412147443876,-0.010050412147443876,0.004481480177070615,-1.3545456628053103,0.75,0.741729880156201,1.0,6.123233995736766e-17,-2.4492935982947064e-16,1.0,0.9749279121818236,-0.22252093395631434
-0.051618973094227916,0.007246459016156879,0.007246459016156879,-0.006116250563189116,-0.06453852113757118,0.75,0.7417747654742134,0.8660254037844387,-0.4999999999999998,0.20129852008866006,0.9795299412524945,0.43388373911755823,-0.900968867902419
0.037917209329164155,-0.02436183356868779,-0.04135701575887902,-0.004920054652610078,1.33500106673234,0.75,0.7418196507922259,0.8660254037844387,-0.4999999999999998,0.39435585511331855,0.9189578116202306,-0.433883739117558,-0.9009688679024191
-0.015164555678035395,0.0020529360508511466,-0.0025115100064651997,-0.03215973786822662,-1.55814461804655,0.75,0.7419991920642758,0.8660254037844387,-0.4999999999999998,0.9377521321470804,0.3473052528448203,0.7818314824680298,0.6234898018587336
0.014746378551529597,0.0024580666211154022,0.002093332879959328,0.032570756415816644,-0.2876820724517809,0.75,0.7420440773822883,0.8660254037844387,-0.4999999999999998,0.9884683243281114,0.1514277775045767,0.9749279121818236,-0.22252093395631434
0.01659105044363399,0.00040905198064346,0.020286361519679396,0.004509036105020189,0.8472978603872037,0.75,0.7420889627003008,0.8660254037844387,-0.4999999999999998,0.9987165071710528,-0.05064916883871264,0.43388373911755823,-0.900968867902419
-0.006603401796752143,0.0,0.002047052449627555,-0.01234576532242526,-1.4350845252893227,0.75,0.7421338480183133,0.8660254037844387,-0.4999999999999998,0.9680771188662043,-0.2506525322587204,-0.433883739117558,-0.9009688679024191
-0.045751324165799044,-0.037079792520836784,-0.037079792520836784,-0.02898753861544134,2.2823823856765264,0.75,0.7421787333363258,0.8660254037844387,-0.4999999999999998,0.8978045395707416,-0.4403941515576344,-0.9749279121818236,-0.2225209339563146
0.002164938603310876,0.032570756415816644,0.007611023032202067,0.0034041945217730654,0.13353139262452257,0.75,0.7423133892903632,0.8660254037844387,-0.4999999999999998,0.48530196253108104,-0.8743466161445821,0.7818314824680298,0.6234898018587336
-0.00043258816623241984,-0.04581600097639305,-0.026895969562511075,-0.012395927665319691,-1.8281271133989299,0.75,0.7423582746083757,0.8660254037844387,-0.4999999999999998,0.29936312297335804,-0.9541392564000488,0.9749279121818236,-0.22252093395631434
-0.013504906651583904,0.030080642805993964,0.001297327145281512,-0.01779169881025902,2.3877429013343527,0.75,0.7424031599263882,0.8660254037844387,-0.4999999999999998,0.10116832198743272,-0.994869323391895,0.43388373911755823,-0.900968867902419
-0.007484037638539633,-0.020236819683588366,-0.006068562011815078,-0.009236947449597174,-0.3364722366212129,0.75,0.7424480452444006,0.8660254037844387,-0.4999999999999998,-0.10116832198743204,-0.9948693233918952,-0.433883739117558,-0.9009688679024191
-0.00398497885429121,0.008481867747524744,-0.018429639854411553,0.0074840376385395145,-0.8472978603872037,0.75,0.7424929305624131,0.8660254037844387,-0.4999999999999998,-0.29936312297335776,-0.9541392564000489,-0.9749279121818236,-0.2225209339563146
-0.009808361715185931,-0.035242179555124334,0.011010922743616265,-0.013245214201674278,-0.06899287148695143,0.75,0.7426275865164506,0.8660254037844387,-0.4999999999999998,-0.7907757369376986,-0.6121059825476627,0.7818314824680298,0.6234898018587336
-0.018539998560960502,-0.013210219254680976,-0.029786666128801664,-0.011622828678922668,1.0116009116784799,0.75,0.7426724718344629,0.8660254037844387,-0.4999999999999998,-0.8978045395707417,-0.44039415155763423,0.9749279121818236,-0.22252093395631434
-0.05102907521122583,-0.02786694490467366,-0.05662760378252006,-0.029199192332286066,-1.3993664426872434,0.75,0.7427173571524754,0.8660254037844387,-0.4999999999999998,-0.9680771188662041,-0.2506525322587213,0.43388373911755823,-0.900968867902419
0.03677921676732011,0.011780822576907705,0.03103208002418383,0.01013372192613148,0.14660347419187544,0.75,0.7427622424704879,0.8660254037844387,-0.4999999999999998,-0.9987165071710528,-0.05064916883871355,-0.433883739117558,-0.9009688679024191
-0.024843029604780225,0.005838803377893993,0.01013372192613148,0.02310409501832129,0.044451762570833796,0.75,0.7428071277885004,0.8660254037844387,-0.4999999999999998,-0.9884683243281114,0.15142777750457667,-0.9749279121818236,-0.2225209339563146
-0.1113373497596459,-0.004038624612166622,0.01906547040615473,-0.10820085462476556,2.0794415416798357,0.75,0.7429417837425378,0.8660254037844387,-0.4999999999999998,-0.7247927872291207,0.6889669190756859,0.7818314824680298,0.6234898018587336
0.03901665253604665,-0.106160230819319,-0.10666031961517511,-0.0024980896025761055,-1.5773495978825998,0.75,0.7429866690605503,0.8660254037844387,-0.4999999999999998,-0.5712682150947924,0.8207634412072763,0.9749279121818236,-0.22252093395631434
0.012674392913960926,0.038258746055596704,0.0019989992361555066,0.022750712245645906,0.12361395596717663,0.75,0.7430315543785628,0.8660254037844387,-0.4999999999999998,-0.3943558551133187,0.9189578116202306,0.43388373911755823,-0.900968867902419
0.009526296234105598,-0.003857281675039304,0.03290255394025787,-0.02025262264306972,-0.26469255422708216,0.75,0.7430764396965753,0.8660254037844387,-0.4999999999999998,-0.20129852008866114,0.9795299412524943,-0.433883739117558,-0.9009688679024191
-0.0009984299484211865,-0.005328139324863054,-0.02395618078963101,0.012890597945663764,0.4547361571149471,0.75,0.7431213250145878,0.5000000000000003,-0.8660254037844385,0.20129852008866006,0.9795299412524945,-0.9749279121818236,-0.2225209339563146
-0.005007588521570609,0.007740648928775978,-0.002477121321372477,0.0068729429990501386,-0.262364264467491,0.75,0.7432559809686252,0.5000000000000003,-0.8660254037844385,0.72479278722912,0.6889669190756866,0.7818314824680298,0.6234898018587336
0.008995554548278597,0.010546588473042559,0.01672449742302472,-0.001958862564151942,0.6805683983530852,0.75,0.7433008662866377,0.5000000000000003,-0.8660254037844385,0.8486442574947509,0.5289640103269624,0.9749279121818236,-0.22252093395631434
-0.02010116053516957,-0.027557883270230593,-0.004889980505296483,-0.02884341539493841,0.2456726643742379,0.75,0.7433457516046502,0.5000000000000003,-0.8660254037844385,0.9377521321470804,0.3473052528448203,0.43388373911755823,-0.900968867902419
0.009095556937270766,0.002447944262507705,-0.018803108328983353,0.0030226694947641363,-0.4879861317961679,0.75,0.7433906369226626,0.5000000000000003,-0.8660254037844385,0.9884683243281114,0.1514277775045767,-0.433883739117558,-0.9009688679024191
-0.003527301106716793,-0.008840913638985082,-0.008527866285684301,0.007017637571190829,-1.0360919316867756,0.75,0.7434355222406751,0.5000000000000003,-0.8660254037844385,0.9987165071710528,-0.05064916883871264,-0.9749279121818236,-0.2225209339563146
-0.011167617806159321,0.0014788889415792833,0.007528295427385549,-0.021712556484067037,0.6931471805599453,0.75,0.7435701781947126,0.5000000000000003,-0.8660254037844385,0.7907757369376989,-0.6121059825476626,0.7818314824680298,0.6234898018587336
-0.007172154796231194,-0.03000222240254664,-0.015113623650162725,-0.0035796840785434552,-1.7047480922384253,0.75,0.743615063512725,0.5000000000000003,-0.8660254037844385,0.6513724827222223,-0.758758122692791,0.9749279121818236,-0.22252093395631434
-0.008778809225558062,-0.009179046054148918,-0.011230326868449237,-0.012371279943245753,1.1786549963416462,0.75,0.7436599488307375,0.5000000000000003,-0.8660254037844385,0.48530196253108104,-0.8743466161445821,0.43388373911755823,-0.900968867902419
-0.00520021469813719,0.04409534889159378,-0.010319999128945509,0.03315784947251043,0.5485659517488377,0.75,0.74370483414875,0.5000000000000003,-0.8660254037844385,0.29936312297335804,-0.9541392564000488,-0.433883739117558,-0.9009688679024191
0.0036429505965934394,-0.0103474937405698,0.046119135094269896,-0.02643778478404198,0.3364722366212129,0.75,0.7437497194667625,0.5000000000000003,-0.8660254037844385,0.10116832198743272,-0.994869323391895,-0.9749279121818236,-0.2225209339563146
0.0185285624216677,0.01523747424586628,0.010347493740569804,0.010251233631655527,-1.1474024528375417,0.75,0.7438843754207999,0.5000000000000003,-0.8660254037844385,-0.4853019625310808,-0.8743466161445822,0.7818314824680298,0.6234898018587336
0.014680186061411887,-0.010789696823469837,-0.022305771222575342,0.022688157526078112,-0.2876820724517809,0.75,0.7439292607388124,0.5000000000000003,-0.8660254037844385,-0.6513724827222217,-0.7587581226927913,0.9749279121818236,-0.22252093395631434
0.008506386915268534,0.010789696823469742,0.0059970136845401475,0.007449777392281979,0.42744401482693967,0.75,0.7439741460568249,0.5000000000000003,-0.8660254037844385,-0.7907757369376986,-0.6121059825476627,0.43388373911755823,-0.900968867902419
0.003978121764187444,0.055503909664273654,0.03956559713394514,0.008376523504182401,0.756326082181477,0.75,0.7440190313748374,0.5000000000000003,-0.8660254037844385,-0.8978045395707417,-0.44039415155763423,-0.433883739117558,-0.9009688679024191
0.0,-0.06876216694649918,-0.03162511637283901,-0.011349763681674532,-2.2823823856765264,0.75,0.7440639166928498,0.5000000000000003,-0.8660254037844385,-0.9680771188662041,-0.2506525322587213,-0.9749279121818236,-0.2225209339563146
-0.02716469474086791,-0.005949441698720611,-0.005949441698720611,-0.00747204341343423,1.7578579175523736,0.75,0.7442434579648998,0.5000000000000003,-0.8660254037844385,-0.8486442574947509,0.5289640103269624,0.9749279121818236,-0.22252093395631434
-0.02112930444980218,-0.007486889850003266,-0.019583871888644556,-0.030459178727003378,0.8223589120399516,0.75,0.7442883432829122,0.5000000000000003,-0.8660254037844385,-0.7247927872291207,0.6889669190756859,0.43388373911755823,-0.900968867902419
-0.005745598247414875,-0.02845724958863259,-0.016360267549991266,-0.016108375297647366,-1.550597412411167,0.75,0.7443332286009247,0.5000000000000003,-0.8660254037844385,-0.5712682150947924,0.8207634412072763,-0.433883739117558,-0.9009688679024191
0.0,0.02444111201411133,0.022427086630779525,0.029929892108483507,0.7621400520468967,0.75,0.7443781139189372,0.5000000000000003,-0.8660254037844385,-0.3943558551133187,0.9189578116202306,-0.9749279121818236,-0.2225209339563146
0.004703389678956108,0.050034980534559716,-0.021396690824102643,-0.004075323709601097,0.4054651081081644,0.75,0.7445127698729745,1.2246467991473532e-16,-1.0,0.20129852008866006,0.9795299412524945,0.7818314824680298,0.6234898018587336
0.01654638020326304,-0.06065457573783465,0.005648313255280713,0.0030581033487317713,-0.587786664902119,0.75,0.744557655190987,1.2246467991473532e-16,-1.0,0.39435585511331855,0.9189578116202306,0.9749279121818236,-0.22252093395631434
0.0056251328149979915,0.03545946901127591,0.01876800439902398,0.0025412586268737532,-0.040821994520255166,0.75,0.7446025405089995,1.2246467991473532e-16,-1.0,0.5712682150947923,0.8207634412072763,0.43388373911755823,-0.900968867902419
0.008126061952286157,0.021840240586635383,0.045674512947765825,0.0035470342750150955,-1.5686159179138452,0.75,0.744647425827012,1.2246467991473532e-16,-1.0,0.72479278722912,0.6889669190756866,-0.433883739117558,-0.9009688679024191
-0.007616212032638611,-0.042663976820114864,-0.05172291237814649,0.0055485226622555665,0.7884573603642703,0.75,0.7446923111450245,1.2246467991473532e-16,-1.0,0.8486442574947509,0.5289640103269624,-0.9749279121818236,-0.2225209339563146
-0.06311243922220304,-0.020243658892472084,-0.011184723334440483,-0.053201274164501114,2.499944527152541,0.75,0.7448269670990619,1.2246467991473532e-16,-1.0,0.9987165071710528,-0.05064916883871264,0.7818314824680298,0.6234898018587336
0.012409142121216252,0.0010219715245500286,-0.04710449999333862,0.02514542977506797,-0.5671064596645803,0.75,0.7448718524170744,1.2246467991473532e-16,-1.0,0.9680771188662043,-0.2506525322587204,0.9749279121818236,-0.22252093395631434
0.023842128925571186,0.005602286568485731,0.05372875808637445,-0.01197005848087665,-1.286210902562908,0.75,0.7449167377350869,1.2246467991473532e-16,-1.0,0.8978045395707416,-0.4403941515576344,0.43388373911755823,-0.900968867902419
-0.0052492758657982546,0.01010619035262868,-0.03356894250256211,-0.0015718765195284578,0.6931471805599453,0.75,0.7449616230530994,1.2246467991473532e-16,-1.0,0.7907757369376989,-0.6121059825476626,-0.433883739117558,-0.9009688679024191
0.010471289671764195,0.03604438603684692,0.02079082470396865,0.04260338083670857,0.28768207245178085,0.75,0.7450065083711118,1.2246467991473532e-16,-1.0,0.6513724827222223,-0.758758122692791,-0.9749279121818236,-0.2225209339563146
0.003120124318874584,-0.03755385483392248,0.021374839354146413,-0.025446713460981617,0.647477143726757,0.75,0.7451411643251493,1.2246467991473532e-16,-1.0,0.10116832198743272,-0.994869323391895,0.7818314824680298,0.6234898018587336
-0.003641130100588366,0.0020121431162324144,-0.019319342136357838,0.0077021764212086025,-0.6838447878976319,0.75,0.7451860496431618,1.2246467991473532e-16,-1.0,-0.10116832198743204,-0.9948693233918952,0.9749279121818236,-0.22252093395631434
0.016025177416517943,0.029705124958600317,0.0010261663761803605,0.022757002305794832,1.691188562452793,0.75,0.7452309349611742,1.2246467991473532e-16,-1.0,-0.29936312297335776,-0.9541392564000489,0.43388373911755823,-0.900968867902419
0.024817695346575682,-0.0024420362427888275,0.02831329034107611,-0.0005000887958560384,-2.2789752273549118,0.75,0.7452758202791867,1.2246467991473532e-16,-1.0,-0.4853019625310808,-0.8743466161445822,-0.433883739117558,-0.9009688679024191
-0.03564536069558758,-0.022750712245645854,-0.003495594994500546,-0.0197025995454905,0.7259370033829363,0.75,0.7453207055971992,1.2246467991473532e-16,-1.0,-0.6513724827222217,-0.7587581226927913,-0.9749279121818236,-0.2225209339563146
0.018490567214407033,0.01932189589096475,-0.017154793481180406,0.028170850610900522,0.12136085700426753,0.75,0.7454553615512366,1.2246467991473532e-16,-1.0,-0.9680771188662041,-0.2506525322587213,0.7818314824680298,0.6234898018587336
0.0015255154663800427,0.004894697729258258,0.022642419162043282,0.0157483425548131,0.47000362924573563,0.75,0.7455002468692491,1.2246467991473532e-16,-1.0,-0.9987165071710528,-0.05064916883871355,0.9749279121818236,-0.22252093395631434
-0.017944544291668738,-0.012282102414013979,-0.003488626444707341,-0.0516016452463665,0.4231646852075652,0.75,0.7455451321872616,1.2246467991473532e-16,-1.0,-0.9884683243281114,0.15142777750457667,0.43388373911755823,-0.900968867902419
0.0061887706803257355,-0.011434402410353012,-0.02784286095891145,0.013279038002558573,-0.8375984632984902,0.75,0.7455900175052741,1.2246467991473532e-16,-1.0,-0.9377521321470804,0.3473052528448203,-0.433883739117558,-0.9009688679024191
-0.022356028105398745,0.014888598752383799,-0.009801498972831686,0.007077806992055288,-0.7205461547480597,0.75,0.7456349028232866,1.2246467991473532e-16,-1.0,-0.8486442574947509,0.5289640103269624,-0.9749279121818236,-0.2225209339563146
-0.14942999577318622,0.017578561680885053,-0.05816521661787705,0.03999545586065434,0.6931471805599453,0.75,0.745769558777324,1.2246467991473532e-16,-1.0,-0.3943558551133187,0.9189578116202306,0.7818314824680298,0.6234898018587336
0.20962155676488992,0.013939272639902096,0.11313247320442955,0.013939272639902096,0.027398974188114347,0.75,0.7458144440953365,1.2246467991473532e-16,-1.0,-0.20129852008866114,0.9795299412524943,0.9749279121818236,-0.22252093395631434
0.08808339067052728,0.29006589550949186,0.07921197603972399,0.20279467045565922,2.0040333483053607,0.75,0.745859329413349,-0.4999999999999997,-0.8660254037844388,0.20129852008866006,0.9795299412524945,0.43388373911755823,-0.900968867902419
0.10531517403135988,-0.07410811363287909,0.1445202139754434,-0.022065491905227937,-1.5459245067117746,0.75,0.7459042147313614,-0.4999999999999997,-0.8660254037844388,0.39435585511331855,0.9189578116202306,-0.433883739117558,-0.9009688679024191
0.0036652127996423902,0.014888626587460785,-0.03553982714444127,0.015810590828645273,-1.2358134101815947,0.75,0.7460837560034114,-0.4999999999999997,-0.8660254037844388,0.9377521321470804,0.3473052528448203,0.7818314824680298,0.6234898018587336
0.03789086711110128,0.0003789405773091861,0.05535004498394885,0.008201533503640843,0.8803587226480917,0.75,0.7461286413214238,-0.4999999999999997,-0.8660254037844388,0.9884683243281114,0.1514277775045767,0.9749279121818236,-0.22252093395631434
0.007408906486843414,0.03608355673220934,-0.010050271386004176,0.011601102592301732,-1.3621968095408301,0.75,0.7461735266394363,-0.4999999999999997,-0.8660254037844388,0.9987165071710528,-0.05064916883871264,0.43388373911755823,-0.900968867902419
0.0027158367125216373,-0.02179229387851153,0.01197158224533925,0.029174206420061247,1.2459370034249682,0.75,0.7462184119574488,-0.4999999999999997,-0.8660254037844388,0.9680771188662043,-0.2506525322587204,-0.433883739117558,-0.9009688679024191
0.0019353300790686716,0.008181571323944564,0.02838411911253182,-0.03495793461288169,-1.1994169877900753,0.75,0.7462632972754613,-0.4999999999999997,-0.8660254037844388,0.8978045395707416,-0.4403941515576344,-0.9749279121818236,-0.2225209339563146
0.008087819590599236,-0.0236098699789486,-0.027616714975681397,0.012298375643489352,0.6225296133459919,0.75,0.7463979532294986,-0.4999999999999997,-0.8660254037844388,0.48530196253108104,-0.8743466161445821,0.7818314824680298,0.6234898018587336
0.00038359104223509966,0.009060076062197282,0.004210556052890137,-0.003826965010655088,-0.6690496289808848,0.75,0.7464428385475111,-0.4999999999999997,-0.8660254037844388,0.29936312297335804,-0.9541392564000488,0.9749279121818236,-0.22252093395631434
-0.008471410632834237,0.014549793916751385,-0.009209572999128406,-0.004611840658697812,-0.048790164169432056,0.75,0.7464877238655236,-0.4999999999999997,-0.8660254037844388,0.10116832198743272,-0.994869323391895,0.43388373911755823,-0.900968867902419
-0.0458940855453348,-0.021337089758541043,0.018713613533924433,-0.04975365551947119,0.6931471805599453,0.75,0.7465326091835361,-0.4999999999999997,-0.8660254037844388,-0.10116832198743204,-0.9948693233918952,-0.433883739117558,-0.9009688679024191
-0.012220157857017145,-0.05562387508364484,-0.0632529231897616,0.008867384189203657,0.47000362924573563,0.75,0.7465774945015486,-0.4999999999999997,-0.8660254037844388,-0.29936312297335776,-0.9541392564000489,-0.9749279121818236,-0.2225209339563146
-0.014448151836435415,0.013508279752471436,0.021137327858588194,-0.03138625491901846,-1.5198257537444133,0.75,0.746712150455586,-0.4999999999999997,-0.8660254037844388,-0.7907757369376986,-0.6121059825476627,0.7818314824680298,0.6234898018587336
-0.08636893198175002,-0.05433035056666893,-0.05433035056666893,-0.006647356357965691,0.8873031950009027,0.75,0.7467570357735985,-0.4999999999999997,-0.8660254037844388,-0.8978045395707417,-0.44039415155763423,0.9749279121818236,-0.22252093395631434
0.04259741104628508,-0.001250810547690078,-0.003338898075968429,-0.04127360354113701,-1.128465251817791,0.75,0.746801921091611,-0.4999999999999997,-0.8660254037844388,-0.9680771188662041,-0.2506525322587213,0.43388373911755823,-0.900968867902419
0.0,-0.04043957590700502,-0.038351488378726706,0.0,-7.408530566894626,0.75,0.7468468064096234,-0.4999999999999997,-0.8660254037844388,-0.9987165071710528,-0.05064916883871355,-0.433883739117558,-0.9009688679024191
0.0,0.020636997547805506,0.020636997547805506,0.006494897843824251,7.408530566894626,0.75,0.7468916917276359,-0.4999999999999997,-0.8660254037844388,-0.9884683243281114,0.15142777750457667,-0.9749279121818236,-0.2225209339563146
-0.0008692486961514206,-0.015005656789269467,-0.021506246243956834,-0.007364146539975711,1.067840630001356,0.75,0.7470263476816734,-0.4999999999999997,-0.8660254037844388,-0.7247927872291207,0.6889669190756859,0.7818314824680298,0.6234898018587336
0.0,0.003449762951602494,0.0,0.0,1.0668635903535293,0.75,0.7470712329996858,-0.4999999999999997,-0.8660254037844388,-0.5712682150947924,0.8207634412072763,0.9749279121818236,-0.22252093395631434
0.0,-0.005611954846402954,0.004338397559886872,0.0008692486961513099,-2.5866893440979424,0.75,0.7471161183176983,-0.4999999999999997,-0.8660254037844388,-0.3943558551133187,0.9189578116202306,0.43388373911755823,-0.900968867902419
-0.04718271600828248,-0.026317283546611645,-0.0447075252451876,-0.044412291810175836,1.1895840668738364,0.75,0.7471610036357108,-0.4999999999999997,-0.8660254037844388,-0.20129852008866114,0.9795299412524943,-0.433883739117558,-0.9009688679024191
0.009977332768685504,-0.0053476012130601,0.013042640485515773,0.006337659874427506,-1.1895840668738362,0.75,0.7472058889537233,-0.4999999999999997,-0.8660254037844388,-2.4492935982947064e-16,1.0,-0.9749279121818236,-0.2225209339563146
-0.02051582631018628,-0.008525989962983219,-0.009878896039812313,-0.0004512681055572302,0.4519851237430572,0.75,0.7473405449077607,-0.8660254037844385,-0.5000000000000004,0.5712682150947923,0.8207634412072763,0.7818314824680298,0.6234898018587336
0.057286363913129884,0.0717231305633165,0.07307603664014578,0.03765665134515441,-0.45198512374305727,0.75,0.7473854302257732,-0.8660254037844385,-0.5000000000000004,0.72479278722912,0.6889669190756866,0.9749279121818236,-0.22252093395631434
-0.0458367094681082,-0.028938223070100938,-0.06230388547917903,0.00693243033044763,2.436116485618568,0.75,0.7474303155437857,-0.8660254037844385,-0.5000000000000004,0.8486442574947509,0.5289640103269624,0.43388373911755823,-0.900968867902419
0.007711497594830389,-0.01786145917071251,-0.01212682543130101,-0.0324732044805915,-0.2711527705005704,0.75,0.7474752008617982,-0.8660254037844385,-0.5000000000000004,0.9377521321470804,0.3473052528448203,-0.433883739117558,-0.9009688679024191
0.0013546742703342742,0.015700263706798383,0.04333129237646492,-0.011664609089453151,-0.8919980393051105,0.75,0.7475200861798106,-0.8660254037844385,-0.5000000000000004,0.9884683243281114,0.1514277775045767,-0.9749279121818236,-0.2225209339563146
-0.007246336924770166,-0.01570026370679837,-0.04922295503090075,0.02627635439933227,0.8064758658669485,0.75,0.7476547421338481,-0.8660254037844385,-0.5000000000000004,0.8978045395707416,-0.4403941515576344,0.7818314824680298,0.6234898018587336
0.006795068819212964,-0.022223179175468854,0.008148520648541373,-0.026727622504889463,-1.540445040947149,0.75,0.7476996274518606,-0.8660254037844385,-0.5000000000000004,0.7907757369376989,-0.6121059825476626,0.9749279121818236,-0.22252093395631434
0.043725213356969425,0.03922077002754868,0.04237176152764083,0.043725213356969425,-1.791759469228055,0.75,0.747744512769873,-0.8660254037844385,-0.5000000000000004,0.6513724827222223,-0.758758122692791,0.43388373911755823,-0.900968867902419
0.0008638683186326934,0.0008638683186326934,0.0008638683186326934,0.0008638683186326934,0.0,0.75,0.7477893980878855,-0.8660254037844385,-0.5000000000000004,0.48530196253108104,-0.8743466161445821,-0.433883739117558,-0.9009688679024191
-0.045492487840378924,-0.045492487840378924,-0.045492487840378924,-0.045492487840378924,0.9162907318741551,0.75,0.747834283405898,-0.8660254037844385,-0.5000000000000004,0.29936312297335804,-0.9541392564000488,-0.9749279121818236,-0.2225209339563146
-0.0013565766314141707,0.04937099434619748,0.0018058678741502295,0.0022568579941054483,1.3862943611198906,0.75,0.7479689393599355,-0.8660254037844385,-0.5000000000000004,-0.29936312297335776,-0.9541392564000489,0.7818314824680298,0.6234898018587336
-0.004535086023021706,0.0,0.00045099011995515385,0.047114136352092134,-0.2231435513142097,0.75,0.7480138246779479,-0.8660254037844385,-0.5000000000000004,-0.4853019625310808,-0.8743466161445822,0.9749279121818236,-0.22252093395631434
-0.00455581208221365,-0.010810936836266171,-0.01270433273075499,-0.02217965377613965,0.22314355131420976,0.75,0.7480587099959604,-0.8660254037844385,-0.5000000000000004,-0.6513724827222217,-0.7587581226927913,0.43388373911755823,-0.900968867902419
0.004555812082213534,-0.008295140504629905,0.03587825313442183,0.0030735764352436135,0.7419373447293773,0.75,0.7481035953139729,-0.8660254037844385,-0.5000000000000004,-0.7907757369376986,-0.6121059825476627,-0.433883739117558,-0.9009688679024191
0.0045350860230218065,-0.0316214936367156,-0.0267873550291865,-0.0316214936367156,-2.639057329615259,0.75,0.7481484806319854,-0.8660254037844385,-0.5000000000000004,-0.8978045395707417,-0.44039415155763423,-0.9749279121818236,-0.2225209339563146
-0.049152174999313535,0.004514740709970742,-0.04157638837471442,-0.013667626257933484,2.2335922215070942,0.75,0.7482831365860227,-0.8660254037844385,-0.5000000000000004,-0.9884683243281114,0.15142777750457667,0.7818314824680298,0.6234898018587336
0.010872264677269724,-0.012692879712387228,0.033398249372298,-0.01711811107174744,-0.5596157879354228,0.75,0.7483280219040352,-0.8660254037844385,-0.5000000000000004,-0.9377521321470804,0.3473052528448203,0.9749279121818236,-0.22252093395631434
-0.007077197314253267,-0.027753837069754553,-0.03717896863388061,-0.00514623874249002,-0.4700036292457356,0.75,0.7483729072220477,-0.8660254037844385,-0.5000000000000004,-0.8486442574947509,0.5289640103269624,0.43388373911755823,-0.900968867902419
0.01736726877313456,0.00794213720900855,0.01736726877313456,0.00794213720900855,-0.35667494393873245,0.75,0.7484177925400602,-0.8660254037844385,-0.5000000000000004,-0.7247927872291207,0.6889669190756859,-0.433883739117558,-0.9009688679024191
0.008341096876393757,0.055217656601411515,0.008341096876393757,0.055217656601411515,-0.3364722366212129,0.75,0.7484626778580726,-0.8660254037844385,-0.5000000000000004,-0.5712682150947924,0.8207634412072763,-0.9749279121818236,-0.2225209339563146
0.030897476388597394,-0.009734644202013861,0.031791930001310614,-0.009734644202013861,0.5877866649021191,0.75,0.7485973338121101,-0.8660254037844385,-0.5000000000000004,-2.4492935982947064e-16,1.0,0.7818314824680298,0.6234898018587336
-0.002239608438376517,-0.008484047572782998,-0.003134062051089587,-0.008484047572782998,-0.8109302162163288,0.75,0.7486422191301226,-1.0,-1.8369701987210297e-16,0.20129852008866006,0.9795299412524945,0.9749279121818236,-0.22252093395631434
0.0,0.015573190172732681,0.0,0.015573190172732681,1.252762968495368,0.75,0.748687104448135,-1.0,-1.8369701987210297e-16,0.39435585511331855,0.9189578116202306,0.43388373911755823,-0.900968867902419
0.015573190172732681,0.0,0.015573190172732681,0.0,-7.649692623711514,0.75,0.7487319897661475,-1.0,-1.8369701987210297e-16,0.5712682150947923,0.8207634412072763,-0.433883739117558,-0.9009688679024191
0.0,0.0,0.0,0.0,0.0,0.75,0.74877687508416,-1.0,-1.8369701987210297e-16,0.72479278722912,0.6889669190756866,-0.9749279121818236,-0.2225209339563146
-0.007089142599949604,0.002645501602064255,0.0,0.002645501602064255,9.137769679141348,0.75,0.7489564163562099,-1.0,-1.8369701987210297e-16,0.9987165071710528,-0.05064916883871264,0.9749279121818236,-0.22252093395631434
0.02111823145674569,0.03801756152096794,0.014029088856796027,0.03206510796460263,-2.517696472610991,0.75,0.7490013016742224,-1.0,-1.8369701987210297e-16,0.9680771188662043,-0.2506525322587204,0.43388373911755823,-0.900968867902419
0.020681520709870813,-0.0059524535563652255,0.020681520709870813,0.0,-6.620073206530356,0.75,0.7490461869922349,-1.0,-1.8369701987210297e-16,0.8978045395707416,-0.4403941515576344,-0.433883739117558,-0.9009688679024191
0.0,0.0,0.0,0.0,0.0,0.75,0.7490910723102474,-1.0,-1.8369701987210297e-16,0.7907757369376989,-0.6121059825476626,-0.9749279121818236,-0.2225209339563146
-0.06382801172587355,-0.03603602112991133,-0.057032942906660666,-0.061557897840911334,7.575584651557793,0.75,0.7492257282642848,-1.0,-1.8369701987210297e-16,0.29936312297335804,-0.9541392564000488,0.7818314824680298,0.6234898018587336
-0.011428717498038773,-0.03738331842282988,-0.016386396646080433,-0.01369883138300104,-0.6190392084062235,0.75,0.7492706135822973,-1.0,-1.8369701987210297e-16,0.10116832198743272,-0.994869323391895,0.9749279121818236,-0.22252093395631434
0.005959247042765047,0.0041218573715939245,0.0041218573715939245,0.005959247042765047,-1.252762968495368,0.75,0.7493154989003098,-1.0,-1.8369701987210297e-16,-0.10116832198743204,-0.9948693233918952,0.43388373911755823,-0.900968867902419
-0.04009864003605014,0.04992119061964086,-0.03346040479850756,-0.017055050657101865,0.9162907318741551,0.75,0.7493603842183222,-1.0,-1.8369701987210297e-16,-0.29936312297335776,-0.9541392564000489,-0.433883739117558,-0.9009688679024191
-0.0004758160948282372,-0.09049564675051938,-0.007114051332370916,-0.023519405473776397,0.0,0.75,0.7494052695363347,-1.0,-1.8369701987210297e-16,-0.4853019625310808,-0.8743466161445822,-0.9749279121818236,-0.2225209339563146
-0.0014289445693016342,0.008058783621799749,0.008058783621799749,0.0,0.0,0.75,0.7495399254903722,-1.0,-1.8369701987210297e-16,-0.8978045395707417,-0.44039415155763423,0.7818314824680298,0.6234898018587336
-0.007655532445432468,-0.010918649283075723,-0.010918649283075723,-0.009084477014734107,0.0,0.75,0.7495848108083846,-1.0,-1.8369701987210297e-16,-0.9680771188662041,-0.2506525322587213,0.9749279121818236,-0.22252093395631434
-0.05783670399674948,-0.005744385391426845,-0.006224611353458096,-0.05783670399674948,1.4816045409242156,0.75,0.7496296961263971,-1.0,-1.8369701987210297e-16,-0.9987165071710528,-0.05064916883871355,0.43388373911755823,-0.900968867902419
0.0005087395225870049,-0.05780819043619372,-0.057327964474162524,0.0005087395225870049,-3.0910424533583156,0.75,0.7496745814444096,-1.0,-1.8369701987210297e-16,-0.9884683243281114,0.15142777750457667,-0.433883739117558,-0.9009688679024191
-0.03414710269455057,0.046219467810143924,0.042326453037121764,0.0025400403350086926,3.8501476017100584,0.75,0.7497194667624221,-1.0,-1.8369701987210297e-16,-0.9377521321470804,0.3473052528448203,-0.9749279121818236,-0.2225209339563146
-0.07426993422174644,-0.08723222145206984,-0.15074348995341866,-0.0649784160746512,-0.48285177172358457,0.75,0.7498541227164595,-1.0,-1.8369701987210297e-16,-0.5712682150947924,0.8207634412072763,0.7818314824680298,0.6234898018587336
-0.007968161864080628,0.005285419571157651,0.03727831156238392,-0.05394682304073515,0.5447271754416719,0.75,0.749899008034472,-1.0,-1.8369701987210297e-16,-0.3943558551133187,0.9189578116202306,0.9749279121818236,-0.22252093395631434
-0.016710295737298975,-0.05248701499075025,-0.035013307133199376,0.016997559836175576,-0.2231435513142097,0.75,0.7499438933524845,-1.0,-1.8369701987210297e-16,-0.20129852008866114,0.9795299412524943,0.43388373911755823,-0.900968867902419
-0.042130231533471674,-0.050708662188766046,-0.059423446890811235,-0.039535372306082506,-0.6443570163905132,0.75,0.749988778670497,-0.866025403784439,0.49999999999999933,0.20129852008866006,0.9795299412524945,-0.433883739117558,-0.9009688679024191
-0.0006062871318138427,0.0,0.026652468127639165,-0.030260406089927114,-1.0986122886681098,0.75,0.7500336639885095,-0.866025403784439,0.49999999999999933,0.39435585511331855,0.9189578116202306,-0.9749279121818236,-0.2225209339563146
0.0018176731635416333,0.030505974333987523,-0.03509132876913601,0.03898903692535262,2.1484344131667874,0.75,0.7501683199425468,-0.866025403784439,0.49999999999999933,0.8486442574947509,0.5289640103269624,0.7818314824680298,0.6234898018587336
0.01382651980070244,0.009029397972095059,0.033921739117726696,-0.015178410535853061,-0.2441969605120421,0.75,0.7502132052605593,-0.866025403784439,0.49999999999999933,0.9377521321470804,0.3473052528448203,0.9749279121818236,-0.22252093395631434
-0.007791504197398131,0.0061607129153614815,0.03789198300136993,0.029558816130005588,1.119665697865942,0.75,0.7502580905785718,-0.866025403784439,0.49999999999999933,0.9884683243281114,0.1514277775045767,0.43388373911755823,-0.900968867902419
0.05216534959540975,-0.022587048791865943,-0.013613356920382453,0.0,-9.980448593672257,0.75,0.7503029758965842,-0.866025403784439,0.49999999999999933,0.9987165071710528,-0.05064916883871264,-0.433883739117558,-0.9009688679024191
0.041940729450693284,0.09473890382605465,0.041940729450693284,0.09473890382605465,8.817297783866575,0.75,0.7503478612145967,-0.866025403784439,0.49999999999999933,0.9680771188662043,-0.2506525322587204,-0.9749279121818236,-0.2225209339563146
0.0527981743753616,0.0,0.0527981743753616,0.0,-8.817297783866575,0.75,0.7504825171686342,-0.866025403784439,0.49999999999999933,0.6513724827222223,-0.758758122692791,0.7818314824680298,0.6234898018587336
0.0,0.0,0.0,0.0,0.0,0.75,0.7505274024866466,-0.866025403784439,0.49999999999999933,0.48530196253108104,-0.8743466161445821,0.9749279121818236,-0.22252093395631434
0.0,0.0,0.0,0.0,0.0,0.75,0.7505722878046591,-0.866025403784439,0.49999999999999933,0.29936312297335804,-0.9541392564000488,0.43388373911755823,-0.900968867902419
-0.013072031699898736,0.06144935346061364,-0.013072031699898736,0.05753354207529883,8.748304912379623,0.75,0.7506171731226716,-0.866025403784439,0.49999999999999933,0.10116832198743272,-0.994869323391895,-0.433883739117558,-0.9009688679024191
-0.10185794688309856,-0.04854592385394395,-0.023969204927485728,-0.044630112468629114,-1.3397743454849977,0.75,0.7506620584406841,-0.866025403784439,0.49999999999999933,-0.10116832198743204,-0.9948693233918952,-0.9749279121818236,-0.2225209339563146
0.12783340818966707,0.0,0.049944666234054094,0.0,-0.2006706954621511,0.75,0.7507967143947215,-0.866025403784439,0.49999999999999933,-0.6513724827222217,-0.7587581226927913,0.7818314824680298,0.6234898018587336
-0.010309359776225888,0.05875259882757659,0.0071538305585329125,0.045120463329713874,3.159361697335793,0.75,0.750841599712734,-0.866025403784439,0.49999999999999933,-0.7907757369376986,-0.6121059825476627,0.9749279121818236,-0.22252093395631434
0.024060554543509846,0.006266550344756294,0.0065973642087511835,-0.0103474937405698,-1.4647659765613859,0.75,0.7508864850307465,-0.866025403784439,0.49999999999999933,-0.8978045395707417,-0.44039415155763423,0.43388373911755823,-0.900968867902419
0.03577129074340657,-0.0028873910454309286,0.03577129074340657,0.024946278933845042,-0.5245244681241525,0.75,0.750931370348759,-0.866025403784439,0.49999999999999933,-0.9680771188662041,-0.2506525322587213,-0.433883739117558,-0.9009688679024191
-0.05466388009526236,0.035506689258541425,0.042518937566262106,-0.021978920540142107,-0.534082485930258,0.75,0.7509762556667714,-0.866025403784439,0.49999999999999933,-0.9987165071710528,-0.05064916883871355,-0.9749279121818236,-0.2225209339563146
0.08872810169590976,-0.0009306646256385924,0.0009350824017931456,0.04820212425727307,1.209837923778334,0.75,0.7511109116208089,-0.866025403784439,0.49999999999999933,-0.8486442574947509,0.5289640103269624,0.7818314824680298,0.6234898018587336
-0.0582689229689064,0.01753619690013439,0.021267474181193166,0.012161036110535017,-1.845826690498331,0.75,0.7511557969388214,-0.866025403784439,0.49999999999999933,-0.7247927872291207,0.6889669190756859,0.9749279121818236,-0.22252093395631434
0.0755712186472714,0.01453255045163308,-0.003207298023775748,0.030673041760916897,0.9382696385929302,0.75,0.7512006822568338,-0.866025403784439,0.49999999999999933,-0.5712682150947924,0.8207634412072763,0.43388373911755823,-0.900968867902419
-0.07557121864727134,-0.008148520648541288,-0.06102623780115288,-0.01179157362793608,-1.3437347467010947,0.75,0.7512455675748463,-0.866025403784439,0.49999999999999933,-0.3943558551133187,0.9189578116202306,-0.433883739117558,-0.9009688679024191
0.07278570420822342,-0.00045468087451306646,0.07016288475350746,0.0031883721048816573,1.3862943611198906,0.75,0.7512904528928588,-0.866025403784439,0.49999999999999933,-0.20129852008866114,0.9795299412524943,-0.9749279121818236,-0.2225209339563146
0.022069840237862525,0.0,0.0,0.0,-8.1886891244442,0.75,0.7514251088468963,-0.5000000000000012,0.8660254037844379,0.39435585511331855,0.9189578116202306,0.7818314824680298,0.6234898018587336
0.0004546808745129928,0.022482940433769937,0.00860320152305432,0.0004546808745129928,8.99961934066053,0.75,0.7514699941649087,-0.5000000000000012,0.8660254037844379,0.5712682150947923,0.8207634412072763,0.9749279121818236,-0.22252093395631434
0.0,-0.02202825955925691,-0.008148520648541288,0.0,0.018349138668196617,0.75,0.7515148794829212,-0.5000000000000012,0.8660254037844379,0.72479278722912,0.6889669190756866,0.43388373911755823,-0.900968867902419
-0.08288768148018374,-0.022989562077587452,-0.08288768148018374,-0.022989562077587452,-0.640037355245997,0.75,0.7515597648009337,-0.5000000000000012,0.8660254037844379,0.8486442574947509,0.5289640103269624,-0.433883739117558,-0.9009688679024191
0.13081168610209737,0.126939926129682,0.13081168610209737,0.11581723792443456,1.165303663166782,0.75,0.7516046501189462,-0.5000000000000012,0.8660254037844379,0.9377521321470804,0.3473052528448203,-0.9749279121818236,-0.2225209339563146
0.007338652378719757,0.004496251758443126,0.04407488745969072,0.004546545157462155,-0.7713993774596936,0.75,0.7517393060729836,-0.5000000000000012,0.8660254037844379,0.9680771188662043,-0.2506525322587204,0.7818314824680298,0.6234898018587336
-0.03234544576337024,0.03840479675178085,-0.06908168084434128,0.019600444112738202,0.8539204011476971,0.75,0.7517841913909961,-0.5000000000000012,0.8660254037844379,0.8978045395707416,-0.4403941515576344,0.9749279121818236,-0.22252093395631434
0.10571583706468003,0.024041404810049523,0.11486639391281124,0.05391815225532074,-1.9070703157390494,0.75,0.7518290767090086,-0.5000000000000012,0.8660254037844379,0.7907757369376989,-0.6121059825476626,0.43388373911755823,-0.900968867902419
0.026426308575657823,-0.0076923384281689326,0.017275751727526715,-0.0076923384281689326,-1.0986122886681098,0.75,0.7518739620270211,-0.5000000000000012,0.8660254037844379,0.6513724827222223,-0.758758122692791,-0.433883739117558,-0.9009688679024191
-0.14510910006080652,-0.035367052814787935,-0.027225930748189846,-0.10065263327022864,2.624668592163159,0.75,0.7519188473450334,-0.5000000000000012,0.8660254037844379,0.48530196253108104,-0.8743466161445821,-0.9749279121818236,-0.2225209339563146
0.053877754909079055,0.03652471015764609,-0.06400541440353773,0.08351827392086798,0.028573372444055948,0.75,0.752053503299071,-0.5000000000000012,0.8660254037844379,-0.10116832198743204,-0.9948693233918952,0.7818314824680298,0.6234898018587336
0.05395500225609377,-0.034127645107386,0.05395500225609377,-0.01583562841516711,-1.9600947840472698,0.75,0.7520983886170834,-0.5000000000000012,0.8660254037844379,-0.29936312297335776,-0.9541392564000489,0.9749279121818236,-0.22252093395631434
0.012048384201170593,0.001594895123331901,0.014042372321035753,-0.00039909299653337023,-0.6931471805599453,0.75,0.7521432739350958,-0.5000000000000012,0.8660254037844379,-0.4853019625310808,-0.8743466161445822,0.43388373911755823,-0.900968867902419
0.02444908748796646,0.02245509936810124,0.02245509936810124,0.02444908748796646,0.1823215567939546,0.75,0.7521881592531083,-0.5000000000000012,0.8660254037844379,-0.6513724827222217,-0.7587581226927913,-0.433883739117558,-0.9009688679024191
-0.024049994491433125,0.0,-0.0003896074628734653,-0.02165854773012634,1.8458266904983307,0.75,0.7522330445711208,-0.5000000000000012,0.8660254037844379,-0.7907757369376986,-0.6121059825476627,-0.9749279121818236,-0.2225209339563146
-0.045722263692415076,-0.007036713881427591,-0.006647106418554055,0.001193468404255586,-0.9985288301111273,0.75,0.7523677005251582,-0.5000000000000012,0.8660254037844379,-0.9987165071710528,-0.05064916883871355,0.7818314824680298,0.6234898018587336
0.03084754521575303,-0.01941034566026577,-0.03188799908666769,-0.005981980215822567,-1.540445040947149,0.75,0.7524125858431707,-0.5000000000000012,0.8660254037844379,-0.9884683243281114,0.15142777750457667,0.9749279121818236,-0.22252093395631434
-0.022528096856162336,0.009950179020663013,-0.022528096856162336,0.007968047942170719,1.540445040947149,0.75,0.7524574711611832,-0.5000000000000012,0.8660254037844379,-0.9377521321470804,0.3473052528448203,0.43388373911755823,-0.900968867902419
0.04574775089604238,0.0007918215928151282,0.04574775089604238,0.0027739526713074633,-1.9459101490553135,0.75,0.7525472417972082,-0.5000000000000012,0.8660254037844379,-0.7247927872291207,0.6889669190756859,-0.9749279121818236,-0.2225209339563146
-0.01595564856187285,0.0,-0.0019805606508697107,-0.00039577579223761195,2.3978952727983707,0.75,0.7526818977512456,-0.5000000000000012,0.8660254037844379,-0.20129852008866114,0.9795299412524943,0.7818314824680298,0.6234898018587336
-0.04355661514494861,0.0003956192157271511,0.0007927630485279173,-0.051168295635438,1.4087672169719492,0.75,0.7527267830692581,-2.4492935982947064e-16,1.0,0.20129852008866006,0.9795299412524945,0.9749279121818236,-0.22252093395631434
0.008781118233953373,-0.006747361494604905,-0.04954334787052631,0.04401684434945842,-2.4203681286504293,0.75,0.7527716683872706,-2.4492935982947064e-16,1.0,0.39435585511331855,0.9189578116202306,0.43388373911755823,-0.900968867902419
0.017743412812025232,-0.015653554684175734,0.028725848509814716,-0.023397634997690382,0.22314355131420976,0.75,0.752816553705283,-2.4492935982947064e-16,1.0,0.5712682150947923,0.8207634412072763,-0.433883739117558,-0.9009688679024191
0.006116250563189099,0.01804024525512711,0.01804024525512711,0.004073379978253978,-0.35667494393873245,0.75,0.7528614390232955,-2.4492935982947064e-16,1.0,0.72479278722912,0.6889669190756866,-0.9749279121818236,-0.2225209339563146
-0.024692589330022063,-0.003980950070439929,-0.003980950070439929,0.008097202729280653,1.6094379124341003,0.75,0.752996094977333,-2.4492935982947064e-16,1.0,0.9884683243281114,0.1514277775045767,0.7818314824680298,0.6234898018587336
0.03278979205930277,-0.010828277590006534,-0.010828277590006534,0.0,-8.565983355585669,0.75,0.7530409802953455,-2.4492935982947064e-16,1.0,0.9987165071710528,-0.05064916883871264,0.9749279121818236,-0.22252093395631434
-0.06669131084966345,-0.018722489397490057,-0.02449099712621363,-0.06669131084966345,8.1886891244442,0.75,0.7530858656133579,-2.4492935982947064e-16,1.0,0.9680771188662043,-0.2506525322587204,0.43388373911755823,-0.900968867902419
0.015822392442818616,-0.03214642900935472,-0.026377921280631097,0.015822392442818616,-0.9808292530117262,0.75,0.7531307509313704,-2.4492935982947064e-16,1.0,0.8978045395707416,-0.4403941515576344,-0.433883739117558,-0.9009688679024191
0.0,0.0,0.0,0.0,-7.2078598714324755,0.75,0.7531756362493829,-2.4492935982947064e-16,1.0,0.7907757369376989,-0.6121059825476626,-0.9749279121818236,-0.2225209339563146
-0.047793648361488895,-0.015391482070500277,-0.02317698105759062,-0.04335308443819348,9.341368634382587,0.75,0.7533102922034203,-2.4492935982947064e-16,1.0,0.29936312297335804,-0.9541392564000488,0.7818314824680298,0.6234898018587336
0.023313139558184332,-0.009089026732804213,-0.0013035277457139522,0.018872575634888866,-3.6375861597263857,0.75,0.7533551775214328,-2.4492935982947064e-16,1.0,0.10116832198743272,-0.994869323391895,0.9749279121818236,-0.22252093395631434
-0.021978885986724647,0.0,-0.021978885986724647,0.0,0.4054651081081644,0.75,0.7534000628394453,-2.4492935982947064e-16,1.0,-0.10116832198743204,-0.9948693233918952,0.43388373911755823,-0.900968867902419
0.021978885986724744,0.0,0.021978885986724744,0.0,-6.1092475827643655,0.75,0.7534449481574578,-2.4492935982947064e-16,1.0,-0.29936312297335776,-0.9541392564000489,-0.433883739117558,-0.9009688679024191
0.012959132630372629,0.027868964097786792,0.012959132630372629,0.027868964097786792,8.565983355585669,0.75,0.7534898334754703,-2.4492935982947064e-16,1.0,-0.4853019625310808,-0.8743466161445822,-0.9749279121818236,-0.2225209339563146
0.011521376172931908,0.05029909391886249,0.015755078776442916,0.0029553657839348495,-0.5596157879354228,0.75,0.7536244894295077,-2.4492935982947064e-16,1.0,-0.8978045395707417,-0.44039415155763423,0.7818314824680298,0.6234898018587336
-0.00937772396975568,-0.04776531130508599,0.0016885353047476207,-0.015721545048172855,-0.35667494393873245,0.75,0.7536693747475202,-2.4492935982947064e-16,1.0,-0.9680771188662041,-0.2506525322587213,0.9749279121818236,-0.22252093395631434
-0.056377773589632425,-0.039136418496613645,-0.07167773546764684,-0.02867265770176188,-0.8472978603872037,0.75,0.7537142600655327,-2.4492935982947064e-16,1.0,-0.9987165071710528,-0.05064916883871355,0.43388373911755823,-0.900968867902419
0.031663802652763126,0.04124298071546938,0.03691774992886074,0.004836201083162643,2.8810693652338513,0.75,0.753759145383545,-2.4492935982947064e-16,1.0,-0.9884683243281114,0.15142777750457667,-0.433883739117558,-0.9009688679024191
0.01654361643376804,-0.011003062686462102,0.011289669157670552,0.03023991802900729,-2.3702437414678603,0.75,0.753938686655595,-2.4492935982947064e-16,1.0,-0.5712682150947924,0.8207634412072763,0.7818314824680298,0.6234898018587336
0.030614667789187852,0.031416254595984926,0.03103337014084941,0.027697925309834327,1.2237754316221157,0.75,0.7539835719736074,-2.4492935982947064e-16,1.0,-0.3943558551133187,0.9189578116202306,0.9749279121818236,-0.22252093395631434
0.00667781476345975,0.0,0.008336787704484195,0.003718329286150755,-0.4353180712578455,0.75,0.7540284572916199,-2.4492935982947064e-16,1.0,-0.20129852008866114,0.9795299412524943,0.43388373911755823,-0.900968867902419
0.004151042799384586,0.013109439260795224,0.009502261176739368,0.009031192330036518,0.0,0.75,0.7540733426096324,-2.4492935982947064e-16,1.0,-2.4492935982947064e-16,1.0,-0.433883739117558,-0.9009688679024191
-0.025593898693531906,-0.01476040216395175,-0.030052376968978018,-0.03917163618103046,0.6466271649250525,0.7666666666666666,0.7542528838816823,0.49999999999999994,0.8660254037844387,0.72479278722912,0.6889669190756866,0.7818314824680298,0.6234898018587336
-0.006395270852215835,-0.023825526073027986,-0.002120859266932616,-0.006395270852215835,-0.10008345855698253,0.7666666666666666,0.7542977691996948,0.49999999999999994,0.8660254037844387,0.8486442574947509,0.5289640103269624,0.9749279121818236,-0.22252093395631434
-0.007297759403927901,0.022585690187413972,-0.009385725550578313,-0.0004278376799802434,0.4228568508200336,0.7666666666666666,0.7543426545177073,0.49999999999999994,0.8660254037844387,0.9377521321470804,0.3473052528448203,0.43388373911755823,-0.900968867902419
-0.009089026732804213,-0.028525455807214502,0.00726035867792505,-0.015089699760600433,-1.1700712526502546,0.7666666666666666,0.7543875398357198,0.49999999999999994,0.8660254037844387,0.9884683243281114,0.1514277775045767,-0.433883739117558,-0.9009688679024191
0.0008692486961513099,-0.020636997547805423,-0.020636997547805423,0.0,-7.901007051992421,0.7666666666666666,0.7544324251537322,0.49999999999999994,0.8660254037844387,0.9987165071710528,-0.05064916883871264,-0.9749279121818236,-0.2225209339563146
-0.04033346455183578,-0.033122920657166474,-0.03492073650930346,-0.03582076133039637,7.575584651557793,0.7666666666666666,0.7545670811077697,0.49999999999999994,0.8660254037844387,0.7907757369376989,-0.6121059825476626,0.7818314824680298,0.6234898018587336
-0.016416221806721722,0.0200050613823441,-0.0067704678345085305,-0.0163417653858972,1.529395204760564,0.7666666666666666,0.7546119664257822,0.49999999999999994,0.8660254037844387,0.6513724827222223,-0.758758122692791,0.9749279121818236,-0.22252093395631434
-0.07889397093755354,-0.0668886668086069,-0.054923076015638124,-0.06475216264045708,0.06453852113757116,0.7666666666666666,0.7546568517437946,0.49999999999999994,0.8660254037844387,0.48530196253108104,-0.8743466161445821,0.43388373911755823,-0.900968867902419
0.012361120605104046,-0.035932008405109905,-0.026668256331556655,0.000976154868211528,-2.5494451709255714,0.7666666666666666,0.7547017370618071,0.49999999999999994,0.8660254037844387,0.29936312297335804,-0.9541392564000488,-0.433883739117558,-0.9009688679024191
-0.042666441632542636,0.0159693879891655,-0.004926113649695604,-0.04847312935762435,2.653241964607215,0.7666666666666666,0.7547466223798196,0.49999999999999994,0.8660254037844387,0.10116832198743272,-0.994869323391895,-0.9749279121818236,-0.2225209339563146
0.0,0.026996673654570133,-0.012422543840415357,-0.0010245892399000716,-0.6791609385852054,0.7666666666666666,0.7549261636518695,0.49999999999999994,0.8660254037844387,-0.6513724827222217,-0.7587581226927913,0.9749279121818236,-0.22252093395631434
-0.02597546130656847,-0.10328586525497183,-0.05129324544900009,-0.025962047350264448,0.13005312824819776,0.7666666666666666,0.754971048969882,0.49999999999999994,0.8660254037844387,-0.7907757369376986,-0.6121059825476627,0.43388373911755823,-0.900968867902419
0.015147795957556526,0.0796440577403251,0.015147795957556526,0.09478402007687768,-1.0055218656020977,0.7666666666666666,0.7550159342878945,0.49999999999999994,0.8660254037844387,-0.8978045395707417,-0.44039415155763423,-0.433883739117558,-0.9009688679024191
0.047085379412906164,0.0071513603504348,0.08731372366354608,0.004773274189622687,-0.06899287148695143,0.7666666666666666,0.755060819605907,0.49999999999999994,0.8660254037844387,-0.9680771188662041,-0.2506525322587213,-0.9749279121818236,-0.2225209339563146
-0.02656125985926977,-0.03332837248481737,-0.050168703313803624,-0.06441151794909729,1.9042374526547452,0.7666666666666666,0.7551954755599444,0.49999999999999994,0.8660254037844387,-0.9377521321470804,0.3473052528448203,0.7818314824680298,0.6234898018587336
-0.0050916556879611495,-0.011360906062624987,0.005479424766361323,0.0,-0.8797331361403575,0.7666666666666666,0.7552403608779569,0.49999999999999994,0.8660254037844387,-0.8486442574947509,0.5289640103269624,0.9749279121818236,-0.22252093395631434
-0.0464956994269232,0.04183485487407136,-0.009985095799707314,0.030017232183310354,1.3990333868973204,0.7666666666666666,0.7552852461959694,0.49999999999999994,0.8660254037844387,-0.7247927872291207,0.6889669190756859,0.43388373911755823,-0.900968867902419
0.01906835558218096,-0.0603864204394889,-0.02232467222690336,-0.026468472186260597,-1.2339536365378718,0.7666666666666666,0.7553301315139819,0.49999999999999994,0.8660254037844387,-0.5712682150947924,0.8207634412072763,-0.433883739117558,-0.9009688679024191
0.0,0.07973129127707158,-0.022309557068559843,0.04405569043671828,-0.6931471805599453,0.7666666666666666,0.7553750168319943,0.49999999999999994,0.8660254037844387,-0.3943558551133187,0.9189578116202306,-0.9749279121818236,-0.2225209339563146
0.02384765976619875,0.0,0.09740662820495738,-0.02500744219474323,-1.0560526742493137,0.7666666666666666,0.7555096727860318,0.8660254037844386,0.5000000000000001,0.20129852008866006,0.9795299412524945,0.7818314824680298,0.6234898018587336
0.0312683480055294,-0.06068304303509654,-0.042290620433229335,0.0,-7.090076835776092,0.7666666666666666,0.7555545581040443,0.8660254037844386,0.5000000000000001,0.39435585511331855,0.9189578116202306,0.9749279121818236,-0.22252093395631434
-0.019048248241975103,0.08103525168318175,0.054119433237454086,-0.012993745014109758,7.090076835776092,0.7666666666666666,0.7555994434220566,0.8660254037844386,0.5000000000000001,0.5712682150947923,0.8207634412072763,0.43388373911755823,-0.900968867902419
-0.0040567968698990205,-0.05360946560384191,-0.07722447834932816,0.01150302742452452,1.6094379124341003,0.7666666666666666,0.7556443287400691,0.8660254037844386,0.5000000000000001,0.72479278722912,0.6889669190756866,-0.433883739117558,-0.9009688679024191
0.08845003005366808,0.14750333334169727,0.08845003005366808,0.08846066642298796,0.26236426446749106,0.7666666666666666,0.7556892140580816,0.8660254037844386,0.5000000000000001,0.8486442574947509,0.5289640103269624,-0.9749279121818236,-0.2225209339563146
-0.07182075292112984,-0.08886991660272256,-0.020202654360758878,-0.0009107460150883134,-0.262364264467491,0.7666666666666666,0.755823870012119,0.8660254037844386,0.5000000000000001,0.9987165071710528,-0.05064916883871264,0.7818314824680298,0.6234898018587336
0.04112176076693017,0.009070413020279973,-0.010496337793440644,0.006357936680133725,0.7537718023763802,0.7666666666666666,0.7558687553301315,0.8660254037844386,0.5000000000000001,0.9680771188662043,-0.2506525322587204,0.9749279121818236,-0.22252093395631434
0.030698992154199443,-0.006795068819212941,0.05368855423178697,-0.013215132713978424,-0.9461436950238362,0.7666666666666666,0.755913640648144,0.8660254037844386,0.5000000000000001,0.8978045395707416,-0.4403941515576344,0.43388373911755823,-0.900968867902419
-0.04665287034440468,-0.06866831881962802,-0.06866831881962802,-0.060509892187080444,-2.3978952727983707,0.7666666666666666,0.7559585259661565,0.8660254037844386,0.5000000000000001,0.7907757369376989,-0.6121059825476626,-0.433883739117558,-0.9009688679024191
0.008733671481950537,0.016417612282221078,0.016417612282221078,0.008733671481950537,2.6390573296152584,0.7666666666666666,0.756003411284169,0.8660254037844386,0.5000000000000001,0.6513724827222223,-0.758758122692791,-0.9749279121818236,-0.2225209339563146
0.044409777785770606,0.03575172338313598,0.03575172338313598,0.044409777785770606,-1.9459101490553135,0.7666666666666666,0.7561829525562189,0.8660254037844386,0.5000000000000001,-0.10116832198743204,-0.9948693233918952,0.9749279121818236,-0.22252093395631434
0.0032294937688548088,0.10351033846948475,0.0032294937688548088,0.0721916855525125,1.3862943611198906,0.7666666666666666,0.7562278378742314,0.8660254037844386,0.5000000000000001,-0.29936312297335776,-0.9541392564000489,0.43388373911755823,-0.900968867902419
0.07795001527618953,-0.013000829890071406,0.0872800148105584,0.00898782349253188,-0.8754687373538999,0.7666666666666666,0.7562727231922438,0.8660254037844386,0.5000000000000001,-0.4853019625310808,-0.8743466161445822,-0.433883739117558,-0.9009688679024191
-0.02022880572640602,-0.009756135280962377,-0.01659967263040246,-0.00042613574659324714,0.7884573603642703,0.7666666666666666,0.7563176085102563,0.8660254037844386,0.5000000000000001,-0.6513724827222217,-0.7587581226927913,-0.9749279121818236,-0.2225209339563146
0.030402746711563344,0.029815293238091272,0.02584342731799969,0.025253902447383892,-0.2006706954621511,0.7666666666666666,0.7564522644642938,0.8660254037844386,0.5000000000000001,-0.9680771188662041,-0.2506525322587213,0.7818314824680298,0.6234898018587336
-0.008896500467606393,-0.004977193586287758,-0.017296313704415534,-0.00041580279558026904,0.05406722127027579,0.7666666666666666,0.7564971497823063,0.8660254037844386,0.5000000000000001,-0.9987165071710528,-0.05064916883871355,0.9749279121818236,-0.22252093395631434
0.02271866663913829,0.047502376296036125,0.023550326183239725,0.0387409363334276,1.2602536402245255,0.7666666666666666,0.7565420351003187,0.8660254037844386,0.5000000000000001,-0.9884683243281114,0.15142777750457667,0.43388373911755823,-0.900968867902419
0.04791823304455716,0.0,0.04708657350045585,0.008761439962608385,-2.412933150162911,0.7666666666666666,0.7565869204183312,0.8660254037844386,0.5000000000000001,-0.9377521321470804,0.3473052528448203,-0.433883739117558,-0.9009688679024191
-0.01518211630933023,-0.01518211630933023,-0.01518211630933023,-0.01518211630933023,-1.791759469228055,0.7666666666666666,0.7566318057363437,0.8660254037844386,0.5000000000000001,-0.8486442574947509,0.5289640103269624,-0.9749279121818236,-0.2225209339563146
0.0024126016353443634,0.008418648400448541,0.0024126016353443634,0.0060205108725024745,3.5263605246161616,0.7666666666666666,0.7567664616903811,0.8660254037844386,0.5000000000000001,-0.3943558551133187,0.9189578116202306,0.7818314824680298,0.6234898018587336
-0.0024126016353442597,-0.0023981375279459893,0.0016051352148219818,0.0,-0.8183103235139514,0.7666666666666666,0.7568113470083936,1.0,6.123233995736766e-17,0.20129852008866006,0.9795299412524945,0.9749279121818236,-0.22252093395631434
0.0064206763467217175,0.02489755631380549,0.002402939496555415,0.007971338018527998,0.1823215567939546,0.7666666666666666,0.7568562323264061,1.0,6.123233995736766e-17,0.39435585511331855,0.9189578116202306,0.43388373911755823,-0.900968867902419
0.016660367600500308,-0.002736005212660462,0.016660367600500308,0.00908919505619132,-1.2809338454620642,0.7666666666666666,0.7569011176444186,1.0,6.123233995736766e-17,0.5712682150947923,0.8207634412072763,-0.433883739117558,-0.9009688679024191
-0.04464846317353794,-0.0011748851144000117,0.003926132912025581,-0.005918366987022049,0.47000362924573563,0.7666666666666666,0.7569460029624311,1.0,6.123233995736766e-17,0.72479278722912,0.6889669190756866,-0.9749279121818236,-0.2225209339563146
0.03912571540224283,0.007028582804915117,-0.009448880683320645,0.011019385013447765,1.4469189829363254,0.7666666666666666,0.7570806589164685,1.0,6.123233995736766e-17,0.9884683243281114,0.1514277775045767,0.7818314824680298,0.6234898018587336
-0.0007913950079647133,-0.013317793237616084,-0.0007913950079647133,-0.007464095547100966,-1.7346010553881064,0.7666666666666666,0.757125544234481,1.0,6.123233995736766e-17,0.9987165071710528,-0.05064916883871264,0.9749279121818236,-0.22252093395631434
-0.03586918477599191,-0.007917803378815383,-0.0047619091648482175,-0.03982025003457622,1.2992829841302609,0.7666666666666666,0.7571704295524935,1.0,6.123233995736766e-17,0.9680771188662043,-0.2506525322587204,0.43388373911755823,-0.900968867902419
0.025522959954751356,-0.006379486701009521,-0.005584315656392249,0.025522959954751356,-3.0910424533583156,0.7666666666666666,0.7572153148705059,1.0,6.123233995736766e-17,0.8978045395707416,-0.4403941515576344,-0.433883739117558,-0.9009688679024191
-0.013693370940688915,0.015479470515390335,0.009950179020663013,0.009157843347197625,2.70805020110221,0.7666666666666666,0.7572602001885184,1.0,6.123233995736766e-17,0.7907757369376989,-0.6121059825476626,-0.9749279121818236,-0.2225209339563146
-0.0012173134426042228,-0.02029113753780127,-0.024860863403956202,-0.013969510369608456,-1.0986122886681098,0.7666666666666666,0.7573948561425559,1.0,6.123233995736766e-17,0.29936312297335804,-0.9541392564000488,0.7818314824680298,0.6234898018587336
0.010099017360882288,0.0,0.010099017360882288,0.0,-6.620073206530356,0.7666666666666666,0.7574397414605682,1.0,6.123233995736766e-17,0.10116832198743272,-0.994869323391895,0.9749279121818236,-0.22252093395631434
-0.00443104916026473,0.026573052649336733,0.026181614971044338,0.0032102726817127302,7.2078598714324755,0.7666666666666666,0.7574846267785807,1.0,6.123233995736766e-17,-0.10116832198743204,-0.9948693233918952,0.43388373911755823,-0.900968867902419
0.014827031839067967,-0.005101018026425634,-0.007467141645757687,0.013134590061588652,0.20067069546215124,0.7666666666666666,0.7575295120965932,1.0,6.123233995736766e-17,-0.29936312297335776,-0.9541392564000489,-0.433883739117558,-0.9009688679024191
0.01107605194410791,0.04612661155622501,0.002757561297624524,0.05125378343583513,2.056452023455137,0.7666666666666666,0.7575743974146057,1.0,6.123233995736766e-17,-0.4853019625310808,-0.8743466161445822,-0.9749279121818236,-0.2225209339563146
0.014838267521872298,-0.012474243028085526,0.03365236852813959,-0.022413208208404894,-1.563975538357343,0.7666666666666666,0.7577090533686431,1.0,6.123233995736766e-17,-0.8978045395707417,-0.44039415155763423,0.7818314824680298,0.6234898018587336
-0.031498635122372595,-0.011092172628866286,-0.011092172628866286,-0.030819567937183965,0.6359887667199967,0.7666666666666666,0.7577539386866556,1.0,6.123233995736766e-17,-0.9680771188662041,-0.2506525322587213,0.9749279121818236,-0.22252093395631434
0.013902806302875543,-0.023347343202153127,-0.023347343202153127,0.0059252675042540705,-1.2237754316221157,0.7666666666666666,0.7577988240046681,1.0,6.123233995736766e-17,-0.9987165071710528,-0.05064916883871355,0.43388373911755823,-0.900968867902419
-0.013902806302875605,0.014073714618514728,0.014073714618514728,-0.015479470515390401,0.7884573603642703,0.7666666666666666,0.7578437093226806,1.0,6.123233995736766e-17,-0.9884683243281114,0.15142777750457667,-0.433883739117558,-0.9009688679024191
0.0,-0.016044128613259483,-0.025954974742543078,0.0,0.127833371509885,0.7666666666666666,0.7580232505947305,1.0,6.123233995736766e-17,-0.5712682150947924,0.8207634412072763,0.7818314824680298,0.6234898018587336
-0.0024029394965554476,-0.009910846129283554,0.0,0.0,-0.2231435513142097,0.7666666666666666,0.758068135912743,1.0,6.123233995736766e-17,-0.3943558551133187,0.9189578116202306,0.9749279121818236,-0.22252093395631434
0.030018022813996445,0.030988945688535857,0.030988945688535857,0.027615083317440996,-1.6094379124341003,0.7666666666666666,0.7581130212307555,1.0,6.123233995736766e-17,-0.20129852008866114,0.9795299412524943,0.43388373911755823,-0.900968867902419
-0.061792617728693836,-0.010483515022541419,-0.010483515022541419,-0.061792617728693836,1.9810014688665833,0.7666666666666666,0.7581579065487679,1.0,6.123233995736766e-17,-2.4492935982947064e-16,1.0,-0.433883739117558,-0.9009688679024191
0.0,-0.05867492525083929,-0.05867492525083929,0.0,-8.37793112408273,0.7666666666666666,0.7582027918667804,0.8660254037844387,-0.4999999999999998,0.20129852008866006,0.9795299412524945,-0.9749279121818236,-0.2225209339563146
-0.04486577399390418,0.013974672948823357,-0.006227986704837534,-0.006644536402944578,8.1886891244442,0.7666666666666666,0.7583374478208179,0.8660254037844387,-0.4999999999999998,0.72479278722912,0.6889669190756866,0.7818314824680298,0.6234898018587336
0.02859172793361934,0.028964301425037833,0.04916696107869893,-0.009629509657340258,-1.3862943611198906,0.7666666666666666,0.7583823331388303,0.8660254037844387,-0.4999999999999998,0.8486442574947509,0.5289640103269624,0.9749279121818236,-0.22252093395631434
0.007126381829382909,-0.04542544522797609,-0.05208663860476335,0.01378757520617028,0.5108256237659907,0.7666666666666666,0.7584272184568428,0.8660254037844387,-0.4999999999999998,0.9377521321470804,0.3473052528448203,0.43388373911755823,-0.900968867902419
0.006661193376787156,0.0,0.006661193376787156,0.0,-7.313220387090301,0.7666666666666666,0.7584721037748553,0.8660254037844387,-0.4999999999999998,0.9884683243281114,0.1514277775045767,-0.433883739117558,-0.9009688679024191
0.016461143802938085,0.03345876281459624,0.016461143802938085,0.03345876281459624,6.956545443151569,0.7666666666666666,0.7585169890928678,0.8660254037844387,-0.4999999999999998,0.9987165071710528,-0.05064916883871264,-0.9749279121818236,-0.2225209339563146
0.016997619011658104,0.0,0.016997619011658104,0.0,-6.956545443151569,0.7666666666666666,0.7586516450469052,0.8660254037844387,-0.4999999999999998,0.7907757369376989,-0.6121059825476626,0.7818314824680298,0.6234898018587336
-0.028904925577487195,0.013155421471434557,0.012759445461907777,-0.008058053898803942,8.268731832117737,0.7666666666666666,0.7586965303649177,0.8660254037844387,-0.4999999999999998,0.6513724827222223,-0.758758122692791,0.9749279121818236,-0.22252093395631434
-0.04390739139680963,-0.009950179020663084,-0.03548767542529243,-0.021259979531533028,-0.31365755885504165,0.7666666666666666,0.7587414156829302,0.8660254037844387,-0.4999999999999998,0.48530196253108104,-0.8743466161445821,0.43388373911755823,-0.900968867902419
0.035195488610870664,-0.01979469428381777,0.006138778130338348,-0.008298794933089163,-1.55814461804655,0.7666666666666666,0.7587863010009427,0.8660254037844387,-0.4999999999999998,0.29936312297335804,-0.9541392564000488,-0.433883739117558,-0.9009688679024191
-0.0425596351508465,-0.03995539856461614,-0.0635870116812262,-0.018928022034236346,1.6582280766035324,0.7666666666666666,0.7588311863189551,0.8660254037844387,-0.4999999999999998,0.10116832198743272,-0.994869323391895,-0.9749279121818236,-0.2225209339563146
0.07937363125366652,0.055742018137056336,0.07937363125366652,0.055742018137056336,-1.4350845252893227,0.7666666666666666,0.7589658422729926,0.8660254037844387,-0.4999999999999998,-0.4853019625310808,-0.8743466161445822,0.7818314824680298,0.6234898018587336
-0.03681399610282008,0.0,0.0,-0.03681399610282008,0.47000362924573563,0.7666666666666666,0.7590107275910051,0.8660254037844387,-0.4999999999999998,-0.6513724827222217,-0.7587581226927913,0.9749279121818236,-0.22252093395631434
-0.0317486983145803,0.0040080747113774885,-0.018237657335987124,0.04082207081419753,1.0116009116784799,0.7666666666666666,0.7590556129090175,0.8660254037844387,-0.4999999999999998,-0.7907757369376986,-0.6121059825476627,0.43388373911755823,-0.900968867902419
0.04417126540816423,0.007571172544308929,-0.006153771673248928,0.007571172544308929,-0.8938178760220964,0.7666666666666666,0.75910049822703,0.8660254037844387,-0.4999999999999998,-0.8978045395707417,-0.44039415155763423,-0.433883739117558,-0.9009688679024191
0.002876543765862119,-0.009974112040864336,0.025996564224058195,-0.027774034006738408,0.20067069546215124,0.7666666666666666,0.7591453835450425,0.8660254037844387,-0.4999999999999998,-0.9680771188662041,-0.2506525322587213,-0.9749279121818236,-0.2225209339563146
-0.0024651356182863837,-0.025585156076482336,-0.025585156076482336,-0.007785234110608267,-1.2992829841302609,0.7666666666666666,0.7592800394990799,0.8660254037844387,-0.4999999999999998,-0.9377521321470804,0.3473052528448203,0.7818314824680298,0.6234898018587336
0.019955816818143023,0.027988095573037674,0.021567419226315894,0.02237230504501053,1.466337068793427,0.7666666666666666,0.7593249248170924,0.8660254037844387,-0.4999999999999998,-0.8486442574947509,0.5289640103269624,0.9749279121818236,-0.22252093395631434
-0.023664833881678952,0.009950179020663013,-0.0016116024081730231,0.015565969548690424,1.988927534139004,0.7666666666666666,0.7593698101351049,0.8660254037844387,-0.4999999999999998,-0.7247927872291207,0.6889669190756859,0.43388373911755823,-0.900968867902419
0.03688349168461579,0.004741326508139299,0.01520641832872146,-0.001982131078492397,-2.0689702418125404,0.7666666666666666,0.7594146954531173,0.8660254037844387,-0.4999999999999998,-0.5712682150947924,0.8207634412072763,-0.433883739117558,-0.9009688679024191
-0.020503125366413015,0.024529057970970963,0.012628411428410622,0.022755038048744052,0.8109302162163288,0.7666666666666666,0.7594595807711298,0.8660254037844387,-0.4999999999999998,-0.3943558551133187,0.9189578116202306,-0.9749279121818236,-0.2225209339563146
0.05299777519786703,0.0,0.019418012497536042,0.008497477508858622,0.9382696385929302,0.7666666666666666,0.7595942367251672,0.5000000000000003,-0.8660254037844385,0.39435585511331855,0.9189578116202306,0.7818314824680298,0.6234898018587336
-0.022595463246299182,-0.0026958533421271576,-0.0026958533421271576,-0.024134997866576524,-2.624668592163159,0.7666666666666666,0.7596391220431797,0.5000000000000003,-0.8660254037844385,0.5712682150947923,0.8207634412072763,0.9749279121818236,-0.22252093395631434
0.0007876546644233003,0.01492851977632882,-0.015938209645120376,0.036367664300778195,0.7884573603642703,0.7666666666666666,0.7596840073611922,0.5000000000000003,-0.8660254037844385,0.72479278722912,0.6889669190756866,0.43388373911755823,-0.900968867902419
0.00706167170837087,0.025137322787906518,0.01439440534960194,-0.01223266643420166,0.9694005571881035,0.7666666666666666,0.7597288926792047,0.5000000000000003,-0.8660254037844385,0.8486442574947509,0.5289640103269624,-0.433883739117558,-0.9009688679024191
0.0019527144636624669,-0.02932543509327401,-0.010093299392474256,0.008044554128834156,-1.2878542883066382,0.7666666666666666,0.7597737779972171,0.5000000000000003,-0.8660254037844385,0.9377521321470804,0.3473052528448203,-0.9749279121818236,-0.2225209339563146
-0.006654913004226213,-0.007659930530427673,0.01471758062852639,-0.02589516967997434,0.0,0.7666666666666666,0.7599084339512546,0.5000000000000003,-0.8660254037844385,0.9680771188662043,-0.2506525322587204,0.7818314824680298,0.6234898018587336
-0.056973629798854925,-0.011990103780739083,-0.013937494335373736,-0.060110884282060996,1.6817585740137264,0.7666666666666666,0.7599533192692671,0.5000000000000003,-0.8660254037844385,0.8978045395707416,-0.4403941515576344,0.9749279121818236,-0.22252093395631434
0.0,-0.06635601965086863,-0.06440862909623397,0.0,-8.771835409789817,0.7666666666666666,0.7599982045872795,0.5000000000000003,-0.8660254037844385,0.7907757369376989,-0.6121059825476626,0.43388373911755823,-0.900968867902419
0.0,0.0,0.0,0.0,0.0,0.7666666666666666,0.760043089905292,0.5000000000000003,-0.8660254037844385,0.6513724827222223,-0.758758122692791,-0.433883739117558,-0.9009688679024191
0.018538074870998247,0.0909537010731151,0.019761843677999057,0.0909537010731151,6.802394763324311,0.7666666666666666,0.7600879752233045,0.5000000000000003,-0.8660254037844385,0.48530196253108104,-0.8743466161445821,-0.9749279121818236,-0.2225209339563146
-0.0181222720754179,-0.00037969529121780393,0.07081216210389825,-0.09053789827753486,1.7047480922384253,0.7666666666666666,0.7602226311773419,0.5000000000000003,-0.8660254037844385,-0.10116832198743204,-0.9948693233918952,0.7818314824680298,0.6234898018587336
0.0008308496479712025,-0.0610757856311453,-0.08229227457357183,0.029082417355171798,0.058840500022933395,0.7666666666666666,0.7602675164953544,0.5000000000000003,-0.8660254037844385,-0.29936312297335776,-0.9541392564000489,0.9749279121818236,-0.22252093395631434
0.03147618899849976,0.0032246212912993024,0.024441110233725905,0.0032246212912993024,-3.5553480614894135,0.7666666666666666,0.7603124018133669,0.5000000000000003,-0.8660254037844385,-0.4853019625310808,-0.8743466161445822,0.43388373911755823,-0.900968867902419
0.0024115168777544865,0.0024115168777544865,0.0024115168777544865,0.0024115168777544865,0.6931471805599453,0.7666666666666666,0.7603572871313794,0.5000000000000003,-0.8660254037844385,-0.6513724827222217,-0.7587581226927913,-0.433883739117558,-0.9009688679024191
0.0,0.0,0.0,0.0,-5.703782474656201,0.7666666666666666,0.7604021724493919,0.5000000000000003,-0.8660254037844385,-0.7907757369376986,-0.6121059825476627,-0.9749279121818236,-0.2225209339563146
-0.026852627111480443,-0.004022470092495026,-0.026852627111480443,-0.004022470092495026,6.620073206530356,0.7666666666666666,0.7605368284034293,0.5000000000000003,-0.8660254037844385,-0.9987165071710528,-0.05064916883871355,0.7818314824680298,0.6234898018587336
-0.031841907110018504,-0.014207682248297337,-0.015375402720306365,-0.03319302270808071,2.128231705849268,0.7666666666666666,0.7605817137214418,0.5000000000000003,-0.8660254037844385,-0.9884683243281114,0.15142777750457667,0.9749279121818236,-0.22252093395631434
-0.0034115139422676087,-0.018985340459783447,-0.01987801833197971,-0.008368241656446755,-1.0986122886681098,0.7666666666666666,0.7606265990394543,0.5000000000000003,-0.8660254037844385,-0.9377521321470804,0.3473052528448203,0.43388373911755823,-0.900968867902419
-0.01593146150880642,0.04082207081419753,-0.009873465049790437,0.04919031247064435,1.1676051601550612,0.7666666666666666,0.7606714843574667,0.5000000000000003,-0.8660254037844385,-0.8486442574947509,0.5289640103269624,-0.433883739117558,-0.9009688679024191
0.02486201263603832,0.039220563499773486,0.01880401617702229,-0.03666400526536756,-1.0340737675305385,0.7666666666666666,0.7607163696754792,0.5000000000000003,-0.8660254037844385,-0.7247927872291207,0.6889669190756859,-0.9749279121818236,-0.2225209339563146
0.02053289139637946,-0.011605480182332461,0.02053289139637946,0.01686931098154986,0.8109302162163288,0.7666666666666666,0.7608959109475291,0.5000000000000003,-0.8660254037844385,-2.4492935982947064e-16,1.0,0.9749279121818236,-0.22252093395631434
0.014003451606412542,0.0015552087963283678,0.06541947576754632,0.005695639446313692,-1.0185695809945732,0.7666666666666666,0.7609407962655416,1.2246467991473532e-16,-1.0,0.20129852008866006,0.9795299412524945,0.43388373911755823,-0.900968867902419
-0.0008182713532841503,-0.028770515498214008,-0.040433588463344564,-0.000405732430081828,2.144580843850797,0.7666666666666666,0.7609856815835541,1.2246467991473532e-16,-1.0,0.39435585511331855,0.9189578116202306,-0.433883739117558,-0.9009688679024191
0.017045908509272453,0.024097614224031172,0.025166102652450853,0.017699560802846848,0.28090238546640217,0.7666666666666666,0.7610305669015666,1.2246467991473532e-16,-1.0,0.5712682150947923,0.8207634412072763,-0.9749279121818236,-0.2225209339563146
-0.027745647855763535,-0.02730134397087333,-0.019920901194252005,-0.014458069884836276,-0.713766467762681,0.7666666666666666,0.761165222855604,1.2246467991473532e-16,-1.0,0.9377521321470804,0.3473052528448203,0.7818314824680298,0.6234898018587336
0.0033045376220376247,-0.008054807881076924,-0.004840666120987472,-0.019195908775526807,-1.2809338454620642,0.7666666666666666,0.7612101081736165,1.2246467991473532e-16,-1.0,0.9884683243281114,0.1514277775045767,0.9749279121818236,-0.22252093395631434
0.0,-0.01960044411273827,-0.01960044411273827,0.0,-8.006367567650246,0.7666666666666666,0.761254993491629,1.2246467991473532e-16,-1.0,0.9987165071710528,-0.05064916883871264,0.43388373911755823,-0.900968867902419
0.0,0.0,0.0,0.0,0.0,0.7666666666666666,0.7612998788096415,1.2246467991473532e-16,-1.0,0.9680771188662043,-0.2506525322587204,-0.433883739117558,-0.9009688679024191
-0.020834185633745027,-0.020834185633745027,-0.020834185633745027,-0.020834185633745027,6.1092475827643655,0.7666666666666666,0.7613447641276538,1.2246467991473532e-16,-1.0,0.8978045395707416,-0.4403941515576344,-0.9749279121818236,-0.2225209339563146
0.0,0.06322189286910603,0.004201682939247186,0.05926143870101802,2.538973871058276,0.7666666666666666,0.7614794200816913,1.2246467991473532e-16,-1.0,0.48530196253108104,-0.8743466161445821,0.7818314824680298,0.6234898018587336
0.016701893389057275,-0.0039604541680880335,0.012500210449810064,-0.020040674582145927,-2.2512917986064953,0.7666666666666666,0.7615243053997038,1.2246467991473532e-16,-1.0,0.29936312297335804,-0.9541392564000488,0.9749279121818236,-0.22252093395631434
0.014796803085972166,-0.01398614283354708,0.014796803085972166,-0.005684192988243489,1.0116009116784799,0.7666666666666666,0.7615691907177163,1.2246467991473532e-16,-1.0,0.10116832198743272,-0.994869323391895,0.43388373911755823,-0.900968867902419
-0.05320630526118132,-0.004840666120987472,0.008935933271453972,0.004874091226984508,1.128465251817791,0.7666666666666666,0.7616140760357287,1.2246467991473532e-16,-1.0,-0.10116832198743204,-0.9948693233918952,-0.433883739117558,-0.9009688679024191
0.060118271143764904,-0.0020239673888703224,-0.0020239673888703224,0.0,-8.536995818712418,0.7666666666666666,0.7616589613537412,1.2246467991473532e-16,-1.0,-0.29936312297335776,-0.9541392564000489,-0.9749279121818236,-0.2225209339563146
-0.06529515453104387,-0.008545284393831443,-0.047292113062223896,-0.013050744012921837,7.718685495198466,0.7666666666666666,0.7617936173077787,1.2246467991473532e-16,-1.0,-0.7907757369376986,-0.6121059825476627,0.7818314824680298,0.6234898018587336
0.018427790083844132,-0.014406521252741233,0.008881450704611006,-0.03381662043427774,1.076139432816051,0.7666666666666666,0.7618385026257911,1.2246467991473532e-16,-1.0,-0.8978045395707417,-0.44039415155763423,0.9749279121818236,-0.22252093395631434
-0.004681820820869578,0.015631672585377232,0.02207044479010995,-0.004681820820869578,-0.5653138090500603,0.7666666666666666,0.7618833879438036,1.2246467991473532e-16,-1.0,-0.9680771188662041,-0.2506525322587213,0.43388373911755823,-0.900968867902419
0.013138522910456437,-0.025631746382979083,-0.022070444790109847,0.015241601198659261,-0.3856624808119846,0.7666666666666666,0.7619282732618161,1.2246467991473532e-16,-1.0,-0.9987165071710528,-0.05064916883871355,-0.433883739117558,-0.9009688679024191
-0.013138522910456304,0.027670568693035885,0.03312935160647442,-0.005054765788203213,0.5340824859302579,0.7666666666666666,0.7619731585798286,1.2246467991473532e-16,-1.0,-0.9884683243281114,0.15142777750457667,-0.9749279121818236,-0.2225209339563146
-0.024180836820239176,-0.04541499683285857,-0.04541499683285857,-0.034367672230695104,-0.4769240720903093,0.7666666666666666,0.762107814533866,1.2246467991473532e-16,-1.0,-0.7247927872291207,0.6889669190756859,0.7818314824680298,0.6234898018587336
-0.03831199858952583,0.032707286581881864,-0.02503371450431138,0.033100008622285425,-0.325422400434628,0.7666666666666666,0.7621526998518785,1.2246467991473532e-16,-1.0,-0.5712682150947924,0.8207634412072763,0.9749279121818236,-0.22252093395631434
-0.0009086770503427716,-0.08566216457742822,-0.035590911123162025,-0.06642902160771816,2.3178525651248343,0.7666666666666666,0.762197585169891,1.2246467991473532e-16,-1.0,-0.3943558551133187,0.9189578116202306,0.43388373911755823,-0.900968867902419
-0.022989562077587452,-0.011299512148633572,-0.0036297645167065198,-0.028881224732023477,-0.7084146526907338,0.7666666666666666,0.7622424704879035,1.2246467991473532e-16,-1.0,-0.20129852008866114,0.9795299412524943,-0.433883739117558,-0.9009688679024191
-0.07032266243629154,0.02513594906075847,-0.023454752840140636,-0.019253888619746168,1.0296194171811581,0.7666666666666666,0.7622873558059159,-0.4999999999999997,-0.8660254037844388,0.20129852008866006,0.9795299412524945,-0.9749279121818236,-0.2225209339563146
-0.009022609188974089,-0.08122542821627267,-0.06388731021090448,-0.04212684470180285,-0.7380985684222116,0.7666666666666666,0.7624668970779659,-0.4999999999999997,-0.8660254037844388,0.8486442574947509,0.5289640103269624,0.9749279121818236,-0.22252093395631434
-0.0030257180790000562,0.03820318081993899,-0.018018488730808243,0.0044411931413440376,0.5313041551095313,0.7666666666666666,0.7625117823959783,-0.4999999999999997,-0.8660254037844388,0.9377521321470804,0.3473052528448203,0.43388373911755823,-0.900968867902419
0.021978886300846306,-0.04640986718046461,0.021978886300846306,-0.0004925243104226464,-1.5632250692789689,0.7666666666666666,0.7625566677139908,-0.4999999999999997,-0.8660254037844388,0.9884683243281114,0.1514277775045767,-0.433883739117558,-0.9009688679024191
-0.00943164628618601,0.029610608293129267,-0.003960397570038185,-0.0024660549119684926,0.0,0.7666666666666666,0.7626015530320033,-0.4999999999999997,-0.8660254037844388,0.9987165071710528,-0.05064916883871264,-0.9749279121818236,-0.2225209339563146
-0.015075647774754725,-0.061124756893544595,-0.008468251065410123,-0.02500127806176403,-0.06669137449867228,0.7666666666666666,0.7627362089860407,-0.4999999999999997,-0.8660254037844388,0.7907757369376989,-0.6121059825476626,0.7818314824680298,0.6234898018587336
-0.002027368198092188,0.08069665815270836,0.0,0.012578734221348649,1.4118276631250555,0.7666666666666666,0.7627810943040532,-0.4999999999999997,-0.8660254037844388,0.6513724827222223,-0.758758122692791,0.9749279121818236,-0.22252093395631434
0.027028646259856202,-0.009272261369385158,0.012922632636271456,0.038739827387026964,-1.834684513945089,0.7666666666666666,0.7628259796220657,-0.4999999999999997,-0.8660254037844388,0.48530196253108104,-0.8743466161445821,0.43388373911755823,-0.900968867902419
-0.08876374193264898,-0.022134119976176894,0.03636764417087479,-0.028789434922721607,1.3596261140377293,0.7666666666666666,0.7628708649400782,-0.4999999999999997,-0.8660254037844388,0.29936312297335804,-0.9541392564000488,-0.433883739117558,-0.9009688679024191
0.07634119809223351,-0.023122395112683266,-0.023122395112683266,-0.004962855579298582,-0.6664789334777841,0.7666666666666666,0.7629157502580907,-0.4999999999999997,-0.8660254037844388,0.10116832198743272,-0.994869323391895,-0.9749279121818236,-0.2225209339563146
0.019802679187282218,0.012590953156989708,-0.005865113711324816,0.014815142302275281,-0.6418538861723948,0.7666666666666666,0.763050406212128,-0.4999999999999997,-0.8660254037844388,-0.4853019625310808,-0.8743466161445822,0.7818314824680298,0.6234898018587336
-0.01980267918728209,0.00767021240725251,-0.01980267918728209,0.01024144934488585,-1.3862943611198906,0.7666666666666666,0.7630952915301406,-0.4999999999999997,-0.8660254037844388,-0.6513724827222217,-0.7587581226927913,0.9749279121818236,-0.22252093395631434
0.011434402410353008,0.013282915123562456,0.03004412853216816,0.02916774505424363,2.0794415416798357,0.7666666666666666,0.763140176848153,-0.4999999999999997,-0.8660254037844388,-0.7907757369376986,-0.6121059825476627,0.43388373911755823,-0.900968867902419
0.04541839157977258,0.0500908612078589,0.02680866545795754,0.006575874720286908,-0.25489224962879004,0.7666666666666666,0.7631850621661656,-0.4999999999999997,-0.8660254037844388,-0.8978045395707417,-0.44039415155763423,-0.433883739117558,-0.9009688679024191
0.017790781698303955,0.008480324703971026,0.026568805529029134,0.01947215101240628,0.4161603972249123,0.7666666666666666,0.7632299474841779,-0.4999999999999997,-0.8660254037844388,-0.9680771188662041,-0.2506525322587213,-0.9749279121818236,-0.2225209339563146
0.0,-0.03160537441255438,0.00045990830340540223,-0.010616323630675077,-1.452252328911688,0.7666666666666666,0.7633646034382154,-0.4999999999999997,-0.8660254037844388,-0.9377521321470804,0.3473052528448203,0.7818314824680298,0.6234898018587336
-0.0009285042793605301,0.031605374412554336,0.033901551675681416,0.0069364703043508355,0.49247648509779424,0.7666666666666666,0.7634094887562279,-0.4999999999999997,-0.8660254037844388,-0.8486442574947509,0.5289640103269624,0.9749279121818236,-0.22252093395631434
0.032894666060163634,-0.011173322029009003,-0.011173322029009003,0.025029691476452027,-0.6931471805599453,0.7666666666666666,0.7634543740742403,-0.4999999999999997,-0.8660254037844388,-0.7247927872291207,0.6889669190756859,0.43388373911755823,-0.900968867902419
-0.03243033936139302,0.006272480059932067,0.006272480059932067,-0.0067644261256118695,1.6094379124341003,0.7666666666666666,0.7634992593922528,-0.4999999999999997,-0.8660254037844388,-0.5712682150947924,0.8207634412072763,-0.433883739117558,-0.9009688679024191
0.02158523645282203,0.048385974199758514,0.048385974199758514,-0.004080676782959169,-2.0149030205422647,0.7666666666666666,0.7635441447102653,-0.4999999999999997,-0.8660254037844388,-0.3943558551133187,0.9189578116202306,-0.9749279121818236,-0.2225209339563146
0.010845102908570995,-0.04660112182104539,-0.05286231714709798,0.01532941118478789,1.1526795099383853,0.7666666666666666,0.7636788006643027,-0.8660254037844385,-0.5000000000000004,0.20129852008866006,0.9795299412524945,0.7818314824680298,0.6234898018587336
-0.011299512148633572,-0.010307017854286246,-0.013095649261226045,-0.009892157770414665,0.7691330875378674,0.7666666666666666,0.7637236859823152,-0.8660254037844385,-0.5000000000000004,0.39435585511331855,0.9189578116202306,0.9749279121818236,-0.22252093395631434
-0.018349186833566216,-0.009049826732992521,-0.010969020613051455,-0.024240849488002026,-1.074514737089049,0.7666666666666666,0.7637685713003277,-0.8660254037844385,-0.5000000000000004,0.5712682150947923,0.8207634412072763,0.43388373911755823,-0.900968867902419
0.0,-0.018349186833566216,-0.007380166220514731,0.0,-7.649692623711514,0.7666666666666666,0.7638134566183402,-0.8660254037844385,-0.5000000000000004,0.72479278722912,0.6889669190756866,-0.433883739117558,-0.9009688679024191
0.009675289390783798,0.03189339882004012,0.021978951350272665,0.01834918683356613,8.961879012677683,0.7666666666666666,0.7638583419363527,-0.8660254037844385,-0.5000000000000004,0.8486442574947509,0.5289640103269624,-0.9749279121818236,-0.2225209339563146
0.009128306682845026,0.0022396084383765015,0.012154055908143965,0.012198048203352142,-1.5533484457830569,0.7666666666666666,0.7639929978903901,-0.8660254037844385,-0.5000000000000004,0.9987165071710528,-0.05064916883871264,0.7818314824680298,0.6234898018587336
-0.02344397131765004,0.0,-0.001343150253550419,-0.035187610280939745,1.067840630001356,0.7666666666666666,0.7640378832084026,-0.8660254037844385,-0.5000000000000004,0.9680771188662043,-0.2506525322587204,0.9749279121818236,-0.22252093395631434
0.0009298657678449864,-0.018059164625917484,-0.03650036648104275,0.001858734864828059,-0.5212969236332861,0.7666666666666666,0.7640827685264151,-0.8660254037844385,-0.5000000000000004,0.8978045395707416,-0.4403941515576344,0.43388373911755823,-0.900968867902419
-0.01639773502073081,0.03183411803439618,0.01430238834395048,0.050248229371966116,0.5212969236332861,0.7666666666666666,0.7641276538444275,-0.8660254037844385,-0.5000000000000004,0.7907757369376989,-0.6121059825476626,-0.433883739117558,-0.9009688679024191
0.04795763886059564,0.009224775014550886,0.03687471012499879,-0.01961719462908429,0.17185025692665923,0.7666666666666666,0.76417253916244,-0.8660254037844385,-0.5000000000000004,0.6513724827222223,-0.758758122692791,-0.9749279121818236,-0.2225209339563146
-0.00950020753012222,0.016479108152753472,0.02614525484142675,-0.005417615051055679,0.12361395596717663,0.7666666666666666,0.7643071951164775,-0.8660254037844385,-0.5000000000000004,0.10116832198743272,-0.994869323391895,0.7818314824680298,0.6234898018587336
-0.12062800946303079,-0.05480824776057089,-0.05526265700063339,-0.11603047971583294,2.202379227924884,0.7666666666666666,0.7643520804344899,-0.8660254037844385,-0.5000000000000004,-0.10116832198743204,-0.9948693233918952,0.9749279121818236,-0.22252093395631434
0.0071538305585329125,-0.006381054816898879,-0.0059266455768363134,0.010116487006120988,-2.596283513631972,0.7666666666666666,0.7643969657525024,-0.8660254037844385,-0.5000000000000004,-0.29936312297335776,-0.9541392564000489,0.43388373911755823,-0.900968867902419
0.023151490468905495,-0.035842793493658306,-0.07943318727945735,0.055787473644493143,1.6433394641097818,0.7666666666666666,0.7644418510705149,-0.8660254037844385,-0.5000000000000004,-0.4853019625310808,-0.8743466161445822,-0.433883739117558,-0.9009688679024191
0.04380265112628338,0.01645162274989093,0.03883979554698484,0.011828812804224813,-0.2744368457017603,0.7666666666666666,0.7644867363885274,-0.8660254037844385,-0.5000000000000004,-0.6513724827222217,-0.7587581226927913,-0.9749279121818236,-0.2225209339563146
0.012304923527381427,-0.008897297461323705,0.012304923527381427,0.0,-4.04305126783455,0.7666666666666666,0.7646213923425648,-0.8660254037844385,-0.5000000000000004,-0.9680771188662041,-0.2506525322587213,0.7818314824680298,0.6234898018587336
0.0,0.003287190010851797,0.0,0.0018796980325422638,2.0794415416798357,0.7666666666666666,0.7646662776605773,-0.8660254037844385,-0.5000000000000004,-0.9987165071710528,-0.05064916883871355,0.9749279121818236,-0.22252093395631434
0.0,-0.0023468321132768142,0.0009403578975748545,-0.0018796980325421465,-1.1631508098056809,0.7666666666666666,0.7647111629785898,-0.8660254037844385,-0.5000000000000004,-0.9884683243281114,0.15142777750457667,0.43388373911755823,-0.900968867902419
0.0,0.005623251900067615,-0.0009403578975749787,0.006563609797642414,1.5260563034950492,0.7666666666666666,0.7647560482966023,-0.8660254037844385,-0.5000000000000004,-0.9377521321470804,0.3473052528448203,-0.433883739117558,-0.9009688679024191
0.006563609797642414,0.0,0.006563609797642414,0.0,-8.146129510025405,0.7666666666666666,0.7648009336146148,-0.8660254037844385,-0.5000000000000004,-0.8486442574947509,0.5289640103269624,-0.9749279121818236,-0.2225209339563146
-0.006563609797642505,-0.005153538729311234,-0.005153538729311234,-0.006563609797642505,5.703782474656201,0.7666666666666666,0.7649355895686522,-0.8660254037844385,-0.5000000000000004,-0.3943558551133187,0.9189578116202306,0.7818314824680298,0.6234898018587336
-0.011352996709396481,-0.000939781585425876,-0.0014100710683312822,-0.00992683736656926,2.5649493574615367,0.7666666666666666,0.7649804748866647,-0.8660254037844385,-0.5000000000000004,-0.20129852008866114,0.9795299412524943,0.9749279121818236,-0.22252093395631434
-0.0009519268179849669,0.031469480097955145,-0.012304923527381521,0.041866606947429746,-1.3121863889661687,0.7666666666666666,0.7650253602046772,-0.8660254037844385,-0.5000000000000004,-2.4492935982947064e-16,1.0,0.43388373911755823,-0.900968867902419
-0.04879018801129023,-0.001823984188593309,0.02259981060608287,-0.0875499204078996,2.7990219793079367,0.7666666666666666,0.7650702455226895,-1.0,-1.8369701987210297e-16,0.20129852008866006,0.9795299412524945,-0.433883739117558,-0.9009688679024191
0.0024969135534061884,-0.010091819166185389,0.009729079147380438,0.0004971054201944479,-2.26002547857525,0.7666666666666666,0.765115130840702,-1.0,-1.8369701987210297e-16,0.39435585511331855,0.9189578116202306,-0.9749279121818236,-0.2225209339563146
0.0034851525784206716,-0.0751370116329266,-0.0751370116329266,0.0,-7.495541943884256,0.7666666666666666,0.7652946721127519,-1.0,-1.8369701987210297e-16,0.9377521321470804,0.3473052528448203,0.9749279121818236,-0.22252093395631434
0.0029776669457972373,0.08841859061100373,0.08841859061100373,0.0029776669457972373,6.620073206530356,0.7666666666666666,0.7653395574307644,-1.0,-1.8369701987210297e-16,0.9884683243281114,0.1514277775045767,0.43388373911755823,-0.900968867902419
-0.000991570808070228,-0.06970799705025206,-0.08643249447327674,0.015732926614954443,-0.2231435513142097,0.7666666666666666,0.7653844427487769,-1.0,-1.8369701987210297e-16,0.9987165071710528,-0.05064916883871264,-0.433883739117558,-0.9009688679024191
-0.0467089538566357,-0.0024420362427888275,-0.0064692518292545804,-0.0510366102111906,2.505525936990736,0.7666666666666666,0.7654293280667894,-1.0,-1.8369701987210297e-16,0.9680771188662043,-0.2506525322587204,-0.9749279121818236,-0.2225209339563146
-0.012552453861918392,-0.023751783995725913,-0.003000070986235728,-0.02232121263930412,0.5625269981428811,0.7666666666666666,0.7655639840208268,-1.0,-1.8369701987210297e-16,0.6513724827222223,-0.758758122692791,0.7818314824680298,0.6234898018587336
-0.03917860881773481,-0.047164002611979894,-0.047689111894432944,-0.026597287218569722,-2.257122718917288,0.7666666666666666,0.7656088693388393,-1.0,-1.8369701987210297e-16,0.48530196253108104,-0.8743466161445821,0.9749279121818236,-0.22252093395631434
-0.028874906388038656,0.039624426950259674,-0.03854863468384618,0.0010775852729834846,1.491654876777717,0.7666666666666666,0.7656537546568518,-1.0,-1.8369701987210297e-16,0.29936312297335804,-0.9541392564000488,0.43388373911755823,-0.900968867902419
0.0971011726239308,0.0472994822632531,0.06549331909337261,0.08611342494309449,-1.0498221244986778,0.7666666666666666,0.7656986399748643,-1.0,-1.8369701987210297e-16,0.10116832198743272,-0.994869323391895,-0.433883739117558,-0.9009688679024191
0.02324515888914169,0.05477613506393548,0.02324515888914169,0.05619724137951461,1.1451323043030026,0.7666666666666666,0.7657435252928767,-1.0,-1.8369701987210297e-16,-0.10116832198743204,-0.9948693233918952,-0.9749279121818236,-0.2225209339563146
0.04779061715299142,-0.021644882502159155,0.04779061715299142,-0.004681585129643977,-1.4816045409242156,0.7666666666666666,0.7658781812469142,-1.0,-1.8369701987210297e-16,-0.6513724827222217,-0.7587581226927913,0.7818314824680298,0.6234898018587336
0.014654028078172465,-0.007945782527910318,0.014654028078172465,0.0,-7.313220387090301,0.7666666666666666,0.7659230665649267,-1.0,-1.8369701987210297e-16,-0.7907757369376986,-0.6121059825476627,0.9749279121818236,-0.22252093395631434
0.04091583596412898,0.04091583596412898,0.04091583596412898,0.04091583596412898,6.1092475827643655,0.7666666666666666,0.7659679518829391,-1.0,-1.8369701987210297e-16,-0.8978045395707417,-0.44039415155763423,0.43388373911755823,-0.900968867902419
-0.05556986404230139,-0.026473516903324727,-0.04750725806346597,-0.05556986404230139,1.9459101490553132,0.7666666666666666,0.7660128372009516,-1.0,-1.8369701987210297e-16,-0.9680771188662041,-0.2506525322587213,-0.433883739117558,-0.9009688679024191
-0.008128140329546037,-0.037224487468522735,-0.016190746308381538,-0.008128140329546037,-0.6466271649250525,0.7666666666666666,0.7660577225189641,-1.0,-1.8369701987210297e-16,-0.9987165071710528,-0.05064916883871355,-0.9749279121818236,-0.2225209339563146
-0.007227232996599269,-0.007227232996599269,-0.007227232996599269,-0.007227232996599269,-1.7047480922384253,0.7666666666666666,0.7661923784730015,-1.0,-1.8369701987210297e-16,-0.8486442574947509,0.5289640103269624,0.7818314824680298,0.6234898018587336
0.0,0.0,0.0,0.0,-5.703782474656201,0.7666666666666666,0.766237263791014,-1.0,-1.8369701987210297e-16,-0.7247927872291207,0.6889669190756859,0.9749279121818236,-0.22252093395631434
-0.04197110166672236,-0.04146690678136862,-0.04197110166672236,-0.04146690678136862,7.408530566894626,0.7666666666666666,0.7662821491090265,-1.0,-1.8369701987210297e-16,-0.5712682150947924,0.8207634412072763,0.43388373911755823,-0.900968867902419
0.008536286981577445,0.02881461215389215,0.008536286981577445,0.02881461215389215,-0.0953101798043249,0.7666666666666666,0.766327034427039,-1.0,-1.8369701987210297e-16,-0.3943558551133187,0.9189578116202306,-0.433883739117558,-0.9009688679024191
0.020782520057668303,0.0,0.020782520057668303,0.0,-7.313220387090301,0.7666666666666666,0.7663719197450515,-1.0,-1.8369701987210297e-16,-0.20129852008866114,0.9795299412524943,-0.9749279121818236,-0.2225209339563146
-0.02028260973578652,-0.0024515451491974737,-0.02028260973578652,-0.0024515451491974737,6.396929655216146,0.7666666666666666,0.7665065756990889,-0.866025403784439,0.49999999999999933,0.5712682150947923,0.8207634412072763,0.7818314824680298,0.6234898018587336
0.017831064586589018,0.0,0.017831064586589018,0.0,-6.396929655216146,0.7666666666666666,0.7665514610171014,-0.866025403784439,0.49999999999999933,0.72479278722912,0.6889669190756866,0.9749279121818236,-0.22252093395631434
-0.047759757828797225,-0.009371241830846623,-0.009371241830846623,-0.047759757828797225,6.1092475827643655,0.7666666666666666,0.7665963463351139,-0.866025403784439,0.49999999999999933,0.8486442574947509,0.5289640103269624,0.43388373911755823,-0.900968867902419
0.0,-0.038388515997950685,-0.038388515997950685,0.0,-6.1092475827643655,0.7666666666666666,0.7666412316531264,-0.866025403784439,0.49999999999999933,0.9377521321470804,0.3473052528448203,-0.433883739117558,-0.9009688679024191
0.004110998777894755,0.025922682745279414,0.004110998777894755,0.025922682745279414,7.090076835776092,0.7666666666666666,0.7666861169711388,-0.866025403784439,0.49999999999999933,0.9884683243281114,0.1514277775045767,-0.9749279121818236,-0.2225209339563146
0.021811683967384483,0.0,0.021811683967384483,0.0,-7.090076835776092,0.7666666666666666,0.7668207729251763,-0.866025403784439,0.49999999999999933,0.8978045395707416,-0.4403941515576344,0.7818314824680298,0.6234898018587336
0.0,0.0,0.0,0.0,0.0,0.7666666666666666,0.7668656582431888,-0.866025403784439,0.49999999999999933,0.7907757369376989,-0.6121059825476626,0.9749279121818236,-0.22252093395631434
-0.07337486985464597,-0.047787145273952905,-0.047787145273952905,-0.0658439878491343,7.495541943884256,0.7666666666666666,0.7669105435612011,-0.866025403784439,0.49999999999999933,0.6513724827222223,-0.758758122692791,0.43388373911755823,-0.900968867902419
0.0059219110738871665,0.0026280822910839273,-0.019665813506805917,0.010130747146788204,0.08004270767353636,0.7666666666666666,0.7669554288792136,-0.866025403784439,0.49999999999999933,0.48530196253108104,-0.8743466161445821,-0.433883739117558,-0.9009688679024191
0.030137103178570088,0.007843207380680344,0.030137103178570088,0.018397385100157346,-1.8718021769015913,0.7666666666666666,0.7670003141972261,-0.866025403784439,0.49999999999999933,0.29936312297335804,-0.9541392564000488,-0.9749279121818236,-0.2225209339563146
-0.033901595351498934,-0.033901595351498934,-0.033901595351498934,-0.033901595351498934,2.6026896854443837,0.7666666666666666,0.7671349701512635,-0.866025403784439,0.49999999999999933,-0.29936312297335776,-0.9541392564000489,0.7818314824680298,0.6234898018587336
0.03181601622120375,0.03181601622120375,0.03181601622120375,0.03181601622120375,-1.6863989535702288,0.7666666666666666,0.767179855469276,-0.866025403784439,0.49999999999999933,-0.4853019625310808,-0.8743466161445822,0.9749279121818236,-0.22252093395631434
-0.01949990340940206,-0.0047083111951992706,-0.01949990340940206,-0.0047083111951992706,0.1823215567939546,0.7666666666666666,0.7672247407872885,-0.866025403784439,0.49999999999999933,-0.6513724827222217,-0.7587581226927913,0.43388373911755823,-0.900968867902419
-0.009088571301277997,-0.01959283894996114,-0.007478660191840024,-0.01959283894996114,0.6061358035703155,0.7666666666666666,0.767269626105301,-0.866025403784439,0.49999999999999933,-0.7907757369376986,-0.6121059825476627,-0.433883739117558,-0.9009688679024191
-0.006465533784624474,-0.009132513039542102,-0.008075444894062474,-0.009132513039542102,-0.6061358035703156,0.7666666666666666,0.7673145114233135,-0.866025403784439,0.49999999999999933,-0.8978045395707417,-0.44039415155763423,-0.9749279121818236,-0.2225209339563146
0.0,0.01020138274976461,0.0,0.0005394807408877035,1.8191584434161694,0.7666666666666666,0.7674491673773509,-0.866025403784439,0.49999999999999933,-0.9884683243281114,0.15142777750457667,0.7818314824680298,0.6234898018587336
0.003237992274100625,-0.0016038098406376542,0.010217918219729036,0.004842658395539938,-0.9718605830289657,0.7666666666666666,0.7674940526953634,-0.866025403784439,0.49999999999999933,-0.9377521321470804,0.3473052528448203,0.9749279121818236,-0.22252093395631434
-0.02454447197575851,-0.007518825193379325,-0.007518825193379325,-0.028308964148687325,2.0149030205422647,0.7666666666666666,0.7675389380133759,-0.866025403784439,0.49999999999999933,-0.8486442574947509,0.5289640103269624,0.43388373911755823,-0.900968867902419
-0.0060924687114747595,-0.030098041439482245,-0.030098041439482245,-0.0060924687114747595,-2.3513752571634776,0.7666666666666666,0.7675838233313883,-0.866025403784439,0.49999999999999933,-0.7247927872291207,0.6889669190756859,-0.433883739117558,-0.9009688679024191
-0.03103212017809328,-0.00724846181257769,-0.013986268838805539,-0.021337116820807984,0.9162907318741551,0.7666666666666666,0.7676287086494008,-0.866025403784439,0.49999999999999933,-0.5712682150947924,0.8207634412072763,-0.9749279121818236,-0.2225209339563146
-0.011527494240702676,-0.013521320229465837,-0.006783513203237939,-0.021222497597987947,-0.4462871026284195,0.7666666666666666,0.7677633646034383,-0.866025403784439,0.49999999999999933,-2.4492935982947064e-16,1.0,0.7818314824680298,0.6234898018587336
-0.0005799191767990306,-0.02236975155355147,-0.02236975155355147,-0.0005799191767990306,-2.0794415416798357,0.7666666666666666,0.7678082499214507,-0.5000000000000012,0.8660254037844379,0.20129852008866006,0.9795299412524945,0.9749279121818236,-0.22252093395631434
0.0,0.0,0.0,0.0,-5.703782474656201,0.7666666666666666,0.7678531352394632,-0.5000000000000012,0.8660254037844379,0.39435585511331855,0.9189578116202306,0.43388373911755823,-0.900968867902419
0.040357933137307865,0.043139533595594845,0.043139533595594845,0.040357933137307865,7.2078598714324755,0.7666666666666666,0.7678980205574757,-0.5000000000000012,0.8660254037844379,0.5712682150947923,0.8207634412072763,-0.433883739117558,-0.9009688679024191
-0.019123254425660506,-0.009489276813019736,-0.021904854883947514,-0.006707676354732791,-0.40546510810816444,0.7666666666666666,0.7679429058754882,-0.5000000000000012,0.8660254037844379,0.72479278722912,0.6889669190756866,-0.9749279121818236,-0.2225209339563146
0.02190485488394755,0.009489276813019846,0.02190485488394755,0.009489276813019846,-0.1823215567939546,0.7666666666666666,0.7680775618295256,-0.5000000000000012,0.8660254037844379,0.9884683243281114,0.1514277775045767,0.7818314824680298,0.6234898018587336
-0.025317824286415037,0.021978963731912098,-0.011173289882683566,0.021978963731912098,1.8870696490323797,0.7666666666666666,0.7681224471475381,-0.5000000000000012,0.8660254037844379,0.9987165071710528,-0.05064916883871264,0.9749279121818236,-0.22252093395631434
0.011331555447609581,-0.005449677414706881,0.027702576199888727,-0.021978963731912146,-0.3184537311185346,0.7666666666666666,0.7681673324655506,-0.5000000000000012,0.8660254037844379,0.9680771188662043,-0.2506525322587204,0.43388373911755823,-0.900968867902419
0.008415229117139478,-0.02210032603887118,-0.02210032603887118,-0.00557103972166588,-1.2321436812926323,0.7666666666666666,0.7682122177835631,-0.5000000000000012,0.8660254037844379,0.8978045395707416,-0.4403941515576344,-0.433883739117558,-0.9009688679024191
-0.002797242005130764,-0.002797242005130764,-0.002797242005130764,-0.002797242005130764,-1.9459101490553135,0.7666666666666666,0.7682571031015756,-0.5000000000000012,0.8660254037844379,0.7907757369376989,-0.6121059825476626,-0.9749279121818236,-0.2225209339563146
0.0,0.0,0.0,0.0,-5.0106352940962555,0.7666666666666666,0.768391759055613,-0.5000000000000012,0.8660254037844379,0.29936312297335804,-0.9541392564000488,0.7818314824680298,0.6234898018587336
0.0,0.0,0.0,0.0,0.0,0.7666666666666666,0.7684366443736255,-0.5000000000000012,0.8660254037844379,0.10116832198743272,-0.994869323391895,0.9749279121818236,-0.22252093395631434
-0.02266383845129659,-0.02266383845129659,-0.02266383845129659,-0.02266383845129659,5.703782474656201,0.7666666666666666,0.768481529691638,-0.5000000000000012,0.8660254037844379,-0.10116832198743204,-0.9948693233918952,0.43388373911755823,-0.900968867902419
0.04482546843849223,0.08877676589133104,0.08877676589133104,0.05572474827536411,1.9459101490553132,0.7666666666666666,0.7685264150096504,-0.5000000000000012,0.8660254037844379,-0.29936312297335776,-0.9541392564000489,-0.433883739117558,-0.9009688679024191
0.010899279836871943,-0.033052017615966954,-0.033052017615966954,0.0,-7.649692623711514,0.7666666666666666,0.7685713003276629,-0.5000000000000012,0.8660254037844379,-0.4853019625310808,-0.8743466161445822,-0.9749279121818236,-0.2225209339563146
0.046076451676100715,0.046076451676100715,0.046076451676100715,0.046076451676100715,6.1092475827643655,0.7666666666666666,0.7687059562817004,-0.5000000000000012,0.8660254037844379,-0.8978045395707417,-0.44039415155763423,0.7818314824680298,0.6234898018587336
-0.04067103833388932,0.004132233315593175,0.004132233315593175,-0.04067103833388932,0.9808292530117262,0.7666666666666666,0.7687508415997127,-0.5000000000000012,0.8660254037844379,-0.9680771188662041,-0.2506525322587213,0.9749279121818236,-0.22252093395631434
0.0,-0.04480327164948244,-0.04480327164948244,0.0,-7.090076835776092,0.7666666666666666,0.7687957269177252,-0.5000000000000012,0.8660254037844379,-0.9987165071710528,-0.05064916883871355,0.43388373911755823,-0.900968867902419
0.05505976203513937,0.05505976203513937,0.05505976203513937,0.05505976203513937,6.1092475827643655,0.7666666666666666,0.7688854975537502,-0.5000000000000012,0.8660254037844379,-0.9377521321470804,0.3473052528448203,-0.9749279121818236,-0.2225209339563146
-0.03372563990751525,-0.006141262177265411,-0.03372563990751525,-0.02531782108421193,1.0986122886681098,0.7666666666666666,0.7690201535077876,-0.5000000000000012,0.8660254037844379,-0.5712682150947924,0.8207634412072763,0.7818314824680298,0.6234898018587336
0.010498848943630526,-0.0170855287866194,0.010498848943630526,0.0020910301203271283,-1.5040773967762742,0.7666666666666666,0.7690650388258001,-0.5000000000000012,0.8660254037844379,-0.3943558551133187,0.9189578116202306,0.9749279121818236,-0.22252093395631434
-0.03183297107125448,0.030850745083882716,-0.03183297107125448,0.02322679096388479,1.6094379124341003,0.7666666666666666,0.7691099241438126,-0.5000000000000012,0.8660254037844379,-0.20129852008866114,0.9795299412524943,0.43388373911755823,-0.900968867902419
0.008053765323794383,-0.012739049921083077,0.049944666234054094,-0.047005996711344845,0.3364722366212129,0.7666666666666666,0.7691548094618251,-2.4492935982947064e-16,1.0,0.20129852008866006,0.9795299412524945,-0.433883739117558,-0.9009688679024191
-0.0668942887153708,-0.03922071315328127,-0.03922071315328127,-0.03815180676327668,2.0243817644968085,0.7666666666666666,0.7691996947798375,-2.4492935982947064e-16,1.0,0.39435585511331855,0.9189578116202306,-0.9749279121818236,-0.2225209339563146
0.003424657665679008,-0.040821994520255166,-0.0661398188066702,0.0,-2.466214516775848,0.7666666666666666,0.769334350733875,-2.4492935982947064e-16,1.0,0.8486442574947509,0.5289640103269624,0.7818314824680298,0.6234898018587336
-0.014347476206563719,0.008298834341118354,0.005681909205347405,-0.008368281726796628,0.8472978603872037,0.7666666666666666,0.7693792360518875,-2.4492935982947064e-16,1.0,0.9377521321470804,0.3473052528448203,0.9749279121818236,-0.22252093395631434
0.0312970187661822,0.12467686875905369,0.044328543178338335,0.09097177123697009,1.6916760106710724,0.7666666666666666,0.7694241213698999,-2.4492935982947064e-16,1.0,0.9884683243281114,0.1514277775045767,0.43388373911755823,-0.900968867902419
0.05715847617160331,-0.010758039430738907,0.06808912949734866,0.03961417415925973,-1.270462545594769,0.7666666666666666,0.7694690066879124,-2.4492935982947064e-16,1.0,0.9987165071710528,-0.05064916883871264,-0.433883739117558,-0.9009688679024191
0.023530437563522483,0.01027150545439303,-0.020461125586290475,0.01027150545439303,1.1689930854299093,0.7666666666666666,0.7695138920059249,-2.4492935982947064e-16,1.0,0.9680771188662043,-0.2506525322587204,-0.9749279121818236,-0.2225209339563146
0.010794271776796153,0.09065438219038363,0.07033567941833063,0.09065438219038363,0.5127654885838172,0.7666666666666666,0.7696485479599623,-2.4492935982947064e-16,1.0,0.6513724827222223,-0.758758122692791,0.7818314824680298,0.6234898018587336
0.003062786623056623,-0.020202720292680294,0.048881865474995734,-0.02702864625985619,-0.5936175852129122,0.7666666666666666,0.7696934332779748,-2.4492935982947064e-16,1.0,0.48530196253108104,-0.8743466161445821,0.9749279121818236,-0.22252093395631434
0.10765146887261032,-0.0022701138849622582,0.0022909823791369046,0.004555812082213534,-0.9985288301111273,0.7666666666666666,0.7697383185959873,-2.4492935982947064e-16,1.0,0.29936312297335804,-0.9541392564000488,0.43388373911755823,-0.900968867902419
-0.025493857893610274,-0.006841557855774898,-0.025493857893610274,-0.006841557855774898,-0.6649763035932491,0.7666666666666666,0.7697832039139998,-2.4492935982947064e-16,1.0,0.10116832198743272,-0.994869323391895,-0.433883739117558,-0.9009688679024191
0.03233541574938517,0.05779386747482956,0.04811923617423575,0.05779386747482956,0.8708283577973978,0.7666666666666666,0.7698280892320123,-2.4492935982947064e-16,1.0,-0.10116832198743204,-0.9948693233918952,-0.9749279121818236,-0.2225209339563146
0.0004544092400625663,0.008602195378861487,0.04377068457306564,-0.02847947544141212,-0.02353049741019416,0.7666666666666666,0.7699627451860497,-2.4492935982947064e-16,1.0,-0.6513724827222217,-0.7587581226927913,0.7818314824680298,0.6234898018587336
-0.010504735241556918,-0.02208354680754168,-0.02208354680754168,0.0,-1.252762968495368,0.7666666666666666,0.7700076305040622,-2.4492935982947064e-16,1.0,-0.7907757369376986,-0.6121059825476627,0.9749279121818236,-0.22252093395631434
0.005494513919280717,-0.014998124012731828,-0.014998124012731828,-0.020202720292680294,-0.6931471805599453,0.7666666666666666,0.7700525158220747,-2.4492935982947064e-16,1.0,-0.8978045395707417,-0.44039415155763423,0.43388373911755823,-0.900968867902419
-0.004576728152698166,0.01980263976251067,-0.02247283417764251,0.01708673070231654,2.5257286443082556,0.7666666666666666,0.7700974011400872,-2.4492935982947064e-16,1.0,-0.9680771188662041,-0.2506525322587213,-0.433883739117558,-0.9009688679024191
0.04177566194912851,-0.004366877542595723,0.03790859639755743,0.013286277126937895,-2.70805020110221,0.7666666666666666,0.7701422864580996,-2.4492935982947064e-16,1.0,-0.9987165071710528,-0.05064916883871355,-0.9749279121818236,-0.2225209339563146
0.011808598450150469,0.006543123766809694,0.006543123766809694,0.011808598450150469,-1.6094379124341003,0.7666666666666666,0.7703218277301496,-2.4492935982947064e-16,1.0,-0.7247927872291207,0.6889669190756859,0.9749279121818236,-0.22252093395631434
-0.06511836979653667,0.006500589454687342,0.0013035277457139035,0.006500589454687342,2.995732273553991,0.7666666666666666,0.770366713048162,-2.4492935982947064e-16,1.0,-0.5712682150947924,0.8207634412072763,0.43388373911755823,-0.900968867902419
0.08874998291314679,0.017131023661922814,0.02232808537089632,0.017131023661922814,-2.3025850929940455,0.7666666666666666,0.7704115983661745,-2.4492935982947064e-16,1.0,-0.3943558551133187,0.9189578116202306,-0.433883739117558,-0.9009688679024191
-0.023631613116610165,-0.01497349675612425,-0.01497349675612425,-0.023631613116610165,1.0986122886681098,0.7666666666666666,0.770456483684187,-2.4492935982947064e-16,1.0,-0.20129852008866114,0.9795299412524943,-0.9749279121818236,-0.2225209339563146
-0.020202688277881187,-0.008658116360485855,-0.008658116360485855,-0.020202688277881187,0.4054651081081644,0.7833333333333333,0.7706360249562368,0.49999999999999994,0.8660254037844387,0.5712682150947923,0.8207634412072763,0.9749279121818236,-0.22252093395631434
0.0,-0.01577594775939631,-0.019759163081647466,0.0004435251962337057,0.44183275227903923,0.7833333333333333,0.7706809102742493,0.49999999999999994,0.8660254037844387,0.72479278722912,0.6889669190756866,0.43388373911755823,-0.900968867902419
0.0004435251962337057,-0.003983215322251237,0.0,0.0,-7.649692623711514,0.7833333333333333,0.7707257955922618,0.49999999999999994,0.8660254037844387,0.8486442574947509,0.5289640103269624,-0.433883739117558,-0.9009688679024191
-0.045359206714889154,-0.024692557082719755,-0.024692557082719755,-0.04396803162835669,7.90100705199242,0.7833333333333333,0.7707706809102743,0.49999999999999994,0.8660254037844387,0.9377521321470804,0.3473052528448203,-0.9749279121818236,-0.2225209339563146
0.020666649632169496,0.006795068819212964,0.0,0.02109193879665191,-1.0986122886681098,0.7833333333333333,0.7709053368643117,0.49999999999999994,0.8660254037844387,0.9680771188662043,-0.2506525322587204,0.7818314824680298,0.6234898018587336
-0.07894485114525306,-0.01822378631725174,-0.0570514792650024,-0.017853480430285798,0.8472978603872037,0.7833333333333333,0.7709502221823242,0.49999999999999994,0.8660254037844387,0.8978045395707416,-0.4403941515576344,0.9749279121818236,-0.22252093395631434
0.06290783496598214,-0.004608298681232044,0.04101446308573152,0.0,-7.649692623711514,0.7833333333333333,0.7709951075003367,0.49999999999999994,0.8660254037844387,0.7907757369376989,-0.6121059825476626,0.43388373911755823,-0.900968867902419
0.02057210220229249,0.02057210220229249,0.02057210220229249,0.02057210220229249,5.0106352940962555,0.7833333333333333,0.7710399928183491,0.49999999999999994,0.8660254037844387,0.6513724827222223,-0.758758122692791,-0.433883739117558,-0.9009688679024191
0.0067644261256117775,0.0067644261256117775,0.0067644261256117775,0.0067644261256117775,0.0,0.7833333333333333,0.7710848781363616,0.49999999999999994,0.8660254037844387,0.48530196253108104,-0.8743466161445821,-0.9749279121818236,-0.2225209339563146
-0.01357485634970062,-0.011299512148633572,-0.011299512148633572,-0.011299512148633572,3.2188758248682006,0.7833333333333333,0.7712644194084115,0.49999999999999994,0.8660254037844387,-0.29936312297335776,-0.9541392564000489,0.9749279121818236,-0.22252093395631434
-0.04424469310824193,0.0054397180045956135,-0.016037016179270835,0.0054397180045956135,-0.5108256237659907,0.7833333333333333,0.771309304726424,0.49999999999999994,0.8660254037844387,-0.4853019625310808,-0.8743466161445822,0.43388373911755823,-0.900968867902419
0.04652003730930893,0.015698862601587465,0.03717559678545376,-0.005439718004595492,-0.7621400520468967,0.7833333333333333,0.7713541900444365,0.49999999999999994,0.8660254037844387,-0.6513724827222217,-0.7587581226927913,-0.433883739117558,-0.9009688679024191
-0.06526609678843108,-0.08640467739461385,-0.08640467739461385,-0.06526609678843108,-0.8472978603872037,0.7833333333333333,0.771399075362449,0.49999999999999994,0.8660254037844387,-0.7907757369376986,-0.6121059825476627,-0.9749279121818236,-0.2225209339563146
0.025863554302576384,0.086404677394614,0.086404677394614,0.05659219934564859,1.540445040947149,0.7833333333333333,0.7715337313164864,0.49999999999999994,0.8660254037844387,-0.9987165071710528,-0.05064916883871355,0.7818314824680298,0.6234898018587336
0.01408472616525117,-0.022503178792161502,-0.04645639692678652,-0.010138325995707322,-1.0296194171811581,0.7833333333333333,0.7715786166344989,0.49999999999999994,0.8660254037844387,-0.9884683243281114,0.15142777750457667,0.9749279121818236,-0.22252093395631434
0.0065055928821139055,-0.017447625252511024,0.0065055928821139055,0.0,-6.620073206530356,0.7833333333333333,0.7716235019525114,0.49999999999999994,0.8660254037844387,-0.9377521321470804,0.3473052528448203,0.43388373911755823,-0.900968867902419
0.0,0.0,0.0,0.0,0.0,0.7833333333333333,0.7716683872705239,0.49999999999999994,0.8660254037844387,-0.8486442574947509,0.5289640103269624,-0.433883739117558,-0.9009688679024191
0.016536879237422798,0.027862050171482314,0.016536879237422798,0.027862050171482314,7.090076835776092,0.7833333333333333,0.7717132725885364,0.49999999999999994,0.8660254037844387,-0.7247927872291207,0.6889669190756859,-0.9749279121818236,-0.2225209339563146
0.011325170934059535,0.013423007444649979,0.015819556187540988,0.0,0.22314355131420976,0.7833333333333333,0.7718479285425738,0.49999999999999994,0.8660254037844387,-0.20129852008866114,0.9795299412524943,0.7818314824680298,0.6234898018587336
-0.02925258049568978,-0.00044457461838556567,-0.032819686532111016,0.012978432826264404,0.0,0.7833333333333333,0.7718928138605863,0.49999999999999994,0.8660254037844387,-2.4492935982947064e-16,1.0,0.9749279121818236,-0.22252093395631434
-0.01778238920165518,0.0004445746183856439,0.039523647685107924,-0.007587589387956853,1.0986122886681098,0.7833333333333333,0.7719376991785988,0.8660254037844386,0.5000000000000001,0.20129852008866006,0.9795299412524945,0.43388373911755823,-0.900968867902419
0.047034969697344955,-0.013423007444650008,-0.01119834640647834,-0.005390843438307593,-2.70805020110221,0.7833333333333333,0.7719825844966112,0.8660254037844386,0.5000000000000001,0.39435585511331855,0.9189578116202306,-0.433883739117558,-0.9009688679024191
0.0,0.0,0.0,0.0,0.0,0.7833333333333333,0.7720274698146237,0.8660254037844386,0.5000000000000001,0.5712682150947923,0.8207634412072763,-0.9749279121818236,-0.2225209339563146
0.0,0.0,0.0,0.0,-5.703782474656201,0.7833333333333333,0.7721621257686612,0.8660254037844386,0.5000000000000001,0.9377521321470804,0.3473052528448203,0.7818314824680298,0.6234898018587336
0.0,0.0,0.0,0.0,0.0,0.7833333333333333,0.7722070110866736,0.8660254037844386,0.5000000000000001,0.9884683243281114,0.1514277775045767,0.9749279121818236,-0.22252093395631434
-0.02739901356655871,0.008968661352744326,-0.02739901356655871,0.008968661352744326,6.396929655216146,0.7833333333333333,0.7722518964046861,0.8660254037844386,0.5000000000000001,0.9987165071710528,-0.05064916883871264,0.43388373911755823,-0.900968867902419
0.03636767491930312,0.0,0.03636767491930312,0.0,-6.396929655216146,0.7833333333333333,0.7722967817226986,0.8660254037844386,0.5000000000000001,0.9680771188662043,-0.2506525322587204,-0.433883739117558,-0.9009688679024191
-0.02486004594151181,-0.006718975937103275,-0.02486004594151181,-0.006718975937103275,7.408530566894626,0.7833333333333333,0.772341667040711,0.8660254037844386,0.5000000000000001,0.8978045395707416,-0.4403941515576344,-0.9749279121818236,-0.2225209339563146
0.011376643878796696,-0.0067644261256118695,0.011376643878796696,-0.0067644261256118695,-0.45198512374305727,0.7833333333333333,0.7724763229947484,0.8660254037844386,0.5000000000000001,0.48530196253108104,-0.8743466161445821,0.7818314824680298,0.6234898018587336
-0.03218659000730652,0.004514740709970742,-0.026594782332764303,-0.03218659000730652,0.0,0.7833333333333333,0.7725212083127609,0.8660254037844386,0.5000000000000001,0.29936312297335804,-0.9541392564000488,0.9749279121818236,-0.22252093395631434
0.020809946128510004,-0.015891384588767526,0.015218138453967642,0.020809946128510004,-1.252762968495368,0.7833333333333333,0.7725660936307734,0.8660254037844386,0.5000000000000001,0.10116832198743272,-0.994869323391895,0.43388373911755823,-0.900968867902419
-0.023617619463510042,0.002285745773561248,0.002285745773561248,-0.023617619463510042,2.803360380906535,0.7833333333333333,0.7726109789487859,0.8660254037844386,0.5000000000000001,-0.10116832198743204,-0.9948693233918952,-0.433883739117558,-0.9009688679024191
0.02132663708437318,0.004555812082213534,-0.004576728152698166,0.030459177319284894,-2.3978952727983707,0.7833333333333333,0.7726558642667983,0.8660254037844386,0.5000000000000001,-0.29936312297335776,-0.9541392564000489,-0.9749279121818236,-0.2225209339563146
0.009132540234911708,0.0,0.009132540234911708,0.0,-6.1092475827643655,0.7833333333333333,0.7728354055388483,0.8660254037844386,0.5000000000000001,-0.8978045395707417,-0.44039415155763423,0.9749279121818236,-0.22252093395631434
-0.03233541574938515,-0.018349186833566216,-0.02999078449354444,-0.018349186833566216,6.956545443151569,0.7833333333333333,0.7728802908568607,0.8660254037844386,0.5000000000000001,-0.9680771188662041,-0.2506525322587213,0.43388373911755823,-0.900968867902419
-0.007067126736469515,0.017439618255797696,0.0037401331868850965,0.011507628977791173,2.043073897508961,0.7833333333333333,0.7729251761748732,0.8660254037844386,0.5000000000000001,-0.9987165071710528,-0.05064916883871355,-0.433883739117558,-0.9009688679024191
0.03940254248585484,0.023382402755410862,0.04872348548430175,0.006841557855774969,-2.379546134130174,0.7833333333333333,0.7729700614928857,0.8660254037844386,0.5000000000000001,-0.9884683243281114,0.15142777750457667,-0.9749279121818236,-0.2225209339563146
-0.03468555722291065,-0.02474817837870957,-0.02474817837870957,-0.011428717498038773,0.7884573603642703,0.7833333333333333,0.7731047174469232,0.8660254037844386,0.5000000000000001,-0.7247927872291207,0.6889669190756859,0.7818314824680298,0.6234898018587336
-0.004716985262944091,-0.02071421787652057,-0.02071421787652057,-0.02325683972487189,0.0,0.7833333333333333,0.7731496027649356,0.8660254037844386,0.5000000000000001,-0.5712682150947924,0.8207634412072763,0.9749279121818236,-0.22252093395631434
-0.002366896584639844,0.0,-0.009345853671797697,0.011695995145323037,-0.6061358035703156,0.7833333333333333,0.7731944880829481,1.0,6.123233995736766e-17,0.20129852008866006,0.9795299412524945,0.43388373911755823,-0.900968867902419
0.0,-0.014051740274105202,-0.004705886602307486,-0.018779876992907115,-1.0986122886681098,0.7833333333333333,0.7732393734009606,1.0,6.123233995736766e-17,0.39435585511331855,0.9189578116202306,-0.433883739117558,-0.9009688679024191
-0.019139321869547078,0.002355745128782009,0.0,-0.01865631266380947,3.367295829986474,0.7833333333333333,0.7732842587189731,1.0,6.123233995736766e-17,0.5712682150947923,0.8207634412072763,-0.9749279121818236,-0.2225209339563146
0.0024125096039129246,0.004694772729366138,-0.004728136718801869,0.0067371975025169225,-1.0647107369924282,0.7833333333333333,0.7734189146730105,1.0,6.123233995736766e-17,0.9377521321470804,0.3473052528448203,0.7818314824680298,0.6234898018587336
-0.0024125096039128383,-0.014151166654952262,-0.017208821205440348,0.009546603083290368,1.0296194171811581,0.7833333333333333,0.773463799991023,1.0,6.123233995736766e-17,0.9884683243281114,0.1514277775045767,0.9749279121818236,-0.22252093395631434
0.0024125096039129246,-0.01435430018763216,0.0004820089398060648,-0.01435430018763216,-2.2335922215070942,0.7833333333333333,0.7735086853090355,1.0,6.123233995736766e-17,0.9987165071710528,-0.05064916883871264,0.43388373911755823,-0.900968867902419
-0.0024125096039128383,0.07874442447559962,0.011976214026819863,0.011976214026819863,0.28768207245178085,0.7833333333333333,0.773553570627048,1.0,6.123233995736766e-17,0.9680771188662043,-0.2506525322587204,-0.433883739117558,-0.9009688679024191
0.0,-0.06439012428796749,0.002378086160812165,-0.0009528338461447755,-0.4700036292457356,0.7833333333333333,0.7735984559450604,1.0,6.123233995736766e-17,0.8978045395707416,-0.4403941515576344,-0.9749279121818236,-0.2225209339563146
0.0024125096039129246,-0.011947528007017628,-0.011947528007017628,-0.01102338018067517,-0.5108256237659907,0.7833333333333333,0.7737331118990979,1.0,6.123233995736766e-17,0.48530196253108104,-0.8743466161445821,0.7818314824680298,0.6234898018587336
-0.0019295003981751773,0.016686936669659622,0.0,0.009592459088700713,1.8971199848858813,0.7833333333333333,0.7737779972171104,1.0,6.123233995736766e-17,0.29936312297335804,-0.9541392564000488,0.9749279121818236,-0.22252093395631434
0.001929500398175065,-0.019093708850274123,-0.0024067721806145977,-0.0095924590887007,-1.6094379124341003,0.7833333333333333,0.7738228825351228,1.0,6.123233995736766e-17,0.10116832198743272,-0.994869323391895,0.43388373911755823,-0.900968867902419
0.0,0.02145494898443624,0.0,0.02145494898443624,0.0,0.7833333333333333,0.7738677678531353,1.0,6.123233995736766e-17,-0.10116832198743204,-0.9948693233918952,-0.433883739117558,-0.9009688679024191
-0.0024125096039128383,0.0,0.02145494898443624,-0.02145494898443623,2.1400661634962708,0.7833333333333333,0.7739126531711478,1.0,6.123233995736766e-17,-0.29936312297335776,-0.9541392564000489,-0.9749279121818236,-0.2225209339563146
-0.0024183438845965335,0.0,-0.026285802472945624,0.019093708850274053,-1.041453874828161,0.7833333333333333,0.7740473091251852,1.0,6.123233995736766e-17,-0.7907757369376986,-0.6121059825476627,0.7818314824680298,0.6234898018587336
0.01680706751532938,0.0,0.0262858024729456,0.0,-0.1823215567939546,0.7833333333333333,0.7740921944431977,1.0,6.123233995736766e-17,-0.8978045395707417,-0.44039415155763423,0.9749279121818236,-0.22252093395631434
0.007117494823454055,-0.0023612401341620744,-0.0023612401341620744,0.0,-7.313220387090301,0.7833333333333333,0.7741370797612102,1.0,6.123233995736766e-17,-0.9680771188662041,-0.2506525322587213,0.43388373911755823,-0.900968867902419
-0.04348513899432899,-0.019093708850274123,-0.019093708850274123,-0.02634890767569976,9.017968479328726,0.7833333333333333,0.7741819650792227,1.0,6.123233995736766e-17,-0.9987165071710528,-0.05064916883871355,-0.433883739117558,-0.9009688679024191
0.0024660549119685446,-0.007255198825425673,-0.014563350534680516,0.0,-1.8101086078962516,0.7833333333333333,0.7742268503972352,1.0,6.123233995736766e-17,-0.9884683243281114,0.15142777750457667,-0.9749279121818236,-0.2225209339563146
0.0,-0.01467017640666076,-0.007362024697405844,-0.01467017640666076,-1.0986122886681098,0.7833333333333333,0.7743615063512725,1.0,6.123233995736766e-17,-0.7247927872291207,0.6889669190756859,0.7818314824680298,0.6234898018587336
-0.006424492715850638,-0.004938206288078408,-0.004938206288078408,-0.006424492715850638,1.0986122886681098,0.7833333333333333,0.774406391669285,1.0,6.123233995736766e-17,-0.5712682150947924,0.8207634412072763,0.9749279121818236,-0.22252093395631434
0.0,-0.0014862864277721786,-0.0014862864277721786,0.0,-7.2078598714324755,0.7833333333333333,0.7744512769872975,1.0,6.123233995736766e-17,-0.3943558551133187,0.9189578116202306,0.43388373911755823,-0.900968867902419
0.0,0.0,0.0,0.0,0.0,0.7833333333333333,0.7744961623053099,1.0,6.123233995736766e-17,-0.20129852008866114,0.9795299412524943,-0.433883739117558,-0.9009688679024191
0.0,0.0,0.0,0.0,0.0,0.7833333333333333,0.7745410476233224,1.0,6.123233995736766e-17,-2.4492935982947064e-16,1.0,-0.9749279121818236,-0.2225209339563146
-0.10828442274580485,-0.003476569151526413,-0.003476569151526413,-0.02866679437787976,8.674196940225903,0.7833333333333333,0.7746757035773599,0.8660254037844387,-0.4999999999999998,0.5712682150947923,0.8207634412072763,0.7818314824680298,0.6234898018587336
0.05115515355135551,-0.040614680803664344,-0.05365270004292295,-0.015424455577311006,-0.6678293725756556,0.7833333333333333,0.7747205888953723,0.8660254037844387,-0.4999999999999998,0.72479278722912,0.6889669190756866,0.9749279121818236,-0.22252093395631434
-0.005263165090945717,0.06031980361123628,0.024884693492870456,0.010309359776225845,0.6678293725756554,0.7833333333333333,0.7747654742133848,0.8660254037844387,-0.4999999999999998,0.8486442574947509,0.5289640103269624,0.43388373911755823,-0.900968867902419
0.005263165090945669,-0.007344002202467753,-0.024884693492870386,0.0076629018653951554,0.22825865198098017,0.7833333333333333,0.7748103595313973,0.8660254037844387,-0.4999999999999998,0.9377521321470804,0.3473052528448203,-0.433883739117558,-0.9009688679024191
0.031010280880879558,-0.0350035397671474,0.031010280880879558,0.0,-8.902455592206882,0.7833333333333333,0.7748552448494098,0.8660254037844387,-0.4999999999999998,0.9884683243281114,0.1514277775045767,-0.9749279121818236,-0.2225209339563146
0.0,0.0,0.0,0.0,0.0,0.7833333333333333,0.7749899008034472,0.8660254037844387,-0.4999999999999998,0.8978045395707416,-0.4403941515576344,0.7818314824680298,0.6234898018587336
0.0,0.0,0.0,0.0,0.0,0.7833333333333333,0.7750347861214597,0.8660254037844387,-0.4999999999999998,0.7907757369376989,-0.6121059825476626,0.9749279121818236,-0.22252093395631434
-0.01538497753060256,-0.01538497753060256,-0.01538497753060256,-0.01538497753060256,5.0106352940962555,0.7833333333333333,0.7750796714394722,0.8660254037844387,-0.4999999999999998,0.6513724827222223,-0.758758122692791,0.43388373911755823,-0.900968867902419
0.012837171466292428,0.015384977530602565,0.012837171466292428,0.012837171466292428,1.791759469228055,0.7833333333333333,0.7751245567574847,0.8660254037844387,-0.4999999999999998,0.48530196253108104,-0.8743466161445821,-0.433883739117558,-0.9009688679024191
-0.04433580895436647,-0.04688361501867649,-0.04433580895436647,-0.04433580895436647,-1.0986122886681098,0.7833333333333333,0.7753040980295346,0.8660254037844387,-0.4999999999999998,-0.29936312297335776,-0.9541392564000489,0.7818314824680298,0.6234898018587336
0.0,0.0,0.0,0.0,-5.703782474656201,0.7833333333333333,0.7753489833475471,0.8660254037844387,-0.4999999999999998,-0.4853019625310808,-0.8743466161445822,0.9749279121818236,-0.22252093395631434
0.014297328768314788,0.08923115698829168,0.023716541518477203,0.08923115698829168,8.101677747454572,0.7833333333333333,0.7753938686655596,0.8660254037844387,-0.4999999999999998,-0.6513724827222217,-0.7587581226927913,0.43388373911755823,-0.900968867902419
0.08222428902335899,0.007290460803382296,0.07280507627319668,0.007290460803382296,-1.9924301646902063,0.7833333333333333,0.775438753983572,0.8660254037844387,-0.4999999999999998,-0.7907757369376986,-0.6121059825476627,-0.433883739117558,-0.9009688679024191
0.0,0.0,0.0,0.0,-6.1092475827643655,0.7833333333333333,0.7754836393015845,0.8660254037844387,-0.4999999999999998,-0.8978045395707417,-0.44039415155763423,-0.9749279121818236,-0.2225209339563146
-0.09385854095407677,-0.004854443188102878,-0.004854443188102878,-0.04963800277299733,8.006367567650246,0.7833333333333333,0.775618295255622,0.8660254037844387,-0.4999999999999998,-0.9884683243281114,0.15142777750457667,0.7818314824680298,0.6234898018587336
0.013210257300199778,-0.04478355958489442,-0.07579384046577398,0.0,-1.2039728043259361,0.7833333333333333,0.7756631805736344,0.8660254037844387,-0.4999999999999998,-0.9377521321470804,0.3473052528448203,0.9749279121818236,-0.22252093395631434
0.013038019239258555,-0.017972261641621086,0.013038019239258555,-0.017972261641621086,-0.6931471805599453,0.7833333333333333,0.7757080658916469,0.8660254037844387,-0.4999999999999998,-0.8486442574947509,0.5289640103269624,0.43388373911755823,-0.900968867902419
-0.023061872074904455,-0.023061872074904455,-0.023061872074904455,-0.023061872074904455,1.2992829841302609,0.7833333333333333,0.7757529512096594,0.8660254037844387,-0.4999999999999998,-0.7247927872291207,0.6889669190756859,-0.433883739117558,-0.9009688679024191
0.0,0.0,0.0,0.0,-7.408530566894626,0.7833333333333333,0.7757978365276719,0.8660254037844387,-0.4999999999999998,-0.5712682150947924,0.8207634412072763,-0.9749279121818236,-0.2225209339563146
0.00844784746616395,0.00844784746616395,0.00844784746616395,0.00844784746616395,5.703782474656201,0.7833333333333333,0.7759324924817093,0.5000000000000003,-0.8660254037844385,0.20129852008866006,0.9795299412524945,0.7818314824680298,0.6234898018587336
0.0,0.0,0.0,0.0,-5.703782474656201,0.7833333333333333,0.7759773777997218,0.5000000000000003,-0.8660254037844385,0.39435585511331855,0.9189578116202306,0.9749279121818236,-0.22252093395631434
0.0,0.0,0.0,0.0,0.0,0.7833333333333333,0.7760222631177343,0.5000000000000003,-0.8660254037844385,0.5712682150947923,0.8207634412072763,0.43388373911755823,-0.900968867902419
-0.011102440913818871,0.0376624343060495,-0.011102440913818871,0.024923384384966617,7.649692623711514,0.7833333333333333,0.7760671484357468,0.5000000000000003,-0.8660254037844385,0.72479278722912,0.6889669190756866,-0.433883739117558,-0.9009688679024191
0.03602582529878536,-0.012739049921083077,0.03602582529878536,0.0,-7.649692623711514,0.7833333333333333,0.7761120337537591,0.5000000000000003,-0.8660254037844385,0.8486442574947509,0.5289640103269624,-0.9749279121818236,-0.2225209339563146
-0.018111695162799715,-0.018111695162799715,-0.018111695162799715,-0.018111695162799715,6.1092475827643655,0.7833333333333333,0.7762466897077966,0.5000000000000003,-0.8660254037844385,0.9987165071710528,-0.05064916883871264,0.7818314824680298,0.6234898018587336
-0.00523568385268477,0.01038961949759239,0.0,-0.00523568385268477,0.6931471805599453,0.7833333333333333,0.7762915750258091,0.5000000000000003,-0.8660254037844385,0.9680771188662043,-0.2506525322587204,0.9749279121818236,-0.22252093395631434
0.0,-0.01562530335027711,-0.00523568385268477,0.0,-6.802394763324311,0.7833333333333333,0.7763364603438215,0.5000000000000003,-0.8660254037844385,0.8978045395707416,-0.4403941515576344,0.43388373911755823,-0.900968867902419
0.0,0.0,0.0,0.0,0.0,0.7833333333333333,0.776381345661834,0.5000000000000003,-0.8660254037844385,0.7907757369376989,-0.6121059825476626,-0.433883739117558,-0.9009688679024191
-0.040712678378960976,0.01562530335027708,-0.040712678378960976,0.01562530335027708,7.090076835776092,0.7833333333333333,0.7764262309798465,0.5000000000000003,-0.8660254037844385,0.6513724827222223,-0.758758122692791,-0.9749279121818236,-0.2225209339563146
0.05633798172923805,0.0,0.05633798172923805,0.0,-7.090076835776092,0.7833333333333333,0.776560886933884,0.5000000000000003,-0.8660254037844385,0.10116832198743272,-0.994869323391895,0.7818314824680298,0.6234898018587336
-0.002587284111018539,0.0,0.0,-0.002587284111018539,7.090076835776092,0.7833333333333333,0.7766057722518964,0.5000000000000003,-0.8660254037844385,-0.10116832198743204,-0.9948693233918952,0.9749279121818236,-0.22252093395631434
0.0,-0.002587284111018539,-0.002587284111018539,0.0,-7.090076835776092,0.7833333333333333,0.7766506575699089,0.5000000000000003,-0.8660254037844385,-0.29936312297335776,-0.9541392564000489,0.43388373911755823,-0.900968867902419
0.010309359776225845,0.010309359776225845,0.010309359776225845,0.010309359776225845,6.956545443151569,0.7833333333333333,0.7766955428879214,0.5000000000000003,-0.8660254037844385,-0.4853019625310808,-0.8743466161445822,-0.433883739117558,-0.9009688679024191
0.0,0.0,0.0,0.0,-6.956545443151569,0.7833333333333333,0.7767404282059339,0.5000000000000003,-0.8660254037844385,-0.6513724827222217,-0.7587581226927913,-0.9749279121818236,-0.2225209339563146
0.0,0.0,0.0,0.0,0.0,0.7833333333333333,0.7768750841599713,0.5000000000000003,-0.8660254037844385,-0.9680771188662041,-0.2506525322587213,0.7818314824680298,0.6234898018587336
0.0,0.0,0.0,0.0,0.0,0.7833333333333333,0.7769199694779838,0.5000000000000003,-0.8660254037844385,-0.9987165071710528,-0.05064916883871355,0.9749279121818236,-0.22252093395631434
-0.05048393320891423,-0.05048393320891423,-0.05048393320891423,-0.05048393320891423,6.1092475827643655,0.7833333333333333,0.7769648547959963,0.5000000000000003,-0.8660254037844385,-0.9884683243281114,0.15142777750457667,0.43388373911755823,-0.900968867902419
0.0,0.0,0.0,0.0,-6.1092475827643655,0.7833333333333333,0.7770097401140088,0.5000000000000003,-0.8660254037844385,-0.9377521321470804,0.3473052528448203,-0.433883739117558,-0.9009688679024191
0.021873389102484153,0.027136554193429745,0.027136554193429745,0.021873389102484153,6.396929655216146,0.7833333333333333,0.7770546254320212,0.5000000000000003,-0.8660254037844385,-0.8486442574947509,0.5289640103269624,-0.9749279121818236,-0.2225209339563146
0.0,-0.005263165090945717,-0.005263165090945717,0.0,-6.396929655216146,0.7833333333333333,0.7772341667040712,0.5000000000000003,-0.8660254037844385,-0.20129852008866114,0.9795299412524943,0.9749279121818236,-0.22252093395631434
0.002635082799861612,0.00840781882330336,0.00840781882330336,0.002635082799861612,6.1092475827643655,0.7833333333333333,0.7772790520220836,0.5000000000000003,-0.8660254037844385,-2.4492935982947064e-16,1.0,0.43388373911755823,-0.900968867902419
0.0,0.009893365506900847,0.009893365506900847,0.0,0.5108256237659907,0.7833333333333333,0.7773239373400961,1.2246467991473532e-16,-1.0,0.20129852008866006,0.9795299412524945,-0.433883739117558,-0.9009688679024191
0.020834066721996822,0.005167965191654179,0.005167965191654179,0.020834066721996822,-0.5108256237659907,0.7833333333333333,0.7773688226581086,1.2246467991473532e-16,-1.0,0.39435585511331855,0.9189578116202306,-0.9749279121818236,-0.2225209339563146
-0.0005155594324825722,-0.0005155594324825722,-0.0005155594324825722,-0.0005155594324825722,-0.40546510810816444,0.7833333333333333,0.777503478612146,1.2246467991473532e-16,-1.0,0.8486442574947509,0.5289640103269624,0.7818314824680298,0.6234898018587336
0.0,0.0,0.0,0.0,-5.703782474656201,0.7833333333333333,0.7775483639301585,1.2246467991473532e-16,-1.0,0.9377521321470804,0.3473052528448203,0.9749279121818236,-0.22252093395631434
0.0,0.0,0.0,0.0,0.0,0.7833333333333333,0.777593249248171,1.2246467991473532e-16,-1.0,0.9884683243281114,0.1514277775045767,0.43388373911755823,-0.900968867902419
0.0,0.0,0.0,0.0,0.0,0.7833333333333333,0.7776381345661835,1.2246467991473532e-16,-1.0,0.9987165071710528,-0.05064916883871264,-0.433883739117558,-0.9009688679024191
0.0,0.0,0.0,0.0,0.0,0.7833333333333333,0.777683019884196,1.2246467991473532e-16,-1.0,0.9680771188662043,-0.2506525322587204,-0.9749279121818236,-0.2225209339563146
-0.00517071133195762,-0.00517071133195762,-0.00517071133195762,-0.00517071133195762,5.703782474656201,0.7833333333333333,0.7778176758382334,1.2246467991473532e-16,-1.0,0.6513724827222223,-0.758758122692791,0.7818314824680298,0.6234898018587336
0.0,0.0,0.0,0.0,-5.703782474656201,0.7833333333333333,0.7778625611562459,1.2246467991473532e-16,-1.0,0.48530196253108104,-0.8743466161445821,0.9749279121818236,-0.22252093395631434
0.0,0.0,0.0,0.0,0.0,0.7833333333333333,0.7779074464742584,1.2246467991473532e-16,-1.0,0.29936312297335804,-0.9541392564000488,0.43388373911755823,-0.900968867902419
-0.012519713666472412,-0.012519713666472412,-0.012519713666472412,-0.012519713666472412,5.0106352940962555,0.7833333333333333,0.7779523317922707,1.2246467991473532e-16,-1.0,0.10116832198743272,-0.994869323391895,-0.433883739117558,-0.9009688679024191
-0.002628082291084009,-0.002628082291084009,-0.002628082291084009,-0.002628082291084009,1.3862943611198906,0.7833333333333333,0.7779972171102832,1.2246467991473532e-16,-1.0,-0.10116832198743204,-0.9948693233918952,-0.9749279121818236,-0.2225209339563146
0.020834066721996822,0.12593682113742982,0.020834066721996822,0.12593682113742982,2.0794415416798357,0.7833333333333333,0.7781318730643207,1.2246467991473532e-16,-1.0,-0.6513724827222217,-0.7587581226927913,0.7818314824680298,0.6234898018587336
0.011276377319217183,-0.009324134861375039,0.095778619554058,-0.0938263770962159,-1.3862943611198906,0.7833333333333333,0.7781767583823332,1.2246467991473532e-16,-1.0,-0.7907757369376986,-0.6121059825476627,0.9749279121818236,-0.22252093395631434
0.0,-0.08450224223484093,-0.08450224223484093,0.0,-7.090076835776092,0.7833333333333333,0.7782216437003456,1.2246467991473532e-16,-1.0,-0.8978045395707417,-0.44039415155763423,0.43388373911755823,-0.900968867902419
0.0,0.0,0.0,0.0,0.0,0.7833333333333333,0.7782665290183581,1.2246467991473532e-16,-1.0,-0.9680771188662041,-0.2506525322587213,-0.433883739117558,-0.9009688679024191
0.0,0.0,0.0,0.0,0.0,0.7833333333333333,0.7783114143363706,1.2246467991473532e-16,-1.0,-0.9987165071710528,-0.05064916883871355,-0.9749279121818236,-0.2225209339563146
0.05358426578834359,0.05358426578834359,0.05358426578834359,0.05358426578834359,7.313220387090301,0.7833333333333333,0.778446070290408,1.2246467991473532e-16,-1.0,-0.8486442574947509,0.5289640103269624,0.7818314824680298,0.6234898018587336
0.0,0.0,0.0,0.0,-7.313220387090301,0.7833333333333333,0.7784909556084205,1.2246467991473532e-16,-1.0,-0.7247927872291207,0.6889669190756859,0.9749279121818236,-0.22252093395631434
0.011049791381054535,0.011049791381054535,0.011049791381054535,0.011049791381054535,6.1092475827643655,0.7833333333333333,0.778535840926433,1.2246467991473532e-16,-1.0,-0.5712682150947924,0.8207634412072763,0.43388373911755823,-0.900968867902419
-0.018322578453754026,-0.018322578453754026,-0.018322578453754026,-0.018322578453754026,-0.40546510810816444,0.7833333333333333,0.7785807262444455,1.2246467991473532e-16,-1.0,-0.3943558551133187,0.9189578116202306,-0.433883739117558,-0.9009688679024191
-0.002436017615279268,0.031140245661048532,-0.002436017615279268,0.031140245661048532,1.9459101490553132,0.7833333333333333,0.778625611562458,1.2246467991473532e-16,-1.0,-0.20129852008866114,0.9795299412524943,-0.9749279121818236,-0.2225209339563146
0.0,-0.03357626327632779,0.0,-0.03357626327632779,-1.9459101490553135,0.7833333333333333,0.7787602675164954,-0.4999999999999997,-0.8660254037844388,0.5712682150947923,0.8207634412072763,0.7818314824680298,0.6234898018587336
0.0,0.005351468839589515,0.0,0.0,2.0794415416798357,0.7833333333333333,0.7788500381525204,-0.4999999999999997,-0.8660254037844388,0.8486442574947509,0.5289640103269624,0.43388373911755823,-0.900968867902419
0.0,-0.005351468839589429,0.0,0.0,-0.2076393647782445,0.7833333333333333,0.7788949234705328,-0.4999999999999997,-0.8660254037844388,0.9377521321470804,0.3473052528448203,-0.433883739117558,-0.9009688679024191
0.0,0.0,0.0,0.0,-7.575584651557793,0.7833333333333333,0.7789398087885453,-0.4999999999999997,-0.8660254037844388,0.9884683243281114,0.1514277775045767,-0.9749279121818236,-0.2225209339563146
-0.06031980361123622,-0.046427094859346596,-0.06031980361123622,-0.046427094859346596,6.396929655216146,0.7833333333333333,0.7790744647425828,-0.4999999999999997,-0.8660254037844388,0.8978045395707416,-0.4403941515576344,0.7818314824680298,0.6234898018587336
0.0005179629898983365,0.059511868340287925,0.0005179629898983365,0.059511868340287925,0.4054651081081644,0.7833333333333333,0.7791193500605952,-0.4999999999999997,-0.8660254037844388,0.7907757369376989,-0.6121059825476626,0.9749279121818236,-0.22252093395631434
-0.016184064520240973,-0.0785993889507556,-0.016184064520240973,-0.0785993889507556,-0.6931471805599453,0.7833333333333333,0.7791642353786077,-0.4999999999999997,-0.8660254037844388,0.6513724827222223,-0.758758122692791,0.43388373911755823,-0.900968867902419
0.03617962179883742,0.08722838885040678,0.0976996785221711,0.025708332127073068,0.0,0.7833333333333333,0.7792091206966202,-0.4999999999999997,-0.8660254037844388,0.48530196253108104,-0.8743466161445821,-0.433883739117558,-0.9009688679024191
-0.0309303459330391,-0.07686561180017436,-0.08203357699182849,-0.015345555076840593,2.4277482359480516,0.7833333333333333,0.7792540060146327,-0.4999999999999997,-0.8660254037844388,0.29936312297335804,-0.9541392564000488,-0.9749279121818236,-0.2225209339563146
-0.19602751917980013,-0.04750236467583218,-0.09733297365649855,-0.1771801915532085,2.475054353344989,0.7833333333333333,0.7793886619686701,-0.4999999999999997,-0.8660254037844388,-0.29936312297335776,-0.9541392564000489,0.7818314824680298,0.6234898018587336
-0.08643251463074686,-0.10116511120108806,-0.07283475867509177,-0.028082987686308146,-0.4254657748148339,0.7833333333333333,0.7794335472866826,-0.4999999999999997,-0.8660254037844388,-0.4853019625310808,-0.8743466161445822,0.9749279121818236,-0.22252093395631434
0.07361174684312882,-0.04401684306610608,-0.04909738030037207,-0.003169526473970685,-2.4849066497880004,0.7833333333333333,0.7794784326046951,-0.4999999999999997,-0.8660254037844388,-0.6513724827222217,-0.7587581226927913,0.43388373911755823,-0.900968867902419
0.02232950114490414,0.02773677154857468,0.03174875888059038,0.018868466478694394,1.157452788691043,0.7833333333333333,0.7795233179227076,-0.4999999999999997,-0.8660254037844388,-0.7907757369376986,-0.6121059825476627,-0.433883739117558,-0.9009688679024191
0.006289322966137872,-0.029613574501411884,-0.0031299347695483105,-0.006250014477781661,-1.0296194171811581,0.7833333333333333,0.77956820324072,-0.4999999999999997,-0.8660254037844388,-0.8978045395707417,-0.44039415155763423,-0.9749279121818236,-0.2225209339563146
0.0,0.01676540091245059,0.015552442626418781,0.003129934769548341,1.3137236682850553,0.7833333333333333,0.7797028591947575,-0.4999999999999997,-0.8660254037844388,-0.9884683243281114,0.15142777750457667,0.7818314824680298,0.6234898018587336
-0.004398324219430162,0.04279050070393402,-0.019950766845848962,0.024692588603136813,-0.5813557745718286,0.7833333333333333,0.77974774451277,-0.4999999999999997,-0.8660254037844388,-0.9377521321470804,0.3473052528448203,0.9749279121818236,-0.22252093395631434
0.03526503053755309,0.02620238840015345,0.03526503053755309,0.03593197536173103,0.05608946665104358,0.7833333333333333,0.7797926298307823,-0.4999999999999997,-0.8660254037844388,-0.8486442574947509,0.5289640103269624,0.43388373911755823,-0.900968867902419
0.021053345788636664,-0.010398779981104425,0.04167265558205411,-0.011834446627656463,-0.2231435513142097,0.7833333333333333,0.7798375151487948,-0.4999999999999997,-0.8660254037844388,-0.7247927872291207,0.6889669190756859,-0.433883739117558,-0.9009688679024191
-0.011976179761843045,-0.03666876950722807,-0.032595489555260586,-0.011976179761843045,-2.6855773452501515,0.7833333333333333,0.7798824004668073,-0.4999999999999997,-0.8660254037844388,-0.5712682150947924,0.8207634412072763,-0.9749279121818236,-0.2225209339563146
-0.046233195311054534,-0.012121348972231497,-0.012121348972231497,-0.021309810185550566,3.4446824936018943,0.7833333333333333,0.7800170564208448,-0.4999999999999997,-0.8660254037844388,-2.4492935982947064e-16,1.0,0.7818314824680298,0.6234898018587336
0.021841765592556885,-0.006116221130998037,-0.006116221130998037,-0.0030816195329472,-2.751535313041949,0.7833333333333333,0.7800619417388572,-0.8660254037844385,-0.5000000000000004,0.20129852008866006,0.9795299412524945,0.9749279121818236,-0.22252093395631434
-0.009302428148637193,0.003674219821386246,-0.015456287763905428,0.0,1.2992829841302609,0.7833333333333333,0.7801068270568697,-0.8660254037844385,-0.5000000000000004,0.39435585511331855,0.9189578116202306,0.43388373911755823,-0.900968867902419
0.016682528304091032,-0.0024479792812004612,0.016682528304091032,0.00738010015545396,-1.9924301646902063,0.7833333333333333,0.7801517123748822,-0.8660254037844385,-0.5000000000000004,0.5712682150947923,0.8207634412072763,-0.433883739117558,-0.9009688679024191
-0.0012262405401856594,0.049606819118304404,0.017011329563044006,0.049606819118304404,1.992430164690206,0.7833333333333333,0.7801965976928947,-0.8660254037844385,-0.5000000000000004,0.72479278722912,0.6889669190756866,-0.9749279121818236,-0.2225209339563146
0.0,-0.029587928379637828,-0.018237570103229624,-0.032595489555260586,-1.2992829841302609,0.7833333333333333,0.7803312536469321,-0.8660254037844385,-0.5000000000000004,0.9884683243281114,0.1514277775045767,0.7818314824680298,0.6234898018587336
0.01823757010322968,-0.0030075611756227084,0.01823757010322968,0.0,-6.802394763324311,0.7833333333333333,0.7803761389649446,-0.8660254037844385,-0.5000000000000004,0.9987165071710528,-0.05064916883871264,0.9749279121818236,-0.22252093395631434
-0.02748257499266266,0.03550673855887971,-0.018237570103229624,-0.02748257499266266,8.62155320674048,0.7833333333333333,0.7804210242829571,-0.8660254037844385,-0.5000000000000004,0.9680771188662043,-0.2506525322587204,0.43388373911755823,-0.900968867902419
-0.0062112828744722345,-0.048848342764802974,-0.006153859615268167,0.014140970786739437,-1.8191584434161694,0.7833333333333333,0.7804659096009696,-0.8660254037844385,-0.5000000000000004,0.8978045395707416,-0.4403941515576344,-0.433883739117558,-0.9009688679024191
0.024616691840341258,0.007299295494986573,0.015314263691704091,0.007299295494986573,0.7731898882334817,0.7833333333333333,0.780510794918982,-0.8660254037844385,-0.5000000000000004,0.7907757369376989,-0.6121059825476626,-0.9749279121818236,-0.2225209339563146
0.003034857315857012,0.0,0.003034857315857012,0.0,-7.575584651557793,0.7833333333333333,0.7806454508730195,-0.8660254037844385,-0.5000000000000004,0.29936312297335804,-0.9541392564000488,0.7818314824680298,0.6234898018587336
-0.0535285933494792,-0.01219526139229299,-0.052889457826607075,-0.024541174073992318,7.090076835776092,0.7833333333333333,0.780690336191032,-0.8660254037844385,-0.5000000000000004,0.10116832198743272,-0.994869323391895,0.9749279121818236,-0.22252093395631434
0.020253836731782576,0.0030627428317971605,0.019614701208910557,0.0,0.22314355131420976,0.7833333333333333,0.7807352215090444,-0.8660254037844385,-0.5000000000000004,-0.10116832198743204,-0.9948693233918952,0.43388373911755823,-0.900968867902419
0.027195716356401674,0.003053478299200818,0.027195716356401674,0.01846213381269731,-1.2039728043259361,0.7833333333333333,0.7807801068270569,-0.8660254037844385,-0.5000000000000004,-0.29936312297335776,-0.9541392564000489,-0.433883739117558,-0.9009688679024191
-0.03853798171385573,0.007290426293022679,-0.021572508894903492,0.007290426293022679,1.8458266904983307,0.7833333333333333,0.7808249921450694,-0.8660254037844385,-0.5000000000000004,-0.4853019625310808,-0.8743466161445822,-0.9749279121818236,-0.2225209339563146
0.047642696792626,0.037426412234469374,0.030677223973673767,0.037426412234469374,-1.3350010667323402,0.7833333333333333,0.7809596480991068,-0.8660254037844385,-0.5000000000000004,-0.8978045395707417,-0.44039415155763423,0.7818314824680298,0.6234898018587336
0.030350455034855447,-0.005261668413866436,0.030350455034855447,-0.005261668413866436,-0.2231435513142097,0.7833333333333333,0.7810045334171193,-0.8660254037844385,-0.5000000000000004,-0.9680771188662041,-0.2506525322587213,0.9749279121818236,-0.22252093395631434
0.005261668413866515,0.005261668413866515,0.005261668413866515,0.005261668413866515,-0.6931471805599453,0.7833333333333333,0.7810494187351318,-0.8660254037844385,-0.5000000000000004,-0.9987165071710528,-0.05064916883871355,0.43388373911755823,-0.900968867902419
-0.0356121234487219,-0.0356121234487219,-0.0356121234487219,-0.0356121234487219,0.0,0.7833333333333333,0.7810943040531443,-0.8660254037844385,-0.5000000000000004,-0.9884683243281114,0.15142777750457667,-0.433883739117558,-0.9009688679024191
0.003618818523713879,0.0699994333333489,0.05008418338179379,0.003618818523713879,3.332204510175204,0.7833333333333333,0.7811391893711568,-0.8660254037844385,-0.5000000000000004,-0.9377521321470804,0.3473052528448203,-0.9749279121818236,-0.2225209339563146
0.02320844175924702,-0.014184580880053551,-0.022668819242311525,0.052196033929581484,-0.018018505502678365,0.7833333333333333,0.7812738453251942,-0.8660254037844385,-0.5000000000000004,-0.5712682150947924,0.8207634412072763,0.7818314824680298,0.6234898018587336
0.028987592170334447,0.0,0.028399488313813104,0.0,-9.017968479328726,0.7833333333333333,0.7813187306432067,-0.8660254037844385,-0.5000000000000004,-0.3943558551133187,0.9189578116202306,0.9749279121818236,-0.22252093395631434
0.0,0.0,0.0,0.0,0.0,0.7833333333333333,0.7813636159612192,-0.8660254037844385,-0.5000000000000004,-0.20129852008866114,0.9795299412524943,0.43388373911755823,-0.900968867902419
0.0,0.0,0.0,0.0,0.0,0.7833333333333333,0.7814085012792316,-0.8660254037844385,-0.5000000000000004,-2.4492935982947064e-16,1.0,-0.433883739117558,-0.9009688679024191
-0.027811730120161894,0.01418458088005348,-0.027811730120161894,0.01418458088005348,6.802394763324311,0.7833333333333333,0.7814533865972441,-1.0,-1.8369701987210297e-16,0.20129852008866006,0.9795299412524945,-0.9749279121818236,-0.2225209339563146
-0.021978927264049476,0.011204668380518529,0.016317279346042147,-0.052034894516660934,0.8472978603872037,0.7833333333333333,0.7816329278692941,-1.0,-1.8369701987210297e-16,0.8486442574947509,0.5289640103269624,0.9749279121818236,-0.22252093395631434
0.0,-0.05143994252155648,-0.029327588023871268,-0.011940343747604061,0.1941560144409574,0.7833333333333333,0.7816778131873064,-1.0,-1.8369701987210297e-16,0.9377521321470804,0.3473052528448203,0.43388373911755823,-0.900968867902419
0.0029984572083657096,-0.017751928177356196,-0.002980582640349551,0.0029984572083657096,-1.4469189829363254,0.7833333333333333,0.781722698505319,-1.0,-1.8369701987210297e-16,0.9884683243281114,0.1514277775045767,-0.433883739117558,-0.9009688679024191
-0.11404748864954789,-0.005988035945870823,-0.012012231014954885,-0.0029984572083657486,1.7047480922384253,0.7833333333333333,0.7817675838233314,-1.0,-1.8369701987210297e-16,0.9987165071710528,-0.05064916883871264,-0.9749279121818236,-0.2225209339563146
0.05229954159721864,-0.02431737136117337,-0.052725294774879396,-0.02431737136117337,-1.0116009116784799,0.7833333333333333,0.7819022397773688,-1.0,-1.8369701987210297e-16,0.7907757369376989,-0.6121059825476626,0.7818314824680298,0.6234898018587336
0.0126583842647644,0.015267501474614056,0.0126583842647644,0.015267501474614056,0.4054651081081644,0.7833333333333333,0.7819471250953813,-1.0,-1.8369701987210297e-16,0.6513724827222223,-0.758758122692791,0.9749279121818236,-0.22252093395631434
0.015600969410913507,0.0030256748174753473,0.034006378376782616,0.0030256748174753473,-0.40546510810816444,0.7833333333333333,0.7819920104133938,-1.0,-1.8369701987210297e-16,0.48530196253108104,-0.8743466161445821,0.43388373911755823,-0.900968867902419
0.02144026628172601,0.0030166338934613187,0.006060532133332291,-0.0030256748174752857,0.8649974374866045,0.7833333333333333,0.7820368957314063,-1.0,-1.8369701987210297e-16,0.29936312297335804,-0.9541392564000488,-0.433883739117558,-0.9009688679024191
0.0030256748174753473,0.07260078655189657,0.0,0.07583808710694616,-0.17185025692665928,0.7833333333333333,0.7820817810494188,-1.0,-1.8369701987210297e-16,0.10116832198743272,-0.994869323391895,-0.9749279121818236,-0.2225209339563146
0.047206445172175954,-0.011267633354270898,0.047206445172175954,-0.008462625198384028,-0.9808292530117262,0.7833333333333333,0.7822164370034562,-1.0,-1.8369701987210297e-16,-0.4853019625310808,-0.8743466161445822,0.7818314824680298,0.6234898018587336
0.017143341918910877,0.0,0.017143341918910877,0.0,-6.802394763324311,0.7833333333333333,0.7822613223214687,-1.0,-1.8369701987210297e-16,-0.6513724827222217,-0.7587581226927913,0.9749279121818236,-0.22252093395631434
-0.043422158812595056,-0.031657412768740165,-0.031657412768740165,-0.043422158812595056,6.1092475827643655,0.7833333333333333,0.7823062076394812,-1.0,-1.8369701987210297e-16,-0.7907757369376986,-0.6121059825476627,0.43388373911755823,-0.900968867902419
0.0,-0.011764746043854772,-0.011764746043854772,0.0,-6.1092475827643655,0.7833333333333333,0.7823510929574936,-1.0,-1.8369701987210297e-16,-0.8978045395707417,-0.44039415155763423,-0.433883739117558,-0.9009688679024191
0.0,0.005899632004468937,0.0,0.0029541667031485618,7.313220387090301,0.7833333333333333,0.7823959782755061,-1.0,-1.8369701987210297e-16,-0.9680771188662041,-0.2506525322587213,-0.9749279121818236,-0.2225209339563146
0.008836530913819078,0.054376841430906556,0.017595744173849227,0.04329680503810415,1.2809338454620642,0.7833333333333333,0.7825306342295436,-1.0,-1.8369701987210297e-16,-0.9377521321470804,0.3473052528448203,0.7818314824680298,0.6234898018587336
0.03004266991354482,-0.021397272608011577,0.021283456653514915,-0.0073717709138886875,-2.4849066497880004,0.7833333333333333,0.782575519547556,-1.0,-1.8369701987210297e-16,-0.8486442574947509,0.5289640103269624,0.9749279121818236,-0.22252093395631434
-0.003991976652560591,-0.003991976652560591,-0.003991976652560591,-0.003991976652560591,0.0,0.7833333333333333,0.7826204048655685,-1.0,-1.8369701987210297e-16,-0.7247927872291207,0.6889669190756859,0.43388373911755823,-0.900968867902419
0.008534934637791399,0.011363747566449195,0.008534934637791399,0.009101224356252251,1.0986122886681098,0.7833333333333333,0.782665290183581,-1.0,-1.8369701987210297e-16,-0.5712682150947924,0.8207634412072763,-0.433883739117558,-0.9009688679024191
0.0005662897184607069,-0.002262523210196889,0.0005662897184607069,0.0,-7.2078598714324755,0.7833333333333333,0.7827101755015935,-1.0,-1.8369701987210297e-16,-0.3943558551133187,0.9189578116202306,-0.9749279121818236,-0.2225209339563146
0.002262523210196861,0.002262523210196861,0.002262523210196861,0.002262523210196861,6.620073206530356,0.7833333333333333,0.7828448314556309,-0.866025403784439,0.49999999999999933,0.39435585511331855,0.9189578116202306,0.7818314824680298,0.6234898018587336
0.016807102152409884,0.025105936493528214,0.019580986767020414,0.025105936493528214,0.6931471805599453,0.7833333333333333,0.7828897167736434,-0.866025403784439,0.49999999999999933,0.5712682150947923,0.8207634412072763,0.9749279121818236,-0.22252093395631434
0.016529286317205256,0.08852537049327236,0.013755401702594745,0.058840443725748454,1.0647107369924282,0.7833333333333333,0.7829346020916559,-0.866025403784439,0.49999999999999933,0.72479278722912,0.6889669190756866,0.43388373911755823,-0.900968867902419
0.05060999174966154,-0.029684926767523833,0.05060999174966154,0.0,-3.367295829986474,0.7833333333333333,0.7829794874096684,-0.866025403784439,0.49999999999999933,0.8486442574947509,0.5289640103269624,-0.433883739117558,-0.9009688679024191
-0.03974032965373413,-0.037041236627384504,-0.037041236627384504,-0.03974032965373413,2.302585092994046,0.7833333333333333,0.7830243727276808,-0.866025403784439,0.49999999999999933,0.9377521321470804,0.3473052528448203,-0.9749279121818236,-0.2225209339563146
0.0,-0.0026990930263496426,-0.0026990930263496426,0.0,-7.313220387090301,0.7833333333333333,0.7831590286817183,-0.866025403784439,0.49999999999999933,0.9680771188662043,-0.2506525322587204,0.7818314824680298,0.6234898018587336
0.0,0.0,0.0,0.0,0.0,0.7833333333333333,0.7832039139997308,-0.866025403784439,0.49999999999999933,0.8978045395707416,-0.4403941515576344,0.9749279121818236,-0.22252093395631434
-0.038572238295816165,-0.01799887218852584,-0.019100114072014337,-0.038572238295816165,7.649692623711514,0.7833333333333333,0.7832487993177433,-0.866025403784439,0.49999999999999933,0.7907757369376989,-0.6121059825476626,0.43388373911755823,-0.900968867902419
-0.005633812269726427,-0.026207178377016686,-0.02510593649352814,-0.005633812269726427,-1.540445040947149,0.7833333333333333,0.7832936846357557,-0.866025403784439,0.49999999999999933,0.6513724827222223,-0.758758122692791,-0.433883739117558,-0.9009688679024191
0.02785692785905725,0.02785692785905725,0.02785692785905725,0.02785692785905725,-0.40546510810816444,0.7833333333333333,0.7833385699537682,-0.866025403784439,0.49999999999999933,0.48530196253108104,-0.8743466161445821,-0.9749279121818236,-0.2225209339563146
-0.053029857059987924,-0.019418107433444028,-0.030685740787715007,-0.04782908270662587,2.6390573296152584,0.7833333333333333,0.7834732259078057,-0.866025403784439,0.49999999999999933,-0.10116832198743204,-0.9948693233918952,0.7818314824680298,0.6234898018587336
0.005200774353361991,-0.02841097527318183,-0.017143341918910846,0.0,-8.34283980427146,0.7833333333333333,0.783518111225818,-0.866025403784439,0.49999999999999933,-0.29936312297335776,-0.9541392564000489,0.9749279121818236,-0.22252093395631434
0.0,0.0,0.0,0.0,0.0,0.7833333333333333,0.7835629965438305,-0.866025403784439,0.49999999999999933,-0.4853019625310808,-0.8743466161445822,0.43388373911755823,-0.900968867902419
0.022792988161172985,0.023356249555328498,0.023356249555328498,0.023356249555328498,7.313220387090301,0.7833333333333333,0.783607881861843,-0.866025403784439,0.49999999999999933,-0.6513724827222217,-0.7587581226927913,-0.433883739117558,-0.9009688679024191
-0.005649646242262061,0.027216355705048885,-0.006212907636417578,0.027216355705048885,0.0,0.7833333333333333,0.7836527671798555,-0.866025403784439,0.49999999999999933,-0.7907757369376986,-0.6121059825476627,-0.9749279121818236,-0.2225209339563146
0.005649646242262049,0.013064952652708855,0.005649646242262049,0.002735938056806317,0.26236426446749106,0.7833333333333333,0.7837874231338929,-0.866025403784439,0.49999999999999933,-0.9987165071710528,-0.05064916883871355,0.7818314824680298,0.6234898018587336
0.030515555156010735,-0.010329014595902587,0.030515555156010735,0.0,-7.575584651557793,0.7833333333333333,0.7838323084519054,-0.866025403784439,0.49999999999999933,-0.9884683243281114,0.15142777750457667,0.9749279121818236,-0.22252093395631434
-0.030515555156010777,-0.018197381628560116,-0.018753979215320196,-0.030515555156010777,7.313220387090301,0.7833333333333333,0.7838771937699179,-0.866025403784439,0.49999999999999933,-0.9377521321470804,0.3473052528448203,0.43388373911755823,-0.900968867902419
0.005617987112008802,-0.006700186415441795,-0.006143588828681788,0.005617987112008802,-0.6931471805599453,0.7833333333333333,0.7839220790879304,-0.866025403784439,0.49999999999999933,-0.8486442574947509,0.5289640103269624,-0.433883739117558,-0.9009688679024191
0.041158073786099335,0.0935260852014182,0.041158073786099335,0.06506361038484858,2.5649493574615367,0.7833333333333333,0.7839669644059428,-0.866025403784439,0.49999999999999933,-0.7247927872291207,0.6889669190756859,-0.9749279121818236,-0.2225209339563146
0.005362014703973788,-0.007682452080652864,0.04468555933466595,-0.018543521894775372,-1.466337068793427,0.7833333333333333,0.7841016203599803,-0.866025403784439,0.49999999999999933,-0.20129852008866114,0.9795299412524943,0.7818314824680298,0.6234898018587336
0.03158154113403379,0.0025673562795676913,-0.00774200349665813,0.04189090091025979,-0.5108256237659907,0.7833333333333333,0.7841465056779928,-0.866025403784439,0.49999999999999933,-2.4492935982947064e-16,1.0,0.9749279121818236,-0.22252093395631434
0.010822085013711851,0.02281469210713834,0.03312405188336434,0.0076629018653951554,0.10536051565782635,0.7833333333333333,0.7841913909960052,-0.5000000000000012,0.8660254037844379,0.20129852008866006,0.9795299412524945,0.43388373911755823,-0.900968867902419
0.0071501766279092535,-0.015151790241743271,-0.015151790241743271,0.0,-7.313220387090301,0.7833333333333333,0.7842362763140177,-0.5000000000000012,0.8660254037844379,0.39435585511331855,0.9189578116202306,-0.433883739117558,-0.9009688679024191
0.005076148055687818,0.02114880392628335,0.018154792598918317,0.015151790241743254,8.99961934066053,0.7833333333333333,0.7842811616320302,-0.5000000000000012,0.8660254037844379,0.5712682150947923,0.8207634412072763,-0.9749279121818236,-0.2225209339563146
0.0075662689553269115,-0.005997013684540084,-0.0055123755879034845,0.0,-3.295836866004329,0.7833333333333333,0.7844158175860676,-0.5000000000000012,0.8660254037844379,0.9377521321470804,0.3473052528448203,0.7818314824680298,0.6234898018587336
-0.010101158384141043,0.051769390769740305,-0.010101158384141043,0.05129328004658346,3.449987545831587,0.7833333333333333,0.7844607029040801,-0.5000000000000012,0.8660254037844379,0.9884683243281114,0.1514277775045767,0.9749279121818236,-0.22252093395631434
0.0050632971889086826,-0.059316625195701224,0.0050632971889086826,-0.05884051447254439,-3.4499875458315876,0.7833333333333333,0.7845055882220926,-0.5000000000000012,0.8660254037844379,0.9987165071710528,-0.05064916883871264,0.43388373911755823,-0.900968867902419
0.010050326461254222,0.04638229150591832,0.03474298615383287,0.010050326461254222,2.4849066497880004,0.7833333333333333,0.7845504735401051,-0.5000000000000012,0.8660254037844379,0.9680771188662043,-0.2506525322587204,-0.433883739117558,-0.9009688679024191
0.0,-0.03633196504466409,-0.024692659692578587,0.0,-8.1886891244442,0.7833333333333333,0.7845953588581176,-0.5000000000000012,0.8660254037844379,0.8978045395707416,-0.4403941515576344,-0.9749279121818236,-0.2225209339563146
0.0,0.0,0.0,0.0,0.0,0.7833333333333333,0.784730014812155,-0.5000000000000012,0.8660254037844379,0.48530196253108104,-0.8743466161445821,0.7818314824680298,0.6234898018587336
-0.02685746559487195,0.0,0.0,-0.02685746559487195,7.313220387090301,0.7833333333333333,0.7847749001301675,-0.5000000000000012,0.8660254037844379,0.29936312297335804,-0.9541392564000488,0.9749279121818236,-0.22252093395631434
-0.0036017131321313834,-0.030459178727003378,-0.030459178727003378,-0.0036017131321313834,-1.2039728043259361,0.7833333333333333,0.78481978544818,-0.5000000000000012,0.8660254037844379,0.10116832198743272,-0.994869323391895,0.43388373911755823,-0.900968867902419
0.0428817225674187,0.07686561180017429,0.0428817225674187,0.06727315271147366,2.6855773452501515,0.7833333333333333,0.7848646707661925,-0.5000000000000012,0.8660254037844379,-0.10116832198743204,-0.9948693233918952,-0.433883739117558,-0.9009688679024191
0.0339838892327555,0.04662844804636121,0.03636764417087479,0.05622090713506178,-0.48835276791393206,0.7833333333333333,0.7849095560842049,-0.5000000000000012,0.8660254037844379,-0.29936312297335776,-0.9541392564000489,-0.9749279121818236,-0.2225209339563146
0.004761841098931418,-0.0068571960338448465,0.023530475231721335,-0.03949409486942765,0.5543107357057295,0.7833333333333333,0.7850442120382424,-0.5000000000000012,0.8660254037844379,-0.7907757369376986,-0.6121059825476627,0.7818314824680298,0.6234898018587336
0.0023725120780021627,0.004576728152698225,-0.018779876992907115,0.03721362698828088,-0.32378707709389715,0.7833333333333333,0.7850890973562549,-0.5000000000000012,0.8660254037844379,-0.8978045395707417,-0.44039415155763423,0.9749279121818236,-0.22252093395631434
0.03721362698828088,0.003191213896234878,0.03721362698828088,0.0,-0.8183103235139514,0.7833333333333333,0.7851339826742673,-0.5000000000000012,0.8660254037844379,-0.9680771188662041,-0.2506525322587213,0.43388373911755823,-0.900968867902419
0.004555812082213534,0.0238374323636213,0.009090898105235242,0.024803985221684373,0.47000362924573563,0.7833333333333333,0.7852237533102923,-0.5000000000000012,0.8660254037844379,-0.9884683243281114,0.15142777750457667,-0.9749279121818236,-0.2225209339563146
0.020248173139470815,0.08719655279939599,0.01571308711644911,0.08738239152751101,1.4271163556401458,0.7833333333333333,0.7853584092643296,-0.5000000000000012,0.8660254037844379,-0.7247927872291207,0.6889669190756859,0.7818314824680298,0.6234898018587336
0.04783516014150646,-0.014359236728735706,0.06175064514453185,-0.03954723138600438,-0.8209805520698302,0.7833333333333333,0.7854032945823421,-0.5000000000000012,0.8660254037844379,-0.5712682150947924,0.8207634412072763,0.9749279121818236,-0.22252093395631434
-0.019293215556723205,-0.01666703658953594,-0.013915485003025306,-0.0021253668726532718,-1.2192402764567243,0.7833333333333333,0.7854481799003546,-0.5000000000000012,0.8660254037844379,-0.3943558551133187,0.9189578116202306,0.43388373911755823,-0.900968867902419
0.02141407482365579,0.04919031247064435,0.032995324696049155,0.023134523387659492,1.4781019103730135,0.7833333333333333,0.7854930652183671,-0.5000000000000012,0.8660254037844379,-0.20129852008866114,0.9795299412524943,-0.433883739117558,-0.9009688679024191
0.018888297248073567,-0.0387409363334276,-0.01198616818104288,0.0,-9.053686561930807,0.7833333333333333,0.7855379505363796,-2.4492935982947064e-16,1.0,0.20129852008866006,0.9795299412524945,-0.9749279121818236,-0.2225209339563146
0.0,0.0,0.0,0.0,0.0,0.7833333333333333,0.785672606490417,-2.4492935982947064e-16,1.0,0.72479278722912,0.6889669190756866,0.7818314824680298,0.6234898018587336
0.002076931068060099,0.002076931068060099,0.002076931068060099,0.002076931068060099,5.703782474656201,0.7833333333333333,0.7857174918084295,-2.4492935982947064e-16,1.0,0.8486442574947509,0.5289640103269624,0.9749279121818236,-0.22252093395631434
0.0,0.0,0.0,0.0,-5.703782474656201,0.7833333333333333,0.785762377126442,-2.4492935982947064e-16,1.0,0.9377521321470804,0.3473052528448203,0.43388373911755823,-0.900968867902419
-0.0041580655488298625,-0.0041580655488298625,-0.0041580655488298625,-0.0041580655488298625,5.703782474656201,0.7833333333333333,0.7858072624444544,-2.4492935982947064e-16,1.0,0.9884683243281114,0.1514277775045767,-0.433883739117558,-0.9009688679024191
0.0,0.0,0.0,0.0,-5.703782474656201,0.7833333333333333,0.7858521477624669,-2.4492935982947064e-16,1.0,0.9987165071710528,-0.05064916883871264,-0.9749279121818236,-0.2225209339563146
-0.01469067105305968,-0.010892430721801865,-0.01469067105305968,-0.010892430721801865,6.396929655216146,0.7833333333333333,0.7859868037165044,-2.4492935982947064e-16,1.0,0.7907757369376989,-0.6121059825476626,0.7818314824680298,0.6234898018587336
0.009678134021848682,0.0058798936905907154,0.009678134021848682,0.0058798936905907154,-1.3862943611198906,0.7833333333333333,0.7860316890345168,-2.4492935982947064e-16,1.0,0.6513724827222223,-0.758758122692791,0.9749279121818236,-0.22252093395631434
-0.013915485003025306,-0.003355704625235711,-0.013915485003025306,-0.003355704625235711,2.0794415416798357,0.7833333333333333,0.7860765743525293,-2.4492935982947064e-16,1.0,0.48530196253108104,-0.8743466161445821,0.43388373911755823,-0.900968867902419
-0.023631613116610165,0.0083682416564468,-0.023631613116610165,0.0037744069768972737,1.3545456628053103,0.7833333333333333,0.7861214596705418,-2.4492935982947064e-16,1.0,0.29936312297335804,-0.9541392564000488,-0.433883739117558,-0.9009688679024191
0.010810936836266232,-0.018928022034236346,0.02363161311661013,-0.027154863635030817,-1.3545456628053103,0.7833333333333333,0.7861663449885543,-2.4492935982947064e-16,1.0,0.10116832198743272,-0.994869323391895,-0.9749279121818236,-0.2225209339563146
-0.010376218039031495,0.030527146879696494,0.030527146879696494,-0.010376218039031495,0.7537718023763802,0.7833333333333333,0.7863010009425917,-2.4492935982947064e-16,1.0,-0.4853019625310808,-0.8743466161445822,0.7818314824680298,0.6234898018587336
0.0,-0.053724041199071954,-0.053724041199071954,0.0,-7.843848638152472,0.7833333333333333,0.7863458862606042,-2.4492935982947064e-16,1.0,-0.6513724827222217,-0.7587581226927913,0.9749279121818236,-0.22252093395631434
0.0,0.0,0.0,0.0,0.0,0.7833333333333333,0.7863907715786167,-2.4492935982947064e-16,1.0,-0.7907757369376986,-0.6121059825476627,0.43388373911755823,-0.900968867902419
0.0,0.0,0.0,0.0,0.0,0.7833333333333333,0.7864356568966292,-2.4492935982947064e-16,1.0,-0.8978045395707417,-0.44039415155763423,-0.433883739117558,-0.9009688679024191
0.0,0.0,0.0,0.0,0.0,0.7833333333333333,0.7864805422146416,-2.4492935982947064e-16,1.0,-0.9680771188662041,-0.2506525322587213,-0.9749279121818236,-0.2225209339563146
0.0,0.0,0.0,0.0,0.0,0.7833333333333333,0.7866600834866916,-2.4492935982947064e-16,1.0,-0.8486442574947509,0.5289640103269624,0.9749279121818236,-0.22252093395631434
0.003903678762652295,0.07330050454934389,0.006065870657452656,0.003903678762652295,11.331403588346838,0.7833333333333333,0.7867049688047041,-2.4492935982947064e-16,1.0,-0.7247927872291207,0.6889669190756859,0.43388373911755823,-0.900968867902419
0.027749917646309998,-0.04164690814038158,0.025587725751509353,0.027749917646309998,-5.627621113690637,0.7833333333333333,0.7867498541227165,-2.4492935982947064e-16,1.0,-0.5712682150947924,0.8207634412072763,-0.433883739117558,-0.9009688679024191
0.007550364417172158,0.0412429786114034,0.020834185633744978,0.0388157373324452,2.3513752571634776,0.7833333333333333,0.786794739440729,-2.4492935982947064e-16,1.0,-0.3943558551133187,0.9189578116202306,-0.9749279121818236,-0.2225209339563146
0.029643971504170946,0.006042337436066342,0.016360150287598237,0.00565434871168208,-0.2113090936672069,0.8,0.7869742807127789,0.49999999999999994,0.8660254037844387,0.39435585511331855,0.9189578116202306,0.9749279121818236,-0.22252093395631434
-0.026723015976693434,0.0040080747113774885,-0.006103806624925432,0.004821218105420363,0.8303483020734302,0.8,0.7870191660307914,0.49999999999999994,0.8660254037844387,0.5712682150947923,0.8207634412072763,0.43388373911755823,-0.900968867902419
0.03681399610282006,0.09166709830962842,0.016194786751052067,0.08817977655085213,0.34377153910282454,0.8,0.7870640513488039,0.49999999999999994,0.8660254037844387,0.72479278722912,0.6889669190756866,-0.433883739117558,-0.9009688679024191
0.09055253824510268,0.15831301283851024,0.102947925540288,0.16380242120658606,0.6747980418917487,0.8,0.7871089366668164,0.49999999999999994,0.8660254037844387,0.8486442574947509,0.5289640103269624,-0.9749279121818236,-0.2225209339563146
0.11753853487586294,0.08162304249633098,0.15104026031922815,0.016376043348340988,0.045256591588120856,0.8,0.7872435926208537,0.49999999999999994,0.8660254037844387,0.9987165071710528,-0.05064916883871264,0.7818314824680298,0.6234898018587336
0.06135340050245605,-0.006625334154956792,0.03820177148972343,0.03078096075472692,-0.04525659158812083,0.8,0.7872884779388662,0.49999999999999994,0.8660254037844387,0.9680771188662043,-0.2506525322587204,0.9749279121818236,-0.22252093395631434
-0.08678834419826612,-0.0043447010457054935,0.03245123580594514,-0.08041417117688436,0.3548213752894094,0.8,0.7873333632568787,0.49999999999999994,0.8660254037844387,0.8978045395707416,-0.4403941515576344,0.43388373911755823,-0.900968867902419
0.005338679716295034,-0.033951588252910836,-0.08161623419327892,-0.03273620964424934,-1.540445040947149,0.8,0.7873782485748912,0.49999999999999994,0.8660254037844387,0.7907757369376989,-0.6121059825476626,-0.433883739117558,-0.9009688679024191
-0.039021053673474304,-0.10269479576082345,-0.0940512034939297,-0.011715628315858612,0.24116205681688804,0.8,0.7874231338929036,0.49999999999999994,0.8660254037844387,0.6513724827222223,-0.758758122692791,-0.9749279121818236,-0.2225209339563146
0.01545100984578991,0.06130950941257333,0.052244374653939225,-0.01185441551182582,-1.6582280766035324,0.8,0.7876026751649536,0.49999999999999994,0.8660254037844387,-0.10116832198743204,-0.9948693233918952,0.9749279121818236,-0.22252093395631434
0.006791190815465636,-0.017045805950050414,-0.030002173992683588,0.06272672338272071,0.3184537311185346,0.8,0.787647560482966,0.49999999999999994,0.8660254037844387,-0.29936312297335776,-0.9541392564000489,0.43388373911755823,-0.900968867902419
-0.053879204285201814,-0.005107023907486611,0.05593553256725501,-0.04248996511202296,0.780158557549575,0.8,0.7876924458009785,0.49999999999999994,0.8660254037844387,-0.4853019625310808,-0.8743466161445822,-0.433883739117558,-0.9009688679024191
0.0633100496445453,-0.008032049134732806,-0.008032049134732806,-0.004014722095888467,-0.6131044728864089,0.8,0.787737331118991,0.49999999999999994,0.8660254037844387,-0.6513724827222217,-0.7587581226927913,-0.9749279121818236,-0.2225209339563146
0.008013390627392926,-0.004850472382548599,-0.03045924744578563,0.011996133469290975,-0.6190392084062235,0.8,0.7878719870730284,0.49999999999999994,0.8660254037844387,-0.9680771188662041,-0.2506525322587213,0.7818314824680298,0.6234898018587336
-0.059959794192137414,0.004850472382548606,0.03045924744578561,-0.06394253703403545,-0.5596157879354228,0.8,0.7879168723910409,0.49999999999999994,0.8660254037844387,-0.9987165071710528,-0.05064916883871355,0.9749279121818236,-0.22252093395631434
0.05596112566063297,-0.034457915977290136,-0.034457915977290136,0.05596112566063297,-0.2876820724517809,0.8,0.7879617577090534,0.49999999999999994,0.8660254037844387,-0.9884683243281114,0.15142777750457667,0.43388373911755823,-0.900968867902419
0.06339005558672377,0.06339005558672377,0.06339005558672377,0.06339005558672377,0.5108256237659907,0.8,0.7880066430270659,0.49999999999999994,0.8660254037844387,-0.9377521321470804,0.3473052528448203,-0.433883739117558,-0.9009688679024191
-0.02893213960943369,0.03358815584452691,-0.02893213960943369,0.03358815584452691,1.0296194171811581,0.8,0.7880515283450784,0.49999999999999994,0.8660254037844387,-0.8486442574947509,0.5289640103269624,-0.9749279121818236,-0.2225209339563146
0.0392206741070641,0.0,0.06252029545396062,-0.023299621346896605,0.5389965007326869,0.8,0.7881861842991158,0.49999999999999994,0.8660254037844387,-0.3943558551133187,0.9189578116202306,0.7818314824680298,0.6234898018587336
0.0,-0.023299621346896605,-0.023299621346896605,0.0,-2.4849066497880004,0.8,0.7882310696171283,0.49999999999999994,0.8660254037844387,-0.20129852008866114,0.9795299412524943,0.9749279121818236,-0.22252093395631434
0.0,0.0,0.0,0.0,-5.703782474656201,0.8,0.7882759549351408,0.49999999999999994,0.8660254037844387,-2.4492935982947064e-16,1.0,0.43388373911755823,-0.900968867902419
-0.10556733409651446,-0.06635991602983314,-0.06868272400780959,-0.10556733409651446,8.794824928014517,0.8,0.7883208402531533,0.8660254037844386,0.5000000000000001,0.20129852008866006,0.9795299412524945,-0.433883739117558,-0.9009688679024191
0.0,-0.03920741806668135,-0.03688461008870492,0.0,-8.794824928014517,0.8,0.7883657255711657,0.8660254037844386,0.5000000000000001,0.39435585511331855,0.9189578116202306,-0.9749279121818236,-0.2225209339563146
-0.053091022766635576,0.02013376819443628,-0.012487142890083727,0.018443176556928256,8.34283980427146,0.8,0.7885003815252032,0.8660254037844386,0.5000000000000001,0.8486442574947509,0.5289640103269624,0.7818314824680298,0.6234898018587336
-0.018342442286137094,-0.022204209729043547,-0.01583152577080407,-0.03969468442495247,0.4744579795951159,0.8,0.7885452668432157,0.8660254037844386,0.5000000000000001,0.9377521321470804,0.3473052528448203,0.9749279121818236,-0.22252093395631434
0.021608611020757163,0.027258903390615857,0.010582149912423598,0.019181066333416742,-1.0986122886681098,0.8,0.7885901521612281,0.8660254037844386,0.5000000000000001,0.9884683243281114,0.1514277775045767,0.43388373911755823,-0.900968867902419
0.047754412497408055,-0.027258903390615784,0.015666077213857117,0.0,-7.718685495198466,0.8,0.7886350374792406,0.8660254037844386,0.5000000000000001,0.9987165071710528,-0.05064916883871264,-0.433883739117558,-0.9009688679024191
-0.05502716501669019,-0.01041670135547653,-0.01041670135547653,-0.05502716501669019,7.843848638152472,0.8,0.7886799227972531,0.8660254037844386,0.5000000000000001,0.9680771188662043,-0.2506525322587204,-0.9749279121818236,-0.2225209339563146
-0.037178967645085076,-0.04497546732339645,-0.05193649684334496,-0.014706133467442603,0.3022808718729337,0.8,0.7888145787512905,0.8660254037844386,0.5000000000000001,0.6513724827222223,-0.758758122692791,0.7818314824680298,0.6234898018587336
-0.030771628187106933,-0.014341129805259825,-0.056725981810056406,0.0,-0.570544858467613,0.8,0.788859464069303,0.8660254037844386,0.5000000000000001,0.48530196253108104,-0.8743466161445821,0.9749279121818236,-0.22252093395631434
0.05139092202486785,0.0,0.047492341184863424,0.0,-1.8718021769015913,0.8,0.7889043493873155,0.8660254037844386,0.5000000000000001,0.29936312297335804,-0.9541392564000488,0.43388373911755823,-0.900968867902419
0.0018535403398815874,0.0036969111486328606,0.005550451488514354,0.00037027496596735664,2.70805020110221,0.8,0.788949234705328,0.8660254037844386,0.5000000000000001,0.10116832198743272,-0.994869323391895,-0.433883739117558,-0.9009688679024191
0.0036969111486328606,0.012468010412568648,0.003683189136678688,0.015794646595234062,-0.5679840376059393,0.8,0.7889941200233405,0.8660254037844386,0.5000000000000001,-0.10116832198743204,-0.9948693233918952,-0.9749279121818236,-0.2225209339563146
-0.020503986361090992,-0.03297199677365981,-0.024187175497769615,-0.03297199677365981,-0.8873031950009028,0.8,0.7891736612953903,0.8660254037844386,0.5000000000000001,-0.7907757369376986,-0.6121059825476627,0.9749279121818236,-0.22252093395631434
0.016807075212458288,0.01717735017842571,0.01717735017842571,0.016807075212458288,0.5389965007326869,0.8,0.7892185466134028,0.8660254037844386,0.5000000000000001,-0.8978045395707417,-0.44039415155763423,0.43388373911755823,-0.900968867902419
0.0,-0.0003702749659673893,-0.0003702749659673893,0.0,-2.4849066497880004,0.8,0.7892634319314152,0.8660254037844386,0.5000000000000001,-0.9680771188662041,-0.2506525322587213,-0.433883739117558,-0.9009688679024191
-0.03007742611745186,-0.018692061036735035,-0.018692061036735035,-0.03007742611745186,2.0794415416798357,0.8,0.7893083172494277,0.8660254037844386,0.5000000000000001,-0.9987165071710528,-0.05064916883871355,-0.9749279121818236,-0.2225209339563146
-0.042891578551142034,-0.05387864547085049,-0.054276943631858844,-0.0424932803901337,0.22314355131420976,0.8,0.7894429732034652,0.8660254037844386,0.5000000000000001,-0.8486442574947509,0.5289640103269624,0.7818314824680298,0.6234898018587336
0.00039829816100823246,0.0,0.00039829816100823246,0.0,-7.313220387090301,0.8,0.7894878585214776,0.8660254037844386,0.5000000000000001,-0.7247927872291207,0.6889669190756859,0.9749279121818236,-0.22252093395631434
-0.006392344943899748,-0.0011954847993394977,-0.0011954847993394977,-0.006392344943899748,7.955074273262696,0.8,0.7895327438394901,0.8660254037844386,0.5000000000000001,-0.5712682150947924,0.8207634412072763,0.43388373911755823,-0.900968867902419
0.0,-0.005196860144560317,-0.005196860144560317,0.0,-7.955074273262697,0.8,0.7895776291575026,1.0,6.123233995736766e-17,0.20129852008866006,0.9795299412524945,-0.433883739117558,-0.9009688679024191
0.00200208660929947,0.009970134551470106,0.00200208660929947,0.00200208660929947,8.229511118964457,0.8,0.7896225144755151,1.0,6.123233995736766e-17,0.39435585511331855,0.9189578116202306,-0.9749279121818236,-0.2225209339563146
0.0,-0.007968047942170776,0.0,0.0,-8.229511118964457,0.8,0.7897571704295525,1.0,6.123233995736766e-17,0.8486442574947509,0.5289640103269624,0.7818314824680298,0.6234898018587336
0.01783987181236273,0.08801084294852024,0.01783987181236273,0.08801084294852024,6.802394763324311,0.8,0.789802055747565,1.0,6.123233995736766e-17,0.9377521321470804,0.3473052528448203,0.9749279121818236,-0.22252093395631434
-0.025872150567257498,-0.004773352964655208,-0.021847946523740155,-0.011420290226638536,0.8472978603872037,0.8,0.7898469410655775,1.0,6.123233995736766e-17,0.9884683243281114,0.1514277775045767,0.43388373911755823,-0.900968867902419
0.08499324359708063,-0.006276525141679028,0.08096903955356342,0.0003704121203043091,-1.0296194171811581,0.8,0.78989182638359,1.0,6.123233995736766e-17,0.9987165071710528,-0.05064916883871264,-0.433883739117558,-0.9009688679024191
0.0,0.0,0.0,0.0,-6.620073206530356,0.8,0.7899367117016025,1.0,6.123233995736766e-17,0.9680771188662043,-0.2506525322587204,-0.9749279121818236,-0.2225209339563146
-0.0003704121203042748,-0.0003704121203042748,-0.0003704121203042748,-0.0003704121203042748,7.2078598714324755,0.8,0.7900713676556399,1.0,6.123233995736766e-17,0.6513724827222223,-0.758758122692791,0.7818314824680298,0.6234898018587336
0.0,0.0,0.0,0.0,-7.2078598714324755,0.8,0.7901162529736524,1.0,6.123233995736766e-17,0.48530196253108104,-0.8743466161445821,0.9749279121818236,-0.22252093395631434
-0.04122349990709372,0.0003704121203043091,-0.0014831282195774125,-0.010802931339588921,8.748304912379623,0.8,0.7901611382916649,1.0,6.123233995736766e-17,0.29936312297335804,-0.9541392564000488,0.43388373911755823,-0.900968867902419
0.04122349990709383,0.0,0.0018535403398815874,0.010802931339588942,-1.252762968495368,0.8,0.7902060236096773,1.0,6.123233995736766e-17,0.10116832198743272,-0.994869323391895,-0.433883739117558,-0.9009688679024191
-0.007064559250241339,-0.00743497137054562,-0.00743497137054562,-0.007064559250241339,-1.3862943611198906,0.8,0.7902509089276898,1.0,6.123233995736766e-17,-0.10116832198743204,-0.9948693233918952,-0.9749279121818236,-0.2225209339563146
-0.030305429971866957,-0.030305429971866957,-0.030305429971866957,-0.030305429971866957,-1.0986122886681098,0.8,0.7903855648817273,1.0,6.123233995736766e-17,-0.6513724827222217,-0.7587581226927913,0.7818314824680298,0.6234898018587336
0.0,0.0,0.0,0.0,-5.0106352940962555,0.8,0.7904304501997397,1.0,6.123233995736766e-17,-0.7907757369376986,-0.6121059825476627,0.9749279121818236,-0.22252093395631434
0.017159686431243867,0.019048340305677584,0.019048340305677584,0.017159686431243867,8.306472160100585,0.8,0.7904753355177522,1.0,6.123233995736766e-17,-0.8978045395707417,-0.44039415155763423,0.43388373911755823,-0.900968867902419
-0.05638024993101721,-0.00037751032392660636,-0.00037751032392660636,0.0,-0.16034265007517937,0.8,0.7905202208357647,1.0,6.123233995736766e-17,-0.9680771188662041,-0.2506525322587213,-0.433883739117558,-0.9009688679024191
0.0563802499310173,-0.0015111435505069395,-0.0015111435505069395,0.0,-8.146129510025405,0.8,0.7905651061537772,1.0,6.123233995736766e-17,-0.9987165071710528,-0.05064916883871355,-0.9749279121818236,-0.2225209339563146
-0.021399344068889475,-0.021013197116229333,-0.021013197116229333,-0.021399344068889475,6.620073206530356,0.8,0.7906997621078146,1.0,6.123233995736766e-17,-0.8486442574947509,0.5289640103269624,0.7818314824680298,0.6234898018587336
-0.07580297667632538,-0.031375092641195916,-0.035367052814787935,-0.03498090586212779,2.533696813957432,0.8,0.7907446474258271,1.0,6.123233995736766e-17,-0.7247927872291207,0.6889669190756859,0.9749279121818236,-0.22252093395631434
0.058661942626560264,0.015810590828645273,0.01783987181236273,0.019802551002237243,-2.3513752571634776,0.8,0.7907895327438396,1.0,6.123233995736766e-17,-0.5712682150947924,0.8207634412072763,0.43388373911755823,-0.900968867902419
-0.0059113697021039475,-0.007874048891978512,-0.0059113697021039475,-0.007874048891978512,-1.791759469228055,0.8,0.7908344180618521,1.0,6.123233995736766e-17,-0.3943558551133187,0.9189578116202306,-0.433883739117558,-0.9009688679024191
0.0,0.0,0.0,0.0,-5.0106352940962555,0.8,0.791013959333902,0.8660254037844387,-0.4999999999999998,0.39435585511331855,0.9189578116202306,0.7818314824680298,0.6234898018587336
-0.021978914257702563,-0.021978914257702563,-0.021978914257702563,-0.021978914257702563,5.703782474656201,0.8,0.7910588446519145,0.8660254037844387,-0.4999999999999998,0.5712682150947923,0.8207634412072763,0.9749279121818236,-0.22252093395631434
0.0,0.0,0.0,0.0,-5.703782474656201,0.8,0.7911037299699268,0.8660254037844387,-0.4999999999999998,0.72479278722912,0.6889669190756866,0.43388373911755823,-0.900968867902419
0.0,0.0,0.0,0.0,0.0,0.8,0.7911486152879393,0.8660254037844387,-0.4999999999999998,0.8486442574947509,0.5289640103269624,-0.433883739117558,-0.9009688679024191
0.0,0.0,0.0,0.0,0.0,0.8,0.7911935006059518,0.8660254037844387,-0.4999999999999998,0.9377521321470804,0.3473052528448203,-0.9749279121818236,-0.2225209339563146
0.0,0.0,0.0,0.0,0.0,0.8,0.7913281565599892,0.8660254037844387,-0.4999999999999998,0.9680771188662043,-0.2506525322587204,0.7818314824680298,0.6234898018587336
0.018018460089614625,0.018018460089614625,0.018018460089614625,0.018018460089614625,5.703782474656201,0.8,0.7913730418780017,0.8660254037844387,-0.4999999999999998,0.8978045395707416,-0.4403941515576344,0.9749279121818236,-0.22252093395631434
-0.007968047942170776,-0.0019860677263482092,-0.0019860677263482092,-0.005970075888443939,2.302585092994046,0.8,0.7914179271960142,0.8660254037844387,-0.4999999999999998,0.7907757369376989,-0.6121059825476626,0.43388373911755823,-0.900968867902419
0.007968047942170719,0.001986067726348246,0.001986067726348246,0.0059700758884439755,-1.0498221244986778,0.8,0.7914628125140267,0.8660254037844387,-0.4999999999999998,0.6513724827222223,-0.758758122692791,-0.433883739117558,-0.9009688679024191
0.0,0.0,0.0,0.0,-6.956545443151569,0.8,0.7915076978320392,0.8660254037844387,-0.4999999999999998,0.48530196253108104,-0.8743466161445821,-0.9749279121818236,-0.2225209339563146
-0.004374544634225953,-0.004374544634225953,-0.004374544634225953,-0.004374544634225953,6.620073206530356,0.8,0.7916423537860766,0.8660254037844387,-0.4999999999999998,-0.10116832198743204,-0.9948693233918952,0.7818314824680298,0.6234898018587336
0.00119500850362226,0.00119500850362226,0.00119500850362226,0.00119500850362226,-0.5108256237659907,0.8,0.7916872391040891,0.8660254037844387,-0.4999999999999998,-0.29936312297335776,-0.9541392564000489,0.9749279121818236,-0.22252093395631434
0.0019884370939847657,0.0031795361306037433,0.0031795361306037433,0.0031795361306037433,1.6739764335716716,0.8,0.7917321244221016,0.8660254037844387,-0.4999999999999998,-0.4853019625310808,-0.8743466161445822,0.43388373911755823,-0.900968867902419
0.009096271392068577,0.007905172355449488,0.007905172355449488,0.007905172355449488,-0.8266785731844679,0.8,0.7917770097401141,0.8660254037844387,-0.4999999999999998,-0.6513724827222217,-0.7587581226927913,-0.433883739117558,-0.9009688679024191
0.055516678183952055,0.055516678183952055,0.055516678183952055,0.055516678183952055,-1.9459101490553135,0.8,0.7918218950581265,0.8660254037844387,-0.4999999999999998,-0.7907757369376986,-0.6121059825476627,-0.9749279121818236,-0.2225209339563146
0.0,0.0,0.0,0.0,-5.0106352940962555,0.8,0.791956551012164,0.8660254037844387,-0.4999999999999998,-0.9987165071710528,-0.05064916883871355,0.7818314824680298,0.6234898018587336
0.0,0.0,0.0,0.0,0.0,0.8,0.7920014363301765,0.8660254037844387,-0.4999999999999998,-0.9884683243281114,0.15142777750457667,0.9749279121818236,-0.22252093395631434
0.0,0.0,0.0,0.0,0.0,0.8,0.7920463216481889,0.8660254037844387,-0.4999999999999998,-0.9377521321470804,0.3473052528448203,0.43388373911755823,-0.900968867902419
0.0,0.0,0.0,0.0,0.0,0.8,0.7920912069662014,0.8660254037844387,-0.4999999999999998,-0.8486442574947509,0.5289640103269624,-0.433883739117558,-0.9009688679024191
0.00779087384877782,0.022464636814873932,0.00779087384877782,0.014787791459980394,7.313220387090301,0.8,0.7921360922842139,0.8660254037844387,-0.4999999999999998,-0.7247927872291207,0.6889669190756859,-0.9749279121818236,-0.2225209339563146
0.006996917611202397,-0.007676845354893549,0.006996917611202397,0.0,-7.313220387090301,0.8,0.7922707482382513,0.8660254037844387,-0.4999999999999998,-0.20129852008866114,0.9795299412524943,0.7818314824680298,0.6234898018587336
-0.027908786136101822,-0.01292735412951119,-0.027908786136101822,-0.01292735412951119,7.2078598714324755,0.8,0.7923156335562638,0.5000000000000003,-0.8660254037844385,0.20129852008866006,0.9795299412524945,0.9749279121818236,-0.22252093395631434
0.011257089666189386,0.003710629030144388,0.018692061036735107,-0.0037243423404011277,0.28768207245178085,0.8,0.7923605188742763,0.5000000000000003,-0.8660254037844385,0.39435585511331855,0.9189578116202306,0.43388373911755823,-0.900968867902419
0.0,-0.00743497137054562,-0.00743497137054562,0.0,-7.495541943884256,0.8,0.7924054041922888,0.5000000000000003,-0.8660254037844385,0.5712682150947923,0.8207634412072763,-0.433883739117558,-0.9009688679024191
0.0,0.0,0.0,0.0,0.0,0.8,0.7924502895103013,0.5000000000000003,-0.8660254037844385,0.72479278722912,0.6889669190756866,-0.9749279121818236,-0.2225209339563146
0.0,0.0037243423404012626,0.0,0.0,7.649692623711514,0.8,0.7925849454643387,0.5000000000000003,-0.8660254037844385,0.9884683243281114,0.1514277775045767,0.7818314824680298,0.6234898018587336
-0.04191091015419945,0.005560740113519838,0.007434971370545617,-0.011257089666189449,0.7621400520468967,0.8,0.7926298307823512,0.5000000000000003,-0.8660254037844385,0.9987165071710528,-0.05064916883871264,0.9749279121818236,-0.22252093395631434
0.04079085452781163,0.02734901616502138,-0.00743497137054562,0.047891188285131676,-0.10536051565782628,0.8,0.7926747161003637,0.5000000000000003,-0.8660254037844385,0.9680771188662043,-0.2506525322587204,0.43388373911755823,-0.900968867902419
0.06086634838179642,0.02311219413646634,0.05974629275540853,0.02311219413646634,-2.1972245773362196,0.8,0.792719601418376,0.5000000000000003,-0.8660254037844385,0.8978045395707416,-0.4403941515576344,-0.433883739117558,-0.9009688679024191
-0.008826250027010723,0.05304919427296343,0.00035140661288571984,0.019147576826637383,3.6463198396951406,0.8,0.7927644867363886,0.5000000000000003,-0.8660254037844385,0.7907757369376989,-0.6121059825476626,-0.9749279121818236,-0.2225209339563146
0.04845243685532403,0.04720162574309996,0.056357768762290456,0.07151846877141352,-1.6094379124341003,0.8,0.792899142690426,0.5000000000000003,-0.8660254037844385,0.29936312297335804,-0.9541392564000488,0.7818314824680298,0.6234898018587336
0.05103985876973751,-0.00958477441801247,0.033956870222874566,0.0,-8.146129510025405,0.8,0.7929440280084384,0.5000000000000003,-0.8660254037844385,0.10116832198743272,-0.994869323391895,0.9749279121818236,-0.22252093395631434
-0.02108761190989965,0.0,0.0,-0.02108761190989965,6.802394763324311,0.8,0.7929889133264509,0.5000000000000003,-0.8660254037844385,-0.10116832198743204,-0.9948693233918952,0.43388373911755823,-0.900968867902419
0.03257831168985694,0.015923933682076025,0.01149069977995716,0.03701154559197578,0.7731898882334817,0.8,0.7930337986444634,0.5000000000000003,-0.8660254037844385,-0.29936312297335776,-0.9541392564000489,-0.433883739117558,-0.9009688679024191
0.03859797107440619,0.03416473717228743,0.03859797107440619,0.03416473717228743,-1.466337068793427,0.8,0.7930786839624759,0.5000000000000003,-0.8660254037844385,-0.4853019625310808,-0.8743466161445822,-0.9749279121818236,-0.2225209339563146
0.0,0.0,0.0,0.0,-6.1092475827643655,0.8,0.7932133399165133,0.5000000000000003,-0.8660254037844385,-0.8978045395707417,-0.44039415155763423,0.7818314824680298,0.6234898018587336
0.0,0.0,0.0,0.0,0.0,0.8,0.7932582252345258,0.5000000000000003,-0.8660254037844385,-0.9680771188662041,-0.2506525322587213,0.9749279121818236,-0.22252093395631434
-0.05330405860514085,0.03155787607519341,-0.05330405860514085,0.0,7.408530566894626,0.8,0.7933031105525383,0.5000000000000003,-0.8660254037844385,-0.9987165071710528,-0.05064916883871355,0.43388373911755823,-0.900968867902419
-0.02941390308467784,-0.031557876075193315,0.017558317607793732,0.0,0.49247648509779424,0.8,0.7933479958705508,0.5000000000000003,-0.8660254037844385,-0.9884683243281114,0.15142777750457667,-0.433883739117558,-0.9009688679024191
0.07505520587155272,0.023835879850037548,0.05928336122758052,-0.004590603767419123,0.20067069546215124,0.8,0.7933928811885633,0.5000000000000003,-0.8660254037844385,-0.9377521321470804,0.3473052528448203,-0.9749279121818236,-0.2225209339563146
-0.01238413571305845,-0.028426483617456665,-0.04358451176155808,0.0,-1.0116009116784799,0.8,0.7935724224606132,0.5000000000000003,-0.8660254037844385,-0.3943558551133187,0.9189578116202306,0.9749279121818236,-0.22252093395631434
-0.08378799707111084,-0.010794256832405695,-0.08378799707111084,-0.027995625207824948,2.1400661634962708,0.8,0.7936173077786257,0.5000000000000003,-0.8660254037844385,-0.20129852008866114,0.9795299412524943,0.43388373911755823,-0.900968867902419
0.07282477017350038,-0.015625257829109986,0.07282477017350038,0.0015761105463093698,-3.120895416507997,0.8,0.7936621930966381,0.5000000000000003,-0.8660254037844385,-2.4492935982947064e-16,1.0,-0.433883739117558,-0.9009688679024191
-0.0009453501623199549,0.007843057782408538,0.003144608582572298,0.005026620209281809,2.03688192726104,0.8,0.7937070784146506,1.2246467991473532e-16,-1.0,0.20129852008866006,0.9795299412524945,-0.9749279121818236,-0.2225209339563146
0.02121100520856751,0.043717866365727186,0.029391127209941525,0.042638025731086396,0.23180161405732438,0.8,0.7938417343686881,1.2246467991473532e-16,-1.0,0.72479278722912,0.6889669190756866,0.7818314824680298,0.6234898018587336
0.00277390217740436,0.0139613217047887,0.03298651006041049,0.0029984572083657096,-0.07145896398214498,0.8,0.7938866196867005,1.2246467991473532e-16,-1.0,0.8486442574947509,0.5289640103269624,0.9749279121818236,-0.22252093395631434
0.018600980083371188,0.008810579340706302,0.0,-0.009022565841710928,0.23052365861183235,0.8,0.793931505004713,1.2246467991473532e-16,-1.0,0.9377521321470804,0.3473052528448203,0.43388373911755823,-0.900968867902419
0.003016547457722331,-0.004395544401113802,-0.018158009472032794,0.003016547457722331,0.05715841383994862,0.8,0.7939763903227255,1.2246467991473532e-16,-1.0,0.9884683243281114,0.1514277775045767,-0.433883739117558,-0.9009688679024191
0.0,-0.025280196027771522,-0.0027071516161462582,0.0,-8.594154232552366,0.8,0.794021275640738,1.2246467991473532e-16,-1.0,0.9987165071710528,-0.05064916883871264,-0.9749279121818236,-0.2225209339563146
0.026747525298849623,0.028798226092255026,0.026747525298849623,0.028212704668965652,6.956545443151569,0.8,0.7941559315947754,1.2246467991473532e-16,-1.0,0.7907757369376989,-0.6121059825476626,0.7818314824680298,0.6234898018587336
-0.01894667027558997,-0.016822046330411927,-0.017453486896792856,-0.02041184964570591,0.13353139262452257,0.8,0.7942008169127879,1.2246467991473532e-16,-1.0,0.6513724827222223,-0.758758122692791,0.9749279121818236,-0.22252093395631434
-0.007800855023259737,0.014771345537006588,-0.009294038402056917,0.01600985551397254,0.8649974374866045,0.8,0.7942457022308004,1.2246467991473532e-16,-1.0,0.48530196253108104,-0.8743466161445821,0.43388373911755823,-0.900968867902419
0.014947989820051898,-0.011799535478797874,0.014947989820051898,-0.008862720717180316,-1.845826690498331,0.8,0.7942905875488129,1.2246467991473532e-16,-1.0,0.29936312297335804,-0.9541392564000488,-0.433883739117558,-0.9009688679024191
0.014727750608833448,0.016480639579235987,0.014727750608833448,0.016480639579235987,1.7346010553881064,0.8,0.7943354728668253,1.2246467991473532e-16,-1.0,0.10116832198743272,-0.994869323391895,-0.9749279121818236,-0.2225209339563146
-0.01176483068950253,-0.013517719659904896,-0.01176483068950253,-0.013517719659904896,-1.041453874828161,0.8,0.7944701288208628,1.2246467991473532e-16,-1.0,-0.4853019625310808,-0.8743466161445822,0.7818314824680298,0.6234898018587336
-0.03922063189345932,0.023103819872796943,0.011764830689502471,-0.03922063189345932,0.7731898882334817,0.8,0.7945150141388753,1.2246467991473532e-16,-1.0,-0.6513724827222217,-0.7587581226927913,0.9749279121818236,-0.22252093395631434
0.004604696015493903,-0.015440912235127948,-0.04576835346690016,0.04658991818184798,1.1727202608218317,0.8,0.7945598994568877,1.2246467991473532e-16,-1.0,-0.7907757369376986,-0.6121059825476627,0.43388373911755823,-0.900968867902419
0.03609419476240448,0.0029316489811748786,0.03695777412619389,-0.00589102740394966,-0.2113090936672069,0.8,0.7946047847749002,1.2246467991473532e-16,-1.0,-0.8978045395707417,-0.44039415155763423,-0.433883739117558,-0.9009688679024191
-0.053706228453163155,-0.004694755820994519,0.0023570995723820056,0.004421541913410236,0.13720112151348496,0.8,0.7946496700929127,1.2246467991473532e-16,-1.0,-0.9680771188662041,-0.2506525322587213,-0.9749279121818236,-0.2225209339563146
0.017612033690758797,0.008784779018028453,-0.03686922699637155,0.008784779018028453,-1.0986122886681098,0.8,0.79478432604695,1.2246467991473532e-16,-1.0,-0.9377521321470804,0.3473052528448203,0.7818314824680298,0.6234898018587336
-0.007686403579915266,0.022485832782147434,0.058124899655616305,-0.004382784886295027,1.988927534139004,0.8,0.7948292113649625,1.2246467991473532e-16,-1.0,-0.8486442574947509,0.5289640103269624,0.9749279121818236,-0.22252093395631434
0.007686403579915329,-0.03127061180017594,-0.03250175355796259,-0.011782157527843616,-0.6026331730191135,0.8,0.794874096682975,1.2246467991473532e-16,-1.0,-0.7247927872291207,0.6889669190756859,0.43388373911755823,-0.900968867902419
0.009146440064141453,-0.004421541913410314,0.00029763833229309205,-0.002967400905188942,-0.03922071315328127,0.8,0.7949189820009875,1.2246467991473532e-16,-1.0,-0.5712682150947924,0.8207634412072763,-0.433883739117558,-0.9009688679024191
-0.02894292297088133,-0.01039365690599966,-0.022871960759642533,-0.008955232613344627,-0.08338160893905101,0.8,0.794963867319,1.2246467991473532e-16,-1.0,-0.3943558551133187,0.9189578116202306,-0.9749279121818236,-0.2225209339563146
0.012110079326824551,0.003575771047556162,0.016604161049495032,-0.028899343341086268,-0.9382696385929302,0.8,0.7950985232730374,-0.4999999999999997,-0.8660254037844388,0.39435585511331855,0.9189578116202306,0.7818314824680298,0.6234898018587336
-0.011173289684249603,-0.024692631737609876,-0.04157073778673591,0.012270080746266326,-0.49247648509779407,0.8,0.7951434085910499,-0.4999999999999997,-0.8660254037844388,0.5712682150947923,0.8207634412072763,0.9749279121818236,-0.22252093395631434
-0.05881218568152931,-0.008880838518618988,0.01425499724867101,-0.05001046306953075,1.91959284073794,0.8,0.7952331792270749,-0.4999999999999997,-0.8660254037844388,0.8486442574947509,0.5289640103269624,-0.433883739117558,-0.9009688679024191
0.011191726767831155,-0.06218299082559494,-0.06187545616236891,-0.021053366274683218,-3.2188758248682006,0.8,0.7952780645450873,-0.4999999999999997,-0.8660254037844388,0.9377521321470804,0.3473052528448203,-0.9749279121818236,-0.2225209339563146
-0.004922095997141726,0.06187545616236896,-0.004922095997141726,0.06187545616236896,1.2992829841302609,0.8,0.7954127204991248,-0.4999999999999997,-0.8660254037844388,0.9680771188662043,-0.2506525322587204,0.7818314824680298,0.6234898018587336
0.08569473019788763,0.048057247452926305,0.09111483548920996,0.048057247452926305,0.9343092373768334,0.8,0.7954576058171373,-0.4999999999999997,-0.8660254037844388,0.8978045395707416,-0.4403941515576344,0.9749279121818236,-0.22252093395631434
-0.0036297645952370152,0.011661928561047556,0.01638160744819904,-0.01477134553700661,0.5179430915348546,0.8,0.7955024911351497,-0.4999999999999997,-0.8660254037844388,0.7907757369376989,-0.6121059825476626,0.43388373911755823,-0.900968867902419
-0.007909938256944277,-0.01459874332266509,-0.007412988861978765,-0.0029806680440208062,0.7942432974313142,0.8,0.7955473764531622,-0.4999999999999997,-0.8660254037844388,0.6513724827222223,-0.758758122692791,-0.433883739117558,-0.9009688679024191
0.007909938256944174,-0.009456410595230301,-0.0014891808364763395,0.005358788224179644,-0.794243297431314,0.8,0.7955922617711747,-0.4999999999999997,-0.8660254037844388,0.48530196253108104,-0.8743466161445821,-0.9749279121818236,-0.2225209339563146
0.01503782042875885,-0.0053587882241796616,-0.0014914872075444854,-0.0053587882241796616,-1.6529230243738393,0.8,0.7957269177252121,-0.4999999999999997,-0.8660254037844388,-0.10116832198743204,-0.9948693233918952,0.7818314824680298,0.6234898018587336
0.0014914872075445522,0.0029806680440208583,0.0014914872075445522,0.0029806680440208583,-0.25131442828090605,0.8,0.7957718030432246,-0.4999999999999997,-0.8660254037844388,-0.29936312297335776,-0.9541392564000489,0.9749279121818236,-0.22252093395631434
-0.005979085302778273,0.008888981326335924,0.0014891808364763234,0.0,0.8266785731844679,0.8,0.7958166883612371,-0.4999999999999997,-0.8660254037844388,-0.4853019625310808,-0.8743466161445822,0.43388373911755823,-0.900968867902419
-0.004507913622588475,-0.01936020679986572,-0.011976179761843045,-0.010471225473529796,-1.6739764335716716,0.8,0.7958615736792496,-0.4999999999999997,-0.8660254037844388,-0.6513724827222217,-0.7587581226927913,-0.433883739117558,-0.9009688679024191
0.001504954288313326,0.01847483898512185,0.016134228422102794,0.0,1.6094379124341003,0.8,0.7959064589972621,-0.4999999999999997,-0.8660254037844388,-0.7907757369376986,-0.6121059825476627,-0.9749279121818236,-0.2225209339563146
0.00749055742950885,0.0038309172637970754,0.007676482115129366,0.00749055742950885,-0.40546510810816444,0.8,0.7960411149512995,-0.4999999999999997,-0.8660254037844388,-0.9987165071710528,-0.05064916883871355,0.7818314824680298,0.6234898018587336
-0.027233081821051802,-0.004421541913410314,-0.02381071053723223,0.01039365690599966,0.0,0.8,0.796086000269312,-0.4999999999999997,-0.8660254037844388,-0.9884683243281114,0.15142777750457667,0.9749279121818236,-0.22252093395631434
0.0033685717977583636,0.027103462447244216,0.028212704668965652,0.016117486765786494,1.3609765531356006,0.8,0.7961308855873245,-0.4999999999999997,-0.8660254037844388,-0.9377521321470804,0.3473052528448203,0.43388373911755823,-0.900968867902419
0.019376911928059553,-0.00692442963437918,0.0,-0.030998741767019833,-0.025975486403260677,0.8,0.7961757709053369,-0.4999999999999997,-0.8660254037844388,-0.8486442574947509,0.5289640103269624,-0.433883739117558,-0.9009688679024191
-0.03820177148972342,-0.02462021161663504,-0.01326471484891368,-0.013585166610565712,-0.14107859825990549,0.8,0.7962206562233494,-0.4999999999999997,-0.8660254037844388,-0.7247927872291207,0.6889669190756859,-0.9749279121818236,-0.2225209339563146
0.000934164379294162,-0.012240838203905617,-0.030734580667362458,-0.00609757428345514,-0.3610133455373305,0.8,0.7963553121773869,-0.4999999999999997,-0.8660254037844388,-0.20129852008866114,0.9795299412524943,0.7818314824680298,0.6234898018587336
0.019112727152030475,-0.016354117951956782,0.002139624511499941,0.0015278609356217908,-2.03688192726104,0.8,0.7964001974953993,-0.4999999999999997,-0.8660254037844388,-2.4492935982947064e-16,1.0,0.9749279121818236,-0.22252093395631434
-0.0067401715650399945,0.015151920624123813,0.0,0.009118639371687744,1.6094379124341003,0.8,0.7964450828134118,-0.8660254037844385,-0.5000000000000004,0.20129852008866006,0.9795299412524945,0.43388373911755823,-0.900968867902419
0.011309884912873363,-0.0015049542883133263,0.01364696633581058,0.0,-0.3101549283038396,0.8,0.7964899681314243,-0.8660254037844385,-0.5000000000000004,0.39435585511331855,0.9189578116202306,-0.433883739117558,-0.9009688679024191
-0.029926600905098424,-0.00301654745772239,-0.016705026138582536,0.0015117795064003938,0.6931471805599453,0.8,0.7965348534494368,-0.8660254037844385,-0.5000000000000004,0.5712682150947923,0.8207634412072763,-0.9749279121818236,-0.2225209339563146
0.029926600905098348,0.02623880811828346,0.008235534087590856,0.013503546383089088,1.0986122886681098,0.8,0.7966695094034741,-0.8660254037844385,-0.5000000000000004,0.9377521321470804,0.3473052528448203,0.7818314824680298,0.6234898018587336
-0.004569713347833307,-0.012735261735194237,0.014475510434980311,-0.013503546383089184,-0.1466034741918754,0.8,0.7967143947214866,-0.8660254037844385,-0.5000000000000004,0.9884683243281114,0.1514277775045767,0.9749279121818236,-0.22252093395631434
-0.02004689153132451,-0.007479437749743962,-0.024243588487218144,0.006024108633345083,-0.7472144018302211,0.8,0.7967592800394991,-0.8660254037844385,-0.5000000000000004,0.9987165071710528,-0.05064916883871264,0.43388373911755823,-0.900968867902419
0.009302428148637255,-0.00904986988655931,-0.006153859615268167,-0.015128910147854219,0.03636764417087479,0.8,0.7968041653575116,-0.8660254037844385,-0.5000000000000004,0.9680771188662043,-0.2506525322587204,-0.433883739117558,-0.9009688679024191
0.0,0.02749722359105515,0.03278979148960535,-0.00918837318184498,0.33135713595444244,0.8,0.7968490506755241,-0.8660254037844385,-0.5000000000000004,0.8978045395707416,-0.4403941515576344,-0.9749279121818236,-0.2225209339563146
-0.01242259726383907,-0.04276463703419501,-0.02970808392518413,-0.01550430482826027,-0.6678293725756556,0.8,0.7969837066295615,-0.8660254037844385,-0.5000000000000004,0.48530196253108104,-0.8743466161445821,0.7818314824680298,0.6234898018587336
-0.044409039142501085,-0.031252602191753,-0.031252602191753,-0.03919570097146409,0.0,0.8,0.797028591947574,-0.8660254037844385,-0.5000000000000004,0.29936312297335804,-0.9541392564000488,0.9749279121818236,-0.22252093395631434
-0.020129422390423514,0.012618452000912809,-0.04049129830189156,0.03606585560888426,0.30010459245033816,0.8,0.7970734772655865,-0.8660254037844385,-0.5000000000000004,0.10116832198743272,-0.994869323391895,0.43388373911755823,-0.900968867902419
0.06297476334263405,0.026296906009106117,0.05467589747509361,0.018634150190840096,-0.6567795363890705,0.8,0.7971183625835989,-0.8660254037844385,-0.5000000000000004,-0.10116832198743204,-0.9948693233918952,-0.433883739117558,-0.9009688679024191
0.01737553768177683,0.04857209944180311,0.03536117771490495,0.028811604338365108,1.2110902720948,0.8,0.7971632479016114,-0.8660254037844385,-0.5000000000000004,-0.29936312297335776,-0.9541392564000489,-0.9749279121818236,-0.2225209339563146
0.03535648743285236,0.004932524848085357,0.01737084739972434,0.028004773205319806,-0.38441169891033206,0.8,0.7972979038556489,-0.8660254037844385,-0.5000000000000004,-0.7907757369376986,-0.6121059825476627,0.7818314824680298,0.6234898018587336
0.03558264815859802,0.027125222078004354,0.035869119308547824,0.025826416759210123,-0.33024168687057687,0.8,0.7973427891736613,-0.8660254037844385,-0.5000000000000004,-0.8978045395707417,-0.44039415155763423,0.9749279121818236,-0.22252093395631434
0.0,0.006737806485038515,0.02349726726657111,-0.011396124048218395,0.4754236967150748,0.8,0.7973876744916738,-0.8660254037844385,-0.5000000000000004,-0.9680771188662041,-0.2506525322587213,0.43388373911755823,-0.900968867902419
-0.001433670125437286,-0.0030826273969658327,-0.0030826273969658327,-0.001433670125437286,-0.6151856390902334,0.8,0.7974325598096863,-0.8660254037844385,-0.5000000000000004,-0.9987165071710528,-0.05064916883871355,-0.433883739117558,-0.9009688679024191
-0.005755406002826417,-0.0008422807241453646,-0.01641231037517921,0.010844885346888978,0.30010459245033816,0.8,0.7974774451276988,-0.8660254037844385,-0.5000000000000004,-0.9884683243281114,0.15142777750457667,-0.9749279121818236,-0.2225209339563146
-0.016000346673486588,0.001964379672289413,0.017534409323323334,-0.03260063802320193,0.0,0.8,0.7976121010817362,-0.8660254037844385,-0.5000000000000004,-0.7247927872291207,0.6889669190756859,0.7818314824680298,0.6234898018587336
0.007304606534024942,-0.016108914076020987,-0.016108914076020987,0.007304606534024942,-0.8979415932059586,0.8,0.7976569863997487,-0.8660254037844385,-0.5000000000000004,-0.5712682150947924,0.8207634412072763,0.9749279121818236,-0.22252093395631434
-0.008771935805103251,-0.0031387598201995438,-0.0031387598201995438,0.007251718641364494,0.9694005571881035,0.8,0.7977018717177612,-0.8660254037844385,-0.5000000000000004,-0.3943558551133187,0.9189578116202306,0.43388373911755823,-0.900968867902419
-0.08869488070527963,-0.002575536071478665,-0.002575536071478665,-0.0293276707123961,0.923163611161917,0.8,0.7977467570357737,-0.8660254037844385,-0.5000000000000004,-0.20129852008866114,0.9795299412524943,-0.433883739117558,-0.9009688679024191
0.0343828577418729,-0.029071787012420854,-0.03439570550751494,-0.04100800669747845,0.5458224658030869,0.8,0.7977916423537861,-0.8660254037844385,-0.5000000000000004,-2.4492935982947064e-16,1.0,-0.9749279121818236,-0.2225209339563146
0.035037845319623846,-0.011869649370356882,-0.009535224209096521,0.038027338653457615,-2.003068562895262,0.8,0.7979711836258361,-1.0,-1.8369701987210297e-16,0.72479278722912,0.6889669190756866,0.9749279121818236,-0.22252093395631434
-0.0035992806320997816,-0.006588773965933377,-0.0035992806320997816,-0.006588773965933377,-2.1400661634962708,0.8,0.7980160689438485,-1.0,-1.8369701987210297e-16,0.8486442574947509,0.5289640103269624,0.43388373911755823,-0.900968867902419
-0.003913874036360713,0.006588773965933415,-0.003913874036360713,0.005095144432399635,2.833213344056216,0.8,0.798060954261861,-1.0,-1.8369701987210297e-16,0.9377521321470804,0.3473052528448203,-0.433883739117558,-0.9009688679024191
-0.0030211906796509228,0.020680228711063092,0.018826197813692516,-0.004494321008665738,-0.30748469974796055,0.8,0.7981058395798735,-1.0,-1.8369701987210297e-16,0.9884683243281114,0.1514277775045767,-0.9749279121818236,-0.2225209339563146
0.004528326964122783,-0.01324519328776332,-0.0038559152932876083,-0.001502606887309391,0.03922071315328133,0.8,0.798240495533911,-1.0,-1.8369701987210297e-16,0.8978045395707416,-0.4403941515576344,0.7818314824680298,0.6234898018587336
-0.027482663569222795,-0.010424528757133431,-0.040945809805155824,-0.00906354036275428,-0.48550781578170077,0.8,0.7982853808519234,-1.0,-1.8369701987210297e-16,0.7907757369376989,-0.6121059825476626,0.9749279121818236,-0.22252093395631434
0.019924077494781863,-0.013564604458429523,0.019924077494781863,0.0,-7.783224016336037,0.8,0.7983302661699359,-1.0,-1.8369701987210297e-16,0.6513724827222223,-0.758758122692791,0.43388373911755823,-0.900968867902419
0.03840331619120672,0.03840331619120672,0.03840331619120672,0.03840331619120672,6.620073206530356,0.8,0.7983751514879484,-1.0,-1.8369701987210297e-16,0.48530196253108104,-0.8743466161445821,-0.433883739117558,-0.9009688679024191
-0.0894570820129625,-0.008505751907588349,-0.008505751907588349,-0.036887038827702404,0.8754687373538999,0.8,0.7984200368059609,-1.0,-1.8369701987210297e-16,0.29936312297335804,-0.9541392564000488,-0.9749279121818236,-0.2225209339563146
-0.006729686830124075,-0.031416231197154726,-0.031416231197154726,-0.05129331263969078,0.45953232937844013,0.8,0.7985546927599982,-1.0,-1.8369701987210297e-16,-0.29936312297335776,-0.9541392564000489,0.7818314824680298,0.6234898018587336
-0.006451629029448534,-0.007627773150605319,-0.0627164147677921,0.03602589919655071,-0.3053816495511819,0.8,0.7985995780780107,-1.0,-1.8369701987210297e-16,-0.4853019625310808,-0.8743466161445822,0.9749279121818236,-0.22252093395631434
0.06423508168132841,0.028085833738623642,0.06423508168132841,0.03030523387189872,0.06899287148695142,0.8,0.7986444633960232,-1.0,-1.8369701987210297e-16,-0.6513724827222217,-0.7587581226927913,0.43388373911755823,-0.900968867902419
-0.016832843644056843,-0.023502156572272555,-0.016832843644056843,-0.02111686069005374,-0.2231435513142097,0.8,0.7986893487140357,-1.0,-1.8369701987210297e-16,-0.7907757369376986,-0.6121059825476627,-0.433883739117558,-0.9009688679024191
-0.00588147593149079,0.037401545000002916,0.022280750521360873,0.037401545000002916,1.0704414117014134,0.8,0.7987342340320481,-1.0,-1.8369701987210297e-16,-0.8978045395707417,-0.44039415155763423,-0.9749279121818236,-0.2225209339563146
-0.004667834004088164,-0.028296743485493964,-0.0328300604569398,-0.034357449015748776,-0.46430560813109784,0.8,0.7988688899860856,-1.0,-1.8369701987210297e-16,-0.9884683243281114,0.15142777750457667,0.7818314824680298,0.6234898018587336
0.03131973732580388,0.02682725799495455,0.03131973732580388,0.03288796352520941,-0.8938178760220964,0.8,0.7989137753040981,-1.0,-1.8369701987210297e-16,-0.9377521321470804,0.3473052528448203,0.9749279121818236,-0.22252093395631434
0.015597182090115931,0.026126237563367658,0.053557950428872896,-0.011834530775389164,-0.25131442828090605,0.8,0.7989586606221105,-1.0,-1.8369701987210297e-16,-0.8486442574947509,0.5289640103269624,0.43388373911755823,-0.900968867902419
0.0,-0.02612623756336778,-0.02612623756336778,0.008888981326335924,2.472930458741285,0.8,0.799003545940123,-1.0,-1.8369701987210297e-16,-0.7247927872291207,0.6889669190756859,-0.433883739117558,-0.9009688679024191
-0.004773274271105411,0.02181904618388101,0.02181904618388101,-0.005917171268127205,2.6295458009252846,0.8,0.7990484312581355,-1.0,-1.8369701987210297e-16,-0.5712682150947924,0.8207634412072763,-0.9749279121818236,-0.2225209339563146
0.004177902109303261,-0.020643352330292724,-0.025059687429641313,0.00827427084050922,-2.8739991388262456,0.8,0.7991830872121729,-0.866025403784439,0.49999999999999933,0.20129852008866006,0.9795299412524945,0.7818314824680298,0.6234898018587336
-0.021978950265547453,0.013423049469076753,-0.031168211956978338,0.015187193199336183,-1.466337068793427,0.8,0.7992279725301854,-0.866025403784439,0.49999999999999933,0.39435585511331855,0.9189578116202306,0.9749279121818236,-0.22252093395631434
0.035878338693278,-0.010196749190931685,0.038810847334472036,-0.012542101321755629,0.1823215567939546,0.8,0.7992728578481979,-0.866025403784439,0.49999999999999933,0.5712682150947923,0.8207634412072763,0.43388373911755823,-0.900968867902419
-0.005005221192096529,0.007003231849854973,-0.004401994131733412,0.0008801727607080914,3.340109689682317,0.8,0.7993177431662104,-0.866025403784439,0.49999999999999933,0.72479278722912,0.6889669190756866,-0.433883739117558,-0.9009688679024191
0.007351865373799152,0.017582200297499618,0.003816129672241997,0.0214687882606815,-1.4683075127807257,0.8,0.7993626284842229,-0.866025403784439,0.49999999999999933,0.8486442574947509,0.5289640103269624,-0.9749279121818236,-0.2225209339563146
0.015698024003424953,0.019242309271204416,0.025171296606845875,0.004581823256788897,0.7869021500974638,0.8,0.7994972844382603,-0.866025403784439,0.49999999999999933,0.9987165071710528,-0.05064916883871264,0.7818314824680298,0.6234898018587336
-0.006075502183539512,0.08382993528013317,-0.01554877478696055,0.07933922709781112,-1.0717392704170132,0.8,0.7995421697562728,-0.866025403784439,0.49999999999999933,0.9680771188662043,-0.2506525322587204,0.9749279121818236,-0.22252093395631434
0.03479108405816504,-0.014276691272529854,0.0946239887798509,-0.004496743964066872,-0.9219887529887928,0.8,0.7995870550742853,-0.866025403784439,0.49999999999999933,0.8978045395707416,-0.4403941515576344,0.43388373911755823,-0.900968867902419
0.07606797457031875,0.11239452448951803,0.016235069848632853,0.04382907300883427,1.5072469715375532,0.8,0.7996319403922977,-0.866025403784439,0.49999999999999933,0.7907757369376989,-0.6121059825476626,-0.433883739117558,-0.9009688679024191
-0.026050746064111292,0.004662075288443655,0.01084996844282021,0.07548446791526325,-0.17224590480521298,0.8,0.7996768257103102,-0.866025403784439,0.49999999999999933,0.6513724827222223,-0.758758122692791,-0.9749279121818236,-0.2225209339563146
0.05067998095817271,0.02955875702330045,0.10918158848738205,-0.007320792256938162,0.48492927946241116,0.8,0.7998114816643477,-0.866025403784439,0.49999999999999933,0.10116832198743272,-0.994869323391895,0.7818314824680298,0.6234898018587336
0.0,-0.034454487536574145,-0.020950500010575634,-0.044344004557353135,-1.2481440226390734,0.8,0.7998563669823601,-0.866025403784439,0.49999999999999933,-0.10116832198743204,-0.9948693233918952,0.9749279121818236,-0.22252093395631434
0.016088818096162465,-0.017445061261901398,-0.0168430036611412,0.03386017137457876,-0.04959694113937206,0.8,0.7999012523003726,-0.866025403784439,0.49999999999999933,-0.29936312297335776,-0.9541392564000489,0.43388373911755823,-0.900968867902419
0.005471248716147927,0.02419946010458648,-0.005758167766070863,-0.033364789893075834,0.6409614273893751,0.8,0.7999461376183851,-0.866025403784439,0.49999999999999933,-0.4853019625310808,-0.8743466161445822,-0.433883739117558,-0.9009688679024191
-0.007718211623671391,-0.030162484286172138,-0.035512505105243515,-0.001983142033278174,-1.2845116668099483,0.8,0.7999910229363976,-0.866025403784439,0.49999999999999933,-0.6513724827222217,-0.7587581226927913,-0.9749279121818236,-0.2225209339563146
0.007222092767551655,0.02270672511285351,0.007204080696552618,0.0012399068494146639,0.9848534033114517,0.8,0.800125678890435,-0.866025403784439,0.49999999999999933,-0.9680771188662041,-0.2506525322587213,0.7818314824680298,0.6234898018587336
-0.07067811579333023,-0.04227489374215195,-0.002478278233471682,-0.03223645486957229,-1.199964782928397,0.8,0.8001705642084475,-0.866025403784439,0.49999999999999933,-0.9987165071710528,-0.05064916883871355,0.9749279121818236,-0.22252093395631434
-0.00026632774998805084,-0.026200222862894165,-0.03999520438073091,0.0030667001735804242,0.6931471805599453,0.8,0.80021544952646,-0.866025403784439,0.49999999999999933,-0.9884683243281114,0.15142777750457667,0.43388373911755823,-0.900968867902419
0.005578496078629916,0.00996767803875362,0.019184627135335544,-0.030309301822067283,0.23111172096338664,0.8,0.8002603348444725,-0.866025403784439,0.49999999999999933,-0.9377521321470804,0.3473052528448203,-0.433883739117558,-0.9009688679024191
-0.12003729427229959,-0.08644803098361209,-0.16012236728499732,-0.12328863574531491,-0.2113090936672069,0.8,0.800305220162485,-0.866025403784439,0.49999999999999933,-0.8486442574947509,0.5289640103269624,-0.9749279121818236,-0.2225209339563146
0.0005971499467146648,-0.03018891150335237,0.0017824875007701204,-0.002681427452141003,0.6832948841169337,0.8,0.8004398761165223,-0.866025403784439,0.49999999999999933,-0.3943558551133187,0.9189578116202306,0.7818314824680298,0.6234898018587336
0.0,-0.0689133062581034,-0.005655634760650683,-0.0005968789241728368,-2.41789593950504,0.8,0.8004847614345348,-0.866025403784439,0.49999999999999933,-0.20129852008866114,0.9795299412524943,0.9749279121818236,-0.22252093395631434
0.03173009615360268,0.12604072763776042,0.043802625098498006,0.07723747043746129,1.491654876777717,0.8,0.8005296467525473,-0.866025403784439,0.49999999999999933,-2.4492935982947064e-16,1.0,0.43388373911755823,-0.900968867902419
0.012643834648080245,-0.026668145338813322,0.020362756490171864,0.02213511186148577,-1.0498221244986778,0.8,0.8005745320705597,-0.5000000000000012,0.8660254037844379,0.20129852008866006,0.9795299412524945,-0.433883739117558,-0.9009688679024191
0.013894986990633318,0.030345619975161633,0.06555282068543897,-0.023240999760793225,0.6190392084062235,0.8,0.8006194173885722,-0.5000000000000012,0.8660254037844379,0.39435585511331855,0.9189578116202306,-0.9749279121818236,-0.2225209339563146
0.01592439339229046,0.03503703945042013,-0.05552489108950209,0.07485851532007323,0.7849547298130682,0.8,0.8007540733426097,-0.5000000000000012,0.8660254037844379,0.8486442574947509,0.5289640103269624,0.7818314824680298,0.6234898018587336
-0.030104951575658307,-0.03137303909756656,0.031913200541731274,-0.07347636619065966,-0.13102826240640414,0.8,0.8007989586606221,-0.5000000000000012,0.8660254037844379,0.9377521321470804,0.3473052528448203,0.9749279121818236,-0.22252093395631434
0.003990838768302565,-0.02996382362679725,-0.007004293964882343,-0.029434533290316537,-1.1394342831883648,0.8,0.8008438439786346,-0.5000000000000012,0.8660254037844379,0.9884683243281114,0.1514277775045767,0.43388373911755823,-0.900968867902419
0.04668814811296772,0.042166945682050594,-0.004334871271237101,0.06177869239260716,0.9409833444645266,0.8,0.8008887292966471,-0.5000000000000012,0.8660254037844379,0.9987165071710528,-0.05064916883871264,-0.433883739117558,-0.9009688679024191
-0.022516070852207453,-0.03278977360108941,0.01802820459090742,-0.03760661513184688,-1.6341305250244718,0.8,0.8009336146146596,-0.5000000000000012,0.8660254037844379,0.9680771188662043,-0.2506525322587204,-0.9749279121818236,-0.2225209339563146
-0.021047501119183683,0.035367129108730314,-0.018843108533530405,0.07591140455184525,1.0116009116784799,0.8,0.801068270568697,-0.5000000000000012,0.8660254037844379,0.6513724827222223,-0.758758122692791,0.7818314824680298,0.6234898018587336
0.04002761943499876,-0.023175062215305183,0.03077164924309427,-0.04797967437072207,-0.7884573603642702,0.8,0.8011131558867095,-0.5000000000000012,0.8660254037844379,0.48530196253108104,-0.8743466161445821,0.9749279121818236,-0.22252093395631434
-0.1788399519646036,-0.06700024966029104,-0.06673672347642967,-0.11522082624789315,2.760009940032921,0.8,0.801158041204722,-0.5000000000000012,0.8660254037844379,0.29936312297335804,-0.9541392564000488,0.43388373911755823,-0.900968867902419
0.07317657070730847,-0.04023535473323257,-0.05441159726670401,0.029853019248168702,-1.4516771203827423,0.8,0.8012029265227345,-0.5000000000000012,0.8660254037844379,0.10116832198743272,-0.994869323391895,-0.433883739117558,-0.9009688679024191
0.006941429873959946,0.03174870880220092,-0.003575771047556143,-0.022305756248918812,0.34032580593720296,0.8,0.8012478118407469,-0.5000000000000012,0.8660254037844379,-0.10116832198743204,-0.9948693233918952,-0.9749279121818236,-0.2225209339563146
-0.07621546728425568,-0.05849623410105063,-0.015037820428758853,-0.022814676442389808,0.8023464725249373,0.8,0.8013824677947844,-0.5000000000000012,0.8660254037844379,-0.6513724827222217,-0.7587581226927913,0.7818314824680298,0.6234898018587336
-0.09420733038674367,-0.0685626041648972,-0.06252029545396064,-0.14760812122860958,-0.6427163269330534,0.8,0.8014273531127969,-0.5000000000000012,0.8660254037844379,-0.7907757369376986,-0.6121059825476627,0.9749279121818236,-0.22252093395631434
0.001069352707105148,-0.043850796995658886,-0.09928588651068371,0.03366373742109868,-0.3496737484797488,0.8,0.8014722384308093,-0.5000000000000012,0.8660254037844379,-0.8978045395707417,-0.44039415155763423,0.43388373911755823,-0.900968867902419
0.03259438471399349,-0.02284070480103136,0.03259438471399349,0.0,-3.7612001156935624,0.8,0.8015620090668343,-0.5000000000000012,0.8660254037844379,-0.9987165071710528,-0.05064916883871355,-0.9749279121818236,-0.2225209339563146
-0.024787346540129165,0.06669150179669021,0.011996827548702321,-0.024787346540129165,2.0794415416798357,0.8,0.8016966650208718,-0.5000000000000012,0.8660254037844379,-0.8486442574947509,0.5289640103269624,0.7818314824680298,0.6234898018587336
0.00809712704343148,-0.027802323860731996,-0.02868704704540003,0.06367652447608746,0.0,0.8,0.8017415503388842,-0.5000000000000012,0.8660254037844379,-0.7247927872291207,0.6889669190756859,0.9749279121818236,-0.22252093395631434
-0.012703052714170415,-0.0049875604896322066,-0.012703052714170415,-0.0049875604896322066,-0.13353139262452263,0.8,0.8017864356568967,-0.5000000000000012,0.8660254037844379,-0.5712682150947924,0.8207634412072763,0.43388373911755823,-0.900968867902419
0.06329488965719411,0.011269628720399048,0.06496014358725476,0.009950368622447272,2.436116485618568,0.8,0.8018313209749092,-0.5000000000000012,0.8660254037844379,-0.3943558551133187,0.9189578116202306,-0.433883739117558,-0.9009688679024191
0.0033278344496186787,-0.007277611250360969,0.001662580519557829,-0.005958351152409019,-2.5902671654458267,0.8,0.8018762062929217,-0.5000000000000012,0.8660254037844379,-0.20129852008866114,0.9795299412524943,-0.9749279121818236,-0.2225209339563146
-0.03722945189594465,0.024271467580901377,0.0006641830204195594,-0.03789363491636419,2.268683541318364,0.8,0.802010862246959,-2.4492935982947064e-16,1.0,0.5712682150947923,0.8207634412072763,0.7818314824680298,0.6234898018587336
0.010291725768302765,-0.019964619183399236,-0.0009965351132518578,0.010291725768302765,-1.575536360758419,0.8,0.8020557475649716,-2.4492935982947064e-16,1.0,0.72479278722912,0.6889669190756866,0.9749279121818236,-0.22252093395631434
-0.013745908065390203,-0.045654665610954,-0.04035128210019984,-0.013745908065390203,-1.0986122886681098,0.8,0.8021455182009966,-2.4492935982947064e-16,1.0,0.9377521321470804,0.3473052528448203,-0.433883739117558,-0.9009688679024191
-0.024874291678024126,-0.013937494644137039,-0.01921457192856446,-0.013937494644137039,1.8325814637483102,0.8,0.8021904035190089,-2.4492935982947064e-16,1.0,0.9884683243281114,0.1514277775045767,-0.9749279121818236,-0.2225209339563146
-0.06901814299197598,-0.00421941151025875,-0.007079668955800549,-0.06899285714598444,-0.3285040669720361,0.8,0.8023250594730464,-2.4492935982947064e-16,1.0,0.8978045395707416,-0.4403941515576344,0.7818314824680298,0.6234898018587336
0.044236788065649325,-0.03149874044995498,-0.023361405719985795,0.03327470518577065,-1.2809338454620642,0.8,0.8023699447910589,-2.4492935982947064e-16,1.0,0.7907757369376989,-0.6121059825476626,0.9749279121818236,-0.22252093395631434
0.016588949307035375,0.03712067539768495,0.01837559403378288,0.03712067539768495,2.0794415416798357,0.8,0.8024148301090713,-2.4492935982947064e-16,1.0,0.6513724827222223,-0.758758122692791,0.43388373911755823,-0.900968867902419
-0.011872741544193242,0.002100153797087916,0.02084523516099004,-0.02699024866861772,0.5306282510621704,0.8,0.8024597154270838,-2.4492935982947064e-16,1.0,0.48530196253108104,-0.8743466161445821,-0.433883739117558,-0.9009688679024191
-0.05505300362343615,-0.06239631064866452,-0.08764732462228671,-0.04040212955766284,-1.821612432377736,0.8,0.8025046007450963,-2.4492935982947064e-16,1.0,0.29936312297335804,-0.9541392564000488,-0.9749279121818236,-0.2225209339563146
0.020814383090638905,0.07179260191713815,0.018904082657558708,0.05788692167776328,1.0986122886681098,0.8,0.8026392566991337,-2.4492935982947064e-16,1.0,-0.29936312297335776,-0.9541392564000489,0.7818314824680298,0.6234898018587336
0.0826322416713935,0.004492708438191762,0.0826322416713935,0.025494610052270654,-2.1102132003465894,0.8,0.8026841420171462,-2.4492935982947064e-16,1.0,-0.4853019625310808,-0.8743466161445822,0.9749279121818236,-0.22252093395631434
-0.07702996457211382,-0.017391676941224475,-0.017391676941224475,-0.056752764744057674,2.1972245773362196,0.8,0.8027290273351587,-2.4492935982947064e-16,1.0,-0.6513724827222217,-0.7587581226927913,0.43388373911755823,-0.900968867902419
0.022100326621142714,0.09275506833615403,-0.03753796100974652,0.05226005630586596,0.5908683314395271,0.8,0.8027739126531712,-2.4492935982947064e-16,1.0,-0.7907757369376986,-0.6121059825476627,-0.433883739117558,-0.9009688679024191
-0.034089968180374346,-0.07536339139492962,0.05320403822360349,-0.030955760427547274,-0.2231435513142097,0.8,0.8028187979711837,-2.4492935982947064e-16,1.0,-0.8978045395707417,-0.44039415155763423,-0.9749279121818236,-0.2225209339563146
-0.020179693422567355,0.07504356809937682,0.0700286807480036,-0.07375083068817387,0.1758906664636642,0.8,0.8029534539252211,-2.4492935982947064e-16,1.0,-0.9884683243281114,0.15142777750457667,0.7818314824680298,0.6234898018587336
-0.044032230522184294,-0.10906397666504553,-0.18019823391667614,0.0003846235984066709,-0.8312975190407624,0.8,0.8030432245612461,-2.4492935982947064e-16,1.0,-0.8486442574947509,0.5289640103269624,0.43388373911755823,-0.900968867902419
-0.025235399810425673,0.03436525037290847,0.11223999470327983,-0.055734668582355464,1.785567498980134,0.8,0.8030881098792585,-2.4492935982947064e-16,1.0,-0.7247927872291207,0.6889669190756859,-0.433883739117558,-0.9009688679024191
-0.009525756006418098,-0.13092483304856317,-0.14716609940064854,-0.023443341355079233,-1.823307826962981,0.8,0.803132995197271,-2.4492935982947064e-16,1.0,-0.5712682150947924,0.8207634412072763,-0.9749279121818236,-0.2225209339563146
0.0008318865058271187,0.0019626791898746257,-0.03660435574284165,0.019369961376825083,-0.48550781578170077,0.8,0.8032676511513085,-2.4492935982947064e-16,1.0,-2.4492935982947064e-16,1.0,0.7818314824680298,0.6234898018587336
-0.06973564520870487,-0.03796659015461002,0.014802888820134705,-0.028987451008214815,0.5947071077466928,0.8166666666666667,0.8033574217873334,0.49999999999999994,0.8660254037844387,0.39435585511331855,0.9189578116202306,0.43388373911755823,-0.900968867902419
0.01679973507245854,0.08731685572096594,0.019402484850025346,0.07056026041927753,0.4393666597838457,0.8166666666666667,0.8034023071053459,0.49999999999999994,0.8660254037844387,0.5712682150947923,0.8207634412072763,-0.433883739117558,-0.9009688679024191
0.1332024965108445,0.026157217583654798,0.04232602665357473,0.07394008620361467,-0.9734491457141037,0.8166666666666667,0.8034471924233584,0.49999999999999994,0.8660254037844387,0.72479278722912,0.6889669190756866,-0.9749279121818236,-0.2225209339563146
0.029491766585260204,-0.024292617525817236,0.029491766585260204,-0.024292617525817236,-2.1400661634962708,0.8166666666666667,0.8035818483773958,0.49999999999999994,0.8660254037844387,0.9884683243281114,0.1514277775045767,0.7818314824680298,0.6234898018587336
0.05965985616148423,0.15468281518000657,0.15468281518000657,0.06001076948603106,2.6741486494265287,0.8166666666666667,0.8036267336954083,0.49999999999999994,0.8660254037844387,0.9987165071710528,-0.05064916883871264,0.9749279121818236,-0.22252093395631434
0.013942352411877716,-0.08108060660664444,-0.08108060660664444,0.013591439087331141,-2.268683541318364,0.8166666666666667,0.8036716190134208,0.49999999999999994,0.8660254037844387,0.9680771188662043,-0.2506525322587204,0.43388373911755823,-0.900968867902419
-0.06211845890631622,-0.004857692776017541,-0.004857692776017541,-0.017106428206890796,2.159484249353372,0.8166666666666667,0.8037165043314333,0.49999999999999994,0.8660254037844387,0.8978045395707416,-0.4403941515576344,-0.433883739117558,-0.9009688679024191
0.03794486990656158,0.02201659362864637,-0.019315896223737136,0.013986328723284345,-0.262364264467491,0.8166666666666667,0.8037613896494458,0.49999999999999994,0.8660254037844387,0.7907757369376989,-0.6121059825476626,-0.9749279121818236,-0.2225209339563146
0.021053489516148095,-0.0202790003362354,0.021053489516148095,0.0,-2.995732273553991,0.8166666666666667,0.8038960456034832,0.49999999999999994,0.8660254037844387,0.29936312297335804,-0.9541392564000488,0.7818314824680298,0.6234898018587336
-0.0146907511139832,0.040821954783826074,-0.0146907511139832,0.040821954783826074,2.3978952727983707,0.8166666666666667,0.8039409309214957,0.49999999999999994,0.8660254037844387,0.10116832198743272,-0.994869323391895,0.9749279121818236,-0.22252093395631434
0.047144392114731544,0.00929003808843971,0.047144392114731544,0.00929003808843971,0.24116205681688804,0.8166666666666667,0.8039858162395082,0.49999999999999994,0.8660254037844387,-0.10116832198743204,-0.9948693233918952,0.43388373911755823,-0.900968867902419
-0.0819211979241873,-0.03255861817378579,-0.03697781858653319,-0.03460784607272964,0.8266785731844679,0.8166666666666667,0.8040307015575205,0.49999999999999994,0.8660254037844387,-0.29936312297335776,-0.9541392564000489,-0.433883739117558,-0.9009688679024191
0.04946755692343889,0.023601833723767337,0.004524177585784901,0.025651061622711267,-0.7576857016975165,0.8166666666666667,0.804075586875533,0.49999999999999994,0.8660254037844387,-0.4853019625310808,-0.8743466161445822,-0.9749279121818236,-0.2225209339563146
0.062257191942910024,0.04845691053101074,0.07972209028781722,0.021101983520662483,0.1823215567939546,0.8166666666666667,0.8042551281475829,0.49999999999999994,0.8660254037844387,-0.9680771188662041,-0.2506525322587213,0.9749279121818236,-0.22252093395631434
-0.03485824460373395,0.041050501474168465,-0.05232314294864117,0.0684054284845166,0.10536051565782635,0.8166666666666667,0.8043000134655954,0.49999999999999994,0.8660254037844387,-0.9987165071710528,-0.05064916883871355,0.43388373911755823,-0.900968867902419
0.017082988546863048,-0.06417289658685184,0.0276545997201544,-0.06417289658685184,-0.2876820724517809,0.8166666666666667,0.8043448987836079,0.49999999999999994,0.8660254037844387,-0.9884683243281114,0.15142777750457667,-0.433883739117558,-0.9009688679024191
0.01614262749447017,0.02057948453676794,0.03201566131801221,-0.005865160460065537,0.3829922522561057,0.8166666666666667,0.8043897841016204,0.49999999999999994,0.8660254037844387,-0.9377521321470804,0.3473052528448203,-0.9749279121818236,-0.2225209339563146
0.0,-0.02644464499683343,-0.02644464499683343,0.0,-3.0910424533583156,0.8166666666666667,0.8045244400556578,0.49999999999999994,0.8660254037844387,-0.5712682150947924,0.8207634412072763,0.7818314824680298,0.6234898018587336
-0.08629861075700265,-0.040005296451461676,-0.08629861075700265,-0.042048244847562345,2.0794415416798357,0.8166666666666667,0.8045693253736703,0.49999999999999994,0.8660254037844387,-0.3943558551133187,0.9189578116202306,0.9749279121818236,-0.22252093395631434
-0.03221992446353035,0.03673192726996642,-0.03221992446353035,0.03614857527812996,0.3184537311185346,0.8166666666666667,0.8046142106916828,0.49999999999999994,0.8660254037844387,-0.20129852008866114,0.9795299412524943,0.43388373911755823,-0.900968867902419
0.11261886565110052,-0.0026263003879372815,0.11261886565110052,0.0,-2.3978952727983707,0.8166666666666667,0.8046590960096953,0.49999999999999994,0.8660254037844387,-2.4492935982947064e-16,1.0,-0.433883739117558,-0.9009688679024191
0.0,0.0,0.0,0.0,0.0,0.8166666666666667,0.8047039813277077,0.8660254037844386,0.5000000000000001,0.20129852008866006,0.9795299412524945,-0.9749279121818236,-0.2225209339563146
-0.0864736113529612,-0.04780455647357664,-0.0864736113529612,-0.04780455647357664,2.4849066497880004,0.8166666666666667,0.8048386372817452,0.8660254037844386,0.5000000000000001,0.72479278722912,0.6889669190756866,0.7818314824680298,0.6234898018587336
0.030706484138157627,0.0,0.030706484138157627,0.0,-0.8754687373538999,0.8166666666666667,0.8048835225997577,0.8660254037844386,0.5000000000000001,0.8486442574947509,0.5289640103269624,0.9749279121818236,-0.22252093395631434
0.007962570741226855,0.0,0.007962570741226855,0.0,-0.5108256237659907,0.8166666666666667,0.8049284079177702,0.8660254037844386,0.5000000000000001,0.9377521321470804,0.3473052528448203,0.43388373911755823,-0.900968867902419
0.0,0.0,0.0,0.0,-1.0986122886681098,0.8166666666666667,0.8049732932357826,0.8660254037844386,0.5000000000000001,0.9884683243281114,0.1514277775045767,-0.433883739117558,-0.9009688679024191
0.0,0.0,0.0,0.0,0.0,0.8166666666666667,0.8050181785537951,0.8660254037844386,0.5000000000000001,0.9987165071710528,-0.05064916883871264,-0.9749279121818236,-0.2225209339563146
-0.02408068395664928,-0.005185758039200005,-0.02408068395664928,-0.009353873963557772,2.5649493574615367,0.8166666666666667,0.8051528345078326,0.8660254037844386,0.5000000000000001,0.7907757369376989,-0.6121059825476626,0.7818314824680298,0.6234898018587336
0.04455929395832521,0.07734612064619174,0.04961398761989747,0.056500705611558,0.20763936477824455,0.8166666666666667,0.805197719825845,0.8660254037844386,0.5000000000000001,0.6513724827222223,-0.758758122692791,0.9749279121818236,-0.22252093395631434
-0.04138527606246025,-0.022713525061540563,-0.02829563497412074,-0.052332589687200344,0.661398482245365,0.8166666666666667,0.8052426051438575,0.8660254037844386,0.5000000000000001,0.48530196253108104,-0.8743466161445821,0.43388373911755823,-0.900968867902419
0.02125150786802398,-0.018215446105072704,0.022903070893514368,0.010344860817331018,-0.6007738604289302,0.8166666666666667,0.80528749046187,0.8660254037844386,0.5000000000000001,0.29936312297335804,-0.9541392564000488,-0.433883739117558,-0.9009688679024191
0.004814260970891097,-0.02607228866224756,-0.014981636804511103,0.0,-2.833213344056216,0.8166666666666667,0.8053323757798825,0.8660254037844386,0.5000000000000001,0.10116832198743272,-0.994869323391895,-0.9749279121818236,-0.2225209339563146
0.02874251466819506,0.02874251466819506,0.02874251466819506,0.02874251466819506,2.3978952727983707,0.8166666666666667,0.8055119170519324,0.8660254037844386,0.5000000000000001,-0.6513724827222217,-0.7587581226927913,0.9749279121818236,-0.22252093395631434
-0.059396227498596604,0.0016652539300608727,-0.04082195478382607,-0.021904789897623574,1.2909841813155658,0.8166666666666667,0.8055568023699449,0.8660254037844386,0.5000000000000001,-0.7907757369376986,-0.6121059825476627,0.43388373911755823,-0.900968867902419
0.038853273051005784,0.031124630420303404,0.020279000336235364,0.05469467424798783,0.16126814759612232,0.8166666666666667,0.8056016876879574,0.8660254037844386,0.5000000000000001,-0.8978045395707417,-0.44039415155763423,-0.433883739117558,-0.9009688679024191
0.05333283879795489,0.0,0.05333283879795489,0.0,-3.8501476017100584,0.8166666666666667,0.8056465730059698,0.8660254037844386,0.5000000000000001,-0.9680771188662041,-0.2506525322587213,-0.9749279121818236,-0.2225209339563146
-0.044525153434543274,0.016000279819067695,-0.044525153434543274,0.0,3.1780538303479458,0.8166666666666667,0.8057812289600073,0.8660254037844386,0.5000000000000001,-0.9377521321470804,0.3473052528448203,0.7818314824680298,0.6234898018587336
0.03642788167455054,0.017621584691752644,0.07502303935330384,-0.008097271759992732,0.2559333741372007,0.8166666666666667,0.8058261142780198,0.8660254037844386,0.5000000000000001,-0.8486442574947509,0.5289640103269624,0.9749279121818236,-0.22252093395631434
0.00970885098393867,-0.0018732873282600892,-0.024067093795625626,0.0398458489425531,-0.7949298748698876,0.8166666666666667,0.8058709995960321,0.8660254037844386,0.5000000000000001,-0.7247927872291207,0.6889669190756859,0.43388373911755823,-0.900968867902419
0.014388700595121892,0.011187267856507468,0.02531778505942542,0.010568986183118982,0.5389965007326869,0.8166666666666667,0.8059158849140446,0.8660254037844386,0.5000000000000001,-0.5712682150947924,0.8207634412072763,-0.433883739117558,-0.9009688679024191
0.0,0.00370141951007441,0.014888687366581907,0.003395607894092199,-1.2321436812926323,0.8166666666666667,0.8059607702320571,1.0,6.123233995736766e-17,0.20129852008866006,0.9795299412524945,-0.9749279121818236,-0.2225209339563146
0.040440975373597886,0.04984519686095229,0.04984519686095229,0.02795690921912046,1.2729656758128876,0.8166666666666667,0.8060954261860945,1.0,6.123233995736766e-17,0.72479278722912,0.6889669190756866,0.7818314824680298,0.6234898018587336
0.01722882528622637,-0.022812380931202438,-0.022812380931202438,0.0,-3.2188758248682006,0.8166666666666667,0.806140311504107,1.0,6.123233995736766e-17,0.8486442574947509,0.5289640103269624,0.9749279121818236,-0.22252093395631434
0.0,0.0,0.0,0.0,-5.0106352940962555,0.8166666666666667,0.8061851968221195,1.0,6.123233995736766e-17,0.9377521321470804,0.3473052528448203,0.43388373911755823,-0.900968867902419
-0.07367008047889204,-0.05291917982209272,-0.05291917982209272,-0.07367008047889204,7.495541943884256,0.8166666666666667,0.806230082140132,1.0,6.123233995736766e-17,0.9884683243281114,0.1514277775045767,-0.433883739117558,-0.9009688679024191
-0.03813748556342436,-0.0028476271779893873,-0.0028476271779893873,-0.03813748556342436,-0.6931471805599453,0.8166666666666667,0.8062749674581445,1.0,6.123233995736766e-17,0.9987165071710528,-0.05064916883871264,-0.9749279121818236,-0.2225209339563146
0.050958069944600504,-0.00508268909763375,-0.00508268909763375,0.050958069944600504,0.28768207245178085,0.8166666666666667,0.8064096234121819,1.0,6.123233995736766e-17,0.7907757369376989,-0.6121059825476626,0.7818314824680298,0.6234898018587336
0.0,0.0,0.0,0.0,-2.0794415416798357,0.8166666666666667,0.8064545087301944,1.0,6.123233995736766e-17,0.6513724827222223,-0.758758122692791,0.9749279121818236,-0.22252093395631434
-0.032365254529866244,-0.032365254529866244,-0.032365254529866244,-0.032365254529866244,1.3862943611198906,0.8166666666666667,0.8064993940482069,1.0,6.123233995736766e-17,0.48530196253108104,-0.8743466161445821,0.43388373911755823,-0.900968867902419
-0.026330465345154323,0.07446030797777674,-0.02599272649387107,-0.013245214201674278,2.327277705584417,0.8166666666666667,0.8065442793662193,1.0,6.123233995736766e-17,0.29936312297335804,-0.9541392564000488,-0.433883739117558,-0.9009688679024191
0.03354128711887623,-0.0672494862040547,0.03320354826759291,0.02045603597539635,-1.2286654169163076,0.8166666666666667,0.8065891646842318,1.0,6.123233995736766e-17,0.10116832198743272,-0.994869323391895,-0.9749279121818236,-0.2225209339563146
-0.017128201525777625,0.021325459014521986,0.0006529073147486288,-0.01017571272367308,1.252762968495368,0.8166666666666667,0.8067238206382693,1.0,6.123233995736766e-17,-0.4853019625310808,-0.8743466161445822,0.7818314824680298,0.6234898018587336
0.013201404965569204,0.04683965942434374,-0.004251818721859058,0.0062489161634645225,-1.252762968495368,0.8166666666666667,0.8067687059562818,1.0,6.123233995736766e-17,-0.6513724827222217,-0.7587581226927913,0.9749279121818236,-0.22252093395631434
-0.02288273130274802,-0.00030508849876245334,-0.0225398782911002,0.04487937675515685,1.8055527913603908,0.8166666666666667,0.8068135912742942,1.0,6.123233995736766e-17,-0.7907757369376986,-0.6121059825476627,0.43388373911755823,-0.900968867902419
-0.00808356623066192,0.0,0.09399881963831389,-0.05642105568071257,-1.9878743481543455,0.8166666666666667,0.8068584765923067,1.0,6.123233995736766e-17,-0.8978045395707417,-0.44039415155763423,-0.433883739117558,-0.9009688679024191
0.019424618607854334,-0.08332850542586735,-0.08332850542586735,0.0,-2.3025850929940455,0.8166666666666667,0.8069033619103192,1.0,6.123233995736766e-17,-0.9680771188662041,-0.2506525322587213,-0.9749279121818236,-0.2225209339563146
0.012197248015757976,0.012197248015757976,0.012197248015757976,0.012197248015757976,0.0,0.8166666666666667,0.8070380178643566,1.0,6.123233995736766e-17,-0.9377521321470804,0.3473052528448203,0.7818314824680298,0.6234898018587336
0.0,0.0,0.0,0.0,0.0,0.8166666666666667,0.8070829031823691,1.0,6.123233995736766e-17,-0.8486442574947509,0.5289640103269624,0.9749279121818236,-0.22252093395631434
0.0,0.0,0.0,0.0,0.0,0.8166666666666667,0.8071277885003816,1.0,6.123233995736766e-17,-0.7247927872291207,0.6889669190756859,0.43388373911755823,-0.900968867902419
-0.01385697405577164,-0.006574639458539013,-0.01385697405577164,-0.006574639458539013,2.1972245773362196,0.8166666666666667,0.8071726738183941,1.0,6.123233995736766e-17,-0.5712682150947924,0.8207634412072763,-0.433883739117558,-0.9009688679024191
0.0029855452968579003,0.022179715303513106,0.029462049900745656,-0.004296789300374602,-0.587786664902119,0.8166666666666667,0.8072175591364066,1.0,6.123233995736766e-17,-0.3943558551133187,0.9189578116202306,-0.9749279121818236,-0.2225209339563146
-0.0029855452968578925,-0.01298727575368111,-0.02946204990074565,-0.0023213622764383136,0.8754687373538999,0.8166666666666667,0.807352215090444,0.8660254037844387,-0.4999999999999998,0.20129852008866006,0.9795299412524945,0.7818314824680298,0.6234898018587336
-0.05007012631482795,-0.010842852102526498,0.0006641830204195594,-0.0444668354707895,1.1526795099383853,0.8166666666666667,0.8073971004084565,0.8660254037844387,-0.4999999999999998,0.39435585511331855,0.9189578116202306,0.9749279121818236,-0.22252093395631434
-0.03157964878219743,-0.02136983708071897,-0.01944415560449487,0.006573200554425267,0.3136575588550416,0.8166666666666667,0.807441985726469,0.8660254037844387,-0.4999999999999998,0.5712682150947923,0.8207634412072763,0.43388373911755823,-0.900968867902419
0.009329137280046904,-0.05479862830798732,-0.05354066523290305,-0.033307091448223594,-1.466337068793427,0.8166666666666667,0.8074868710444814,0.8660254037844387,-0.4999999999999998,0.72479278722912,0.6889669190756866,-0.433883739117558,-0.9009688679024191
0.017699508979809285,0.023256789476569915,0.02504088394938015,0.015915414506999192,0.15415067982725836,0.8166666666666667,0.8075317563624939,0.8660254037844387,-0.4999999999999998,0.8486442574947509,0.5289640103269624,-0.9749279121818236,-0.2225209339563146
-0.024148877468793028,-0.023613435449444983,-0.030053471984707227,-0.016272060479874076,-0.07410797215372185,0.8166666666666667,0.8076664123165314,0.8660254037844387,-0.4999999999999998,0.9987165071710528,-0.05064916883871264,0.7818314824680298,0.6234898018587336
0.010014380109323288,0.0071074452661019786,0.013547481801364012,0.0021375631204043405,0.07410797215372183,0.8166666666666667,0.8077112976345437,0.8660254037844387,-0.4999999999999998,0.9680771188662043,-0.2506525322587204,0.9749279121818236,-0.22252093395631434
0.009915085849210973,0.004945203703513375,0.004945203703513375,0.009915085849210973,-0.3364722366212129,0.8166666666666667,0.8077561829525562,0.8660254037844387,-0.4999999999999998,0.8978045395707416,-0.4403941515576344,0.43388373911755823,-0.900968867902419
0.0,0.0,0.0,0.0,-2.3025850929940455,0.8166666666666667,0.8078010682705687,0.8660254037844387,-0.4999999999999998,0.7907757369376989,-0.6121059825476626,-0.433883739117558,-0.9009688679024191
-0.03149874044995498,-0.024252235028113175,-0.03149874044995498,-0.024252235028113175,1.6094379124341003,0.8166666666666667,0.8078459535885812,0.8660254037844387,-0.4999999999999998,0.6513724827222223,-0.758758122692791,-0.9749279121818236,-0.2225209339563146
0.01085005793833468,0.007194268600211749,0.01085005793833468,0.007194268600211749,0.47000362924573563,0.8166666666666667,0.8079806095426186,0.8660254037844387,-0.4999999999999998,0.10116832198743272,-0.994869323391895,0.7818314824680298,0.6234898018587336
0.007168585042069762,0.0035778689583507725,0.007168585042069762,0.0035778689583507725,-1.3862943611198906,0.8166666666666667,0.8080254948606311,0.8660254037844387,-0.4999999999999998,-0.10116832198743204,-0.9948693233918952,0.9749279121818236,-0.22252093395631434
0.0,0.0,0.0,0.0,-0.6931471805599453,0.8166666666666667,0.8080703801786436,0.8660254037844387,-0.4999999999999998,-0.29936312297335776,-0.9541392564000489,0.43388373911755823,-0.900968867902419
0.0,0.0,0.0,0.0,0.0,0.8166666666666667,0.8081152654966561,0.8660254037844387,-0.4999999999999998,-0.4853019625310808,-0.8743466161445822,-0.433883739117558,-0.9009688679024191
-0.010772137558562636,-0.0071685850420699,-0.0071685850420699,-0.010772137558562636,2.1972245773362196,0.8166666666666667,0.808294806768706,0.8660254037844387,-0.4999999999999998,-0.9680771188662041,-0.2506525322587213,0.7818314824680298,0.6234898018587336
0.009700110120935256,0.01570347880810685,0.00609655760444242,0.01930703132459962,-1.0986122886681098,0.8166666666666667,0.8083396920867185,0.8660254037844387,-0.4999999999999998,-0.9987165071710528,-0.05064916883871355,0.9749279121818236,-0.22252093395631434
0.009606921203664484,0.0,0.009606921203664484,0.0,-0.40546510810816444,0.8166666666666667,0.808384577404731,0.8660254037844387,-0.4999999999999998,-0.9884683243281114,0.15142777750457667,0.43388373911755823,-0.900968867902419
0.0,0.0,0.0,0.0,-0.6931471805599453,0.8166666666666667,0.8084294627227434,0.8660254037844387,-0.4999999999999998,-0.9377521321470804,0.3473052528448203,-0.433883739117558,-0.9009688679024191
0.0,0.0,0.0,0.0,0.0,0.8166666666666667,0.8084743480407559,0.8660254037844387,-0.4999999999999998,-0.8486442574947509,0.5289640103269624,-0.9749279121818236,-0.2225209339563146
-0.04490260605650355,-0.02618988880439911,-0.02618988880439911,-0.04490260605650355,2.4849066497880004,0.8166666666666667,0.8086090039947934,0.8660254037844387,-0.4999999999999998,-0.3943558551133187,0.9189578116202306,0.7818314824680298,0.6234898018587336
0.0,-0.01871271725210451,-0.01871271725210451,0.0,0.4054651081081644,0.8166666666666667,0.8086538893128058,0.8660254037844387,-0.4999999999999998,-0.20129852008866114,0.9795299412524943,0.9749279121818236,-0.22252093395631434
0.0,0.011049878106334366,0.0,0.011049878106334366,0.32850406697203605,0.8166666666666667,0.8086987746308183,0.5000000000000003,-0.8660254037844385,0.20129852008866006,0.9795299412524945,0.43388373911755823,-0.900968867902419
0.011049878106334366,0.0,0.011049878106334366,0.0,-3.2188758248682006,0.8166666666666667,0.8087436599488308,0.5000000000000003,-0.8660254037844385,0.39435585511331855,0.9189578116202306,-0.433883739117558,-0.9009688679024191
-0.015504224198239963,0.01634909608178023,-0.011049878106334215,0.01634909608178023,3.713572066704308,0.8166666666666667,0.8087885452668433,0.5000000000000003,-0.8660254037844385,0.5712682150947923,0.8207634412072763,-0.9749279121818236,-0.2225209339563146
-0.0138605629259687,-0.009777389496361694,0.0036969111486328606,-0.0457138832059888,-0.07598590697792199,0.8166666666666667,0.8089232012208807,0.5000000000000003,-0.8660254037844385,0.9377521321470804,0.3473052528448203,0.7818314824680298,0.6234898018587336
-0.009475115712432595,0.000727484618309347,-0.031486935878939665,0.03666397832793646,-0.08223809823697212,0.8166666666666667,0.8089680865388932,0.5000000000000003,-0.8660254037844385,0.9884683243281114,0.1514277775045767,0.9749279121818236,-0.22252093395631434
0.017365517388015887,0.01085005793833468,0.021473855864977614,0.01085005793833468,0.5389965007326869,0.8166666666666667,0.8090129718569057,0.5000000000000003,-0.8660254037844385,0.9987165071710528,-0.05064916883871264,0.43388373911755823,-0.900968867902419
0.03962363459068768,0.0,0.03551529611372609,0.0,-9.104979856318357,0.8166666666666667,0.8090578571749182,0.5000000000000003,-0.8660254037844385,0.9680771188662043,-0.2506525322587204,-0.433883739117558,-0.9009688679024191
0.0,0.0,0.0,0.0,5.0106352940962555,0.8166666666666667,0.8091027424929306,0.5000000000000003,-0.8660254037844385,0.8978045395707416,-0.4403941515576344,-0.9749279121818236,-0.2225209339563146
0.0,0.0,0.0,0.0,-5.0106352940962555,0.8166666666666667,0.8092373984469681,0.5000000000000003,-0.8660254037844385,0.48530196253108104,-0.8743466161445821,0.7818314824680298,0.6234898018587336
-0.01924877960888213,-0.01924877960888213,-0.01924877960888213,-0.01924877960888213,5.0106352940962555,0.8166666666666667,0.8092822837649806,0.5000000000000003,-0.8660254037844385,0.29936312297335804,-0.9541392564000488,0.9749279121818236,-0.22252093395631434
0.0029293291718512503,0.0029293291718512503,0.0029293291718512503,0.0029293291718512503,0.6931471805599453,0.8166666666666667,0.809327169082993,0.5000000000000003,-0.8660254037844385,0.10116832198743272,-0.994869323391895,0.43388373911755823,-0.900968867902419
0.0065597319979872224,0.0065597319979872224,0.0065597319979872224,0.0065597319979872224,0.9162907318741551,0.8166666666666667,0.8093720544010055,0.5000000000000003,-0.8660254037844385,-0.10116832198743204,-0.9948693233918952,-0.433883739117558,-0.9009688679024191
0.0,0.0,0.0,0.0,-6.620073206530356,0.8166666666666667,0.809416939719018,0.5000000000000003,-0.8660254037844385,-0.29936312297335776,-0.9541392564000489,-0.9749279121818236,-0.2225209339563146
-0.025755577674682565,-0.025755577674682565,-0.025755577674682565,-0.025755577674682565,5.0106352940962555,0.8166666666666667,0.8095515956730553,0.5000000000000003,-0.8660254037844385,-0.7907757369376986,-0.6121059825476627,0.7818314824680298,0.6234898018587336
0.0,0.0,0.0,0.0,0.0,0.8166666666666667,0.8095964809910678,0.5000000000000003,-0.8660254037844385,-0.8978045395707417,-0.44039415155763423,0.9749279121818236,-0.22252093395631434
0.0,0.0,0.0,0.0,-5.0106352940962555,0.8166666666666667,0.8096413663090803,0.5000000000000003,-0.8660254037844385,-0.9680771188662041,-0.2506525322587213,0.43388373911755823,-0.900968867902419
-0.0026124533258391545,0.018464265114614666,0.013328581147071857,0.011119398598062111,7.718685495198466,0.8166666666666667,0.8096862516270928,0.5000000000000003,-0.8660254037844385,-0.9987165071710528,-0.05064916883871355,-0.433883739117558,-0.9009688679024191
0.013731851923901377,-0.007344866516552524,-0.002209182549009697,0.0,-7.718685495198466,0.8166666666666667,0.8097311369451053,0.5000000000000003,-0.8660254037844385,-0.9884683243281114,0.15142777750457667,-0.9749279121818236,-0.2225209339563146
0.01099722033807075,0.016088083638501165,0.01099722033807075,0.016088083638501165,6.620073206530356,0.8166666666666667,0.8099106782171552,0.5000000000000003,-0.8660254037844385,-0.5712682150947924,0.8207634412072763,0.9749279121818236,-0.22252093395631434
-0.010260248619513024,-0.003997742916973484,-0.010260248619513024,-0.003997742916973484,0.7884573603642703,0.8166666666666667,0.8099555635351677,0.5000000000000003,-0.8660254037844385,-0.3943558551133187,0.9189578116202306,0.43388373911755823,-0.900968867902419
-0.002212440929913069,-0.013565809932882731,-0.002212440929913069,-0.013565809932882731,-1.7047480922384253,0.8166666666666667,0.8100004488531802,0.5000000000000003,-0.8660254037844385,-0.20129852008866114,0.9795299412524943,-0.433883739117558,-0.9009688679024191
-0.004068722017967747,0.004419892622724332,-0.004068722017967747,0.004419892622724332,0.9162907318741551,0.8166666666666667,0.8100453341711926,0.5000000000000003,-0.8660254037844385,-2.4492935982947064e-16,1.0,-0.9749279121818236,-0.2225209339563146
0.008488614640692109,0.0,0.008488614640692109,0.0,-1.6094379124341003,0.8166666666666667,0.8101799901252301,1.2246467991473532e-16,-1.0,0.5712682150947923,0.8207634412072763,0.7818314824680298,0.6234898018587336
0.0,0.0,0.0,0.0,0.6931471805599453,0.8166666666666667,0.8102248754432426,1.2246467991473532e-16,-1.0,0.72479278722912,0.6889669190756866,0.9749279121818236,-0.22252093395631434
0.021091723233294318,0.021091723233294318,0.021091723233294318,0.021091723233294318,0.0,0.8166666666666667,0.810269760761255,1.2246467991473532e-16,-1.0,0.8486442574947509,0.5289640103269624,0.43388373911755823,-0.900968867902419
0.0,0.0,0.0,0.0,-0.6931471805599453,0.8166666666666667,0.8103146460792675,1.2246467991473532e-16,-1.0,0.9377521321470804,0.3473052528448203,-0.433883739117558,-0.9009688679024191
0.0,0.0,0.0,0.0,0.0,0.8166666666666667,0.81035953139728,1.2246467991473532e-16,-1.0,0.9884683243281114,0.1514277775045767,-0.9749279121818236,-0.2225209339563146
-0.03329372246930192,0.0003597508710004249,-0.03329372246930192,-0.0068604903906715805,1.791759469228055,0.8166666666666667,0.8104941873513174,1.2246467991473532e-16,-1.0,0.8978045395707416,-0.4403941515576344,0.7818314824680298,0.6234898018587336
0.08705783560207894,0.27910223240612,0.2051250415540568,0.06215798932295073,1.8281271133989299,0.8166666666666667,0.8105390726693299,1.2246467991473532e-16,-1.0,0.7907757369376989,-0.6121059825476626,0.9749279121818236,-0.22252093395631434
-0.0041004632890772295,-0.12136082184576796,-0.013730157653402481,0.055141884363966005,-0.07410797215372185,0.8166666666666667,0.8105839579873424,1.2246467991473532e-16,-1.0,0.6513724827222223,-0.758758122692791,0.43388373911755823,-0.900968867902419
-0.1362498619049821,-0.050081384662848526,-0.050081384662848526,-0.19584909770631337,1.2472533126843983,0.8166666666666667,0.8106288433053549,1.2246467991473532e-16,-1.0,0.48530196253108104,-0.8743466161445821,-0.433883739117558,-0.9009688679024191
-0.0035377080414947435,-0.18232148286571365,-0.18232148286571365,-0.004714205692708651,-3.4067375620377707,0.8166666666666667,0.8106737286233674,1.2246467991473532e-16,-1.0,0.29936312297335804,-0.9541392564000488,-0.9749279121818236,-0.2225209339563146
-0.03608331186042164,-0.011696084120135277,-0.03189880059659179,0.004126129885432177,1.7346010553881064,0.8166666666666667,0.8108083845774048,1.2246467991473532e-16,-1.0,-0.29936312297335776,-0.9541392564000489,0.7818314824680298,0.6234898018587336
0.04020944174585364,0.0,0.020202716476456436,0.0,-1.916922612182061,0.8166666666666667,0.8108532698954173,1.2246467991473532e-16,-1.0,-0.4853019625310808,-0.8743466161445822,0.9749279121818236,-0.22252093395631434
-0.05191271903049596,0.06545719563702769,0.0,0.05549031852859368,1.791759469228055,0.8166666666666667,0.8108981552134298,1.2246467991473532e-16,-1.0,-0.6513724827222217,-0.7587581226927913,0.43388373911755823,-0.900968867902419
0.058946794708517276,0.04576843947319659,0.05715841383994862,0.05573531658163067,-0.6286086594223742,0.8166666666666667,0.8109430405314422,1.2246467991473532e-16,-1.0,-0.7907757369376986,-0.6121059825476627,-0.433883739117558,-0.9009688679024191
0.10419155943220325,0.0,0.05406722127027579,0.0,-2.772588722239781,0.8166666666666667,0.8109879258494547,1.2246467991473532e-16,-1.0,-0.8978045395707417,-0.44039415155763423,-0.9749279121818236,-0.2225209339563146
-0.07257068851712492,-0.050739460748898124,-0.05406722127027582,-0.05517897558257012,2.0794415416798357,0.8166666666666667,0.8111225818034922,1.2246467991473532e-16,-1.0,-0.9884683243281114,0.15142777750457667,0.7818314824680298,0.6234898018587336
-0.034545771720868174,-0.004439514833672001,-0.028742481952094057,-0.02079304641638296,1.0560526742493137,0.8166666666666667,0.8111674671215046,1.2246467991473532e-16,-1.0,-0.9377521321470804,0.3473052528448203,0.9749279121818236,-0.22252093395631434
-0.012378530153578449,-0.00390079603095349,-0.03668528716920153,0.016892250385429387,-1.749199854809259,0.8166666666666667,0.8112123524395171,1.2246467991473532e-16,-1.0,-0.8486442574947509,0.5289640103269624,0.43388373911755823,-0.900968867902419
-0.03377892776825488,0.0011160970845250802,-0.03377892776825488,-0.03465275014973096,0.9162907318741551,0.8166666666666667,0.8112572377575296,1.2246467991473532e-16,-1.0,-0.7247927872291207,0.6889669190756859,-0.433883739117558,-0.9009688679024191
0.07046421493745644,-0.02427442370797348,0.07103581992285424,0.010922818540884706,0.5306282510621704,0.8166666666666667,0.8113021230755421,1.2246467991473532e-16,-1.0,-0.5712682150947924,0.8207634412072763,-0.9749279121818236,-0.2225209339563146
-0.08904055370428934,0.03205220678613625,0.022040982474246563,-0.013237577027963986,1.9374712804094487,0.8166666666666667,0.8114367790295794,-0.4999999999999997,-0.8660254037844388,0.20129852008866006,0.9795299412524945,0.7818314824680298,0.6234898018587336
0.07811773516340463,-0.00945239618005332,-0.03295752506814608,0.01950722480241546,-1.1871656860095547,0.8166666666666667,0.811481664347592,-0.4999999999999997,-0.8660254037844388,0.39435585511331855,0.9189578116202306,0.9749279121818236,-0.22252093395631434
0.03966530049297874,0.009452396180053344,0.03908741956059597,0.022472834177642478,-0.750305594399894,0.8166666666666667,0.8115265496656044,-0.4999999999999997,-0.8660254037844388,0.5712682150947923,0.8207634412072763,0.43388373911755823,-0.900968867902419
0.0,0.035873404300260356,0.03975473411970013,0.0027738846146106682,0.6007738604289301,0.8166666666666667,0.8116163203016293,-0.4999999999999997,-0.8660254037844388,0.8486442574947509,0.5289640103269624,-0.9749279121818236,-0.2225209339563146
0.0,-0.028704856013365886,-0.03421453266840956,0.008275993491723654,-0.06669137449867228,0.8166666666666667,0.8117509762556668,-0.4999999999999997,-0.8660254037844388,0.9987165071710528,-0.05064916883871264,0.7818314824680298,0.6234898018587336
-0.028170876966696335,0.03562167356503696,0.021858772736823823,-0.011049878106334215,0.881199412062885,0.8166666666666667,0.8117958615736793,-0.4999999999999997,-0.8660254037844388,0.9680771188662043,-0.2506525322587204,0.9749279121818236,-0.22252093395631434
0.03315842691266574,0.015259386139028882,-0.005420088201389771,0.007747653144101836,-1.0296194171811581,0.8166666666666667,0.8118407468916918,-0.4999999999999997,-0.8660254037844388,0.8978045395707416,-0.4403941515576344,0.43388373911755823,-0.900968867902419
-0.02575735903493146,-0.045401677549870706,-0.005996131423946627,-0.028517462233063878,0.03922071315328133,0.8166666666666667,0.8118856322097042,-0.4999999999999997,-0.8660254037844388,0.7907757369376989,-0.6121059825476626,-0.433883739117558,-0.9009688679024191
-0.007401067877734315,-0.0038324545765817644,-0.04415363152947443,0.02076980908896197,-0.9555114450274363,0.8166666666666667,0.8119305175277167,-0.4999999999999997,-0.8660254037844388,0.6513724827222223,-0.758758122692791,-0.9749279121818236,-0.2225209339563146
0.01699753350680315,0.03556408562247638,0.01699753350680315,0.0,2.028148247292285,0.8166666666666667,0.8120651734817542,-0.4999999999999997,-0.8660254037844388,0.10116832198743272,-0.994869323391895,0.7818314824680298,0.6234898018587336
-0.023878342886333833,-0.04826089130642382,-0.007896227900768478,-0.02702864625985619,-0.17185025692665928,0.8166666666666667,0.8121100587997666,-0.4999999999999997,-0.8660254037844388,-0.10116832198743204,-0.9948693233918952,0.9749279121818236,-0.22252093395631434
0.012578852168584493,0.0016653174025607152,-0.002267518397879459,0.015293441504466179,-0.5753641449035618,0.8166666666666667,0.8121549441177791,-0.4999999999999997,-0.8660254037844388,-0.29936312297335776,-0.9541392564000489,0.43388373911755823,-0.900968867902419
-0.014306395338926447,-0.01565155937730053,0.007350847783801138,-0.013582646701234373,0.027398974188114347,0.8166666666666667,0.8121998294357916,-0.4999999999999997,-0.8660254037844388,-0.4853019625310808,-0.8743466161445822,-0.433883739117558,-0.9009688679024191
0.002877655917339949,-0.010192631091558602,-0.019915331624489198,-0.0022817470702873187,-1.0459685551826876,0.8166666666666667,0.8122447147538041,-0.4999999999999997,-0.8660254037844388,-0.6513724827222217,-0.7587581226927913,-0.9749279121818236,-0.2225209339563146
-0.023256840240719518,0.03412922070581317,0.026093425325636493,-0.024863975475687805,1.4954936530848826,0.8166666666666667,0.8123793707078415,-0.4999999999999997,-0.8660254037844388,-0.9680771188662041,-0.2506525322587213,0.7818314824680298,0.6234898018587336
0.014598799421152631,-0.03812122460621088,-0.029547629470413225,0.009903959583803634,-2.451005098112319,0.8166666666666667,0.812424256025854,-0.4999999999999997,-0.8660254037844388,-0.9987165071710528,-0.05064916883871355,0.9749279121818236,-0.22252093395631434
-0.002902715301017406,-0.008608352549872661,-0.008106551975807404,0.005780384902226943,0.1823215567939546,0.8166666666666667,0.8124691413438665,-0.4999999999999997,-0.8660254037844388,-0.9884683243281114,0.15142777750457667,0.43388373911755823,-0.900968867902419
0.008683100203244299,0.0,0.008683100203244299,0.0,-6.396929655216146,0.8166666666666667,0.812514026661879,-0.4999999999999997,-0.8660254037844388,-0.9377521321470804,0.3473052528448203,-0.433883739117558,-0.9009688679024191
0.022792987541829082,0.08026430087442114,0.022792987541829082,0.08026430087442114,8.039157390473237,0.8166666666666667,0.8125589119798914,-0.4999999999999997,-0.8660254037844388,-0.8486442574947509,0.5289640103269624,-0.9749279121818236,-0.2225209339563146
0.026683047658687214,-0.002663076837597081,0.05480823649499495,-0.030788265673904826,-1.6422277352570913,0.8166666666666667,0.8126935679339289,-0.4999999999999997,-0.8660254037844388,-0.3943558551133187,0.9189578116202306,0.7818314824680298,0.6234898018587336
-0.0027464580444328405,-0.004811565174493832,-0.030871646880740608,0.004924779007805388,1.466337068793427,0.8166666666666667,0.8127384532519414,-0.4999999999999997,-0.8660254037844388,-0.20129852008866114,0.9795299412524943,0.9749279121818236,-0.22252093395631434
-0.034129220705813125,0.015421784547165706,-0.02732256717418267,-0.04180045775805122,0.5031035776720804,0.8166666666666667,0.8127833385699538,-0.4999999999999997,-0.8660254037844388,-2.4492935982947064e-16,1.0,0.43388373911755823,-0.900968867902419
0.007371797853840226,-0.027281724698734557,0.0005651443222099141,0.040708133326827683,-0.26469255422708216,0.8166666666666667,0.8128282238879663,-0.8660254037844385,-0.5000000000000004,0.20129852008866006,0.9795299412524945,-0.433883739117558,-0.9009688679024191
0.019580959827068756,0.0005421647479100283,0.019580959827068756,0.008163393681573417,-1.0116009116784799,0.8166666666666667,0.8128731092059788,-0.8660254037844385,-0.5000000000000004,0.39435585511331855,0.9189578116202306,-0.9749279121818236,-0.2225209339563146
0.023543398932001077,0.029374567328173333,0.023543398932001077,0.012924238203715206,0.45953232937844013,0.8166666666666667,0.8130077651600162,-0.8660254037844385,-0.5000000000000004,0.8486442574947509,0.5289640103269624,0.7818314824680298,0.6234898018587336
-0.03077162963851731,-0.03972609146501593,-0.011976153741351813,-0.025468795896532413,-0.8649974374866046,0.8166666666666667,0.8130526504780287,-0.8660254037844385,-0.5000000000000004,0.9377521321470804,0.3473052528448203,0.9749279121818236,-0.22252093395631434
0.028604835286098185,0.009809359388932595,0.009809359388932595,0.012002392944907209,-1.3862943611198906,0.8166666666666667,0.8130975357960412,-0.8660254037844385,-0.5000000000000004,0.9884683243281114,0.1514277775045767,0.43388373911755823,-0.900968867902419
-0.04095756440665079,0.0032484849939219893,0.0032484849939219893,-0.04095756440665079,1.791759469228055,0.8166666666666667,0.8131424211140537,-0.8660254037844385,-0.5000000000000004,0.9987165071710528,-0.05064916883871264,-0.433883739117558,-0.9009688679024191
0.0,0.0,0.0,0.0,-2.4849066497880004,0.8166666666666667,0.8131873064320662,-0.8660254037844385,-0.5000000000000004,0.9680771188662043,-0.2506525322587204,-0.9749279121818236,-0.2225209339563146
0.008438846912794465,-0.01910019239103533,-0.03464735594968679,0.025105857009537387,3.1354942159291497,0.8166666666666667,0.8133219623861035,-0.8660254037844385,-0.5000000000000004,0.6513724827222223,-0.758758122692791,0.7818314824680298,0.6234898018587336
-0.040588652036643934,-0.022285023771818995,-0.04170849857473532,-0.022285023771818995,-1.1895840668738362,0.8166666666666667,0.813366847704116,-0.8660254037844385,-0.5000000000000004,0.48530196253108104,-0.8743466161445821,0.9749279121818236,-0.22252093395631434
0.02363902887968341,0.01287448766244545,0.02705207960763049,0.011204641516452904,1.8827312474337816,0.8166666666666667,0.8134117330221285,-0.8660254037844385,-0.5000000000000004,0.29936312297335804,-0.9541392564000488,0.43388373911755823,-0.900968867902419
-0.03125248657604783,0.004439514833671945,-0.014298212776783753,-0.053788737574385105,0.6372667221654887,0.8166666666666667,0.813456618340141,-0.8660254037844385,-0.5000000000000004,0.10116832198743272,-0.994869323391895,-0.433883739117558,-0.9009688679024191
0.0,-0.05989809855404973,-0.020367324527211066,0.0,-9.071078304642676,0.8166666666666667,0.8135015036581534,-0.8660254037844385,-0.5000000000000004,-0.10116832198743204,-0.9948693233918952,-0.9749279121818236,-0.2225209339563146
-0.03591052405996301,0.03523324827413106,-0.0005880758072765053,-0.03226091736462501,7.9724660159745655,0.8166666666666667,0.8136361596121909,-0.8660254037844385,-0.5000000000000004,-0.6513724827222217,-0.7587581226927913,0.7818314824680298,0.6234898018587336
0.0036496066953380585,-0.06749416563875604,-0.03167284155734851,0.0,-7.9724660159745655,0.8166666666666667,0.8136810449302034,-0.8660254037844385,-0.5000000000000004,-0.7907757369376986,-0.6121059825476627,0.9749279121818236,-0.22252093395631434
-0.008536600188505153,0.007259610901067888,-0.008536600188505153,0.006053310522236195,5.991464547107982,0.8166666666666667,0.8137259302482158,-0.8660254037844385,-0.5000000000000004,-0.8978045395707417,-0.44039415155763423,0.43388373911755823,-0.900968867902419
-0.019165932095638265,0.0036100801154225312,-0.011703277284642285,0.004816380494254149,2.545531271604435,0.8166666666666667,0.8137708155662283,-0.8660254037844385,-0.5000000000000004,-0.9680771188662041,-0.2506525322587213,-0.433883739117558,-0.9009688679024191
0.011790309053689076,0.07740584172435795,0.04601297433113421,0.03887414482021087,-1.2237754316221157,0.8166666666666667,0.8138157008842408,-0.8660254037844385,-0.5000000000000004,-0.9987165071710528,-0.05064916883871355,-0.9749279121818236,-0.2225209339563146
0.03037900854969884,-0.024192477446049736,-0.004744962955678033,0.0034602902325501506,0.8183103235139513,0.8166666666666667,0.8139503568382782,-0.8660254037844385,-0.5000000000000004,-0.8486442574947509,0.5289640103269624,0.7818314824680298,0.6234898018587336
0.015439750965705806,-0.008004581989634125,0.01358152258116651,0.0023001164475968715,0.6007738604289301,0.8166666666666667,0.8139952421562907,-0.8660254037844385,-0.5000000000000004,-0.7247927872291207,0.6889669190756859,0.9749279121818236,-0.22252093395631434
0.020414846730622254,0.06015175628024692,0.06746681311549611,0.006298366620592779,-1.0826119473216687,0.8166666666666667,0.8140401274743032,-0.8660254037844385,-0.5000000000000004,-0.5712682150947924,0.8207634412072763,0.43388373911755823,-0.900968867902419
0.010910273854812847,-0.05499857271502615,-0.0408448127285859,-0.0005709522670555036,-2.3513752571634776,0.8166666666666667,0.8140850127923157,-0.8660254037844385,-0.5000000000000004,-0.3943558551133187,0.9189578116202306,-0.433883739117558,-0.9009688679024191
-0.026622000386910198,0.013613356552171734,-0.023109035792938708,0.013613356552171734,2.4423470353692043,0.8166666666666667,0.8141298981103282,-0.8660254037844385,-0.5000000000000004,-0.20129852008866114,0.9795299412524943,-0.9749279121818236,-0.2225209339563146
-0.06356143674256154,-0.04317217186520878,-0.034486170204029255,-0.05679391278972615,1.1549652252192415,0.8166666666666667,0.8143094393823781,-1.0,-1.8369701987210297e-16,0.5712682150947923,0.8207634412072763,0.9749279121818236,-0.22252093395631434
0.046406386470589776,-0.014218235345845086,0.01381815533808599,-0.0005964944213276274,-3.1918471524802814,0.8166666666666667,0.8143543247003906,-1.0,-1.8369701987210297e-16,0.72479278722912,0.6889669190756866,0.43388373911755823,-0.900968867902419
-0.030902199934624494,0.008318490646483268,-0.024767188035627156,0.008318490646483268,0.28768207245178085,0.8166666666666667,0.814399210018403,-1.0,-1.8369701987210297e-16,0.8486442574947509,0.5289640103269624,-0.433883739117558,-0.9009688679024191
0.018293146948263766,0.0405853243616678,0.04718695688511318,0.005899744699361756,2.6741486494265287,0.8166666666666667,0.8144440953364155,-1.0,-1.8369701987210297e-16,0.9377521321470804,0.3473052528448203,-0.9749279121818236,-0.2225209339563146
0.026827288332205847,-0.034685579662306086,-0.008201533503640928,0.0,-2.9618307218783095,0.8166666666666667,0.814578751290453,-1.0,-1.8369701987210297e-16,0.9680771188662043,-0.2506525322587204,0.7818314824680298,0.6234898018587336
0.008784807312599825,0.03184056238332418,0.026126348313677664,0.008784807312599825,0.5108256237659907,0.8166666666666667,0.8146236366084654,-1.0,-1.8369701987210297e-16,0.8978045395707416,-0.4403941515576344,0.9749279121818236,-0.22252093395631434
-0.007021616374460109,-0.022472821271792395,-0.022603181611028218,0.0005829337989321132,0.0,0.8166666666666667,0.8146685219264779,-1.0,-1.8369701987210297e-16,0.7907757369376989,-0.6121059825476626,0.43388373911755823,-0.900968867902419
0.0076045501733922344,0.0,0.005844574408882296,0.0,-6.214608098422191,0.8166666666666667,0.8147134072444904,-1.0,-1.8369701987210297e-16,0.6513724827222223,-0.758758122692791,-0.433883739117558,-0.9009688679024191
-0.009367741111531847,-0.0035025993509628615,-0.008779665304255387,-0.006430926185405141,6.907755278982137,0.8166666666666667,0.8147582925625029,-1.0,-1.8369701987210297e-16,0.48530196253108104,-0.8743466161445821,-0.9749279121818236,-0.2225209339563146
-0.15493527246784836,0.03730703010463965,0.04258409605793221,-0.15787208739397504,2.163323025660538,0.8166666666666667,0.8148929485165403,-1.0,-1.8369701987210297e-16,-0.10116832198743204,-0.9948693233918952,0.7818314824680298,0.6234898018587336
-0.058694885148887106,-0.1783856249845194,-0.19673479457369364,-0.03779315733116301,-2.068012845856213,0.8166666666666667,0.8149378338345528,-1.0,-1.8369701987210297e-16,-0.29936312297335776,-0.9541392564000489,0.9749279121818236,-0.22252093395631434
-0.010248947048474568,0.10050021773378033,-0.005502071921202488,-0.031150674866198717,1.9061698204057993,0.8166666666666667,0.8149827191525653,-1.0,-1.8369701987210297e-16,-0.4853019625310808,-0.8743466161445822,0.43388373911755823,-0.900968867902419
-0.08280589661627624,-0.19359068622404307,-0.14762030665179895,-0.00442481694436332,-1.126011262856224,0.8166666666666667,0.8150276044705778,-1.0,-1.8369701987210297e-16,-0.6513724827222217,-0.7587581226927913,-0.433883739117558,-0.9009688679024191
0.07542031047815659,0.08701141223258319,0.0769018261390383,0.08701141223258319,1.5493339883643948,0.8166666666666667,0.8150724897885903,-1.0,-1.8369701987210297e-16,-0.7907757369376986,-0.6121059825476627,-0.9749279121818236,-0.2225209339563146
0.011790840431581835,0.015462462166312158,0.07278529029066637,0.015462462166312158,0.06840272688440062,0.8166666666666667,0.8152071457426276,-1.0,-1.8369701987210297e-16,-0.9987165071710528,-0.05064916883871355,0.7818314824680298,0.6234898018587336
0.09364380316106971,0.0,0.031167837641103462,0.0,-4.795790545596741,0.8166666666666667,0.8152520310606401,-1.0,-1.8369701987210297e-16,-0.9884683243281114,0.15142777750457667,0.9749279121818236,-0.22252093395631434
0.0,0.0,0.0,0.0,0.0,0.8166666666666667,0.8152969163786526,-1.0,-1.8369701987210297e-16,-0.9377521321470804,0.3473052528448203,0.43388373911755823,-0.900968867902419
-0.02294298742135101,0.01193650154416774,0.01193650154416774,-0.016140214059709012,2.9444389791664403,0.8166666666666667,0.815341801696665,-1.0,-1.8369701987210297e-16,-0.8486442574947509,0.5289640103269624,-0.433883739117558,-0.9009688679024191
0.005445889973388243,-0.029433598992130623,-0.029433598992130623,-0.001356883388253912,-1.3350010667323402,0.8166666666666667,0.8153866870146775,-1.0,-1.8369701987210297e-16,-0.7247927872291207,0.6889669190756859,-0.9749279121818236,-0.2225209339563146
0.010131837698292758,0.2639818859688631,0.07454432792959467,0.24290631094513487,4.039536325727106,0.8166666666666667,0.815521342968715,-1.0,-1.8369701987210297e-16,-0.20129852008866114,0.9795299412524943,0.7818314824680298,0.6234898018587336
0.2729572103104703,0.2191731680141854,0.23429722858360755,0.09201301810776481,-0.8449531934279495,0.8166666666666667,0.8155662282867274,-0.866025403784439,0.49999999999999933,0.20129852008866006,0.9795299412524945,0.9749279121818236,-0.22252093395631434
-0.0020480810398044364,-0.1409770616150107,-0.001995959158384717,-0.04317221409573785,-1.33828514193353,0.8166666666666667,0.8156111136047399,-0.866025403784439,0.49999999999999933,0.39435585511331855,0.9189578116202306,0.43388373911755823,-0.900968867902419
-0.00513877704691776,-0.029852993804594084,0.005479401208626176,-0.015844925035120996,-1.1631508098056809,0.8166666666666667,0.8156559989227524,-0.866025403784439,0.49999999999999933,0.5712682150947923,0.8207634412072763,-0.433883739117558,-0.9009688679024191
0.0025726403916160106,0.01821368818334384,0.01821368818334384,0.0046260762500852665,0.7419373447293773,0.8166666666666667,0.8157008842407649,-0.866025403784439,0.49999999999999933,0.72479278722912,0.6889669190756866,-0.9749279121818236,-0.2225209339563146
0.006658210034288109,-0.02469261259037152,-0.045405646398842696,0.025317807984289786,-0.9650808960435872,0.8166666666666667,0.8158355401948023,-0.866025403784439,0.49999999999999933,0.9884683243281114,0.1514277775045767,0.7818314824680298,0.6234898018587336
0.020713033808471205,0.0,0.020713033808471205,0.0,-2.0794415416798357,0.8166666666666667,0.8158804255128148,-0.866025403784439,0.49999999999999933,0.9987165071710528,-0.05064916883871264,0.9749279121818236,-0.22252093395631434
-0.041864188187552887,-0.01612936642298425,-0.01969260222123053,-0.041864188187552887,3.5553480614894135,0.8166666666666667,0.8159253108308273,-0.866025403784439,0.49999999999999933,0.9680771188662043,-0.2506525322587204,0.43388373911755823,-0.900968867902419
0.0,-0.02521356928140287,-0.02165033348315655,0.0,-1.7635885922613588,0.8166666666666667,0.8159701961488398,-0.866025403784439,0.49999999999999933,0.8978045395707416,-0.4403941515576344,-0.433883739117558,-0.9009688679024191
0.02573482176456864,0.025213569281402958,0.025213569281402958,0.02573482176456864,-1.791759469228055,0.8166666666666667,0.8160150814668522,-0.866025403784439,0.49999999999999933,0.7907757369376989,-0.6121059825476626,-0.9749279121818236,-0.2225209339563146
0.0,0.0,0.0,0.0,0.6931471805599453,0.8166666666666667,0.8161497374208897,-0.866025403784439,0.49999999999999933,0.29936312297335804,-0.9541392564000488,0.7818314824680298,0.6234898018587336
-0.02365153931443365,-0.02365153931443365,-0.02365153931443365,-0.02365153931443365,0.6931471805599453,0.8166666666666667,0.8161946227389022,-0.866025403784439,0.49999999999999933,0.10116832198743272,-0.994869323391895,0.9749279121818236,-0.22252093395631434
0.0,0.0,0.0,0.0,0.0,0.8166666666666667,0.8162395080569146,-0.866025403784439,0.49999999999999933,-0.10116832198743204,-0.9948693233918952,0.43388373911755823,-0.900968867902419
0.001040065524841975,0.023651539314433666,0.001040065524841975,0.023651539314433666,-0.2876820724517809,0.8166666666666667,0.8162843933749271,-0.866025403784439,0.49999999999999933,-0.29936312297335776,-0.9541392564000489,-0.433883739117558,-0.9009688679024191
0.022611473789591625,0.0,0.022611473789591625,0.0,-1.0986122886681098,0.8166666666666667,0.8163292786929396,-0.866025403784439,0.49999999999999933,-0.4853019625310808,-0.8743466161445822,-0.9749279121818236,-0.2225209339563146
0.0,0.0,0.0,0.0,0.0,0.8166666666666667,0.816463934646977,-0.866025403784439,0.49999999999999933,-0.8978045395707417,-0.44039415155763423,0.7818314824680298,0.6234898018587336
0.0,0.0,0.0,0.0,0.0,0.8166666666666667,0.8165088199649895,-0.866025403784439,0.49999999999999933,-0.9680771188662041,-0.2506525322587213,0.9749279121818236,-0.22252093395631434
0.0,0.0,0.0,0.0,0.0,0.8166666666666667,0.816553705283002,-0.866025403784439,0.49999999999999933,-0.9987165071710528,-0.05064916883871355,0.43388373911755823,-0.900968867902419
0.0,0.0,0.0,0.0,0.0,0.8166666666666667,0.8165985906010145,-0.866025403784439,0.49999999999999933,-0.9884683243281114,0.15142777750457667,-0.433883739117558,-0.9009688679024191
0.0,0.0,0.0,0.0,0.0,0.8166666666666667,0.816643475919027,-0.866025403784439,0.49999999999999933,-0.9377521321470804,0.3473052528448203,-0.9749279121818236,-0.2225209339563146
0.0,0.0,0.0,0.0,0.0,0.8166666666666667,0.8167781318730644,-0.866025403784439,0.49999999999999933,-0.5712682150947924,0.8207634412072763,0.7818314824680298,0.6234898018587336
0.0,0.0,0.0,0.0,0.0,0.8166666666666667,0.8168230171910769,-0.866025403784439,0.49999999999999933,-0.3943558551133187,0.9189578116202306,0.9749279121818236,-0.22252093395631434
-0.13121120821490007,-0.13121120821490007,-0.13121120821490007,-0.13121120821490007,0.6931471805599453,0.8166666666666667,0.8168679025090894,-0.866025403784439,0.49999999999999933,-0.20129852008866114,0.9795299412524943,0.43388373911755823,-0.900968867902419
0.0806663924373761,0.0806663924373761,0.0806663924373761,0.0806663924373761,-0.6931471805599453,0.8166666666666667,0.8169127878271019,-0.866025403784439,0.49999999999999933,-2.4492935982947064e-16,1.0,-0.433883739117558,-0.9009688679024191
0.0,0.0,0.0,0.0,2.302585092994046,0.8166666666666667,0.8169576731451142,-0.5000000000000012,0.8660254037844379,0.20129852008866006,0.9795299412524945,-0.9749279121818236,-0.2225209339563146
0.0,0.0,0.0,0.0,-2.3025850929940455,0.8166666666666667,0.8170923290991517,-0.5000000000000012,0.8660254037844379,0.72479278722912,0.6889669190756866,0.7818314824680298,0.6234898018587336
0.0,0.0,0.0,0.0,0.0,0.8166666666666667,0.8171372144171642,-0.5000000000000012,0.8660254037844379,0.8486442574947509,0.5289640103269624,0.9749279121818236,-0.22252093395631434
-0.1035211450485176,-0.1035211450485176,-0.1035211450485176,-0.1035211450485176,0.6931471805599453,0.8166666666666667,0.8171820997351766,-0.5000000000000012,0.8660254037844379,0.9377521321470804,0.3473052528448203,0.43388373911755823,-0.900968867902419
0.0,0.0,0.0,0.0,-0.6931471805599453,0.8166666666666667,0.8172269850531891,-0.5000000000000012,0.8660254037844379,0.9884683243281114,0.1514277775045767,-0.433883739117558,-0.9009688679024191
0.0,0.0,0.0,0.0,0.0,0.8166666666666667,0.8172718703712016,-0.5000000000000012,0.8660254037844379,0.9987165071710528,-0.05064916883871264,-0.9749279121818236,-0.2225209339563146
0.0,0.0,0.0,0.0,-4.605170185988091,0.8166666666666667,0.817406526325239,-0.5000000000000012,0.8660254037844379,0.7907757369376989,-0.6121059825476626,0.7818314824680298,0.6234898018587336
0.0,0.0,0.0,0.0,5.298317366548036,0.8166666666666667,0.8174514116432515,-0.5000000000000012,0.8660254037844379,0.6513724827222223,-0.758758122692791,0.9749279121818236,-0.22252093395631434
0.005320630077225324,0.17019532724902592,0.06483481159119964,0.007676397751250929,4.110873864173311,0.8166666666666667,0.817496296961264,-0.5000000000000012,0.8660254037844379,0.48530196253108104,-0.8743466161445821,0.43388373911755823,-0.900968867902419
0.044964387597222814,0.0,0.03708169124156509,0.04260861992319723,-3.012261575505202,0.8166666666666667,0.8175411822792765,-0.5000000000000012,0.8660254037844379,0.29936312297335804,-0.9541392564000488,-0.433883739117558,-0.9009688679024191
0.06809054879202513,0.0,0.016459063633708883,0.11740721759903759,2.6026896854443837,0.8166666666666667,0.817586067597289,-0.5000000000000012,0.8660254037844379,0.10116832198743272,-0.994869323391895,-0.9749279121818236,-0.2225209339563146
0.039747191131372116,-0.012072569651180464,0.039747191131372116,-0.009569477675640307,-3.295836866004329,0.8166666666666667,0.8177207235513264,-0.5000000000000012,0.8660254037844379,-0.4853019625310808,-0.8743466161445822,0.7818314824680298,0.6234898018587336
-0.05406726953314663,0.07786033876369455,-0.05406726953314663,0.07786033876369455,5.90989289341417,0.8166666666666667,0.8177656088693389,-0.5000000000000012,0.8660254037844379,-0.6513724827222217,-0.7587581226927913,0.9749279121818236,-0.22252093395631434
0.1384605007639532,0.02952241069181086,0.161450018988652,0.006532892467112083,-3.8304513517343346,0.8166666666666667,0.8178104941873514,-0.5000000000000012,0.8660254037844379,-0.7907757369376986,-0.6121059825476627,0.43388373911755823,-0.900968867902419
0.020714239145624366,0.10763066419236536,-0.0022752790790744855,0.13062018241706422,-0.3448404862917295,0.8166666666666667,0.8178553795053638,-0.5000000000000012,0.8660254037844379,-0.8978045395707417,-0.44039415155763423,-0.433883739117558,-0.9009688679024191
0.0027297316581219163,-0.022704761838247992,0.0027297316581219163,-0.10400089959712842,1.3564413979702095,0.8166666666666667,0.8179002648233763,-0.5000000000000012,0.8660254037844379,-0.9680771188662041,-0.2506525322587213,-0.9749279121818236,-0.2225209339563146
0.03701648553117695,-0.04657967064622564,0.03701648553117695,0.03471646711265484,-2.803360380906535,0.8166666666666667,0.8180349207774138,-0.5000000000000012,0.8660254037844379,-0.9377521321470804,0.3473052528448203,0.7818314824680298,0.6234898018587336
-0.03701648553117697,-0.0351694786251921,-0.03701648553117697,-0.0351694786251921,-0.6931471805599453,0.8166666666666667,0.8180798060954262,-0.5000000000000012,0.8660254037844379,-0.8486442574947509,0.5289640103269624,0.9749279121818236,-0.22252093395631434
-0.00045445257904737975,0.0,-0.00045445257904737975,0.0,0.9162907318741551,0.8166666666666667,0.8181246914134387,-0.5000000000000012,0.8660254037844379,-0.7247927872291207,0.6889669190756859,0.43388373911755823,-0.900968867902419
0.0031767530826995643,0.0,0.0031767530826995643,0.0,-6.214608098422191,0.8166666666666667,0.8182144620494637,-0.5000000000000012,0.8660254037844379,-0.3943558551133187,0.9189578116202306,-0.9749279121818236,-0.2225209339563146
-0.0031767530826996653,0.007673252649916594,0.007673252649916594,-0.0031767530826996653,7.3777589082278725,0.8166666666666667,0.8183491180035011,-2.4492935982947064e-16,1.0,0.39435585511331855,0.9189578116202306,0.7818314824680298,0.6234898018587336
0.04401687546106161,0.03316686972844528,0.03316686972844528,0.04401687546106161,-1.6739764335716716,0.8166666666666667,0.8183940033215136,-2.4492935982947064e-16,1.0,0.5712682150947923,0.8207634412072763,0.9749279121818236,-0.22252093395631434
-0.02154401960900298,-0.02154401960900298,-0.02154401960900298,-0.02154401960900298,0.0,0.8166666666666667,0.8184388886395261,-2.4492935982947064e-16,1.0,0.72479278722912,0.6889669190756866,0.43388373911755823,-0.900968867902419
-0.0008893045480370478,0.021544019609002946,0.0,0.021544019609002946,1.791759469228055,0.8166666666666667,0.8184837739575386,-2.4492935982947064e-16,1.0,0.8486442574947509,0.5289640103269624,-0.433883739117558,-0.9009688679024191
-0.021583551304021554,-0.02154401960900298,0.0,-0.044016875461061505,-0.587786664902119,0.8166666666666667,0.8185286592755511,-2.4492935982947064e-16,1.0,0.9377521321470804,0.3473052528448203,-0.9749279121818236,-0.2225209339563146
-0.029054344755692837,-0.02247285585205863,-0.02247285585205863,-0.029054344755692837,0.47000362924573563,0.8166666666666667,0.8186633152295885,-2.4492935982947064e-16,1.0,0.9680771188662043,-0.2506525322587204,0.7818314824680298,0.6234898018587336
0.0,-0.00913251856049572,-0.029054344755692837,0.01992182619519698,-0.9808292530117262,0.8166666666666667,0.818708200547601,-2.4492935982947064e-16,1.0,0.8978045395707416,-0.4403941515576344,0.9749279121818236,-0.22252093395631434
0.021755049260706167,0.009132518560495809,0.021755049260706167,0.009132518560495809,0.9808292530117262,0.8166666666666667,0.8187530858656135,-2.4492935982947064e-16,1.0,0.7907757369376989,-0.6121059825476626,0.43388373911755823,-0.900968867902419
-0.01755246332281616,-0.02485175881780279,-0.01755246332281616,-0.02485175881780279,-1.6739764335716716,0.8166666666666667,0.8187979711836259,-2.4492935982947064e-16,1.0,0.6513724827222223,-0.758758122692791,-0.433883739117558,-0.9009688679024191
-0.0037348281968139084,0.02029592486323298,-0.0037348281968139084,0.02029592486323298,0.0,0.8166666666666667,0.8188428565016383,-2.4492935982947064e-16,1.0,0.48530196253108104,-0.8743466161445821,-0.9749279121818236,-0.2225209339563146
-0.0009358236771941729,-0.016110838257212733,0.007919914802834169,-0.024966576737240953,1.9459101490553132,0.8166666666666667,0.8189775124556758,-2.4492935982947064e-16,1.0,-0.10116832198743204,-0.9948693233918952,0.7818314824680298,0.6234898018587336
0.0,-0.007919914802834058,-0.007919914802834058,0.0,-0.3364722366212129,0.8166666666666667,0.8190223977736882,-2.4492935982947064e-16,1.0,-0.29936312297335776,-0.9541392564000489,0.9749279121818236,-0.22252093395631434
-0.016997604943082077,-0.01793342862027619,-0.01793342862027619,-0.016997604943082077,-2.0149030205422647,0.8166666666666667,0.8190672830917007,-2.4492935982947064e-16,1.0,-0.4853019625310808,-0.8743466161445822,0.43388373911755823,-0.900968867902419
0.0,0.005224453049717299,0.0,0.0033277756087741832,1.8718021769015913,0.8166666666666667,0.8191121684097132,-2.4492935982947064e-16,1.0,-0.6513724827222217,-0.7587581226927913,-0.433883739117558,-0.9009688679024191
0.0,0.006610004597285438,0.0,0.008506682038228621,0.14310084364067324,0.8166666666666667,0.8191570537277257,-2.4492935982947064e-16,1.0,-0.7907757369376986,-0.6121059825476627,-0.9749279121818236,-0.2225209339563146
-0.01197619104671565,0.011696039763191236,-0.01197619104671565,0.011696039763191236,0.9028677115420144,0.8166666666666667,0.8192917096817631,-2.4492935982947064e-16,1.0,-0.9987165071710528,-0.05064916883871355,0.7818314824680298,0.6234898018587336
0.03550668845690982,0.0,0.03550668845690982,0.0,-8.216088098632316,0.8166666666666667,0.8193365949997756,-2.4492935982947064e-16,1.0,-0.9884683243281114,0.15142777750457667,0.9749279121818236,-0.22252093395631434
-0.06039210202274347,0.0004650187867392311,-0.06039210202274347,0.0004650187867392311,6.551080335043404,0.8166666666666667,0.8194263656358006,-2.4492935982947064e-16,1.0,-0.8486442574947509,0.5289640103269624,-0.433883739117558,-0.9009688679024191
-0.011928559556882604,0.011095803614336824,0.0719529244238195,-0.07278568036636526,0.4519851237430572,0.8166666666666667,0.819471250953813,-2.4492935982947064e-16,1.0,-0.7247927872291207,0.6889669190756859,-0.9749279121818236,-0.2225209339563146
0.0368139731227164,-0.047067510857985856,-0.047067510857985856,0.0368139731227164,-1.7047480922384253,0.8166666666666667,0.8196059069078505,-2.4492935982947064e-16,1.0,-0.20129852008866114,0.9795299412524943,0.7818314824680298,0.6234898018587336
-0.029341977215515628,0.05348363697539768,0.023810648693718607,-0.029341977215515628,2.2512917986064953,0.8166666666666667,0.819650792225863,-2.4492935982947064e-16,1.0,-2.4492935982947064e-16,1.0,0.9749279121818236,-0.22252093395631434
0.0,-0.08282561419091329,-0.053152625909234044,0.0,-7.549609165154532,0.8333333333333334,0.8197405628618879,0.49999999999999994,0.8660254037844387,0.39435585511331855,0.9189578116202306,-0.433883739117558,-0.9009688679024191
0.0,0.0,0.0,0.0,0.0,0.8333333333333334,0.8197854481799004,0.49999999999999994,0.8660254037844387,0.5712682150947923,0.8207634412072763,-0.9749279121818236,-0.2225209339563146
0.013310547011564056,0.013310547011564056,0.013310547011564056,0.013310547011564056,5.991464547107982,0.8333333333333334,0.8199201041339378,0.49999999999999994,0.8660254037844387,0.9377521321470804,0.3473052528448203,0.7818314824680298,0.6234898018587336
0.0,0.0,0.0,0.0,-5.991464547107982,0.8333333333333334,0.8199649894519503,0.49999999999999994,0.8660254037844387,0.9884683243281114,0.1514277775045767,0.9749279121818236,-0.22252093395631434
0.011200484461175572,0.05941400259622924,0.05941400259622924,0.038429284354668615,7.649692623711514,0.8333333333333334,0.8200098747699628,0.49999999999999994,0.8660254037844387,0.9987165071710528,-0.05064916883871264,0.43388373911755823,-0.900968867902419
0.027228799893492896,-0.02098471824156073,-0.02098471824156073,0.0,-7.649692623711514,0.8333333333333334,0.8200547600879753,0.49999999999999994,0.8660254037844387,0.9680771188662043,-0.2506525322587204,-0.433883739117558,-0.9009688679024191
-0.024810363699123227,-0.006145099101658628,-0.010421663104001258,-0.006145099101658628,9.417354541360508,0.8333333333333334,0.8200996454059878,0.49999999999999994,0.8660254037844387,0.8978045395707416,-0.4403941515576344,-0.9749279121818236,-0.2225209339563146
0.0186652645974646,0.0,0.004276564002342822,0.0,-3.4258899942525267,0.8333333333333334,0.8202343013600252,0.49999999999999994,0.8660254037844387,0.48530196253108104,-0.8743466161445821,0.7818314824680298,0.6234898018587336
0.0,0.0,0.0,0.0,-5.991464547107982,0.8333333333333334,0.8202791866780377,0.49999999999999994,0.8660254037844387,0.29936312297335804,-0.9541392564000488,0.9749279121818236,-0.22252093395631434
0.0,0.0,0.0,0.0,0.0,0.8333333333333334,0.8203240719960502,0.49999999999999994,0.8660254037844387,0.10116832198743272,-0.994869323391895,0.43388373911755823,-0.900968867902419
0.0,0.0,0.0,0.0,0.0,0.8333333333333334,0.8203689573140627,0.49999999999999994,0.8660254037844387,-0.10116832198743204,-0.9948693233918952,-0.433883739117558,-0.9009688679024191
-0.0656455103786349,0.0009478890473747189,-0.041138168614892064,0.0009478890473747189,7.3777589082278725,0.8333333333333334,0.8204138426320751,0.49999999999999994,0.8660254037844387,-0.29936312297335776,-0.9541392564000489,-0.9749279121818236,-0.2225209339563146
0.0005062125556797136,-0.06053579197321057,-0.018449734310943752,-0.06608718687032976,-0.8266785731844679,0.8333333333333334,0.8205933839041251,0.49999999999999994,0.8660254037844387,-0.8978045395707417,-0.44039415155763423,0.9749279121818236,-0.22252093395631434
-0.02303663511943693,-0.02858803001655615,-0.02858803001655615,-0.02303663511943693,-0.5596157879354228,0.8333333333333334,0.8206382692221375,0.49999999999999994,0.8660254037844387,-0.9680771188662041,-0.2506525322587213,0.43388373911755823,-0.900968867902419
0.0,0.0,0.0,0.0,-5.991464547107982,0.8333333333333334,0.82068315454015,0.49999999999999994,0.8660254037844387,-0.9987165071710528,-0.05064916883871355,-0.433883739117558,-0.9009688679024191
0.0,0.0,0.0,0.0,0.0,0.8333333333333334,0.8207280398581625,0.49999999999999994,0.8660254037844387,-0.9884683243281114,0.15142777750457667,-0.9749279121818236,-0.2225209339563146
0.04258120067781818,0.055891747689382126,0.04505957339306456,0.04258120067781818,6.396929655216146,0.8333333333333334,0.8208626958121998,0.49999999999999994,0.8660254037844387,-0.7247927872291207,0.6889669190756859,0.7818314824680298,0.6234898018587336
0.05079694820448451,0.039842078897670136,0.04831857548923792,0.053152625909234,-0.40546510810816444,0.8333333333333334,0.8209075811302123,0.49999999999999994,0.8660254037844387,-0.5712682150947924,0.8207634412072763,0.9749279121818236,-0.22252093395631434
0.002355677704749644,0.0,0.002355677704749644,0.0,-5.991464547107982,0.8333333333333334,0.8209524664482248,0.49999999999999994,0.8660254037844387,-0.3943558551133187,0.9189578116202306,0.43388373911755823,-0.900968867902419
0.0,0.0,0.0,0.0,0.0,0.8333333333333334,0.8209973517662373,0.49999999999999994,0.8660254037844387,-0.20129852008866114,0.9795299412524943,-0.433883739117558,-0.9009688679024191
0.0,0.0,0.0,0.0,0.0,0.8333333333333334,0.8210422370842498,0.49999999999999994,0.8660254037844387,-2.4492935982947064e-16,1.0,-0.9749279121818236,-0.2225209339563146
-0.002355677704749617,0.0,0.0,0.0,6.551080335043404,0.8333333333333334,0.8211768930382872,0.8660254037844386,0.5000000000000001,0.5712682150947923,0.8207634412072763,0.7818314824680298,0.6234898018587336
-0.004254326892535761,-0.002355677704749617,-0.0037718066197812146,-0.004244295591475172,1.519825753744413,0.8333333333333334,0.8212217783562997,0.8660254037844386,0.5000000000000001,0.72479278722912,0.6889669190756866,0.9749279121818236,-0.22252093395631434
-0.01383284224413615,-0.001888617886725481,-0.016671040221640433,0.0,-1.1631508098056809,0.8333333333333334,0.8212666636743122,0.8660254037844386,0.5000000000000001,0.8486442574947509,0.5289640103269624,0.43388373911755823,-0.900968867902419
-0.01548916238464174,-0.031687713634588145,-0.01548916238464174,-0.031687713634588145,0.5877866649021191,0.8333333333333334,0.8213115489923246,0.8660254037844386,0.5000000000000001,0.9377521321470804,0.3473052528448203,-0.433883739117558,-0.9009688679024191
-0.029705173583249006,-0.028700630157893012,-0.029705173583249006,-0.028700630157893012,0.05406722127027579,0.8333333333333334,0.8213564343103371,0.8660254037844386,0.5000000000000001,0.9884683243281114,0.1514277775045767,-0.9749279121818236,-0.2225209339563146
-0.008072690150602564,0.0,0.0005023978511092697,-0.0005021455742465799,0.19105523676270922,0.8333333333333334,0.8214910902643746,0.8660254037844386,0.5000000000000001,0.8978045395707416,-0.4403941515576344,0.7818314824680298,0.6234898018587336
-0.012232556840809877,-0.009583959153348276,-0.009081813579101688,-0.01875841694357793,-0.09097177820572676,0.8333333333333334,0.821535975582387,0.8660254037844386,0.5000000000000001,0.7907757369376989,-0.6121059825476626,0.9749279121818236,-0.22252093395631434
0.0402063828948155,0.04266523161735348,0.03094063380092373,0.03815715499587175,-0.3364722366212129,0.8333333333333334,0.8215808609003995,0.8660254037844386,0.5000000000000001,0.6513724827222223,-0.758758122692791,0.43388373911755823,-0.900968867902419
-0.04689532771915991,-0.05131889114736295,-0.049355409888688154,-0.037134211161404924,-2.0149030205422647,0.8333333333333334,0.821625746218412,0.8660254037844386,0.5000000000000001,0.48530196253108104,-0.8743466161445821,-0.433883739117558,-0.9009688679024191
0.0005160424131654676,0.037134211161404834,0.04689532771915986,-0.009245074144589405,0.4054651081081644,0.8333333333333334,0.8216706315364245,0.8660254037844386,0.5000000000000001,0.29936312297335804,-0.9541392564000488,-0.9749279121818236,-0.2225209339563146
0.011798108174238212,-0.014888574910525617,-0.014888574910525617,0.011798108174238212,1.3862943611198906,0.8333333333333334,0.8218501728084744,0.8660254037844386,0.5000000000000001,-0.4853019625310808,-0.8743466161445822,0.9749279121818236,-0.22252093395631434
-0.01283055795790628,-0.005012560992877481,-0.005012560992877481,0.0020376475692921083,0.28768207245178085,0.8333333333333334,0.8218950581264869,0.8660254037844386,0.5000000000000001,-0.6513724827222217,-0.7587581226927913,0.43388373911755823,-0.900968867902419
0.017409561096978853,-0.005037813392920311,-0.010101038089280479,0.007604580266140839,-0.3746934494414107,0.8333333333333334,0.8219399434444994,0.8660254037844386,0.5000000000000001,-0.7907757369376986,-0.6121059825476627,-0.433883739117558,-0.9009688679024191
-0.02988372295561871,0.007547282410257741,0.012610507106617652,0.002522127182624456,-0.0953101798043249,0.8333333333333334,0.8219848287625119,0.8660254037844386,0.5000000000000001,-0.8978045395707417,-0.44039415155763423,-0.9749279121818236,-0.2225209339563146
0.019166550259702462,-0.02332767980253382,-0.02332767980253382,-0.018302524574900735,-1.6094379124341003,0.8333333333333334,0.8221194847165493,0.8660254037844386,0.5000000000000001,-0.9884683243281114,0.15142777750457667,0.7818314824680298,0.6234898018587336
0.0,0.0,0.0,0.0,-5.298317366548036,0.8333333333333334,0.8221643700345618,0.8660254037844386,0.5000000000000001,-0.9377521321470804,0.3473052528448203,0.9749279121818236,-0.22252093395631434
-0.05213076969163788,-0.048892803192519006,-0.048892803192519006,-0.05213076969163788,6.214608098422191,0.8333333333333334,0.8222092553525743,0.8660254037844386,0.5000000000000001,-0.8486442574947509,0.5289640103269624,0.43388373911755823,-0.900968867902419
0.0,0.0037644409826799313,0.0037644409826799313,0.0,0.6931471805599453,0.8333333333333334,0.8222541406705867,0.8660254037844386,0.5000000000000001,-0.7247927872291207,0.6889669190756859,-0.433883739117558,-0.9009688679024191
0.0,0.025438650624960334,-0.0059218856307841385,0.0,0.5306282510621704,0.8333333333333334,0.8222990259885992,0.8660254037844386,0.5000000000000001,-0.5712682150947924,0.8207634412072763,-0.9749279121818236,-0.2225209339563146
0.0,-0.030820712837887933,-0.0010805218510147644,0.0,-1.7346010553881064,0.8333333333333334,0.8224336819426367,1.0,6.123233995736766e-17,0.39435585511331855,0.9189578116202306,0.7818314824680298,0.6234898018587336
0.0,-0.0016203452688713519,0.0,0.0,0.28768207245178085,0.8333333333333334,0.822478567260649,1.0,6.123233995736766e-17,0.5712682150947923,0.8207634412072763,0.9749279121818236,-0.22252093395631434
0.0,0.0,0.0,0.0,-5.991464547107982,0.8333333333333334,0.8225234525786616,1.0,6.123233995736766e-17,0.72479278722912,0.6889669190756866,0.43388373911755823,-0.900968867902419
-0.08927437339710353,0.0,-0.08927437339710353,-0.07927722602828988,7.696212639346407,0.8333333333333334,0.822568337896674,1.0,6.123233995736766e-17,0.8486442574947509,0.5289640103269624,-0.433883739117558,-0.9009688679024191
0.009997147368813578,0.0,0.009997147368813578,0.07927722602828977,-1.2992829841302609,0.8333333333333334,0.8226132232146866,1.0,6.123233995736766e-17,0.9377521321470804,0.3473052528448203,-0.9749279121818236,-0.2225209339563146
0.07331349937092164,-0.005963726657368168,0.07331349937092164,-0.005963726657368168,-1.0986122886681098,0.8333333333333334,0.8227478791687239,1.0,6.123233995736766e-17,0.9680771188662043,-0.2506525322587204,0.7818314824680298,0.6234898018587336
0.0,0.0,0.0,0.0,-5.298317366548036,0.8333333333333334,0.8227927644867364,1.0,6.123233995736766e-17,0.8978045395707416,-0.4403941515576344,0.9749279121818236,-0.22252093395631434
-0.09340874715583544,-0.03937293095634008,-0.049606124497442526,-0.09340874715583544,7.438383530044307,0.8333333333333334,0.8228376498047489,1.0,6.123233995736766e-17,0.7907757369376989,-0.6121059825476626,0.43388373911755823,-0.900968867902419
-0.11034805716886534,-0.08249667171893504,-0.07226347817783252,-0.06537471827034735,2.8227784667636366,0.8333333333333334,0.8228825351227614,1.0,6.123233995736766e-17,0.6513724827222223,-0.758758122692791,-0.433883739117558,-0.9009688679024191
0.028911316317172274,-0.036913862750907855,-0.036913862750907855,-0.01218351607552715,-1.8273504143307577,0.8333333333333334,0.8229274204407738,1.0,6.123233995736766e-17,0.48530196253108104,-0.8743466161445821,-0.9749279121818236,-0.2225209339563146
-0.3620557628457105,-0.18270403571393068,-0.22649519722599834,-0.29849298855599654,2.119393592691551,0.8333333333333334,0.8230620763948113,1.0,6.123233995736766e-17,-0.10116832198743204,-0.9948693233918952,0.7818314824680298,0.6234898018587336
0.08894748601649612,0.03088756723863375,-0.06267510218456179,0.06317890162153167,-0.9307551523657216,0.8333333333333334,0.8231069617128238,1.0,6.123233995736766e-17,-0.29936312297335776,-0.9541392564000489,0.9749279121818236,-0.22252093395631434
-0.11247798342669033,-0.1138035637357522,0.023550267199510762,-0.15319873032434694,0.438041278542777,0.8333333333333334,0.8231518470308362,1.0,6.123233995736766e-17,-0.4853019625310808,-0.8743466161445822,0.43388373911755823,-0.900968867902419
-0.004773297004797881,0.07214670859623562,-0.13602825062620114,0.20722300971952526,0.7731898882334817,0.8333333333333334,0.8231967323488487,1.0,6.123233995736766e-17,-0.6513724827222217,-0.7587581226927913,-0.433883739117558,-0.9009688679024191
0.19105522485913942,0.14449193523196271,0.21970908303270442,-0.014018944781479236,-1.6746341119906423,0.8333333333333334,0.8232416176668612,1.0,6.123233995736766e-17,-0.7907757369376986,-0.6121059825476627,-0.9749279121818236,-0.2225209339563146
-0.1815313070166099,-0.21830249646838007,-0.09035307777973911,-0.18940539360322578,-0.05406722127027582,0.8333333333333334,0.8233762736208987,1.0,6.123233995736766e-17,-0.9987165071710528,-0.05064916883871355,0.7818314824680298,0.6234898018587336
-0.10378197737642007,-0.09789468667820463,-0.11705105929674296,-0.01335901003215043,0.28768207245178085,0.8333333333333334,0.8234211589389111,1.0,6.123233995736766e-17,-0.9884683243281114,0.15142777750457667,0.9749279121818236,-0.22252093395631434
-0.010570963243004933,0.08448293130138548,-0.017078242961020357,0.12956103180361883,-0.6766178786087348,0.8333333333333334,0.8234660442569236,1.0,6.123233995736766e-17,-0.9377521321470804,0.3473052528448203,0.43388373911755823,-0.900968867902419
0.10960231978169335,-0.024777000229424598,0.004773297004797884,-0.029980864403473417,-1.33828514193353,0.8333333333333334,0.8235109295749361,1.0,6.123233995736766e-17,-0.8486442574947509,0.5289640103269624,-0.433883739117558,-0.9009688679024191
0.03002098805007162,-0.054211460699452436,0.03002098805007162,-0.049007596525403645,-0.5753641449035618,0.8333333333333334,0.8235558148929486,1.0,6.123233995736766e-17,-0.7247927872291207,0.6889669190756859,-0.9749279121818236,-0.2225209339563146
0.10351040457445085,0.2093502466005831,0.11839904212368407,0.12838116874684644,0.9382696385929302,0.8333333333333334,0.823690470846986,1.0,6.123233995736766e-17,-0.20129852008866114,0.9795299412524943,0.7818314824680298,0.6234898018587336
0.04162169298672944,0.01980266053972827,0.027532114897311947,0.004807735184082643,-0.24512245803298496,0.8333333333333334,0.8237353561649985,1.0,6.123233995736766e-17,-2.4492935982947064e-16,1.0,0.9749279121818236,-0.22252093395631434
-0.005611289194942853,-0.09676370167585661,-0.0015987579262899214,-0.005611289194942853,-1.791759469228055,0.8333333333333334,0.823780241483011,0.8660254037844387,-0.4999999999999998,0.20129852008866006,0.9795299412524945,0.43388373911755823,-0.900968867902419
0.0,-0.004811590728468497,-0.004811590728468497,0.0,-5.703782474656201,0.8333333333333334,0.8238251268010235,0.8660254037844387,-0.4999999999999998,0.39435585511331855,0.9189578116202306,-0.433883739117558,-0.9009688679024191
0.0,0.0,0.0,0.0,0.0,0.8333333333333334,0.8238700121190359,0.8660254037844387,-0.4999999999999998,0.5712682150947923,0.8207634412072763,-0.9749279121818236,-0.2225209339563146
-0.12302178078141635,-0.04606073001221417,-0.04606073001221417,-0.12302178078141635,7.438383530044307,0.8333333333333334,0.8240046680730734,0.8660254037844387,-0.4999999999999998,0.9377521321470804,0.3473052528448203,0.7818314824680298,0.6234898018587336
0.0036297645952369758,0.03392959690646723,0.03311557740640636,0.005439761235844491,0.6931471805599453,0.8333333333333334,0.8240495533910859,0.8660254037844387,-0.4999999999999998,0.9884683243281114,0.1514277775045767,0.9749279121818236,-0.22252093395631434
0.012601457629926786,-0.053479773206513606,-0.09384540595044492,0.04421586550903817,-0.8183103235139514,0.8333333333333334,0.8240944387090983,0.8660254037844387,-0.4999999999999998,0.9987165071710528,-0.05064916883871264,0.43388373911755823,-0.900968867902419
-0.016231222225163745,-0.008620693785883092,0.015091282513544383,-0.0008654460616097436,1.466337068793427,0.8333333333333334,0.8241393240271108,0.8660254037844387,-0.4999999999999998,0.9680771188662043,-0.2506525322587204,-0.433883739117558,-0.9009688679024191
0.08784438235112635,0.24794174017591664,0.05652187761241835,0.11826390397989345,-0.14903557916048782,0.8333333333333334,0.8243188652991607,0.8660254037844387,-0.4999999999999998,0.48530196253108104,-0.8743466161445821,0.7818314824680298,0.6234898018587336
0.13892895083502893,-0.0685103974002204,0.13892895083502893,0.061167438795802914,-2.0794415416798357,0.8333333333333334,0.8243637506171732,0.8660254037844387,-0.4999999999999998,0.29936312297335804,-0.9541392564000488,0.9749279121818236,-0.22252093395631434
-0.09017848323392744,0.04872128641283213,0.050169476685646065,-0.04136479423854985,1.3121863889661687,0.8333333333333334,0.8244086359351857,0.8660254037844387,-0.4999999999999998,0.10116832198743272,-0.994869323391895,0.43388373911755823,-0.900968867902419
-0.13659484995222776,-0.09993838563947939,-0.10222582334324003,-0.14414565100225468,0.7492366472109889,0.8333333333333334,0.8244535212531982,0.8660254037844387,-0.4999999999999998,-0.10116832198743204,-0.9948693233918952,-0.433883739117558,-0.9009688679024191
0.06510652210568219,-0.017672415234363092,-0.10961046442287908,0.10492492058789983,-1.0628942060660305,0.8333333333333334,0.8244984065712107,0.8660254037844387,-0.4999999999999998,-0.29936312297335776,-0.9541392564000489,-0.9749279121818236,-0.2225209339563146
0.0008514456861152259,0.007722075665207282,0.0008514456861152259,0.017107747312105917,0.5212969236332861,0.8333333333333334,0.824633062525248,0.8660254037844387,-0.4999999999999998,-0.7907757369376986,-0.6121059825476627,0.7818314824680298,0.6234898018587336
0.044118660383811265,0.006899234117100581,0.10799535098846955,-0.052227044632714145,-0.4700036292457356,0.8333333333333334,0.8246779478432605,0.8660254037844387,-0.4999999999999998,-0.8978045395707417,-0.44039415155763423,0.9749279121818236,-0.22252093395631434
-0.013114929775130834,-0.007668778515978165,-0.04611994727038194,0.053767838778832136,-1.3862943611198906,0.8333333333333334,0.824722833161273,0.8660254037844387,-0.4999999999999998,-0.9680771188662041,-0.2506525322587213,0.43388373911755823,-0.900968867902419
-0.003305785007903514,-0.07262862687171433,-0.03417745811731055,-0.07262862687171433,-0.916290731874155,0.8333333333333334,0.8247677184792854,0.8660254037844387,-0.4999999999999998,-0.9987165071710528,-0.05064916883871355,-0.433883739117558,-0.9009688679024191
-0.04920415082174059,-0.004979219000384009,-0.004979219000384009,-0.04920415082174059,2.5649493574615367,0.8333333333333334,0.8248126037972979,0.8660254037844387,-0.4999999999999998,-0.9884683243281114,0.15142777750457667,-0.9749279121818236,-0.2225209339563146
0.017241790132380846,0.0024927085747222383,-0.0016653174025606412,0.04671764039607893,-0.08004270767353637,0.8333333333333334,0.8249472597513354,0.8660254037844387,-0.4999999999999998,-0.7247927872291207,0.6889669190756859,0.7818314824680298,0.6234898018587336
0.025317824286415054,0.07588468169625355,0.08004270767353636,0.008264462624588492,0.377294231141468,0.8333333333333334,0.8249921450693478,0.8660254037844387,-0.4999999999999998,-0.5712682150947924,0.8207634412072763,0.9749279121818236,-0.22252093395631434
0.004158025977282852,-0.019418085857101627,-0.059423420470800764,0.04032804662794754,0.20585205420414882,0.8333333333333334,0.8250370303873603,0.8660254037844387,-0.4999999999999998,-0.3943558551133187,0.9189578116202306,0.43388373911755823,-0.900968867902419
-0.0033250206157862117,0.004694877061170545,-0.00737407300106136,-0.05191752986832224,-1.276293465905562,0.8333333333333334,0.8250819157053728,0.8660254037844387,-0.4999999999999998,-0.20129852008866114,0.9795299412524943,-0.433883739117558,-0.9009688679024191
-0.03473452415185726,-0.05043086132837208,-0.03600224034932718,-0.03473452415185726,0.45953232937844013,0.8333333333333334,0.8251268010233853,0.5000000000000003,-0.8660254037844385,0.20129852008866006,0.9795299412524945,-0.9749279121818236,-0.2225209339563146
-0.03956566730404398,-0.026623922715610163,-0.011144492642707634,-0.03956566730404398,0.719122666963206,0.8333333333333334,0.8252614569774227,0.5000000000000003,-0.8660254037844385,0.72479278722912,0.6889669190756866,0.7818314824680298,0.6234898018587336
-0.08318660164280128,-0.02130459848312024,-0.03956566730404398,-0.013544190895225138,0.9614111671546247,0.8333333333333334,0.8253063422954352,0.5000000000000003,-0.8660254037844385,0.8486442574947509,0.5289640103269624,0.9749279121818236,-0.22252093395631434
0.11409417331841008,-0.009519730769298629,0.03090757167560875,0.044451762570833796,-4.624972813284271,0.8333333333333334,0.8253512276134477,0.5000000000000003,-0.8660254037844385,0.9377521321470804,0.3473052528448203,0.43388373911755823,-0.900968867902419
-0.05450206689791208,-0.014010723613876197,-0.03540189268427447,-0.014010723613876197,2.772588722239781,0.8333333333333334,0.8253961129314602,0.5000000000000003,-0.8660254037844385,0.9884683243281114,0.1514277775045767,-0.433883739117558,-0.9009688679024191
0.010959003051836941,0.04483505286629522,0.032789811736977724,-0.02681127436172068,0.22314355131420976,0.8333333333333334,0.8254409982494727,0.5000000000000003,-0.8660254037844385,0.9987165071710528,-0.05064916883871264,-0.9749279121818236,-0.2225209339563146
-0.0027285771324260986,-0.04043555702006115,-0.04183968162353701,-0.002721065870478191,-0.10536051565782628,0.8333333333333334,0.8255756542035101,0.5000000000000003,-0.8660254037844385,0.7907757369376989,-0.6121059825476626,0.7818314824680298,0.6234898018587336
0.0018198784076674348,-0.033931836078432746,0.0,-0.0009086987247587813,-0.49247648509779407,0.8333333333333334,0.8256205395215226,0.5000000000000003,-0.8660254037844385,0.6513724827222223,-0.758758122692791,0.9749279121818236,-0.22252093395631434
-0.11960284892236195,-0.061817414954773546,-0.06090871623001471,-0.11960284892236195,0.5465437063680699,0.8333333333333334,0.8256654248395351,0.5000000000000003,-0.8660254037844385,0.48530196253108104,-0.8743466161445821,0.43388373911755823,-0.900968867902419
-0.0744232575058128,-0.058694132692347134,-0.058694132692347134,-0.0744232575058128,0.8622235106038793,0.8333333333333334,0.8257103101575475,0.5000000000000003,-0.8660254037844385,0.29936312297335804,-0.9541392564000488,-0.433883739117558,-0.9009688679024191
0.043203220726040506,-0.031220036779772132,-0.031220036779772132,0.043203220726040506,-2.70805020110221,0.8333333333333334,0.82575519547556,0.5000000000000003,-0.8660254037844385,0.10116832198743272,-0.994869323391895,-0.9749279121818236,-0.2225209339563146
0.03019489791351929,0.07922921016338323,0.07629524881657394,0.03019489791351929,1.2039728043259361,0.8333333333333334,0.8258898514295975,0.5000000000000003,-0.8660254037844385,-0.4853019625310808,-0.8743466161445822,0.7818314824680298,0.6234898018587336
0.0,-0.028729065258451418,-0.046100350903054636,0.0203052469914124,-0.2231435513142097,0.8333333333333334,0.8259347367476099,0.5000000000000003,-0.8660254037844385,-0.6513724827222217,-0.7587581226927913,0.9749279121818236,-0.22252093395631434
0.010204208902132049,0.042308356761711,0.025317807984289786,0.01990113590340321,1.1786549963416462,0.8333333333333334,0.8259796220656224,0.5000000000000003,-0.8660254037844385,-0.7907757369376986,-0.6121059825476627,0.43388373911755823,-0.900968867902419
-0.030930319447012158,-0.03230823527920121,0.004987560489632167,-0.060932493439695694,-0.42488319396526597,0.8333333333333334,0.8260245073836349,0.5000000000000003,-0.8660254037844385,-0.8978045395707417,-0.44039415155763423,-0.433883739117558,-0.9009688679024191
0.0891033677964458,0.04475455318271119,0.04475455318271119,0.09292746074827984,-0.12516314295400605,0.8333333333333334,0.8260693927016474,0.5000000000000003,-0.8660254037844385,-0.9680771188662041,-0.2506525322587213,-0.9749279121818236,-0.2225209339563146
0.05225073053704904,0.11152603392377895,0.0555183660830109,0.09200843672741846,0.6241543090729939,0.8333333333333334,0.8262489339736973,0.5000000000000003,-0.8660254037844385,-0.8486442574947509,0.5289640103269624,0.9749279121818236,-0.22252093395631434
0.053109858199269055,0.0863729080754376,0.043159558248239575,0.10874907672503159,0.5389965007326869,0.8333333333333334,0.8262938192917098,0.5000000000000003,-0.8660254037844385,-0.7247927872291207,0.6889669190756859,0.43388373911755823,-0.900968867902419
0.04220035313147884,0.007776044373589169,0.10699706204155508,-0.010200175589035413,-0.8754687373538999,0.8333333333333334,0.8263387046097223,0.5000000000000003,-0.8660254037844385,-0.5712682150947924,0.8207634412072763,-0.433883739117558,-0.9009688679024191
-0.04738622635479526,-0.016400214593142375,-0.033874866777695196,-0.09420671530224695,-0.4307829160924542,0.8333333333333334,0.8263835899277346,0.5000000000000003,-0.8660254037844385,-0.3943558551133187,0.9189578116202306,-0.9749279121818236,-0.2225209339563146
0.00948688949320321,0.028717525840745033,-0.06882117899397303,0.10440689089128238,1.5459245067117746,0.8333333333333334,0.8265182458817721,1.2246467991473532e-16,-1.0,0.20129852008866006,0.9795299412524945,0.7818314824680298,0.6234898018587336
0.04694914397932708,-0.024788232682362275,0.04694914397932708,-0.004694877061170422,-2.501435951739211,0.8333333333333334,0.8265631311997846,1.2246467991473532e-16,-1.0,0.39435585511331855,0.9189578116202306,0.9749279121818236,-0.22252093395631434
0.06269406621468318,0.08635754108834524,0.07035696808007834,0.08635754108834524,2.8213788864092133,0.8333333333333334,0.826608016517797,1.2246467991473532e-16,-1.0,0.5712682150947923,0.8207634412072763,0.43388373911755823,-0.900968867902419
0.07410797215372183,0.11152852979196083,0.0664450702883268,0.09072155728535883,-0.08701137698962981,0.8333333333333334,0.8266529018358095,1.2246467991473532e-16,-1.0,0.72479278722912,0.6889669190756866,-0.433883739117558,-0.9009688679024191
0.028170850475742706,0.026041474787813608,0.13040148765729634,-0.017230394881876904,-0.8174448972375224,0.8333333333333334,0.826697787153822,1.2246467991473532e-16,-1.0,0.8486442574947509,0.5289640103269624,-0.9749279121818236,-0.2225209339563146
-0.046189355978421096,-0.06140861617034481,-0.08775261500910884,-0.07421079361274953,0.28030196515415834,0.8333333333333334,0.8268324431078595,1.2246467991473532e-16,-1.0,0.9987165071710528,-0.05064916883871264,0.7818314824680298,0.6234898018587336
-0.09131814333679047,-0.05480824992702772,-0.12447892046711664,0.022072769691669235,0.021978906718775167,0.8333333333333334,0.8268773284258719,1.2246467991473532e-16,-1.0,0.9680771188662043,-0.2506525322587204,0.9749279121818236,-0.22252093395631434
0.10933664883946867,0.03664424822239258,0.11000089829467202,0.03664424822239258,-0.6931471805599453,0.8333333333333334,0.8269222137438844,1.2246467991473532e-16,-1.0,0.8978045395707416,-0.4403941515576344,0.43388373911755823,-0.900968867902419
-0.03636764417087483,-0.01849998002885314,0.0041580392777204826,-0.06884737528499468,-0.04445176257083381,0.8333333333333334,0.8269670990618969,1.2246467991473532e-16,-1.0,0.7907757369376989,-0.6121059825476626,-0.433883739117558,-0.9009688679024191
-0.02702864625985619,-0.03232888975346328,-0.03590672477409734,-0.04537778492805271,0.6466271649250525,0.8333333333333334,0.8270119843799094,1.2246467991473532e-16,-1.0,0.6513724827222223,-0.758758122692791,-0.9749279121818236,-0.2225209339563146
0.012103010384147572,0.0,-0.03278980915024073,0.06339629043073114,0.7731898882334817,0.8333333333333334,0.8271466403339468,1.2246467991473532e-16,-1.0,0.10116832198743272,-0.994869323391895,0.7818314824680298,0.6234898018587336
0.06899285714598441,0.05218575317057025,0.08855339734144503,0.037846139866526414,-1.8718021769015913,0.8333333333333334,0.8271915256519593,1.2246467991473532e-16,-1.0,-0.10116832198743204,-0.9948693233918952,0.9749279121818236,-0.22252093395631434
-0.07351437349294526,-0.05648070755507976,-0.05648070755507976,-0.09366093626007078,-0.07410797215372185,0.8333333333333334,0.8272364109699718,1.2246467991473532e-16,-1.0,-0.29936312297335776,-0.9541392564000489,0.43388373911755823,-0.900968867902419
-0.018293175760177503,-0.011544129023234425,-0.06674082165762349,-0.018293175760177503,0.20763936477824455,0.8333333333333334,0.8272812962879843,1.2246467991473532e-16,-1.0,-0.4853019625310808,-0.8743466161445822,-0.433883739117558,-0.9009688679024191
0.01602476396043174,0.012261248387109855,0.012952567848842902,0.0705301371330877,0.3184537311185346,0.8333333333333334,0.8273261816059967,1.2246467991473532e-16,-1.0,-0.6513724827222217,-0.7587581226927913,-0.9749279121818236,-0.2225209339563146
0.02615019203546484,0.003577835020634155,0.033497721550258826,-0.01444067048204418,-0.0953101798043249,0.8333333333333334,0.8274608375600342,1.2246467991473532e-16,-1.0,-0.9680771188662041,-0.2506525322587213,0.7818314824680298,0.6234898018587336
-0.06237768127902338,-0.03267076821317517,-0.030474290539996084,-0.04842656478564841,0.6151856390902335,0.8333333333333334,0.8275057228780467,1.2246467991473532e-16,-1.0,-0.9987165071710528,-0.05064916883871355,0.9749279121818236,-0.22252093395631434
-0.055681956413126614,-0.09273046743986085,-0.07034145847000853,-0.0646403583529527,-0.9028677115420143,0.8333333333333334,0.8275506081960591,1.2246467991473532e-16,-1.0,-0.9884683243281114,0.15142777750457667,0.43388373911755823,-0.900968867902419
0.020534602119987998,0.012072550346032765,0.012072550346032765,0.001627376911291969,0.7259370033829363,0.8333333333333334,0.8275954935140716,1.2246467991473532e-16,-1.0,-0.9377521321470804,0.3473052528448203,-0.433883739117558,-0.9009688679024191
-0.07598595594707859,0.02761519671933289,0.02761519671933289,-0.07598595594707859,0.0,0.8333333333333334,0.8276403788320841,1.2246467991473532e-16,-1.0,-0.8486442574947509,0.5289640103269624,-0.9749279121818236,-0.2225209339563146
0.030239918651975433,-0.0684371912395881,-0.08949060043742044,0.05129332784980774,-1.3545456628053103,0.8333333333333334,0.8277750347861215,1.2246467991473532e-16,-1.0,-0.3943558551133187,0.9189578116202306,0.7818314824680298,0.6234898018587336
-0.05241377689657237,-0.008368281726796628,-0.012848109592528339,-0.02105340919783238,1.4469189829363254,0.8333333333333334,0.827819920104134,1.2246467991473532e-16,-1.0,-0.20129852008866114,0.9795299412524943,0.9749279121818236,-0.22252093395631434
0.04643853983454847,0.008368281726796593,0.03390151879036072,-0.005975237062023857,-1.329135947279942,0.8333333333333334,0.8278648054221465,-0.4999999999999997,-0.8660254037844388,0.20129852008866006,0.9795299412524945,0.43388373911755823,-0.900968867902419
0.005123791375908726,-0.021904854883947514,-0.021904854883947514,0.005123791375908726,-0.587786664902119,0.8333333333333334,0.827909690740159,-0.4999999999999997,-0.8660254037844388,0.39435585511331855,0.9189578116202306,-0.433883739117558,-0.9009688679024191
-0.0025586140367860996,0.02190485488394755,0.01772946751239042,-0.0025586140367860996,1.1631508098056809,0.8333333333333334,0.8280892320122089,-0.4999999999999997,-0.8660254037844388,0.9377521321470804,0.3473052528448203,0.7818314824680298,0.6234898018587336
0.02779125584505517,0.028749444174222386,0.02070467368876249,0.03276230326185187,0.11778303565638346,0.8333333333333334,0.8281341173302214,-0.4999999999999997,-0.8660254037844388,0.9884683243281114,0.1514277775045767,0.9749279121818236,-0.22252093395631434
-0.024381196122153753,0.0008093302903997476,0.0,0.012320452861617403,1.0986122886681098,0.8333333333333334,0.8281790026482339,-0.4999999999999997,-0.8660254037844388,0.9987165071710528,-0.05064916883871264,0.43388373911755823,-0.900968867902419
-0.018900929468680983,-0.02955877446462216,-0.016529286317205204,-0.052798195415586814,-0.5549968420791281,0.8333333333333334,0.8282238879662462,-0.4999999999999997,-0.8660254037844388,0.9680771188662043,-0.2506525322587204,-0.433883739117558,-0.9009688679024191
-0.0026052757522825915,-0.004175387371557227,-0.004175387371557227,-0.010380706205944744,-1.3545456628053103,0.8333333333333334,0.8282687732842587,-0.4999999999999997,-0.8660254037844388,0.8978045395707416,-0.4403941515576344,-0.9749279121818236,-0.2225209339563146
-0.0026120809472968127,-0.016878021826275187,-0.016878021826275187,-0.0026120809472968127,-0.4700036292457356,0.8333333333333334,0.8284034292382962,-0.4999999999999997,-0.8660254037844388,0.48530196253108104,-0.8743466161445821,0.7818314824680298,0.6234898018587336
0.010407716095230855,-0.013710570073029626,-0.013710570073029626,0.010407716095230855,-0.2231435513142097,0.8333333333333334,0.8284483145563087,-0.4999999999999997,-0.8660254037844388,0.29936312297335804,-0.9541392564000488,0.9749279121818236,-0.22252093395631434
-0.02092489298005969,-0.02092489298005969,-0.02092489298005969,-0.02092489298005969,-0.2876820724517809,0.8333333333333334,0.8284931998743211,-0.4999999999999997,-0.8660254037844388,0.10116832198743272,-0.994869323391895,0.43388373911755823,-0.900968867902419
0.0,0.022648988601424298,0.0,0.013129257832125775,1.0986122886681098,0.8333333333333334,0.8285380851923336,-0.4999999999999997,-0.8660254037844388,-0.10116832198743204,-0.9948693233918952,-0.433883739117558,-0.9009688679024191
0.013129257832125775,-0.009519730769298629,0.013129257832125775,0.0,-0.40546510810816444,0.8333333333333334,0.8285829705103461,-0.4999999999999997,-0.8660254037844388,-0.29936312297335776,-0.9541392564000489,-0.9749279121818236,-0.2225209339563146
0.006068479459908392,0.006068479459908392,0.006068479459908392,0.006068479459908392,-0.6931471805599453,0.8333333333333334,0.8287176264643835,-0.4999999999999997,-0.8660254037844388,-0.7907757369376986,-0.6121059825476627,0.7818314824680298,0.6234898018587336
-0.0060684794599085105,0.010318224759508634,0.010318224759508634,0.006890632438413738,1.0986122886681098,0.8333333333333334,0.828762511782396,-0.4999999999999997,-0.8660254037844388,-0.8978045395707417,-0.44039415155763423,0.9749279121818236,-0.22252093395631434
0.0,0.0059702223446004375,-0.016386704219417108,0.009397814665695264,-0.25131442828090605,0.8333333333333334,0.8288073971004085,-0.4999999999999997,-0.8660254037844388,-0.9680771188662041,-0.2506525322587213,0.43388373911755823,-0.900968867902419
-0.020202666699625643,-0.04255959326364312,-0.020202666699625643,-0.04255959326364312,-0.8472978603872037,0.8333333333333334,0.828852282418421,-0.4999999999999997,-0.8660254037844388,-0.9987165071710528,-0.05064916883871355,-0.433883739117558,-0.9009688679024191
-0.019713923444743466,0.015845344672603134,0.0026583739279075606,0.015845344672603134,0.9808292530117262,0.8333333333333334,0.8288971677364335,-0.4999999999999997,-0.8660254037844388,-0.9884683243281114,0.15142777750457667,-0.9749279121818236,-0.2225209339563146
0.03991659014436918,0.0965004094084164,0.017544292771718168,0.0965004094084164,0.22314355131420976,0.8333333333333334,0.8290318236904709,-0.4999999999999997,-0.8660254037844388,-0.7247927872291207,0.6889669190756859,0.7818314824680298,0.6234898018587336
0.06562486560477472,-0.0265182217766192,0.06562486560477472,-0.0265182217766192,-1.6094379124341003,0.8333333333333334,0.8290767090084834,-0.4999999999999997,-0.8660254037844388,-0.5712682150947924,0.8207634412072763,0.9749279121818236,-0.22252093395631434
0.03363007747207311,0.03363007747207311,0.03363007747207311,0.03363007747207311,0.0,0.8333333333333334,0.8291215943264959,-0.4999999999999997,-0.8660254037844388,-0.3943558551133187,0.9189578116202306,0.43388373911755823,-0.900968867902419
-0.015873334137796888,0.04315002357273763,0.04315002357273763,-0.015873334137796888,1.5040773967762742,0.8333333333333334,0.8291664796445083,-0.4999999999999997,-0.8660254037844388,-0.20129852008866114,0.9795299412524943,-0.433883739117558,-0.9009688679024191
-0.01450471097364351,-0.07352806868417791,-0.07352806868417791,-0.01450471097364351,-1.0986122886681098,0.8333333333333334,0.8292113649625208,-0.4999999999999997,-0.8660254037844388,-2.4492935982947064e-16,1.0,-0.9749279121818236,-0.2225209339563146
0.0,0.0,0.0,0.0,-5.703782474656201,0.8333333333333334,0.8293460209165583,-0.8660254037844385,-0.5000000000000004,0.5712682150947923,0.8207634412072763,0.7818314824680298,0.6234898018587336
0.0,0.0,0.0,0.0,5.991464547107982,0.8333333333333334,0.8293909062345707,-0.8660254037844385,-0.5000000000000004,0.72479278722912,0.6889669190756866,0.9749279121818236,-0.22252093395631434
0.010496674256035196,0.08775515853220525,0.010496674256035196,0.015304409440117843,1.4469189829363254,0.8333333333333334,0.8294357915525832,-0.8660254037844385,-0.5000000000000004,0.8486442574947509,0.5289640103269624,0.43388373911755823,-0.900968867902419
-0.051081936049544086,-0.12834042032571416,-0.051081936049544086,-0.05588967123362666,-1.7346010553881064,0.8333333333333334,0.8294806768705957,-0.8660254037844385,-0.5000000000000004,0.9377521321470804,0.3473052528448203,-0.433883739117558,-0.9009688679024191
0.0,0.0,0.0,0.0,-5.703782474656201,0.8333333333333334,0.8295255621886082,-0.8660254037844385,-0.5000000000000004,0.9884683243281114,0.1514277775045767,-0.9749279121818236,-0.2225209339563146
0.0,0.0,0.0,0.0,6.684611727667927,0.8333333333333334,0.8296602181426456,-0.8660254037844385,-0.5000000000000004,0.8978045395707416,-0.4403941515576344,0.7818314824680298,0.6234898018587336
0.07489260006333204,0.07489260006333204,0.07489260006333204,0.07489260006333204,-0.2876820724517809,0.8333333333333334,0.8297051034606581,-0.8660254037844385,-0.5000000000000004,0.7907757369376989,-0.6121059825476626,0.9749279121818236,-0.22252093395631434
0.008590420508089723,0.008590420508089723,0.008590420508089723,0.008590420508089723,-0.1823215567939546,0.8333333333333334,0.8297499887786706,-0.8660254037844385,-0.5000000000000004,0.6513724827222223,-0.758758122692791,0.43388373911755823,-0.900968867902419
0.0,0.0,0.0,0.0,-6.214608098422191,0.8333333333333334,0.8297948740966831,-0.8660254037844385,-0.5000000000000004,0.48530196253108104,-0.8743466161445821,-0.433883739117558,-0.9009688679024191
-0.06505701634724152,-0.06505701634724152,-0.06505701634724152,-0.06505701634724152,5.298317366548036,0.8333333333333334,0.8298397594146955,-0.8660254037844385,-0.5000000000000004,0.29936312297335804,-0.9541392564000488,-0.9749279121818236,-0.2225209339563146
-0.008333413348840165,0.008264462624588492,0.008264462624588492,-0.008333413348840165,0.9162907318741551,0.8333333333333334,0.829974415368733,-0.8660254037844385,-0.5000000000000004,-0.29936312297335776,-0.9541392564000489,0.7818314824680298,0.6234898018587336
-0.016878021826275187,-0.011589483240374662,-0.03347589779970367,0.005008392733053922,1.0296194171811581,0.8333333333333334,0.8300193006867455,-0.8660254037844385,-0.5000000000000004,-0.4853019625310808,-0.8743466161445822,0.9749279121818236,-0.22252093395631434
-0.0659579677917974,-0.0805979807160944,-0.058711566156765434,-0.08784438235112646,0.25131442828090617,0.8333333333333334,0.830064186004758,-0.8660254037844385,-0.5000000000000004,-0.6513724827222217,-0.7587581226927913,0.43388373911755823,-0.900968867902419
0.0,-0.007246401635032083,-0.007246401635032083,0.0,-7.495541943884256,0.8333333333333334,0.8301090713227703,-0.8660254037844385,-0.5000000000000004,-0.7907757369376986,-0.6121059825476627,-0.433883739117558,-0.9009688679024191
0.053109858199269055,0.053109858199269055,0.053109858199269055,0.053109858199269055,4.605170185988092,0.8333333333333334,0.8301539566407828,-0.8660254037844385,-0.5000000000000004,-0.8978045395707417,-0.44039415155763423,-0.9749279121818236,-0.2225209339563146
-0.030637002347210552,-0.030637002347210552,-0.030637002347210552,-0.030637002347210552,1.9459101490553132,0.8333333333333334,0.8302886125948203,-0.8660254037844385,-0.5000000000000004,-0.9884683243281114,0.15142777750457667,0.7818314824680298,0.6234898018587336
0.015873375855833302,0.015873375855833302,0.015873375855833302,0.015873375855833302,-1.252762968495368,0.8333333333333334,0.8303334979128327,-0.8660254037844385,-0.5000000000000004,-0.9377521321470804,0.3473052528448203,0.9749279121818236,-0.22252093395631434
0.0,0.0,0.0,0.0,-5.298317366548036,0.8333333333333334,0.8303783832308452,-0.8660254037844385,-0.5000000000000004,-0.8486442574947509,0.5289640103269624,0.43388373911755823,-0.900968867902419
-0.03381105928142707,-0.004384065751757829,-0.03381105928142707,-0.004384065751757829,6.802394763324311,0.8333333333333334,0.8304232685488577,-0.8660254037844385,-0.5000000000000004,-0.7247927872291207,0.6889669190756859,-0.433883739117558,-0.9009688679024191
0.026787332312243395,0.019147692243135082,0.026787332312243395,0.019147692243135082,0.8938178760220965,0.8333333333333334,0.8304681538668702,-0.8660254037844385,-0.5000000000000004,-0.5712682150947924,0.8207634412072763,-0.9749279121818236,-0.2225209339563146
-0.05431202296340681,0.07791840116511158,-0.05431202296340681,-0.024434085181594435,-0.2006706954621511,0.8333333333333334,0.8306028098209076,-0.8660254037844385,-0.5000000000000004,-2.4492935982947064e-16,1.0,0.7818314824680298,0.6234898018587336
0.02298951822469878,-0.03324179977225691,0.02571305448241829,0.0026467317210334697,-0.40546510810816444,0.8333333333333334,0.8306476951389201,-1.0,-1.8369701987210297e-16,0.20129852008866006,0.9795299412524945,0.9749279121818236,-0.22252093395631434
0.017125212026204442,-0.015787659569816172,0.028598968480988647,-0.014197292712503685,0.28768207245178085,0.8333333333333334,0.8306925804569326,-1.0,-1.8369701987210297e-16,0.39435585511331855,0.9189578116202306,0.43388373911755823,-0.900968867902419
-0.017125212026204404,-0.04277812354880853,0.007898171734791157,-0.008976669703247042,-0.2876820724517809,0.8333333333333334,0.8307374657749451,-1.0,-1.8369701987210297e-16,0.5712682150947923,0.8207634412072763,-0.433883739117558,-0.9009688679024191
-0.0183491210075612,-0.021202188000719557,-0.03922067647349926,0.006292128159086797,1.0414538748281612,0.8333333333333334,0.8307823510929575,-1.0,-1.8369701987210297e-16,0.72479278722912,0.6889669190756866,-0.9749279121818236,-0.2225209339563146
0.0,-0.02990707066617553,-0.01742360232979842,-0.03278979148960543,-1.041453874828161,0.8333333333333334,0.8309618923650075,-1.0,-1.8369701987210297e-16,0.9987165071710528,-0.05064916883871264,0.9749279121818236,-0.22252093395631434
0.0,0.015518346788632767,-0.0009255186777628452,0.009216602447065358,1.3437347467010947,0.8333333333333334,0.8310067776830199,-1.0,-1.8369701987210297e-16,0.9680771188662043,-0.2506525322587204,0.43388373911755823,-0.900968867902419
0.03189331190278623,0.025929030912508255,0.03815177210309963,0.022676709455720805,-1.6314168191528755,0.8333333333333334,0.8310516630010324,-1.0,-1.8369701987210297e-16,0.8978045395707416,-0.4403941515576344,-0.433883739117558,-0.9009688679024191
-0.031893311902786284,-0.029558795507745154,-0.01980265109553845,-0.018100024849794897,0.8472978603872037,0.8333333333333334,0.8310965483190449,-1.0,-1.8369701987210297e-16,0.7907757369376989,-0.6121059825476626,-0.9749279121818236,-0.2225209339563146
-0.036779283821750386,-0.004555833954569824,-0.004555833954569824,-0.03248540173806987,0.25131442828090617,0.8333333333333334,0.8312312042730823,-1.0,-1.8369701987210297e-16,0.29936312297335804,-0.9541392564000488,0.7818314824680298,0.6234898018587336
0.008608389194418704,-0.019364371074240244,-0.041964181680323,0.012189476874836928,-1.349926716949016,0.8333333333333334,0.8312760895910948,-1.0,-1.8369701987210297e-16,0.10116832198743272,-0.994869323391895,0.9749279121818236,-0.22252093395631434
0.0,-0.013121030663829657,0.009478779942253199,-0.012189476874836963,0.9985288301111273,0.8333333333333334,0.8313209749091073,-1.0,-1.8369701987210297e-16,-0.10116832198743204,-0.9948693233918952,0.43388373911755823,-0.900968867902419
0.0019029936597421166,0.0009428831617480897,-0.007575786282511008,-0.004728159104521557,-0.4595323293784402,0.8333333333333334,0.8313658602271198,-1.0,-1.8369701987210297e-16,-0.29936312297335776,-0.9541392564000489,-0.433883739117558,-0.9009688679024191
-0.04869510948150496,0.011246593713088804,0.006631923198772245,0.0018938930090555753,1.8458266904983307,0.8333333333333334,0.8314107455451323,-1.0,-1.8369701987210297e-16,-0.4853019625310808,-0.8743466161445822,-0.9749279121818236,-0.2225209339563146
-0.06068701233412435,-0.02548505169685284,-0.11601404501440156,-0.040546103105693586,-1.1952391243571814,0.8333333333333334,0.8315454014991697,-1.0,-1.8369701987210297e-16,-0.8978045395707417,-0.44039415155763423,0.7818314824680298,0.6234898018587336
0.07357753889698071,-0.030084794379143562,0.07357753889698071,0.0,-7.740664401917241,0.8333333333333334,0.8315902868171822,-1.0,-1.8369701987210297e-16,-0.9680771188662041,-0.2506525322587213,0.9749279121818236,-0.22252093395631434
-0.0494800354759927,-0.014888574910525617,-0.0494800354759927,-0.014888574910525617,7.696212639346407,0.8333333333333334,0.8316351721351947,-1.0,-1.8369701987210297e-16,-0.9987165071710528,-0.05064916883871355,0.43388373911755823,-0.900968867902419
0.016427458860832002,0.030529245734792786,0.06512070630025994,0.0,-0.7884573603642702,0.8333333333333334,0.8316800574532071,-1.0,-1.8369701987210297e-16,-0.9884683243281114,0.15142777750457667,-0.433883739117558,-0.9009688679024191
-0.017463215469058383,-0.030529245734792838,-0.06615646290848642,0.0,0.26236426446749106,0.8333333333333334,0.8317249427712196,-1.0,-1.8369701987210297e-16,-0.9377521321470804,0.3473052528448203,-0.9749279121818236,-0.2225209339563146
0.0,-0.00803216400634236,0.0,-0.00803216400634236,-1.466337068793427,0.8333333333333334,0.831859598725257,-1.0,-1.8369701987210297e-16,-0.5712682150947924,0.8207634412072763,0.7818314824680298,0.6234898018587336
0.004136506778224771,-0.023458546389126252,0.004136506778224771,-0.023458546389126252,-0.40546510810816444,0.8333333333333334,0.8319044840432696,-1.0,-1.8369701987210297e-16,-0.3943558551133187,0.9189578116202306,0.9749279121818236,-0.22252093395631434
-0.0041365067782248004,0.01332670869083361,0.01332670869083361,0.005146711556704766,1.252762968495368,0.8333333333333334,0.8319493693612819,-1.0,-1.8369701987210297e-16,-0.20129852008866114,0.9795299412524943,0.43388373911755823,-0.900968867902419
-0.07530436484474631,-0.011264805057549624,-0.011264805057549624,-0.051617542630947796,1.6650077635889111,0.8333333333333334,0.8319942546792944,-0.866025403784439,0.49999999999999933,0.20129852008866006,0.9795299412524945,-0.433883739117558,-0.9009688679024191
0.00557106636061361,-0.0010304203859119716,-0.07593170889564163,0.04750231432161505,-2.001480000210124,0.8333333333333334,0.8320391399973069,-0.866025403784439,0.49999999999999933,0.39435585511331855,0.9189578116202306,-0.9749279121818236,-0.2225209339563146
0.07490128850972969,0.0092355867999458,0.07490128850972969,0.0092355867999458,0.1823215567939546,0.8333333333333334,0.8321737959513443,-0.866025403784439,0.49999999999999933,0.8486442574947509,0.5289640103269624,0.7818314824680298,0.6234898018587336
-0.020834067239453857,-0.015440308409047572,-0.020834067239453857,-0.030069654039399638,0.9808292530117262,0.8333333333333334,0.8322186812693568,-0.866025403784439,0.49999999999999933,0.9377521321470804,0.3473052528448203,0.9749279121818236,-0.22252093395631434
0.013591439087331141,-0.0010379065430209844,0.013591439087331141,0.013591439087331141,-1.3862943611198906,0.8333333333333334,0.8322635665873693,-0.866025403784439,0.49999999999999933,0.9884683243281114,0.1514277775045767,0.43388373911755823,-0.900968867902419
0.002074638126525995,0.0031103947347524163,0.002074638126525995,0.002074638126525995,1.0986122886681098,0.8333333333333334,0.8323084519053818,-0.866025403784439,0.49999999999999933,0.9987165071710528,-0.05064916883871264,-0.433883739117558,-0.9009688679024191
-0.041253802445003526,0.12990164036979193,0.021528257974439424,0.008255973330934424,2.359280436670591,0.8333333333333334,0.8323533372233943,-0.866025403784439,0.49999999999999933,0.9680771188662043,-0.2506525322587204,-0.9749279121818236,-0.2225209339563146
0.0,-0.12062798778861475,-0.06278206041944287,-0.006185531796327087,-1.9538153285624267,0.8333333333333334,0.8324879931774317,-0.866025403784439,0.49999999999999933,0.6513724827222223,-0.758758122692791,0.7818314824680298,0.6234898018587336
0.020310647946719055,0.007153806279654868,0.020310647946719055,0.015392773934451156,-1.791759469228055,0.8333333333333334,0.8325328784954442,-0.866025403784439,0.49999999999999933,0.48530196253108104,-0.8743466161445821,0.9749279121818236,-0.22252093395631434
0.036367683817199445,0.0792591118302896,0.056570371671977905,0.013151440711757756,1.9459101490553132,0.8333333333333334,0.8325777638134567,-0.866025403784439,0.49999999999999933,0.29936312297335804,-0.9541392564000488,0.43388373911755823,-0.900968867902419
0.010152313468980687,-0.07114548451145221,-0.01005037438579784,-0.005037813392920311,-1.9459101490553135,0.8333333333333334,0.8326226491314691,-0.866025403784439,0.49999999999999933,0.10116832198743272,-0.994869323391895,-0.433883739117558,-0.9009688679024191
0.0,0.0,0.0,0.0,-0.40546510810816444,0.8333333333333334,0.8326675344494816,-0.866025403784439,0.49999999999999933,-0.10116832198743204,-0.9948693233918952,-0.9749279121818236,-0.2225209339563146
-0.03390154503218182,0.01702595781678249,0.01702595781678249,0.0020182103794553308,0.9162907318741551,0.8333333333333334,0.8328021904035191,-0.866025403784439,0.49999999999999933,-0.6513724827222217,-0.7587581226927913,0.7818314824680298,0.6234898018587336
-0.004188483929767659,0.03320619154402854,0.03320619154402854,0.005027681769273908,0.0,0.8333333333333334,0.8328470757215315,-0.866025403784439,0.49999999999999933,-0.7907757369376986,-0.6121059825476627,0.9749279121818236,-0.22252093395631434
0.041115819143489565,-0.01548916238464174,-0.043186257212081774,0.027697094827439955,0.1823215567939546,0.8333333333333334,0.832891961039544,-0.866025403784439,0.49999999999999933,-0.8978045395707417,-0.44039415155763423,0.43388373911755823,-0.900968867902419
-0.003025790181539968,-0.034742986976169246,-0.007045892148729244,-0.034742986976169246,-0.6931471805599453,0.8333333333333334,0.8329368463575565,-0.866025403784439,0.49999999999999933,-0.9680771188662041,-0.2506525322587213,-0.433883739117558,-0.9009688679024191
0.01702595781678249,0.01702595781678249,0.01702595781678249,0.01702595781678249,0.0,0.8333333333333334,0.832981731675569,-0.866025403784439,0.49999999999999933,-0.9987165071710528,-0.05064916883871355,-0.9749279121818236,-0.2225209339563146
-0.032293391415274555,-0.005976060232583177,-0.005976060232583177,-0.009980065668053246,1.7346010553881064,0.8333333333333334,0.8331163876296064,-0.866025403784439,0.49999999999999933,-0.8486442574947509,0.5289640103269624,0.7818314824680298,0.6234898018587336
0.010204208902132049,-0.016113122280559493,-0.016113122280559493,-0.012109116845089368,-1.7346010553881064,0.8333333333333334,0.8331612729476189,-0.866025403784439,0.49999999999999933,-0.7247927872291207,0.6889669190756859,0.9749279121818236,-0.22252093395631434
0.0030410294309774657,0.0030410294309774657,0.0030410294309774657,0.0030410294309774657,0.28768207245178085,0.8333333333333334,0.8332061582656314,-0.866025403784439,0.49999999999999933,-0.5712682150947924,0.8207634412072763,0.43388373911755823,-0.900968867902419
-0.015298674191578716,0.012072569651180509,0.00906808741411196,-0.015298674191578716,2.0794415416798357,0.8333333333333334,0.8332510435836439,-0.866025403784439,0.49999999999999933,-0.3943558551133187,0.9189578116202306,-0.433883739117558,-0.9009688679024191
-0.009292704914439289,-0.03562721717369347,-0.03262273493662498,-0.009292704914439289,-2.367123614131617,0.8333333333333334,0.8332959289016563,-0.866025403784439,0.49999999999999933,-0.20129852008866114,0.9795299412524943,-0.9749279121818236,-0.2225209339563146
0.03666394875719851,0.061294986230442126,0.03562721717369349,0.03666394875719851,1.3862943611198906,0.8333333333333334,0.8334305848556938,-0.5000000000000012,0.8660254037844379,0.39435585511331855,0.9189578116202306,0.7818314824680298,0.6234898018587336
0.0019980483476691614,0.0696424107475762,0.09531017980432493,0.0129162365637741,0.9162907318741551,0.8333333333333334,0.8334754701737063,-0.5000000000000012,0.8660254037844379,0.5712682150947923,0.8207634412072763,0.9749279121818236,-0.22252093395631434
0.04201881881696486,-0.05129331263969078,-0.05129331263969078,0.031100630600860046,-2.70805020110221,0.8333333333333334,0.8335203554917188,-0.5000000000000012,0.8660254037844379,0.72479278722912,0.6889669190756866,0.43388373911755823,-0.900968867902419
-0.03307696108502966,-0.013487621429841267,-0.03307696108502966,-0.013487621429841267,0.9162907318741551,0.8333333333333334,0.8335652408097312,-0.5000000000000012,0.8660254037844379,0.8486442574947509,0.5289640103269624,-0.433883739117558,-0.9009688679024191
-0.028086072675912163,-0.04767541233110063,-0.028086072675912163,-0.04767541233110063,-1.6094379124341003,0.8333333333333334,0.8336101261277437,-0.5000000000000012,0.8660254037844379,0.9377521321470804,0.3473052528448203,-0.9749279121818236,-0.2225209339563146
0.017146166596307764,0.05924737187436577,0.017146166596307764,0.04183877918667926,2.5649493574615367,0.8333333333333334,0.8337447820817812,-0.5000000000000012,0.8660254037844379,0.9680771188662043,-0.2506525322587204,0.7818314824680298,0.6234898018587336
0.025667769056748686,0.012387019742440936,0.025667769056748686,0.019324254574262633,1.5459245067117746,0.8333333333333334,0.8337896673997935,-0.5000000000000012,0.8660254037844379,0.8978045395707416,-0.4403941515576344,0.9749279121818236,-0.22252093395631434
0.008733694517561485,0.040821954783826074,0.008733694517561485,0.028303794414991985,-2.501435951739211,0.8333333333333334,0.833834552717806,-0.5000000000000012,0.8660254037844379,0.7907757369376989,-0.6121059825476626,0.43388373911755823,-0.900968867902419
0.014388700595121892,-0.004555833954569824,0.05635288227544489,-0.02353049741019416,0.0,0.8333333333333334,0.8338794380358185,-0.5000000000000012,0.8660254037844379,0.6513724827222223,-0.758758122692791,-0.433883739117558,-0.9009688679024191
0.012304945956222568,0.004555833954569876,0.0018248597850706663,0.012304945956222568,2.151762203259462,0.8333333333333334,0.833924323353831,-0.5000000000000012,0.8660254037844379,0.48530196253108104,-0.8743466161445821,-0.9749279121818236,-0.2225209339563146
0.0018796532169797243,0.0,0.0027309741694992594,0.0342150696786704,0.556287997842748,0.8333333333333334,0.8340589793078684,-0.5000000000000012,0.8660254037844379,-0.10116832198743204,-0.9948693233918952,0.7818314824680298,0.6234898018587336
0.004683867305492363,0.0,0.0,-0.02298951822469872,-1.91959284073794,0.8333333333333334,0.8341038646258809,-0.5000000000000012,0.8660254037844379,-0.29936312297335776,-0.9541392564000489,0.9749279121818236,-0.22252093395631434
-0.01886846647869452,-0.010969020852107306,-0.02671738477690429,0.007414299394541882,1.4087672169719492,0.8333333333333334,0.8341487499438934,-0.5000000000000012,0.8660254037844379,-0.4853019625310808,-0.8743466161445822,0.43388373911755823,-0.900968867902419
-0.0019066219503222565,0.001836502291611439,0.017584866216408583,-0.03285141875505814,-0.8622235106038793,0.8333333333333334,0.8341936352619059,-0.5000000000000012,0.8660254037844379,-0.6513724827222217,-0.7587581226927913,-0.433883739117558,-0.9009688679024191
0.0019066219503222404,-0.009216602447065417,-0.03738749707439714,0.030077516577653975,-0.3794896217049037,0.8333333333333334,0.8342385205799183,-0.5000000000000012,0.8660254037844379,-0.7907757369376986,-0.6121059825476627,-0.9749279121818236,-0.2225209339563146
0.02073592338858177,0.1153108194080391,0.02073592338858177,0.006460538814165379,2.030170492673053,0.8333333333333334,0.8343731765339558,-0.5000000000000012,0.8660254037844379,-0.9987165071710528,-0.05064916883871355,0.7818314824680298,0.6234898018587336
0.025784092246311185,-0.08431470588079223,0.03753299501759689,0.011888582193395864,-0.3756121449584833,0.8333333333333334,0.8344180618519683,-0.5000000000000012,0.8660254037844379,-0.9884683243281114,0.15142777750457667,0.9749279121818236,-0.22252093395631434
-0.0183491210075612,0.08431470588079228,0.08521279562919218,-0.00913251856049572,-0.7537718023763802,0.8333333333333334,0.8344629471699807,-0.5000000000000012,0.8660254037844379,-0.9377521321470804,0.3473052528448203,0.43388373911755823,-0.900968867902419
-0.03581910814371279,-0.1097706883065727,-0.15112992755175186,-0.0036764713455991146,-1.6739764335716716,0.8333333333333334,0.8345527178060057,-0.5000000000000012,0.8660254037844379,-0.7247927872291207,0.6889669190756859,-0.9749279121818236,-0.2225209339563146
0.03117871092657533,0.02993420193229934,0.035819108143712836,0.012808989906094961,1.6422277352570913,0.8333333333333334,0.8346873737600431,-0.5000000000000012,0.8660254037844379,-0.20129852008866114,0.9795299412524943,0.7818314824680298,0.6234898018587336
-0.008407350150034427,0.009782257772911298,-0.004640397217137494,0.0045351724264647095,0.6090640633494039,0.8333333333333334,0.8347322590780556,-2.4492935982947064e-16,1.0,0.20129852008866006,0.9795299412524945,0.9749279121818236,-0.22252093395631434
0.0304873431655197,-0.009782257772911179,0.04011473025090322,-0.005444697635678155,-1.4039939382192916,0.8333333333333334,0.8347771443960681,-2.4492935982947064e-16,1.0,0.39435585511331855,0.9189578116202306,0.43388373911755823,-0.900968867902419
-0.01743959579834771,-0.017125212026204404,-0.026257730586700192,-0.010059495642893872,0.7621400520468967,0.8333333333333334,0.8348220297140806,-2.4492935982947064e-16,1.0,0.5712682150947923,0.8207634412072763,-0.433883739117558,-0.9009688679024191
0.023788882243405772,0.019802651095538446,0.02893516965603422,0.016408782087951795,0.28768207245178085,0.8333333333333334,0.8348669150320931,-2.4492935982947064e-16,1.0,0.72479278722912,0.6889669190756866,-0.9749279121818236,-0.2225209339563146
0.010791460989319218,0.07715904730493932,-0.003571428870374839,0.0757212276561443,0.7884573603642703,0.8333333333333334,0.8350015709861305,-2.4492935982947064e-16,1.0,0.9884683243281114,0.1514277775045767,0.7818314824680298,0.6234898018587336
0.026479855993001025,-0.010784021248819851,0.026479855993001025,-0.028051130692719667,-0.7637647477738987,0.8333333333333334,0.835046456304143,-2.4492935982947064e-16,1.0,0.9987165071710528,-0.05064916883871264,0.9749279121818236,-0.22252093395631434
-0.013152282710419516,-0.007534581888824875,0.03593201704466843,-0.023551062691524006,-0.5355182363563622,0.8333333333333334,0.8350913416221555,-2.4492935982947064e-16,1.0,0.9680771188662043,-0.2506525322587204,0.43388373911755823,-0.900968867902419
-0.035028309668469565,-0.0535071456640578,-0.0535071456640578,-0.013327573282581419,0.5596157879354227,0.8333333333333334,0.835136226940168,-2.4492935982947064e-16,1.0,0.8978045395707416,-0.4403941515576344,-0.433883739117558,-0.9009688679024191
0.0027385399912252008,0.023654231084497643,0.017575128619389327,-0.016231222225163745,1.2110902720948,0.8333333333333334,0.8351811122581804,-2.4492935982947064e-16,1.0,0.7907757369376989,-0.6121059825476626,-0.9749279121818236,-0.2225209339563146
0.03228976967724444,0.017167787108524648,0.0052129067577880986,0.044451762570833796,0.30873548164961323,0.8333333333333334,0.8353157682122179,-2.4492935982947064e-16,1.0,0.29936312297335804,-0.9541392564000488,0.7818314824680298,0.6234898018587336
0.02355106269152394,-0.004264415088582781,0.013769567727261917,0.012959111898322221,-1.702147310538368,0.8333333333333334,0.8353606535302304,-2.4492935982947064e-16,1.0,0.10116832198743272,-0.994869323391895,0.9749279121818236,-0.22252093395631434
-0.03956566730404398,0.024484124448443355,0.01526749806598757,-0.043866683573930795,0.7213180575266416,0.8333333333333334,0.8354055388482428,-2.4492935982947064e-16,1.0,-0.10116832198743204,-0.9948693233918952,0.43388373911755823,-0.900968867902419
-0.014453716104438548,-0.052215511195524,-0.05448819491714364,-0.014453716104438548,-0.21622310846963594,0.8333333333333334,0.8354504241662553,-2.4492935982947064e-16,1.0,-0.29936312297335776,-0.9541392564000489,-0.433883739117558,-0.9009688679024191
-0.11971846257940127,-0.026715764321101853,-0.03712511856255543,-0.11971846257940127,1.5920461697222312,0.8333333333333334,0.8354953094842678,-2.4492935982947064e-16,1.0,-0.4853019625310808,-0.8743466161445822,-0.9749279121818236,-0.2225209339563146
-0.017589700990864005,-0.1217393580817486,-0.10495058621186507,-0.0020534358584693275,-1.0986122886681098,0.8333333333333334,0.8356299654383051,-2.4492935982947064e-16,1.0,-0.8978045395707417,-0.44039415155763423,0.7818314824680298,0.6234898018587336
0.005205653674934549,-0.006135031341898179,-0.004106777931561619,-0.0051519163363776205,-0.03208831455150051,0.8333333333333334,0.8356748507563176,-2.4492935982947064e-16,1.0,-0.9680771188662041,-0.2506525322587213,0.9749279121818236,-0.22252093395631434
-0.014644649190202494,0.0020492278989437734,0.003081639065308729,0.00720535219484689,2.2916560224618556,0.8333333333333334,0.8357197360743301,-2.4492935982947064e-16,1.0,-0.9987165071710528,-0.05064916883871355,0.43388373911755823,-0.900968867902419
0.19644686497801966,1.4802543764364529,0.16941816847188754,1.3702692333997935,3.252926815926712,0.8333333333333334,0.8357646213923426,-2.4492935982947064e-16,1.0,-0.9884683243281114,0.15142777750457667,-0.433883739117558,-0.9009688679024191
0.5134196028986541,-0.27987042268382273,0.8405964211504934,-0.6374083194497301,-0.5777177210137441,0.8333333333333334,0.8359441626643925,-2.4492935982947064e-16,1.0,-0.5712682150947924,0.8207634412072763,0.7818314824680298,0.6234898018587336
-0.09790417545082913,-0.46809485896954217,-0.40527834503563576,-0.049505130176445554,-1.7664189497142562,0.8333333333333334,0.835989047982405,-2.4492935982947064e-16,1.0,-0.3943558551133187,0.9189578116202306,0.9749279121818236,-0.22252093395631434
0.06364524470621505,0.07807224745095225,0.0755075311372923,0.0534402026548195,-0.4030322859417585,0.8333333333333334,0.8360339333004175,-2.4492935982947064e-16,1.0,-0.20129852008866114,0.9795299412524943,0.43388373911755823,-0.900968867902419
0.04712912177065454,0.311186129986239,0.05310978773072341,0.2008045167123993,1.8759227474018534,0.8333333333333334,0.8360788186184299,-2.4492935982947064e-16,1.0,-2.4492935982947064e-16,1.0,-0.433883739117558,-0.9009688679024191
0.11396789923673362,-0.08667798045645354,0.19456164308401358,0.006006008923615999,-1.623651557318432,0.85,0.8362583598904799,0.49999999999999994,0.8660254037844387,0.72479278722912,0.6889669190756866,0.7818314824680298,0.6234898018587336
0.07641995216507214,-0.023920169510213356,0.016090436608233796,-0.01609691206095486,-1.1879670139672645,0.85,0.8363032452084923,0.49999999999999994,0.8660254037844387,0.8486442574947509,0.5289640103269624,0.9749279121818236,-0.22252093395631434
-0.003812762692738301,-0.05394307569756018,-0.03120814745115042,-0.004879998750784862,-0.5085759040319753,0.85,0.8363481305265048,0.49999999999999994,0.8660254037844387,0.9377521321470804,0.3473052528448203,0.43388373911755823,-0.900968867902419
0.0067682090661632015,-0.02266046790463032,0.01186832032837176,-0.008186732602834739,-0.0028129413766146126,0.85,0.8363930158445173,0.49999999999999994,0.8660254037844387,0.9884683243281114,0.1514277775045767,-0.433883739117558,-0.9009688679024191
-0.024755849792510453,-0.00807435792627652,-0.008170011403887468,-0.03683962623261475,0.1633636430493405,0.85,0.8364379011625298,0.49999999999999994,0.8660254037844387,0.9987165071710528,-0.05064916883871264,-0.9749279121818236,-0.2225209339563146
0.003451251309390149,-0.006914816083163886,-0.0388925622030786,0.005104176573384312,-0.38299225225610584,0.85,0.8365725571165672,0.49999999999999994,0.8660254037844387,0.7907757369376989,-0.6121059825476626,0.7818314824680298,0.6234898018587336
-0.05124795708241303,-0.041672696400568074,-0.009856580728570999,-0.0402564776244131,0.32132043160061075,0.85,0.8366174424345797,0.49999999999999994,0.8660254037844387,0.6513724827222223,-0.758758122692791,0.9749279121818236,-0.22252093395631434
-0.01922256384254059,-0.03463546305308928,-0.022648988601424357,-0.033231606972244525,-0.6906058831312728,0.85,0.8366623277525922,0.49999999999999994,0.8660254037844387,0.48530196253108104,-0.8743466161445821,0.43388373911755823,-0.900968867902419
-0.030020988050071695,-0.011965595959210247,-0.029959766114115924,-0.034846731947852934,0.1328966734664316,0.85,0.8367072130706047,0.49999999999999994,0.8660254037844387,0.29936312297335804,-0.9541392564000488,-0.433883739117558,-0.9009688679024191
-0.0066889588913741195,-0.030785604603120673,-0.039820103232263364,0.021053444894861474,-0.6120793574711635,0.85,0.8367520983886172,0.49999999999999994,0.8660254037844387,0.10116832198743272,-0.994869323391895,-0.9749279121818236,-0.2225209339563146
0.014279120946901853,0.029893523469222884,0.031158069112684747,-0.005105632346956156,0.2522247606150515,0.85,0.8369316396606671,0.49999999999999994,0.8660254037844387,-0.6513724827222217,-0.7587581226927913,0.9749279121818236,-0.22252093395631434
-0.012363459060325497,-0.03404004647575697,-0.01569022272971224,-0.0173672014293087,-0.2440614499758905,0.85,0.8369765249786796,0.49999999999999994,0.8660254037844387,-0.7907757369376986,-0.6121059825476627,0.43388373911755823,-0.900968867902419
-0.013972716201917207,0.032253578489900105,-0.014995580551679669,0.04173065350858481,0.1506602748874898,0.85,0.837021410296692,0.49999999999999994,0.8660254037844387,-0.8978045395707417,-0.44039415155763423,-0.433883739117558,-0.9009688679024191
0.04413528971512436,0.02254231681375609,0.022871464487047546,0.024670425225067783,0.5009871747657029,0.85,0.8370662956147045,0.49999999999999994,0.8660254037844387,-0.9680771188662041,-0.2506525322587213,-0.9749279121818236,-0.2225209339563146
-0.012144017491213093,0.0008737640703120237,0.054334310762830136,-0.0434653785454074,0.08912777989600733,0.85,0.837200951568742,0.49999999999999994,0.8660254037844387,-0.9377521321470804,0.3473052528448203,0.7818314824680298,0.6234898018587336
-0.0032949713289203656,-0.04009444054381131,-0.061280373266685575,-0.004173442197605586,-0.535679748106693,0.85,0.8372458368867544,0.49999999999999994,0.8660254037844387,-0.8486442574947509,0.5289640103269624,0.9749279121818236,-0.22252093395631434
-0.0728394110569621,-0.016961252192859023,-0.016870156786178845,-0.030191033743862793,0.5081731023168596,0.85,0.8372907222047669,0.49999999999999994,0.8660254037844387,-0.7247927872291207,0.6889669190756859,0.43388373911755823,-0.900968867902419
0.026027518756136826,0.00920396590148306,-0.013320876957683862,-0.03063692926871861,-0.03651521297509745,0.85,0.8373356075227794,0.49999999999999994,0.8660254037844387,-0.5712682150947924,0.8207634412072763,-0.433883739117558,-0.9009688679024191
0.0004939604416746113,-0.03876272934351675,-0.03063692926871861,0.007380088598125922,-0.12764556044726133,0.85,0.8373804928407919,0.49999999999999994,0.8660254037844387,-0.3943558551133187,0.9189578116202306,-0.9749279121818236,-0.2225209339563146
0.07650371711677556,0.23638879240519742,0.10135248745136778,0.2262759110174601,1.4877741169240324,0.85,0.8375151487948292,0.8660254037844386,0.5000000000000001,0.20129852008866006,0.9795299412524945,0.7818314824680298,0.6234898018587336
-0.01660557553570644,-0.02281469210713835,0.1443494891847304,-0.12829548395775986,-0.555647003786976,0.85,0.8375600341128417,0.8660254037844386,0.5000000000000001,0.39435585511331855,0.9189578116202306,0.9749279121818236,-0.22252093395631434
0.04546237407675741,-0.06556467282677549,-0.1403414609782719,0.004434613947057039,-0.8907418969742021,0.85,0.8376049194308542,0.8660254037844386,0.5000000000000001,0.5712682150947923,0.8207634412072763,0.43388373911755823,-0.900968867902419
-0.008928664956833478,-0.04322051679885496,0.015435824824356648,0.0,-0.8279664033688967,0.85,0.8376498047488667,0.8660254037844386,0.5000000000000001,0.72479278722912,0.6889669190756866,-0.433883739117558,-0.9009688679024191
0.013805669031098812,0.027491671404404033,0.004802397541749464,0.043720453791389995,0.35976295462730895,0.85,0.8376946900668791,0.8660254037844386,0.5000000000000001,0.8486442574947509,0.5289640103269624,-0.9749279121818236,-0.2225209339563146
0.16739419974072298,0.3627059998056949,0.2076938537790457,0.37318341622555046,2.447027961376015,0.85,0.8378293460209166,0.8660254037844386,0.5000000000000001,0.9987165071710528,-0.05064916883871264,0.7818314824680298,0.6234898018587336
0.18804150764234975,0.14937043450798587,0.2124711051537477,0.003202815561924693,-0.1677335863880655,0.85,0.8378742313389291,0.8660254037844386,0.5000000000000001,0.9680771188662043,-0.2506525322587204,0.9749279121818236,-0.22252093395631434
-0.14090946342181843,-0.15519288940570206,-0.02023192580103979,-0.12955267461326223,-0.7337237461919884,0.85,0.8379191166569415,0.8660254037844386,0.5000000000000001,0.8978045395707416,-0.4403941515576344,0.43388373911755823,-0.900968867902419
0.055531279927093856,-0.07014054842389314,-0.12518263058519988,0.009222749490331415,-0.8488327801052873,0.85,0.837964001974954,0.8660254037844386,0.5000000000000001,0.7907757369376989,-0.6121059825476626,-0.433883739117558,-0.9009688679024191
-0.1663791244502913,-0.02152664010193059,0.0026437532127687484,-0.17318312686870163,0.9354606479818752,0.85,0.8380088872929665,0.8660254037844386,0.5000000000000001,0.6513724827222223,-0.758758122692791,-0.9749279121818236,-0.2225209339563146
0.04368872716418053,-0.12420358963793937,-0.10793068598460742,0.06599944272710738,-0.7615374608867523,0.85,0.8381884285650164,0.8660254037844386,0.5000000000000001,-0.10116832198743204,-0.9948693233918952,0.9749279121818236,-0.22252093395631434
0.0011443365399922655,-0.010196763012298465,0.0044020221809768076,-0.018788551889085674,-0.22918586577017236,0.85,0.8382333138830289,0.8660254037844386,0.5000000000000001,-0.29936312297335776,-0.9541392564000489,0.43388373911755823,-0.900968867902419
-0.044035915091134206,-0.023330040106087843,-0.023330040106087843,-0.05072583896762512,-0.9808292530117262,0.85,0.8382781992010414,0.8660254037844386,0.5000000000000001,-0.4853019625310808,-0.8743466161445822,-0.433883739117558,-0.9009688679024191
0.008726723887484281,-0.026192445404602763,-0.05269439820286541,0.013986265812452391,-0.30466040898619884,0.85,0.8383230845190539,0.8660254037844386,0.5000000000000001,-0.6513724827222217,-0.7587581226927913,-0.9749279121818236,-0.2225209339563146
0.007475955902740322,0.04143720394054683,0.010216207944914854,0.03226700020462356,0.5923424814379796,0.85,0.8384577404730913,0.8660254037844386,0.5000000000000001,-0.9680771188662041,-0.2506525322587213,0.7818314824680298,0.6234898018587336
-0.055200350740400674,-0.013747228936666052,0.04397571985722843,-0.0792648116092718,0.7339691750802005,0.85,0.8385026257911038,0.8660254037844386,0.5000000000000001,-0.9987165071710528,-0.05064916883871355,0.9749279121818236,-0.22252093395631434
0.024955298629140338,0.006711446043147365,-0.0769610240106635,0.08336542141060282,-0.8545971628688152,0.85,0.8385475111091163,0.8660254037844386,0.5000000000000001,-0.9884683243281114,0.15142777750457667,0.43388373911755823,-0.900968867902419
0.03337616711979177,0.011821330806152839,0.06340154317580443,-0.02029378232532249,0.1865859555804121,0.85,0.8385923964271288,0.8660254037844386,0.5000000000000001,-0.9377521321470804,0.3473052528448203,-0.433883739117558,-0.9009688679024191
-0.04108257460056658,-0.025289570922664678,0.006802686761494424,-0.06996962057422075,0.021053409197832263,0.85,0.8386372817451412,0.8660254037844386,0.5000000000000001,-0.8486442574947509,0.5289640103269624,-0.9749279121818236,-0.2225209339563146
0.01575477124233841,0.08308028722463118,-0.062155866175735354,0.07678010104481077,0.9023044898994151,0.85,0.8387719376991787,1.0,6.123233995736766e-17,0.20129852008866006,0.9795299412524945,0.7818314824680298,0.6234898018587336
0.031560774333482276,-0.044294219632158176,0.06928671033800421,0.005265126448350712,-1.568052696271246,0.85,0.8388168230171912,1.0,6.123233995736766e-17,0.39435585511331855,0.9189578116202306,0.9749279121818236,-0.22252093395631434
-0.004671119477948502,-0.03502665024667877,-0.018875607761009643,-0.03862075228242153,0.9162907318741551,0.85,0.8388617083352036,1.0,6.123233995736766e-17,0.5712682150947923,0.8207634412072763,0.43388373911755823,-0.900968867902419
-0.0475423514766177,0.02042786505340343,-0.024692588966579474,0.006993047409389631,0.43563598574152773,0.85,0.8389065936532161,1.0,6.123233995736766e-17,0.72479278722912,0.6889669190756866,-0.433883739117558,-0.9009688679024191
-0.060726940226029306,-0.05672597976366212,-0.0011725890184978776,-0.06932474782882547,-0.15882358552665074,0.85,0.8389514789712286,1.0,6.123233995736766e-17,0.8486442574947509,0.5289640103269624,-0.9749279121818236,-0.2225209339563146
0.013388214207421019,-0.04781790403685242,-0.067123002279707,-0.021388956437315542,-1.1027190706207632,0.85,0.839086134925266,1.0,6.123233995736766e-17,0.9987165071710528,-0.05064916883871264,0.7818314824680298,0.6234898018587336
-0.007319734747512711,0.03213124802708315,-0.03273407969941485,0.06363727899608286,0.012270092591814401,0.85,0.8391310202432785,1.0,6.123233995736766e-17,0.9680771188662043,-0.2506525322587204,0.9749279121818236,-0.22252093395631434
0.08726346033231065,0.0383843079881916,0.09042676561252617,0.043967442238791954,-0.6000567574939333,0.85,0.839175905561291,1.0,6.123233995736766e-17,0.8978045395707416,-0.4403941515576344,0.43388373911755823,-0.900968867902419
0.04982690767882406,0.052243767170277025,0.047040257950413826,0.05300481961344498,0.6706743247078867,0.85,0.8392207908793035,1.0,6.123233995736766e-17,0.7907757369376989,-0.6121059825476626,-0.433883739117558,-0.9009688679024191
-0.005289067697533399,0.0,0.0424027217842349,-0.024115155703210447,-0.58551651636758,0.85,0.839265676197316,1.0,6.123233995736766e-17,0.6513724827222223,-0.758758122692791,-0.9749279121818236,-0.2225209339563146
0.0015140394796766244,-0.007246436063707351,-0.04655440555389679,-0.020172552040845983,0.490206336563255,0.85,0.8394003321513533,1.0,6.123233995736766e-17,0.10116832198743272,-0.994869323391895,0.7818314824680298,0.6234898018587336
-0.002651002991832355,-0.0025486885973929393,0.023917410044384076,0.009389740349839137,-0.6208265189803193,0.85,0.8394452174693658,1.0,6.123233995736766e-17,-0.10116832198743204,-0.9948693233918952,0.9749279121818236,-0.22252093395631434
0.004917700801672643,-0.008052796926701699,-0.021650712234543793,0.016682528009180252,0.3331444465285383,0.85,0.8394901027873783,1.0,6.123233995736766e-17,-0.29936312297335776,-0.9541392564000489,0.43388373911755823,-0.900968867902419
-0.019048194970694474,0.0,0.0022615715084654212,-0.0018399690217018477,0.540384426007535,0.85,0.8395349881053907,1.0,6.123233995736766e-17,-0.4853019625310808,-0.8743466161445822,-0.433883739117558,-0.9009688679024191
-0.008497513875626993,-0.0022074868189369597,0.021970727828852142,-0.019714187836105266,-1.3025244780544318,0.85,0.8395798734234032,1.0,6.123233995736766e-17,-0.6513724827222217,-0.7587581226927913,-0.9749279121818236,-0.2225209339563146
0.036935449196160396,-0.0007369365924321676,-0.0007369365924321676,0.016393758513199096,-0.03636764417087483,0.85,0.8397145293774407,1.0,6.123233995736766e-17,-0.9680771188662041,-0.2506525322587213,0.7818314824680298,0.6234898018587336
-0.06765864847381481,-0.01447953262279491,-0.01447953262279491,-0.034207427083408556,1.329135947279942,0.85,0.8397594146954531,1.0,6.123233995736766e-17,-0.9987165071710528,-0.05064916883871355,0.9749279121818236,-0.22252093395631434
0.0015987579262899685,-0.01925678668739757,-0.036949520686560294,-0.03899129454521367,-0.29423947299793995,0.85,0.8398043000134656,1.0,6.123233995736766e-17,-0.9884683243281114,0.15142777750457667,0.43388373911755823,-0.900968867902419
-0.08107495281968961,-0.014980091607364158,-0.04402855087917638,-0.05938280104534264,0.3513978868378886,0.85,0.8398491853314781,1.0,6.123233995736766e-17,-0.9377521321470804,0.3473052528448203,-0.433883739117558,-0.9009688679024191
0.015470897452218088,-0.05693080666567668,-0.012650626353823751,-0.010604552905603783,-1.463255402256019,0.85,0.8398940706494906,1.0,6.123233995736766e-17,-0.8486442574947509,0.5289640103269624,-0.9749279121818236,-0.2225209339563146
0.01691370590186855,0.0028635607908001743,-0.009076020337435162,0.04298591151760943,0.3074846997479607,0.85,0.840028726603528,1.0,6.123233995736766e-17,-0.3943558551133187,0.9189578116202306,0.7818314824680298,0.6234898018587336
-0.030221537939829724,-0.00943982156113651,-0.024330056791424866,-0.03027390846397852,-0.3483066942682157,0.85,0.8400736119215405,1.0,6.123233995736766e-17,-0.20129852008866114,0.9795299412524943,0.9749279121818236,-0.22252093395631434
0.026440808738459925,0.0696799206379898,0.09434464913897815,0.0008417701494946816,2.5776883832389665,0.85,0.840118497239553,1.0,6.123233995736766e-17,-2.4492935982947064e-16,1.0,0.43388373911755823,-0.900968867902419
-0.01869215573166656,-0.04282721487296071,-0.060527969307645715,-0.001684249472977415,0.4467933036010103,0.85,0.8401633825575655,0.8660254037844387,-0.4999999999999998,0.20129852008866006,0.9795299412524945,-0.433883739117558,-0.9009688679024191
-0.00042891825928071515,-0.012522864703304926,-0.011560850624911708,-0.01528686669568709,-0.7218965938459313,0.85,0.8403429238296154,0.8660254037844387,-0.4999999999999998,0.8486442574947509,0.5289640103269624,0.7818314824680298,0.6234898018587336
-0.004730118578985883,-0.018876268059657485,-0.037229305714682095,0.015286866695687065,-2.1484344131667874,0.85,0.8403878091476279,0.8660254037844387,-0.4999999999999998,0.9377521321470804,0.3473052528448203,0.9749279121818236,-0.22252093395631434
0.002582845373081018,0.008661674809147521,0.04837955363712159,0.002104868980384137,-0.03636764417087483,0.85,0.8404326944656404,0.8660254037844387,-0.4999999999999998,0.9884683243281114,0.1514277775045767,0.43388373911755823,-0.900968867902419
-0.0047403928765970505,-0.022846316573557544,-0.022846316573557544,-0.023400393060945268,0.8472978603872037,0.85,0.8404775797836528,0.8660254037844387,-0.4999999999999998,0.9987165071710528,-0.05064916883871264,-0.433883739117558,-0.9009688679024191
-0.006500548124919304,-0.017804628472582133,-0.033756634626815114,-0.009950311147456654,-1.252762968495368,0.85,0.8405224651016653,0.8660254037844387,-0.4999999999999998,0.9680771188662043,-0.2506525322587204,-0.9749279121818236,-0.2225209339563146
-0.02064643100805484,0.0,0.01595200615423305,-0.01312925783212572,1.3143208614948014,0.85,0.8406571210557028,0.8660254037844387,-0.4999999999999998,0.6513724827222223,-0.758758122692791,0.7818314824680298,0.6234898018587336
-0.02017556696754192,-0.01856295039846401,-0.01856295039846401,-0.026787332312243416,0.7581520108689414,0.85,0.8407020063737152,0.8660254037844387,-0.4999999999999998,0.48530196253108104,-0.8743466161445821,0.9749279121818236,-0.22252093395631434
-0.0018131921294867643,-0.004366835715371656,-0.032775373065169755,0.005415127524564874,0.027587956518828963,0.85,0.8407468916917277,0.8660254037844387,-0.4999999999999998,0.29936312297335804,-0.9541392564000488,0.43388373911755823,-0.900968867902419
-0.001816572465750154,-0.0052655163094643175,0.0040440475686079145,-0.009950299951029537,-0.9299895762323169,0.85,0.8407917770097402,0.8660254037844387,-0.4999999999999998,0.10116832198743272,-0.994869323391895,-0.433883739117558,-0.9009688679024191
-0.030927924451894195,0.00526551630946446,-0.011727618429474947,-0.002730974169499203,0.7017309242513368,0.85,0.8408366623277527,0.8660254037844387,-0.4999999999999998,-0.10116832198743204,-0.9948693233918952,-0.9749279121818236,-0.2225209339563146
-0.002346832165802354,-0.002190631536593278,-0.004547546635249317,0.007266146595963839,1.48199296586598,0.85,0.8409713182817901,0.8660254037844387,-0.4999999999999998,-0.6513724827222217,-0.7587581226927913,0.7818314824680298,0.6234898018587336
-0.06203542318662823,0.008298826321239598,0.01178084405605853,-0.01872627632370109,0.056618893999507904,0.85,0.8410162035998026,0.8660254037844387,-0.4999999999999998,-0.7907757369376986,-0.6121059825476627,0.9749279121818236,-0.22252093395631434
0.03922067647349922,-0.026444925468721518,-0.022780027539961844,-0.01346044525896203,-1.153291317849791,0.85,0.8410610889178151,0.8660254037844387,-0.4999999999999998,-0.8978045395707417,-0.44039415155763423,0.43388373911755823,-0.900968867902419
-0.004819212899189087,-0.01802660919243701,-0.025672408249020312,0.0,0.1151957120914325,0.85,0.8411059742358276,0.8660254037844387,-0.4999999999999998,-0.9680771188662041,-0.2506525322587213,-0.433883739117558,-0.9009688679024191
0.033257167073816304,-0.019748072888184212,0.011751016746224467,0.007448817067917252,-2.623632859289627,0.85,0.84115085955384,0.8660254037844387,-0.4999999999999998,-0.9987165071710528,-0.05064916883871355,-0.9749279121818236,-0.2225209339563146
0.026742023946984814,0.03598661685753978,0.026742023946984814,0.025642493324125833,1.1895840668738364,0.85,0.8412855155078774,0.8660254037844387,-0.4999999999999998,-0.8486442574947509,0.5289640103269624,0.7818314824680298,0.6234898018587336
-0.0018214489602857004,0.006688971082799936,-0.0018214489602857004,0.011238598423898504,-1.120591195386885,0.85,0.84133040082589,0.8660254037844387,-0.4999999999999998,-0.7247927872291207,0.6889669190756859,0.9749279121818236,-0.22252093395631434
-0.011460129727737236,0.0026630937467168087,-0.010538537469383696,-0.02672866398682136,1.0296194171811581,0.85,0.8413752861439023,0.8660254037844387,-0.4999999999999998,-0.5712682150947924,0.8207634412072763,0.43388373911755823,-0.900968867902419
-0.015331306794574487,-0.02014838048250988,-0.016252899052927965,0.005950997611833985,-0.5596157879354228,0.85,0.8414201714619148,0.8660254037844387,-0.4999999999999998,-0.3943558551133187,0.9189578116202306,-0.433883739117558,-0.9009688679024191
-0.018904226893404312,0.03423310735723383,0.039922664717441936,0.02834840258645241,0.8994836135577738,0.85,0.8414650567799273,0.8660254037844387,-0.4999999999999998,-0.20129852008866114,0.9795299412524943,-0.9749279121818236,-0.2225209339563146
0.053414206701480546,0.04737393747906958,0.01915854148211407,0.06234551808136078,1.1098483619350354,0.85,0.8415997127339647,0.5000000000000003,-0.8660254037844385,0.5712682150947923,0.8207634412072763,0.7818314824680298,0.6234898018587336
0.0197050096408703,-0.0016687115984514356,0.05244000451456248,-0.03521042119451385,-0.9107196868246996,0.85,0.8416445980519772,0.5000000000000003,-0.8660254037844385,0.72479278722912,0.6889669190756866,0.9749279121818236,-0.22252093395631434
0.010147956046055855,0.0,0.0004186824086821991,0.029776796133933695,0.4855078157817008,0.85,0.8416894833699897,0.5000000000000003,-0.8660254037844385,0.8486442574947509,0.5289640103269624,0.43388373911755823,-0.900968867902419
-0.05643564489273706,0.0004173793241576146,-0.0211513812877702,-0.061358337796450245,0.5705448584676129,0.85,0.8417343686880022,0.5000000000000003,-0.8660254037844385,0.9377521321470804,0.3473052528448203,-0.433883739117558,-0.9009688679024191
0.022957848714137745,0.001668095311354922,0.025328512809349026,-0.01526747866907375,0.1726127426669937,0.85,0.8417792540060147,0.5000000000000003,-0.8660254037844385,0.9884683243281114,0.1514277775045767,-0.9749279121818236,-0.2225209339563146
-0.01187229570918196,-0.07571182173569636,-0.09710417103715868,-0.010004686587189076,-1.3309442660367257,0.85,0.8419139099600521,0.5000000000000003,-0.8660254037844385,0.8978045395707416,-0.4403941515576344,0.7818314824680298,0.6234898018587336
-0.052817595339794646,-0.002249685367373981,0.019559426971149114,-0.01798523919379297,-0.5634693572514127,0.85,0.8419587952780646,0.5000000000000003,-0.8660254037844385,0.7907757369376989,-0.6121059825476626,0.9749279121818236,-0.22252093395631434
0.028641594436494472,0.013422985965499316,-0.04373542787444932,0.005105632346956286,1.5248805244060373,0.85,0.8420036805960771,0.5000000000000003,-0.8660254037844385,0.6513724827222223,-0.758758122692791,0.43388373911755823,-0.900968867902419
0.01772430579503095,-0.023837454067634333,0.01772430579503095,0.009216602447065358,-0.9461436950238362,0.85,0.8420485659140896,0.5000000000000003,-0.8660254037844385,0.48530196253108104,-0.8743466161445821,-0.433883739117558,-0.9009688679024191
0.009661956697872431,0.022503200496174613,0.009661956697872431,0.014572279796340206,-0.723918839226699,0.85,0.842093451232102,0.5000000000000003,-0.8660254037844385,0.29936312297335804,-0.9541392564000488,-0.9749279121818236,-0.2225209339563146
0.000457781136838328,0.014579446859223045,0.009569409429096499,0.016588541200014642,0.4855078157817008,0.85,0.8422281071861395,0.5000000000000003,-0.8660254037844385,-0.29936312297335776,-0.9541392564000489,0.7818314824680298,0.6234898018587336
0.03595889608694458,0.008733713431011883,0.03125257810453368,0.011933863520274748,-0.262364264467491,0.85,0.842272992504152,0.5000000000000003,-0.8660254037844385,-0.4853019625310808,-0.8743466161445822,0.9749279121818236,-0.22252093395631434
-0.010206414040157184,0.02744595079015344,-0.014611724350004185,0.027731386747080748,1.0732944806838198,0.85,0.8423178778221644,0.5000000000000003,-0.8660254037844385,-0.6513724827222217,-0.7587581226927913,0.43388373911755823,-0.900968867902419
0.03247322506941562,-0.012343166267363615,0.040643579404984226,-0.010309359945159682,-1.9895852125579747,0.85,0.8423627631401769,0.5000000000000003,-0.8660254037844385,-0.7907757369376986,-0.6121059825476627,-0.433883739117558,-0.9009688679024191
-0.029800641454033428,-0.009466560491921207,-0.009466560491921207,-0.02713509688684687,0.6931471805599453,0.85,0.8424076484581894,0.5000000000000003,-0.8660254037844385,-0.8978045395707417,-0.44039415155763423,-0.9749279121818236,-0.2225209339563146
-0.013435008981064252,-0.006506187459499,-0.006506187459499,-0.01205104740507633,0.5232481437645479,0.85,0.8425423044122268,0.5000000000000003,-0.8660254037844385,-0.9884683243281114,0.15142777750457667,0.7818314824680298,0.6234898018587336
0.0009013275636019772,0.04134410321191397,-0.031832896370917664,0.0008976866467854834,1.0924203184201886,0.85,0.8425871897302393,0.5000000000000003,-0.8660254037844385,-0.9377521321470804,0.3473052528448203,0.9749279121818236,-0.22252093395631434
0.0026990328847262845,-0.06958955524112391,0.003587444341707721,0.0008967960351702353,-2.248191020928247,0.85,0.8426320750482518,0.5000000000000003,-0.8660254037844385,-0.8486442574947509,0.5289640103269624,0.43388373911755823,-0.900968867902419
0.003587444341707721,0.0115711226861222,0.0053571080764159345,0.0013438159649060177,0.0,0.85,0.8426769603662643,0.5000000000000003,-0.8660254037844385,-0.7247927872291207,0.6889669190756859,-0.433883739117558,-0.9009688679024191
0.006691955322865629,0.04075121756710893,0.027663721427075735,0.039496121663785,1.6885752329928243,0.85,0.8427218456842768,0.5000000000000003,-0.8660254037844385,-0.5712682150947924,0.8207634412072763,-0.9749279121818236,-0.2225209339563146
0.024161119769944398,0.0008491953908648343,-0.0021677544106815344,0.010699866791927958,-1.8827312474337816,0.85,0.8429013869563267,1.2246467991473532e-16,-1.0,0.20129852008866006,0.9795299412524945,0.9749279121818236,-0.22252093395631434
0.003898564395898762,0.015164596156571826,0.03748305670785763,-0.006834706163891628,1.252762968495368,0.85,0.8429462722743392,1.2246467991473532e-16,-1.0,0.39435585511331855,0.9189578116202306,0.43388373911755823,-0.900968867902419
-0.0052015259656843765,-0.007553552731644652,-0.025832502135406422,-0.013811168768797106,-0.10763066419236544,0.85,0.8429911575923515,1.2246467991473532e-16,-1.0,0.5712682150947923,0.8207634412072763,-0.433883739117558,-0.9009688679024191
-0.009168411496195997,-0.010586590613310064,-0.00904979609498211,0.018088351550371747,-1.5869650565820417,0.85,0.843036042910364,1.2246467991473532e-16,-1.0,0.72479278722912,0.6889669190756866,-0.9749279121818236,-0.2225209339563146
0.006557467251964867,0.008478251787259996,-0.0012995750841788378,0.006805634343207471,1.2992829841302609,0.85,0.8431706988644015,1.2246467991473532e-16,-1.0,0.9884683243281114,0.1514277775045767,0.7818314824680298,0.6234898018587336
0.019845305234652066,0.050617656266524626,0.036181873314567264,-0.007659624903158146,0.7230001437096264,0.85,0.8432155841824139,1.2246467991473532e-16,-1.0,0.9987165071710528,-0.05064916883871264,0.9749279121818236,-0.22252093395631434
-0.028598129587795368,-0.03845056647083333,-0.039220716342827554,-0.028598129587795368,-1.1749852674526837,0.85,0.8432604695004264,1.2246467991473532e-16,-1.0,0.9680771188662043,-0.2506525322587204,0.43388373911755823,-0.900968867902419
0.0035103118029162126,-0.02234960308295453,-0.00043488710977231186,0.0035103118029162126,-0.40546510810816444,0.85,0.8433053548184389,1.2246467991473532e-16,-1.0,0.8978045395707416,-0.4403941515576344,-0.433883739117558,-0.9009688679024191
0.010890981134392914,0.0046798086883859495,0.003907109514891122,0.03147487891552971,0.3053816495511819,0.85,0.8433502401364514,1.2246467991473532e-16,-1.0,0.7907757369376989,-0.6121059825476626,-0.9749279121818236,-0.2225209339563146
0.0038919034028062354,0.010555301953394448,0.020159349731577927,-0.015398024557820383,-1.1526795099383855,0.85,0.8434848960904888,1.2246467991473532e-16,-1.0,0.29936312297335804,-0.9541392564000488,0.7818314824680298,0.6234898018587336
0.0043066552489634735,-0.013105216918686586,-0.0021253669157332367,0.0030126854284532093,0.4054651081081644,0.85,0.8435297814085013,1.2246467991473532e-16,-1.0,0.10116832198743272,-0.994869323391895,0.9749279121818236,-0.22252093395631434
-0.017338952255529335,0.020219709359860463,-0.012848109592528339,-0.017338952255529335,0.5753641449035618,0.85,0.8435746667265138,1.2246467991473532e-16,-1.0,-0.10116832198743204,-0.9948693233918952,0.43388373911755823,-0.900968867902419
0.00610286926382493,-0.04129121651563997,-0.00822339756325112,0.00610286926382493,-1.1631508098056809,0.85,0.8436195520445263,1.2246467991473532e-16,-1.0,-0.29936312297335776,-0.9541392564000489,-0.433883739117558,-0.9009688679024191
-0.005665784162518759,0.006497732122036961,0.003037524339934823,0.006497732122036961,1.2237754316221157,0.85,0.8436644373625388,1.2246467991473532e-16,-1.0,-0.4853019625310808,-0.8743466161445822,-0.9749279121818236,-0.2225209339563146
-0.005697984434855674,0.05624647143431052,-0.014401292937309153,0.027678991952428973,1.8207470061013074,0.85,0.8437990933165762,1.2246467991473532e-16,-1.0,-0.8978045395707417,-0.44039415155763423,0.7818314824680298,0.6234898018587336
0.03328599709620768,-0.004090000885530467,0.03922070670408885,0.00794819227914568,-1.219973145672377,0.85,0.8438439786345887,1.2246467991473532e-16,-1.0,-0.9680771188662041,-0.2506525322587213,0.9749279121818236,-0.22252093395631434
-0.06136892789900673,0.0270887833321041,0.014267978246897364,0.018576416777002464,1.2294518896269209,0.85,0.8438888639526012,1.2246467991473532e-16,-1.0,-0.9987165071710528,-0.05064916883871355,0.43388373911755823,-0.900968867902419
0.10422960856940532,0.0071542557241137915,0.02306525118597887,0.02224557774325249,-2.0984897366505306,0.85,0.8439337492706136,1.2246467991473532e-16,-1.0,-0.9884683243281114,0.15142777750457667,-0.433883739117558,-0.9009688679024191
-0.0647829091692318,0.0,0.01133618167418333,-0.004008036717608227,1.32687094064909,0.85,0.8439786345886261,1.2246467991473532e-16,-1.0,-0.9377521321470804,0.3473052528448203,-0.9749279121818236,-0.2225209339563146
0.046282942330894625,-0.020404798008515967,-0.01215078661779031,-0.030997597765033497,-0.4578330936254803,0.85,0.8441132905426636,1.2246467991473532e-16,-1.0,-0.5712682150947924,0.8207634412072763,0.7818314824680298,0.6234898018587336
-0.004158025977282895,0.00040413130184653297,0.008521012424381906,0.005370848214247676,-0.7949298748698876,0.85,0.844158175860676,1.2246467991473532e-16,-1.0,-0.3943558551133187,0.9189578116202306,0.9749279121818236,-0.22252093395631434
0.02061928720273561,0.02434766462181624,-0.010152371464017962,0.017966944349827336,2.3513752571634776,0.85,0.8442030611786885,1.2246467991473532e-16,-1.0,-0.20129852008866114,0.9795299412524943,0.43388373911755823,-0.900968867902419
0.002038705612884375,0.001969637690524064,0.03646967377635832,-0.006496159786068387,-1.589235205116581,0.85,0.844247946496701,-0.4999999999999997,-0.8660254037844388,0.20129852008866006,0.9795299412524945,-0.433883739117558,-0.9009688679024191
-0.0020387056128842954,-0.03402370979311514,-0.03402370979311514,-0.0020387056128842954,-1.0033021088637848,0.85,0.8442928318147135,-0.4999999999999997,-0.8660254037844388,0.39435585511331855,0.9189578116202306,-0.9749279121818236,-0.2225209339563146
0.0,0.003252032360632719,-0.0024459639832431408,0.00040808932764406226,-0.45198512374305727,0.85,0.8444723730867634,-0.4999999999999997,-0.8660254037844388,0.9377521321470804,0.3473052528448203,0.9749279121818236,-0.22252093395631434
0.0,-0.0056979963438759836,0.0,-0.00040808932764410807,-1.252762968495368,0.85,0.8445172584047759,-0.4999999999999997,-0.8660254037844388,0.9884683243281114,0.1514277775045767,0.43388373911755823,-0.900968867902419
-0.03785021766276826,0.004886037293091022,0.0,-0.023122395112683266,2.740840023925201,0.85,0.8445621437227884,-0.4999999999999997,-0.8660254037844388,0.9987165071710528,-0.05064916883871264,-0.433883739117558,-0.9009688679024191
0.0025401989202306404,-0.01720649015470835,-0.035310018742537586,0.007490684215073938,0.20359895524123955,0.85,0.8446070290408008,-0.4999999999999997,-0.8660254037844388,0.9680771188662043,-0.2506525322587204,-0.9749279121818236,-0.2225209339563146
-0.01705796677477838,-0.010384308976630589,-0.004237310742297214,-0.007073050940638605,0.5671064596645803,0.85,0.8447416849948383,-0.4999999999999997,-0.8660254037844388,0.6513724827222223,-0.758758122692791,0.7818314824680298,0.6234898018587336
0.043759648672248325,0.04689950562330198,0.061348794728644136,0.02880852930082043,0.8387324975282805,0.85,0.8447865703128508,-0.4999999999999997,-0.8660254037844388,0.48530196253108104,-0.8743466161445821,0.9749279121818236,-0.22252093395631434
-0.0037121160165498267,0.010699545355210454,0.013092823896454766,0.0020263895089144093,-0.7259370033829361,0.85,0.8448314556308631,-0.4999999999999997,-0.8660254037844388,0.29936312297335804,-0.9541392564000488,0.43388373911755823,-0.900968867902419
0.009868491466115114,-0.007517365954975563,-0.037346250535766554,0.00806451362842452,-1.181993897607161,0.85,0.8448763409488756,-0.4999999999999997,-0.8660254037844388,0.10116832198743272,-0.994869323391895,-0.433883739117558,-0.9009688679024191
-0.007392243204739273,-0.023303582290753477,0.0032679735818230645,-0.018237541025644316,0.44802472252696035,0.85,0.8449212262668881,-0.4999999999999997,-0.8660254037844388,-0.10116832198743204,-0.9948693233918952,-0.9749279121818236,-0.2225209339563146
-0.045970571213364876,0.01612936642298423,-0.05663078799992708,-0.01649528229623265,1.0799201556559572,0.85,0.8450558822209255,-0.4999999999999997,-0.8660254037844388,-0.6513724827222217,-0.7587581226927913,0.7818314824680298,0.6234898018587336
0.05622286514125056,0.07510750079624665,0.05622286514125056,0.09625474895294411,-0.19753097545748338,0.85,0.845100767538938,-0.4999999999999997,-0.8660254037844388,-0.7907757369376986,-0.6121059825476627,0.9749279121818236,-0.22252093395631434
0.07844082205640107,0.05977300273107575,0.08745326646369012,0.02682728756953623,1.1795387789886538,0.85,0.8451456528569505,-0.4999999999999997,-0.8660254037844388,-0.8978045395707417,-0.44039415155763423,0.43388373911755823,-0.900968867902419
0.024223268137658023,-0.033769007675465236,0.015210823730368925,0.01677031936886204,-2.8728581754034566,0.85,0.845190538174963,-0.4999999999999997,-0.8660254037844388,-0.9680771188662041,-0.2506525322587213,-0.433883739117558,-0.9009688679024191
0.02257106497107389,0.05452376433664904,0.02257106497107389,0.041082259262290345,2.321161478566981,0.85,0.8452354234929755,-0.4999999999999997,-0.8660254037844388,-0.9987165071710528,-0.05064916883871355,-0.9749279121818236,-0.2225209339563146
0.0061008648542309075,0.023347382581749017,0.03987118870676494,0.034109719120314415,-0.39326983501434615,0.85,0.8453700794470129,-0.4999999999999997,-0.8660254037844388,-0.8486442574947509,0.5289640103269624,0.7818314824680298,0.6234898018587336
0.0032148679194607074,0.0,0.030320817159140156,-0.01759180911853057,-0.6061358035703156,0.85,0.8454149647650254,-0.4999999999999997,-0.8660254037844388,-0.7247927872291207,0.6889669190756859,0.9749279121818236,-0.22252093395631434
0.03710609246922215,0.019212248161496324,-0.023770180622991362,0.014905443351782904,0.4382549309311553,0.85,0.8454598500830379,-0.4999999999999997,-0.8660254037844388,-0.5712682150947924,0.8207634412072763,0.43388373911755823,-0.900968867902419
0.027120280352083824,-0.0039447431687168405,0.04073948616349075,0.0070364166993144,-0.661398482245365,0.85,0.8455047354010504,-0.4999999999999997,-0.8660254037844388,-0.3943558551133187,0.9189578116202306,-0.433883739117558,-0.9009688679024191
0.0003343999018331648,0.008853920814381851,-0.009947006370734823,0.022450543410387852,-0.4700036292457356,0.85,0.8455496207190628,-0.4999999999999997,-0.8660254037844388,-0.20129852008866114,0.9795299412524943,-0.9749279121818236,-0.2225209339563146
-0.030897037553814836,0.004560310765280438,0.023057637561575823,-0.029823271832976422,-0.35667494393873245,0.85,0.8456842766731003,-0.8660254037844385,-0.5000000000000004,0.39435585511331855,0.9189578116202306,0.7818314824680298,0.6234898018587336
0.03223352004875542,0.07901716986440546,-0.025058954605474307,0.11340075246266228,2.0794415416798357,0.85,0.8457291619911128,-0.8660254037844385,-0.5000000000000004,0.5712682150947923,0.8207634412072763,0.9749279121818236,-0.22252093395631434
0.06620655276449716,0.01726752723497362,0.12329555127504732,-0.024624972733267633,0.06899287148695142,0.85,0.8457740473091252,-0.8660254037844385,-0.5000000000000004,0.72479278722912,0.6889669190756866,0.43388373911755823,-0.900968867902419
-0.045716776879835316,-0.053346045485615404,-0.053346045485615404,-0.039233083697113626,-2.70805020110221,0.85,0.8458189326271377,-0.8660254037844385,-0.5000000000000004,0.8486442574947509,0.5289640103269624,-0.433883739117558,-0.9009688679024191
-0.008541452470028353,0.004968949761003931,0.004968949761003931,-0.004813088666318385,1.0116009116784799,0.85,0.8458638179451502,-0.8660254037844385,-0.5000000000000004,0.9377521321470804,0.3473052528448203,-0.9749279121818236,-0.2225209339563146
-0.014288341272040464,0.04808182970828274,-0.0292335263386424,0.05384715985027333,1.3318061758358208,0.85,0.8459984738991876,-0.8660254037844385,-0.5000000000000004,0.9680771188662043,-0.2506525322587204,0.7818314824680298,0.6234898018587336
0.05057352834135089,0.006181120395295948,0.0025485812721503932,0.006077106189001481,-0.40947312950570314,0.85,0.8460433592172001,-0.8660254037844385,-0.5000000000000004,0.8978045395707416,-0.4403941515576344,0.9749279121818236,-0.22252093395631434
0.016722231732863094,0.008182359190243562,0.07210601472362017,-0.004858796537150527,0.04706751085798573,0.85,0.8460882445352126,-0.8660254037844385,-0.5000000000000004,0.7907757369376989,-0.6121059825476626,0.43388373911755823,-0.900968867902419
-0.02888630844386799,-0.009063104690411541,-0.032188061681720045,0.0048587965371504555,0.37037378829689427,0.85,0.8461331298532251,-0.8660254037844385,-0.5000000000000004,0.6513724827222223,-0.758758122692791,-0.433883739117558,-0.9009688679024191
-0.02313180485851761,0.027518051300337566,-0.02821454776674931,0.014734943813142415,0.18759861389479834,0.85,0.8461780151712376,-0.8660254037844385,-0.5000000000000004,0.48530196253108104,-0.8743466161445821,-0.9749279121818236,-0.2225209339563146
0.068773110386041,0.006549917870156824,0.10243171356524639,-0.011710068837811003,-0.706392407309966,0.85,0.846312671125275,-0.8660254037844385,-0.5000000000000004,-0.10116832198743204,-0.9948693233918952,0.7818314824680298,0.6234898018587336
-0.0009234656261388793,-0.034361648758764594,-0.07574689648926276,0.012605154078630155,0.5877866649021191,0.85,0.8463575564432875,-0.8660254037844385,-0.5000000000000004,-0.29936312297335776,-0.9541392564000489,0.9749279121818236,-0.22252093395631434
-0.012707433693118378,-0.03710783847105734,-0.0030664995587265363,-0.04483133405540536,-2.8258332367585934,0.85,0.8464024417613,-0.8660254037844385,-0.5000000000000004,-0.4853019625310808,-0.8743466161445822,0.43388373911755823,-0.900968867902419
0.0,-0.022819302113314018,-0.015475393295146585,0.0,-0.13353139262452263,0.85,0.8464473270793124,-0.8660254037844385,-0.5000000000000004,-0.6513724827222217,-0.7587581226927913,-0.433883739117558,-0.9009688679024191
0.009313921035153027,0.06373882252414784,0.009313921035153027,0.04393624881458624,1.6376087894007967,0.85,0.8464922123973249,-0.8660254037844385,-0.5000000000000004,-0.7907757369376986,-0.6121059825476627,-0.9749279121818236,-0.2225209339563146
0.021098432161706614,-0.017715210639368227,0.03372644064320737,-0.003888178075986596,-0.9444616088408514,0.85,0.8466268683513624,-0.8660254037844385,-0.5000000000000004,-0.9987165071710528,-0.05064916883871355,0.7818314824680298,0.6234898018587336
0.004528355689252616,0.04171525958819938,-0.002093606027144032,0.016052690882722653,1.2729656758128876,0.85,0.8466717536693747,-0.8660254037844385,-0.5000000000000004,-0.9884683243281114,0.15142777750457667,0.9749279121818236,-0.22252093395631434
-0.005133696457255109,0.0,0.015154005970106093,0.009684648656425699,0.4824261492442928,0.85,0.8467166389873872,-0.8660254037844385,-0.5000000000000004,-0.9377521321470804,0.3473052528448203,0.43388373911755823,-0.900968867902419
-0.0009086409788111899,0.0,0.003532501003674979,-0.010274632685006266,-0.14595391262307983,0.85,0.8467615243053997,-0.8660254037844385,-0.5000000000000004,-0.8486442574947509,0.5289640103269624,-0.433883739117558,-0.9009688679024191
0.02838131501066799,0.004845332933505056,-0.0023535761642835343,0.021311551286337656,0.5956918444092323,0.85,0.8468064096234122,-0.8660254037844385,-0.5000000000000004,-0.7247927872291207,0.6889669190756859,-0.9749279121818236,-0.2225209339563146
-0.020834109375285164,-0.026506829714684522,0.008797688231086105,-0.017482918472076125,-1.5860905484371093,0.85,0.8469410655774496,-0.8660254037844385,-0.5000000000000004,-0.20129852008866114,0.9795299412524943,0.7818314824680298,0.6234898018587336
-0.0033137735208141118,0.021089891795781676,0.008431534516590334,0.008488296472889281,0.8023464725249373,0.85,0.8469859508954621,-0.8660254037844385,-0.5000000000000004,-2.4492935982947064e-16,1.0,0.9749279121818236,-0.22252093395631434
0.010804445249971728,-0.021089891795781572,-0.021953171404002485,-0.00878234722937934,-1.1160040313799788,0.85,0.8470308362134746,-1.0,-1.8369701987210297e-16,0.20129852008866006,0.9795299412524945,0.43388373911755823,-0.900968867902419
0.0026829693358387647,0.004951172877752464,0.008545827868421937,0.008199243507424226,0.05129329438755048,0.85,0.8470757215314871,-1.0,-1.8369701987210297e-16,0.39435585511331855,0.9189578116202306,-0.433883739117558,-0.9009688679024191
0.014482347522384434,0.01499452781565803,0.0,0.011885915765168963,1.308332819650179,0.85,0.8471206068494996,-1.0,-1.8369701987210297e-16,0.5712682150947923,0.8207634412072763,-0.9749279121818236,-0.2225209339563146
0.007600104223530182,0.15700870662186736,0.03205115661921311,0.1165655371036123,1.6491782410836144,0.85,0.8473001481215495,-1.0,-1.8369701987210297e-16,0.9884683243281114,0.1514277775045767,0.9749279121818236,-0.22252093395631434
0.1028530380374939,0.05172124112805666,0.11275004917926823,0.037996728069340034,-0.2799200671162917,0.85,0.847345033439562,-1.0,-1.8369701987210297e-16,0.9987165071710528,-0.05064916883871264,0.43388373911755823,-0.900968867902419
0.023114893954151512,-0.06106023903907536,0.024822677848556643,-0.0002469026145644602,-1.2666040199072395,0.85,0.8473899187575744,-1.0,-1.8369701987210297e-16,0.9680771188662043,-0.2506525322587204,-0.433883739117558,-0.9009688679024191
-0.01500291548280763,-0.001482613918952713,-0.0032246354717094306,-0.04315045316107015,0.28462863496489066,0.85,0.8474348040755869,-1.0,-1.8369701987210297e-16,0.8978045395707416,-0.4403941515576344,-0.9749279121818236,-0.2225209339563146
-0.005488033840160552,-0.019728373628979428,-0.025668255311825844,0.005400627706294483,0.44445055482111806,0.85,0.8475694600296244,-1.0,-1.8369701987210297e-16,0.48530196253108104,-0.8743466161445821,0.7818314824680298,0.6234898018587336
0.0026170775606389526,0.020470002486373443,0.031119240498188115,0.005371520216004564,-1.3745983213566995,0.85,0.8476143453476368,-1.0,-1.8369701987210297e-16,0.29936312297335804,-0.9541392564000488,0.9749279121818236,-0.22252093395631434
-0.004190678058750853,-0.021984424078692628,-0.033927171187877636,0.0063573003721283826,0.38193461069797024,0.85,0.8476592306656493,-1.0,-1.8369701987210297e-16,0.10116832198743272,-0.994869323391895,0.43388373911755823,-0.900968867902419
-0.016406796926663077,0.022478506525686844,-0.04282637270638086,-0.007633605219279238,-0.2311117209633867,0.85,0.8477041159836618,-1.0,-1.8369701987210297e-16,-0.10116832198743204,-0.9948693233918952,-0.433883739117558,-0.9009688679024191
-0.006961161145604658,0.0002469026145643987,0.07749452895581717,-0.026399059530071448,1.8718021769015913,0.85,0.8477490013016743,-1.0,-1.8369701987210297e-16,-0.29936312297335776,-0.9541392564000489,-0.9749279121818236,-0.2225209339563146
0.014668864833062912,0.0,-0.046496504279227656,0.01741882508390413,-1.0302349912233728,0.85,0.8478836572557117,-1.0,-1.8369701987210297e-16,-0.7907757369376986,-0.6121059825476627,0.7818314824680298,0.6234898018587336
0.019921978112043912,-0.01869213301215252,0.008756176296380683,0.024189614134501283,-0.4097847692526807,0.85,0.8479285425737242,-1.0,-1.8369701987210297e-16,-0.8978045395707417,-0.44039415155763423,0.9749279121818236,-0.22252093395631434
0.020041847412492594,0.013741608920796214,0.029807720852357875,-0.011130866731670052,-1.2083112059245342,0.85,0.8479734278917367,-1.0,-1.8369701987210297e-16,-0.9680771188662041,-0.2506525322587213,0.43388373911755823,-0.900968867902419
-0.014348218569314812,-0.011229083075475951,-0.019603511950225957,-0.0015275301402534096,0.0,0.85,0.8480183132097492,-1.0,-1.8369701987210297e-16,-0.9987165071710528,-0.05064916883871355,-0.433883739117558,-0.9009688679024191
-0.23449810586313002,-0.02928274719572737,-0.017926235281844748,-0.17374690810988083,2.8229304771006323,0.85,0.8480631985277616,-1.0,-1.8369701987210297e-16,-0.9884683243281114,0.15142777750457667,-0.9749279121818236,-0.2225209339563146
-0.05017775022616471,-0.1693824501839319,-0.1693824501839319,-0.06189479562527488,-0.41324724855021927,0.85,0.8481978544817991,-1.0,-1.8369701987210297e-16,-0.7247927872291207,0.6889669190756859,0.7818314824680298,0.6234898018587336
0.03107308714153096,-0.0531153493533824,-0.0531153493533824,-0.03078175364166943,-2.3263016196113617,0.85,0.8482427397998116,-1.0,-1.8369701987210297e-16,-0.5712682150947924,0.8207634412072763,0.9749279121818236,-0.22252093395631434
-0.001997319772464312,0.01027625295842538,-0.01038295174572535,0.005968197625258265,1.425515074273172,0.85,0.848287625117824,-1.0,-1.8369701987210297e-16,-0.3943558551133187,0.9189578116202306,0.43388373911755823,-0.900968867902419
-0.10977621949644199,0.029899970070736748,-0.013132152542842944,-0.05329615810471328,0.02843793532053341,0.85,0.8483325104358365,-1.0,-1.8369701987210297e-16,-0.20129852008866114,0.9795299412524943,-0.433883739117558,-0.9009688679024191
0.011094830703385745,-0.08068891125014276,-0.04322079482736281,-0.05335074808606557,-0.6297775666273561,0.85,0.848377395753849,-0.866025403784439,0.49999999999999933,0.20129852008866006,0.9795299412524945,-0.9749279121818236,-0.2225209339563146
-0.0524748159297969,-0.0786431273191131,-0.06081870745284471,-0.01668871517180467,0.06782259633876109,0.85,0.8485120517078865,-0.866025403784439,0.49999999999999933,0.72479278722912,0.6889669190756866,0.7818314824680298,0.6234898018587336
-0.00232826908036237,0.00036357858390793647,-0.051544259666912555,-0.015831468251975123,-0.5273549257172012,0.85,0.8485569370258988,-0.866025403784439,0.49999999999999933,0.8486442574947509,0.5289640103269624,0.9749279121818236,-0.22252093395631434
-0.0074089064868432765,-0.011332581905237666,0.041593912027397914,-0.008393765917945934,0.3483066942682158,0.85,0.8486018223439113,-0.866025403784439,0.49999999999999933,0.9377521321470804,0.3473052528448203,0.43388373911755823,-0.900968867902419
0.04102555770431967,0.09397233082662647,-0.01417402151094032,0.052614254312087494,0.6114691495456781,0.85,0.8486467076619238,-0.866025403784439,0.49999999999999933,0.9884683243281114,0.1514277775045767,-0.433883739117558,-0.9009688679024191
0.005992521409872824,0.034213894008861594,0.03361349960284529,-0.026894217353171858,0.16623541904233033,0.85,0.8486915929799363,-0.866025403784439,0.49999999999999933,0.9987165071710528,-0.05064916883871264,-0.9749279121818236,-0.2225209339563146
-0.028789875226140415,-0.0952778195552744,-0.020180510283402453,0.013721666426232307,-0.18774162426329385,0.85,0.8488262489339737,-0.866025403784439,0.49999999999999933,0.7907757369376989,-0.6121059825476626,0.7818314824680298,0.6234898018587336
0.03771185879659207,0.021468313640343937,0.0014815156608817403,0.03510406445768506,-0.21772348384487053,0.85,0.8488711342519862,-0.866025403784439,0.49999999999999933,0.6513724827222223,-0.758758122692791,0.9749279121818236,-0.22252093395631434
0.026658490718730266,0.05717777639983184,0.02773901256974492,0.07829039988440623,0.34989525695335355,0.85,0.8489160195699987,-0.866025403784439,0.49999999999999933,0.48530196253108104,-0.8743466161445821,0.43388373911755823,-0.900968867902419
0.027720349100455545,0.05096440612814123,0.042634572994906215,-0.05058394592136219,-0.23511974236092548,0.85,0.8489609048880112,-0.866025403784439,0.49999999999999933,0.29936312297335804,-0.9541392564000488,-0.433883739117558,-0.9009688679024191
-0.013408848258522097,-0.06654050597064864,-0.017748864567752237,-0.01428346347561833,1.1105884797148253,0.85,0.8490057902060236,-0.866025403784439,0.49999999999999933,0.10116832198743272,-0.994869323391895,-0.9749279121818236,-0.2225209339563146
-0.004628783788482843,-0.02126666032728063,-0.002812938735484573,0.007689632997148504,-0.4418327522790392,0.85,0.8491404461600611,-0.866025403784439,0.49999999999999933,-0.4853019625310808,-0.8743466161445822,0.7818314824680298,0.6234898018587336
0.02571920999746537,-0.004445182948769027,0.02537941042628042,0.001044046971606056,-2.5226469777708473,0.85,0.8491853314780736,-0.866025403784439,0.49999999999999933,-0.6513724827222217,-0.7587581226927913,0.9749279121818236,-0.22252093395631434
-0.020735241372121925,-0.005498290322910977,-0.027494302514685643,-0.020735241372121925,1.1962507582320256,0.85,0.849230216796086,-0.866025403784439,0.49999999999999933,-0.7907757369376986,-0.6121059825476627,0.43388373911755823,-0.900968867902419
0.0007099914288132655,0.0,-0.005661722346671598,0.002836878648922792,-1.0531499145913523,0.85,0.8492751021140985,-0.866025403784439,0.49999999999999933,-0.8978045395707417,-0.44039415155763423,-0.433883739117558,-0.9009688679024191
-0.013576524047325046,-0.0031061336933082355,-0.004623912530613414,-0.015703411267434637,2.373354163882253,0.85,0.849319987432111,-0.866025403784439,0.49999999999999933,-0.9680771188662041,-0.2506525322587213,-0.9749279121818236,-0.2225209339563146
-0.046006274300727595,-0.016379569044018993,-0.0021413094193471196,-0.046006274300727595,-2.085672091430472,0.85,0.8494546433861484,-0.866025403784439,0.49999999999999933,-0.9377521321470804,0.3473052528448203,0.7818314824680298,0.6234898018587336
-0.001130536373262948,-0.035405085381803966,-0.03601042934576127,0.007504754390017399,-0.16251892949777494,0.85,0.8494995287041609,-0.866025403784439,0.49999999999999933,-0.8486442574947509,0.5289640103269624,0.9749279121818236,-0.22252093395631434
-0.0011318879350677698,-0.01356073314895731,0.0036968759576997494,0.01226097188470465,0.750305594399894,0.85,0.8495444140221734,-0.866025403784439,0.49999999999999933,-0.7247927872291207,0.6889669190756859,0.43388373911755823,-0.900968867902419
-0.018670756622185314,0.03016764892150769,-0.021257547930529856,0.004789073921710673,1.3068301897656438,0.85,0.8495892993401859,-0.866025403784439,0.49999999999999933,-0.5712682150947924,0.8207634412072763,-0.433883739117558,-0.9009688679024191
0.0076629018653951554,0.009620614115121566,0.0131062904019687,-0.002944423411369103,0.06547792937950701,0.85,0.8496341846581984,-0.866025403784439,0.49999999999999933,-0.3943558551133187,0.9189578116202306,-0.9749279121818236,-0.2225209339563146
-0.0057417009750046575,-0.030605462182963197,-0.013483301854732515,-0.021987032336868922,-1.1716374236829996,0.85,0.8497688406122358,-0.5000000000000012,0.8660254037844379,0.20129852008866006,0.9795299412524945,0.7818314824680298,0.6234898018587336
0.020893491216747884,0.07159759936525047,0.003012047549885274,0.02382835655075836,1.5723966407537513,0.85,0.8498137259302483,-0.5000000000000012,0.8660254037844379,0.39435585511331855,0.9189578116202306,0.9749279121818236,-0.22252093395631434
0.014925635875708533,-0.05025476923768392,0.0430450876741954,0.01170458472157427,-1.4247606419476866,0.85,0.8498586112482608,-0.5000000000000012,0.8660254037844379,0.5712682150947923,0.8207634412072763,0.43388373911755823,-0.900968867902419
-0.0055710308420168836,0.02683777640556993,-0.008316791258758444,-0.0021841823521002103,1.024001424876935,0.85,0.8499034965662732,-0.5000000000000012,0.8660254037844379,0.72479278722912,0.6889669190756866,-0.433883739117558,-0.9009688679024191
0.026462378804267966,0.010398680637642814,0.0021762600004138094,0.01519016793904316,-0.0579872576503494,0.85,0.8499483818842857,-0.5000000000000012,0.8660254037844379,0.8486442574947509,0.5289640103269624,-0.9749279121818236,-0.2225209339563146
0.03842521587934363,0.0017226270484698978,0.03733764330145266,0.04010383972700542,-1.9534008207844709,0.85,0.8500830378383232,-0.5000000000000012,0.8660254037844379,0.9987165071710528,-0.05064916883871264,0.7818314824680298,0.6234898018587336
-0.008764298110796173,0.08255510777036196,0.04270503779253197,0.022503501578743826,2.1735548332503147,0.85,0.8501279231563356,-0.5000000000000012,0.8660254037844379,0.9680771188662043,-0.2506525322587204,0.9749279121818236,-0.22252093395631434
0.009462150821258184,-0.0015860189737184106,0.005669519213136362,0.018042618078501514,0.6627497033755743,0.85,0.8501728084743481,-0.5000000000000012,0.8660254037844379,0.8978045395707416,-0.4403941515576344,0.43388373911755823,-0.900968867902419
0.03327349727934224,0.04621699028694908,0.023986678357174867,-0.018717169807991537,-1.0358113874290793,0.85,0.8502176937923606,-0.5000000000000012,0.8660254037844379,0.7907757369376989,-0.6121059825476626,-0.433883739117558,-0.9009688679024191
-0.018386592549355905,-0.062217331633390355,-0.02365416866349581,-0.018386592549355905,-0.6017974019717175,0.85,0.8502625791103731,-0.5000000000000012,0.8660254037844379,0.6513724827222223,-0.758758122692791,-0.9749279121818236,-0.2225209339563146
-0.019781997993473126,-0.052992543115671226,-0.051153326713037114,-0.019781997993473126,-1.0986122886681098,0.85,0.8503972350644105,-0.5000000000000012,0.8660254037844379,0.10116832198743272,-0.994869323391895,0.7818314824680298,0.6234898018587336
-0.004214998797724316,0.0,0.028287491537240944,0.0003504548345345813,0.5930637220029628,0.85,0.850442120382423,-0.5000000000000012,0.8660254037844379,-0.10116832198743204,-0.9948693233918952,0.9749279121818236,-0.22252093395631434
0.022277266539769133,0.07342746223947327,0.07342746223947327,0.01771181290751041,-0.3794896217049037,0.85,0.8504870057004354,-0.5000000000000012,0.8660254037844379,-0.29936312297335776,-0.9541392564000489,0.43388373911755823,-0.900968867902419
-0.0761489494243178,-0.07410798142800312,-0.07410798142800312,-0.021221833321506723,0.7672551527136672,0.85,0.850531891018448,-0.5000000000000012,0.8660254037844379,-0.4853019625310808,-0.8743466161445822,-0.433883739117558,-0.9009688679024191
0.039335002564577795,-0.02690741101703614,-0.03709906192176525,0.0056101074504719215,-1.7227665977411035,0.85,0.8505767763364604,-0.5000000000000012,0.8660254037844379,-0.6513724827222217,-0.7587581226927913,-0.9749279121818236,-0.2225209339563146
0.02120222098870522,0.006968629487037579,0.01019165090472894,0.006968629487037579,0.0,0.85,0.8507114322904978,-0.5000000000000012,0.8660254037844379,-0.9680771188662041,-0.2506525322587213,0.7818314824680298,0.6234898018587336
-0.017637141248774087,-0.010471273376341782,-0.003502643889304294,-0.024605770735811612,-0.5108256237659907,0.85,0.8507563176085103,-0.5000000000000012,0.8660254037844379,-0.9987165071710528,-0.05064916883871355,0.9749279121818236,-0.22252093395631434
-0.01253374972269153,-0.007395669598904624,-0.007395669598904624,0.0017777511192416775,0.6931471805599453,0.85,0.8508012029265228,-0.5000000000000012,0.8660254037844379,-0.9884683243281114,0.15142777750457667,0.43388373911755823,-0.900968867902419
0.014311500841933309,-0.0049610766413233955,-0.0049610766413233955,0.0,-7.090076835776092,0.85,0.8508909735625477,-0.5000000000000012,0.8660254037844379,-0.8486442574947509,0.5289640103269624,-0.9749279121818236,-0.2225209339563146
-0.006414858369865566,0.03833223264348869,0.03833223264348869,0.026294240884365105,8.070906088787819,0.85,0.8510256295165852,-0.5000000000000012,0.8660254037844379,-0.3943558551133187,0.9189578116202306,0.7818314824680298,0.6234898018587336
-0.06804843524961027,-0.021424483880919352,-0.023872454905978443,-0.1007575345038408,0.5947071077466928,0.85,0.8510705148345976,-0.5000000000000012,0.8660254037844379,-0.20129852008866114,0.9795299412524943,0.9749279121818236,-0.22252093395631434
-0.0837809690920126,-0.04391209032517447,-0.04512044452747346,0.024197827217235547,0.7915872533731978,0.85,0.8511154001526101,-2.4492935982947064e-16,1.0,0.20129852008866006,0.9795299412524945,0.43388373911755823,-0.900968867902419
0.03957274654531227,-0.041734779727298825,-0.06781613311845383,-0.01847365488766375,-0.7411563997463059,0.85,0.8511602854706226,-2.4492935982947064e-16,1.0,0.39435585511331855,0.9189578116202306,-0.433883739117558,-0.9009688679024191
0.0,0.0,0.011303921230314875,-0.03287862830982411,-0.3973017974690035,0.85,0.8512051707886351,-2.4492935982947064e-16,1.0,0.5712682150947923,0.8207634412072763,-0.9749279121818236,-0.2225209339563146
0.005186493291621147,-0.029345743330435933,-0.015231671029235047,0.0035328849793880954,-1.0055218656020977,0.85,0.8513398267426725,-2.4492935982947064e-16,1.0,0.9377521321470804,0.3473052528448203,0.7818314824680298,0.6234898018587336
0.015400158254215033,0.056374389590292125,0.016006582272100476,0.03768225657813958,2.2335922215070942,0.85,0.851384712060685,-2.4492935982947064e-16,1.0,0.9884683243281114,0.1514277775045767,0.9749279121818236,-0.22252093395631434
0.016323723062449433,0.04206565986690841,0.004636825877346487,0.014981539434586074,-0.5228018148127064,0.85,0.8514295973786975,-2.4492935982947064e-16,1.0,0.9987165071710528,-0.05064916883871264,0.43388373911755823,-0.900968867902419
0.030374363637780448,0.02386079183635298,0.07606109587360399,0.014760401817650993,1.1105884797148253,0.85,0.85147448269671,-2.4492935982947064e-16,1.0,0.9680771188662043,-0.2506525322587204,-0.433883739117558,-0.9009688679024191
-0.0022463306284713925,-0.042499340890305534,-0.019116928350664454,-0.010309324770700243,-1.7007876910223283,0.85,0.8515193680147224,-2.4492935982947064e-16,1.0,0.8978045395707416,-0.4403941515576344,-0.9749279121818236,-0.2225209339563146
-0.03199054766629025,0.0064911987083575975,-0.04430274587663797,0.0029563924883154197,1.324650198008684,0.85,0.8516540239687599,-2.4492935982947064e-16,1.0,0.48530196253108104,-0.8743466161445821,0.7818314824680298,0.6234898018587336
0.03086545147828713,-0.029918309521313427,0.027409244881541117,-0.004067323412361396,-0.39111765970002277,0.85,0.8516989092867724,-2.4492935982947064e-16,1.0,0.29936312297335804,-0.9541392564000488,0.9749279121818236,-0.22252093395631434
0.0033714268164744257,0.06210499105357019,0.018349138668196617,0.013981135165448121,-0.14705341795649662,0.85,0.8517437946047848,-2.4492935982947064e-16,1.0,0.10116832198743272,-0.994869323391895,0.43388373911755823,-0.900968867902419
-0.005625352120794342,-0.03290586380517356,0.009049835519917856,-0.02104569466619499,-0.9262410627273231,0.85,0.8517886799227973,-2.4492935982947064e-16,1.0,-0.10116832198743204,-0.9948693233918952,-0.433883739117558,-0.9009688679024191
-0.12651794544876707,0.0103776532955337,0.012177806355815954,-0.134384593504215,1.3987168811184478,0.85,0.8518335652408098,-2.4492935982947064e-16,1.0,-0.29936312297335776,-0.9541392564000489,-0.9749279121818236,-0.2225209339563146
-0.04050195633433104,-0.11493906375376882,-0.22145398146161172,-0.008142343409611143,-0.8109302162163288,0.85,0.8519682211948473,-2.4492935982947064e-16,1.0,-0.7907757369376986,-0.6121059825476627,0.7818314824680298,0.6234898018587336
0.021978906718775167,-0.017728124349274198,0.021534550842502036,0.011125499015018858,0.8232003088081431,0.85,0.8520131065128597,-2.4492935982947064e-16,1.0,-0.8978045395707417,-0.44039415155763423,0.9749279121818236,-0.22252093395631434
0.025328683958763323,0.0028414751886286383,0.05908890073600115,0.04858751248373181,-0.484745910982939,0.85,0.8520579918308722,-2.4492935982947064e-16,1.0,-0.9680771188662041,-0.2506525322587213,0.43388373911755823,-0.900968867902419
0.013055543088475298,-0.010595055480016704,-0.016529286317205204,-0.021717743248286174,-1.9760631872260008,0.85,0.8521028771488847,-2.4492935982947064e-16,1.0,-0.9987165071710528,-0.05064916883871355,-0.433883739117558,-0.9009688679024191
0.0,0.035811487423936084,-0.004175387371557227,0.04297383440719337,2.5704288232261625,0.85,0.8522824184209346,-2.4492935982947064e-16,1.0,-0.7247927872291207,0.6889669190756859,0.7818314824680298,0.6234898018587336
0.005424635346500144,0.03648058977549287,0.09340651237686896,-0.03554498024313233,0.45347432729452497,0.85,0.852327303738947,-2.4492935982947064e-16,1.0,-0.5712682150947924,0.8207634412072763,0.9749279121818236,-0.22252093395631434
0.019778128555436977,-0.003818270506514596,-0.065351854319272,0.023568743600972546,0.08643250577230735,0.85,0.8523721890569596,-2.4492935982947064e-16,1.0,-0.3943558551133187,0.9189578116202306,0.43388373911755823,-0.900968867902419
0.010148250182085983,0.0038182705065145147,0.007296356026426027,0.017516392764022167,-0.12177187221761628,0.85,0.852417074374972,-2.4492935982947064e-16,1.0,-0.20129852008866114,0.9795299412524943,-0.433883739117558,-0.9009688679024191
0.009646367807789486,-0.003818270506514596,0.02944899510396925,-0.007526299536648827,-1.453233843795,0.85,0.8524619596929844,-2.4492935982947064e-16,1.0,-2.4492935982947064e-16,1.0,-0.9749279121818236,-0.2225209339563146
-0.018571348277883357,0.010654617135171024,-0.027028684683478656,-0.005582127336825285,1.4314147964003603,0.8666666666666667,0.8525966156470219,0.49999999999999994,0.8660254037844387,0.5712682150947923,0.8207634412072763,0.7818314824680298,0.6234898018587336
0.016970030231127444,-0.024522277836058693,0.005624739340543041,0.005582127336825391,-0.6018557603505381,0.8666666666666667,0.8526415009650344,0.49999999999999994,0.8660254037844387,0.72479278722912,0.6889669190756866,0.9749279121818236,-0.22252093395631434
0.008775533914525159,0.010418714766017497,0.02140394534293568,0.005551215505067722,-1.8258924755975137,0.8666666666666667,0.8526863862830468,0.49999999999999994,0.8660254037844387,0.8486442574947509,0.5289640103269624,0.43388373911755823,-0.900968867902419
-0.005575457941479226,0.014103563070041156,0.0035232039701106853,0.018025530226711717,1.3328056761689044,0.8666666666666667,0.8527312716010593,0.49999999999999994,0.8660254037844387,0.9377521321470804,0.3473052528448203,-0.433883739117558,-0.9009688679024191
0.013880788883042694,-0.01564021372159065,-0.007846284456957576,0.010046461150577977,-1.8718021769015913,0.8666666666666667,0.8527761569190718,0.49999999999999994,0.8660254037844387,0.9884683243281114,0.1514277775045767,-0.9749279121818236,-0.2225209339563146
0.002753185492286173,-0.009658178139005906,0.002753185492286173,-0.01784380147125407,0.3566749439387324,0.8666666666666667,0.8529108128731092,0.49999999999999994,0.8660254037844387,0.8978045395707416,-0.4403941515576344,0.7818314824680298,0.6234898018587336
-0.022240769019227332,-0.010144457956936853,-0.005513971946600325,-0.021361532747928635,1.1631508098056809,0.8666666666666667,0.8529556981911217,0.49999999999999994,0.8660254037844387,0.7907757369376989,-0.6121059825476626,0.9749279121818236,-0.22252093395631434
-0.0020100202570603777,0.07949959588386,-0.018736817329687343,0.050293156133473266,1.346448452572691,0.8666666666666667,0.8530005835091342,0.49999999999999994,0.8660254037844387,0.6513724827222223,-0.758758122692791,0.43388373911755823,-0.900968867902419
0.016760171621476617,-0.0372668179196199,0.05898996489523399,-0.03089045801023331,-2.0088239744658827,0.8666666666666667,0.8530454688271467,0.49999999999999994,0.8660254037844387,0.48530196253108104,-0.8743466161445821,-0.433883739117558,-0.9009688679024191
0.0,0.0,-0.04222979327375756,0.04035126678761777,1.0884599172040916,0.8666666666666667,0.8530903541451592,0.49999999999999994,0.8660254037844387,0.29936312297335804,-0.9541392564000488,-0.9749279121818236,-0.2225209339563146
0.02847859850647337,0.03581698383795971,0.042609092675495334,0.021241775065380573,0.9039702474861144,0.8666666666666667,0.8532698954172091,0.49999999999999994,0.8660254037844387,-0.4853019625310808,-0.8743466161445822,0.9749279121818236,-0.22252093395631434
-0.019418085857101627,0.0014498340816602704,0.028413063546557944,-0.05455900331182624,0.02045061047129084,0.8666666666666667,0.8533147807352216,0.49999999999999994,0.8660254037844387,-0.6513724827222217,-0.7587581226927913,0.43388373911755823,-0.900968867902419
-0.012628411428410494,-0.062006409035978906,-0.06235388632831732,0.004661971650722139,-0.7387037121623125,0.8666666666666667,0.853359666053234,0.49999999999999994,0.8660254037844387,-0.7907757369376986,-0.6121059825476627,-0.433883739117558,-0.9009688679024191
-0.02901094790651692,-0.007737011902516347,-0.023016886260223145,-0.031098708315134282,0.2727404924535819,0.8666666666666667,0.8534045513712465,0.49999999999999994,0.8660254037844387,-0.8978045395707417,-0.44039415155763423,-0.9749279121818236,-0.2225209339563146
-0.043875817844698205,0.0023273659288897074,-0.0004015349979288713,-0.01856393087757482,0.9098182173685376,0.8666666666666667,0.853539207325284,0.49999999999999994,0.8660254037844387,-0.9884683243281114,0.15142777750457667,0.7818314824680298,0.6234898018587336
0.027387413364869304,-0.04234063532578189,-0.006446430437739618,-0.018499966838337115,-1.6491782410836144,0.8666666666666667,0.8535840926432965,0.49999999999999994,0.8660254037844387,-0.9377521321470804,0.3473052528448203,0.9749279121818236,-0.22252093395631434
0.02422619666362961,0.040013269396892204,-0.003644472699599138,0.036663968542972304,0.894431938061656,0.8666666666666667,0.8536289779613089,0.49999999999999994,0.8660254037844387,-0.8486442574947509,0.5289640103269624,0.43388373911755823,-0.900968867902419
-0.09081721992660592,-0.017630261531980645,0.02167022655244064,-0.09211532237006291,-0.011111225425070722,0.8666666666666667,0.8536738632793214,0.49999999999999994,0.8660254037844387,-0.7247927872291207,0.6889669190756859,-0.433883739117558,-0.9009688679024191
-0.05901556425922343,-0.11640054197929141,-0.11204328796722128,-0.040730618846032816,-0.2386259154625867,0.8666666666666667,0.8537187485973339,0.49999999999999994,0.8660254037844387,-0.5712682150947924,0.8207634412072763,-0.9749279121818236,-0.2225209339563146
0.03655280510993893,0.030179357242488523,-0.022906917661109805,0.03633507444491904,-0.40546510810816444,0.8666666666666667,0.8538534045513713,0.49999999999999994,0.8660254037844387,-2.4492935982947064e-16,1.0,0.7818314824680298,0.6234898018587336
0.043562422882014146,0.11351335718052032,0.043562422882014146,0.11631349406735653,0.9034425893963061,0.8666666666666667,0.8538982898693838,0.8660254037844386,0.5000000000000001,0.20129852008866006,0.9795299412524945,0.9749279121818236,-0.22252093395631434
0.02194109233073593,0.015267457681177408,0.11143169276815637,-0.07320337183175735,0.8740309225842724,0.8666666666666667,0.8539431751873963,0.8660254037844386,0.5000000000000001,0.39435585511331855,0.9189578116202306,0.43388373911755823,-0.900968867902419
-0.06142279536533274,-0.117641015096034,-0.0907680409809082,-0.05641413850152756,-1.2027744818338273,0.8666666666666667,0.8539880605054088,0.8660254037844386,0.5000000000000001,0.5712682150947923,0.8207634412072763,-0.433883739117558,-0.9009688679024191
-0.004535172426464753,0.00467591126706308,-0.04666203877552989,0.023821193150757383,-0.5330263337461832,0.8666666666666667,0.8540329458234213,0.8660254037844386,0.5000000000000001,0.72479278722912,0.6889669190756866,-0.9749279121818236,-0.2225209339563146
0.03396216595613391,0.11863082707830948,0.015943677483354183,0.12905319396249312,1.217150896706491,0.8666666666666667,0.8541676017774587,0.8660254037844386,0.5000000000000001,0.9884683243281114,0.1514277775045767,0.7818314824680298,0.6234898018587336
0.11367383284993063,0.027856955292415456,0.1445642908601639,0.04238396093031696,0.1918430519295063,0.8666666666666667,0.8542124870954712,0.8660254037844386,0.5000000000000001,0.9987165071710528,-0.05064916883871264,0.9749279121818236,-0.22252093395631434
0.07768697460307936,0.07852004476388984,0.046796516592846116,0.027885220300541018,-0.5091644938159142,0.8666666666666667,0.8542573724134837,0.8660254037844386,0.5000000000000001,0.9680771188662043,-0.2506525322587204,0.43388373911755823,-0.900968867902419
-0.05443009782311397,-0.008160526911326712,0.06088076532951671,-0.056192519876712255,0.22893587201871413,0.8666666666666667,0.854302257731496,0.8660254037844386,0.5000000000000001,0.8978045395707416,-0.4403941515576344,-0.433883739117558,-0.9009688679024191
-0.05553700395673488,-0.13270263535231236,-0.13700030564578125,-0.06678253323808042,-1.539345535613732,0.8666666666666667,0.8543471430495085,0.8660254037844386,0.5000000000000001,0.7907757369376989,-0.6121059825476626,-0.9749279121818236,-0.2225209339563146
-0.034614091658723145,-0.026067821056740333,-0.039534063287629755,-0.037445223731523355,0.3899609215721992,0.8666666666666667,0.854481799003546,0.8660254037844386,0.5000000000000001,0.29936312297335804,-0.9541392564000488,0.7818314824680298,0.6234898018587336
0.016632384054604342,0.0004000891802768202,-0.012295205780073487,0.02688888422179347,0.010362787035546658,0.8666666666666667,0.8545266843215584,0.8660254037844386,0.5000000000000001,0.10116832198743272,-0.994869323391895,0.9749279121818236,-0.22252093395631434
0.010256500167189061,0.01980262729617973,0.010256500167189061,0.006103767462572478,0.6070725717887023,0.8666666666666667,0.8545715696395709,0.8660254037844386,0.5000000000000001,-0.10116832198743204,-0.9948693233918952,0.43388373911755823,-0.900968867902419
0.006103767462572478,0.0019588346246885747,0.006509373997849092,0.035469001437941745,-1.138732282457535,0.8666666666666667,0.8546164549575834,0.8660254037844386,0.5000000000000001,-0.29936312297335776,-0.9541392564000489,-0.433883739117558,-0.9009688679024191
0.01409893985494711,0.036507446203107474,0.03349596061585024,0.017850651570286563,1.235063391395967,0.8666666666666667,0.8546613402755959,0.8660254037844386,0.5000000000000001,-0.4853019625310808,-0.8743466161445822,-0.9749279121818236,-0.2225209339563146
0.001997972206007903,0.03339826647959512,0.008979156338223975,0.038850847669963336,0.9384914418543476,0.8666666666666667,0.8548408815476458,0.8660254037844386,0.5000000000000001,-0.9680771188662041,-0.2506525322587213,0.9749279121818236,-0.22252093395631434
0.06453852589642509,0.03760518791742032,0.047808810047062965,0.0025863562705834386,-0.05118824685344478,0.8666666666666667,0.8548857668656583,0.8660254037844386,0.5000000000000001,-0.9987165071710528,-0.05064916883871355,0.43388373911755823,-0.900968867902419
-0.02731578494915163,-0.0017590556540644643,-0.014555188421046921,0.03267076821317508,-0.5707064746295809,0.8666666666666667,0.8549306521836708,0.8660254037844386,0.5000000000000001,-0.9884683243281114,0.15142777750457667,-0.433883739117558,-0.9009688679024191
0.05281136672634301,-0.01418462155992368,0.05129328004658346,-0.011855713619089143,-1.2509059577481554,0.8666666666666667,0.8549755375016832,0.8660254037844386,0.5000000000000001,-0.9377521321470804,0.3473052528448203,-0.9749279121818236,-0.2225209339563146
-0.015071038743495961,-0.008608366291577265,-0.018018505502678365,-0.024141620277624107,0.19948936041632,0.8666666666666667,0.8551101934557207,0.8660254037844386,0.5000000000000001,-0.5712682150947924,0.8207634412072763,0.7818314824680298,0.6234898018587336
-0.09675565912600372,-0.027759277879297602,-0.021688045604015577,-0.09143029126523695,0.4606515236754552,0.8666666666666667,0.8551550787737332,1.0,6.123233995736766e-17,0.20129852008866006,0.9795299412524945,0.9749279121818236,-0.22252093395631434
-0.02102737653037977,-0.05090351276336608,-0.09178613590494443,-0.00937441320645494,0.505442030682518,0.8666666666666667,0.8551999640917457,1.0,6.123233995736766e-17,0.39435585511331855,0.9189578116202306,0.43388373911755823,-0.900968867902419
-0.01638345339912408,-0.04626023569028179,-0.01188291021312587,-0.03373209485797723,-1.1786549963416462,0.8666666666666667,0.8552448494097581,1.0,6.123233995736766e-17,0.5712682150947923,0.8207634412072763,-0.433883739117558,-0.9009688679024191
-0.06790438733278623,-0.04209832862365886,-0.03225412402341724,-0.03886506114519692,0.9003752765682557,0.8666666666666667,0.8552897347277706,1.0,6.123233995736766e-17,0.72479278722912,0.6889669190756866,-0.9749279121818236,-0.2225209339563146
-0.06121974293932799,-0.03597354006096143,-0.042615123840374684,-0.0744805957497205,-0.3790783529349695,0.8666666666666667,0.8554243906818081,1.0,6.123233995736766e-17,0.9884683243281114,0.1514277775045767,0.7818314824680298,0.6234898018587336
-0.03931706509825645,-0.007530493071885901,-0.09109876127041233,-0.009532997232637518,0.9348671174470905,0.8666666666666667,0.8554692759998205,1.0,6.123233995736766e-17,0.9987165071710528,-0.05064916883871264,0.9749279121818236,-0.22252093395631434
0.08868075321936922,0.11575539992719382,0.059049030981584524,0.05678590296351384,-0.34016000970039767,0.8666666666666667,0.855514161317833,1.0,6.123233995736766e-17,0.9680771188662043,-0.2506525322587204,0.43388373911755823,-0.900968867902419
-0.034059721465622875,-0.13460694928035327,0.010041217285254552,-0.03171953031013411,-1.4213856809311607,0.8666666666666667,0.8555590466358455,1.0,6.123233995736766e-17,0.8978045395707416,-0.4403941515576344,-0.433883739117558,-0.9009688679024191
-0.02061930229013228,-0.01829038737203051,-0.023898216949457485,-0.036627184432581616,-1.0809127115687087,0.8666666666666667,0.855603931953858,1.0,6.123233995736766e-17,0.7907757369376989,-0.6121059825476626,-0.9749279121818236,-0.2225209339563146
-0.045090614208943745,-0.007875883935367927,0.0,-0.011696028891390823,2.2146163200480884,0.8666666666666667,0.8557385879078954,1.0,6.123233995736766e-17,0.29936312297335804,-0.9541392564000488,0.7818314824680298,0.6234898018587336
0.013591976720869911,0.00925936057129634,-0.07232066157962613,0.024692623992503705,0.4319316812963276,0.8666666666666667,0.8557834732259079,1.0,6.123233995736766e-17,0.10116832198743272,-0.994869323391895,0.9749279121818236,-0.22252093395631434
0.06765863064812654,0.07755823172210584,0.0718554264498074,0.048539668136063654,-0.6281423502509493,0.8666666666666667,0.8558283585439204,1.0,6.123233995736766e-17,-0.10116832198743204,-0.9948693233918952,0.43388373911755823,-0.900968867902419
0.004196795801680978,-0.004701894030996319,0.02117947427544292,0.0022752790790745527,0.30501352880342086,0.8666666666666667,0.8558732438619329,1.0,6.123233995736766e-17,-0.29936312297335776,-0.9541392564000489,-0.433883739117558,-0.9009688679024191
-0.010760316324153004,-0.03843272484829769,-0.016073841928486706,-0.03421506967867037,-1.3360325263390023,0.8666666666666667,0.8559181291799453,1.0,6.123233995736766e-17,-0.4853019625310808,-0.8743466161445822,-0.9749279121818236,-0.2225209339563146
-0.03396647986340998,0.003555640681798711,0.006920425183938495,-0.03396647986340998,0.39890770756200533,0.8666666666666667,0.8560527851339828,1.0,6.123233995736766e-17,-0.8978045395707417,-0.44039415155763423,0.7818314824680298,0.6234898018587336
0.0004865107951635494,-0.07219873705987855,-0.056266342923294174,0.012092046211254724,-1.6916760106710724,0.8666666666666667,0.8560976704519953,1.0,6.123233995736766e-17,-0.9680771188662041,-0.2506525322587213,0.9749279121818236,-0.22252093395631434
-0.002434831367585816,0.09240140375950416,-0.002434831367585816,0.10054126590165957,2.181224235989778,0.8666666666666667,0.8561425557700076,1.0,6.123233995736766e-17,-0.9987165071710528,-0.05064916883871355,0.43388373911755823,-0.900968867902419
0.09037806492838958,0.021506205220963682,0.13608783790630025,0.009088964911812027,-1.2939210409888755,0.8666666666666667,0.8561874410880201,1.0,6.123233995736766e-17,-0.9884683243281114,0.15142777750457667,-0.433883739117558,-0.9009688679024191
0.03716267965526905,-0.008547093322641454,-0.008547093322641454,0.003870146986509996,-2.4277482359480516,0.8666666666666667,0.8562323264060326,1.0,6.123233995736766e-17,-0.9377521321470804,0.3473052528448203,-0.9749279121818236,-0.2225209339563146
-0.013393999008094367,0.004282678234058643,-0.01252441383313803,0.004282678234058643,2.6390573296152584,0.8666666666666667,0.85636698236007,1.0,6.123233995736766e-17,-0.5712682150947924,0.8207634412072763,0.7818314824680298,0.6234898018587336
-0.014458079953316378,-0.008583694503945605,0.0013029615697858182,-0.03213475719546949,-0.6021754023542185,0.8666666666666667,0.8564118676780825,1.0,6.123233995736766e-17,-0.3943558551133187,0.9189578116202306,0.9749279121818236,-0.22252093395631434
0.004842651313393472,0.05859414688763154,-0.011787975384665129,0.0363991722840523,2.0462893343629354,0.8666666666666667,0.856456752996095,1.0,6.123233995736766e-17,-0.20129852008866114,0.9795299412524943,0.43388373911755823,-0.900968867902419
-0.02085725592591347,-0.009393556370950048,0.010050315749695204,-0.032435275753153844,0.043963123421116204,0.8666666666666667,0.8565016383141075,1.0,6.123233995736766e-17,-2.4492935982947064e-16,1.0,-0.433883739117558,-0.9009688679024191
-0.06006420653011794,-0.06659239957612867,-0.008733713431011871,-0.07529208683580478,0.07257069283483537,0.8666666666666667,0.85654652363212,0.8660254037844387,-0.4999999999999998,0.20129852008866006,0.9795299412524945,-0.9749279121818236,-0.2225209339563146
-0.023122395112683266,-0.049448206793224404,-0.09373243317531332,-0.027873015950414907,-1.1394342831883648,0.8666666666666667,0.8566811795861574,0.8660254037844387,-0.4999999999999998,0.72479278722912,0.6889669190756866,0.7818314824680298,0.6234898018587336
-0.05047287624420598,-0.0036934446763958943,-0.0024114381223507117,-0.05047287624420598,0.6202404097518576,0.8666666666666667,0.8567260649041699,0.8660254037844387,-0.4999999999999998,0.8486442574947509,0.5289640103269624,0.9749279121818236,-0.22252093395631434
-0.07722764794899141,-0.08541482467769972,-0.07518570207890304,-0.004108887270762945,-0.25733491606248904,0.8666666666666667,0.8567709502221824,0.8660254037844387,-0.4999999999999998,0.9377521321470804,0.3473052528448203,0.43388373911755823,-0.900968867902419
0.008820335727907783,-0.030692965617024438,0.0020801316122226374,-0.06429842495032075,-0.832909122935104,0.8666666666666667,0.8568158355401948,0.8660254037844387,-0.4999999999999998,0.9884683243281114,0.1514277775045767,-0.433883739117558,-0.9009688679024191
0.004381164011243913,-0.0031217228841893814,-0.05061004257709939,0.01254455769281725,0.04879016416943204,0.8666666666666667,0.8568607208582073,0.8660254037844387,-0.4999999999999998,0.9987165071710528,-0.05064916883871264,-0.9749279121818236,-0.2225209339563146
-0.0027359381281934036,-0.018407060602241898,0.029081259090668016,-0.010899331809766665,-0.7932306391169278,0.8666666666666667,0.8569953768122448,0.8660254037844387,-0.4999999999999998,0.7907757369376989,-0.6121059825476626,0.7818314824680298,0.6234898018587336
-0.0010965164483884315,0.040567219664237486,-0.024175271820450987,-0.0005481079306615468,2.1118068261818674,0.8666666666666667,0.8570402621302573,0.8660254037844387,-0.4999999999999998,0.6513724827222223,-0.758758122692791,0.9749279121818236,-0.22252093395631434
-0.06867941353925157,-0.03369074916106657,-0.0005439341595123281,-0.03685508418062289,-0.12177187221761628,0.8666666666666667,0.8570851474482697,0.8660254037844387,-0.4999999999999998,0.48530196253108104,-0.8743466161445821,0.43388373911755823,-0.900968867902419
0.03577986593735522,-0.02996476079386186,-0.017563552849856338,0.046132099039454755,-1.4081134085145304,0.8666666666666667,0.8571300327662822,0.8660254037844387,-0.4999999999999998,0.29936312297335804,-0.9541392564000488,-0.433883739117558,-0.9009688679024191
0.02629528961956613,-0.0010869815297598906,0.018107487009368563,-0.016429681358888688,-1.2237754316221157,0.8666666666666667,0.8573095740383321,0.8660254037844387,-0.4999999999999998,-0.4853019625310808,-0.8743466161445822,0.7818314824680298,0.6234898018587336
-0.016704238282602896,-0.021990970187194994,-0.021990970187194994,-0.006648270358066137,-0.35667494393873245,0.8666666666666667,0.8573544593563446,0.8660254037844387,-0.4999999999999998,-0.6513724827222217,-0.7587581226927913,0.9749279121818236,-0.22252093395631434
0.001683068389816961,0.0005557226564488684,0.0005557226564488684,-0.001112372654906037,0.13353139262452257,0.8666666666666667,0.8573993446743571,0.8660254037844387,-0.4999999999999998,-0.7907757369376986,-0.6121059825476627,0.43388373911755823,-0.900968867902419
0.003357555830555022,-0.0055710663606135654,-0.0055710663606135654,-0.003902971049258665,0.4054651081081644,0.8666666666666667,0.8574442299923696,0.8660254037844387,-0.4999999999999998,-0.8978045395707417,-0.44039415155763423,-0.433883739117558,-0.9009688679024191
-0.021457579899242647,0.00557106636061361,0.00557106636061361,-0.0027971619390502627,-0.08701137698962981,0.8666666666666667,0.8574891153103821,0.8660254037844387,-0.4999999999999998,-0.9680771188662041,-0.2506525322587213,-0.9749279121818236,-0.2225209339563146
-0.02719295265396569,0.0,-0.037932658571070414,0.008368228299663914,1.2909841813155658,0.8666666666666667,0.8576237712644195,0.8660254037844387,-0.4999999999999998,-0.9377521321470804,0.3473052528448203,0.7818314824680298,0.6234898018587336
0.05422159891382189,0.0,0.03793265857107042,0.0,-8.294049640102028,0.8666666666666667,0.857668656582432,0.8660254037844387,-0.4999999999999998,-0.8486442574947509,0.5289640103269624,0.9749279121818236,-0.22252093395631434
-0.05012433816192738,-0.0022247459980224804,-0.05012433816192738,-0.03275278209213262,6.684611727667927,0.8666666666666667,0.8577135419004445,0.8660254037844387,-0.4999999999999998,-0.7247927872291207,0.6889669190756859,0.43388373911755823,-0.900968867902419
-0.0029249008057898474,-0.014582329214435748,-0.0029249008057898474,-0.0011487915070965734,0.11778303565638346,0.8666666666666667,0.8577584272184569,0.8660254037844387,-0.4999999999999998,-0.5712682150947924,0.8207634412072763,-0.433883739117558,-0.9009688679024191
-0.030332402221190383,0.012352729120552635,0.048594892875811604,-0.011560756120584237,1.236762627148927,0.8666666666666667,0.8578033125364694,0.8660254037844387,-0.4999999999999998,-0.3943558551133187,0.9189578116202306,-0.9749279121818236,-0.2225209339563146
0.03791931146909439,-0.041007983627907654,-0.041007983627907654,0.0,-8.039157390473237,0.8666666666666667,0.8579379684905069,0.5000000000000003,-0.8660254037844385,0.39435585511331855,0.9189578116202306,0.7818314824680298,0.6234898018587336
-0.026511169905275897,0.028655254507355076,-0.026511169905275897,0.028655254507355076,6.684611727667927,0.8666666666666667,0.8579828538085192,0.5000000000000003,-0.8660254037844385,0.5712682150947923,0.8207634412072763,0.9749279121818236,-0.22252093395631434
0.05516642441263094,0.0,0.05516642441263094,0.0,-6.684611727667927,0.8666666666666667,0.8580277391265317,0.5000000000000003,-0.8660254037844385,0.72479278722912,0.6889669190756866,0.43388373911755823,-0.900968867902419
-0.03917553264284584,-0.012507338644170458,-0.02343633003724536,-0.012507338644170458,7.8632667240095735,0.8666666666666667,0.8580726244445442,0.5000000000000003,-0.8660254037844385,0.8486442574947509,0.5289640103269624,-0.433883739117558,-0.9009688679024191
-0.06180042780107935,-0.034927904589344576,-0.02399891319626963,-0.08846862179975469,1.0185695809945732,0.8666666666666667,0.8581175097625567,0.5000000000000003,-0.8660254037844385,0.9377521321470804,0.3473052528448203,-0.9749279121818236,-0.2225209339563146
-0.10883875345089528,-0.0497977641854753,-0.0497977641854753,-0.0949977155133545,-0.40546510810816444,0.8666666666666667,0.8582521657165941,0.5000000000000003,-0.8660254037844385,0.9680771188662043,-0.2506525322587204,0.7818314824680298,0.6234898018587336
0.010398680637642814,0.0024876204194728023,-0.08780413805810189,0.07287988588467273,0.5596157879354227,0.8666666666666667,0.8582970510346066,0.5000000000000003,-0.8660254037844385,0.8978045395707416,-0.4403941515576344,0.9749279121818236,-0.22252093395631434
0.0372293544417687,0.035391119542321714,0.06449600279411388,0.0619393009042584,0.6061358035703155,0.8666666666666667,0.8583419363526191,0.5000000000000003,-0.8660254037844385,0.7907757369376989,-0.6121059825476626,0.43388373911755823,-0.900968867902419
0.015166762394369308,0.029535519093031565,0.04912395670367533,-0.024317284739611384,-0.013072081567352775,0.8666666666666667,0.8583868216706316,0.5000000000000003,-0.8660254037844385,0.6513724827222223,-0.758758122692791,-0.433883739117558,-0.9009688679024191
0.018801199982997095,-0.010532590263326157,-0.02955877446462216,-0.014879367470943662,-0.5930637220029626,0.8666666666666667,0.858431706988644,0.5000000000000003,-0.8660254037844385,0.48530196253108104,-0.8743466161445821,-0.9749279121818236,-0.2225209339563146
-0.0038609743001671686,-0.02985296314968116,-0.03110373029428451,-0.0006248190650216568,-0.9343092373768334,0.8666666666666667,0.8585663629426815,0.5000000000000003,-0.8660254037844385,-0.10116832198743204,-0.9948693233918952,0.7818314824680298,0.6234898018587336
0.012175708260048214,-0.017732101638121712,0.0441432873229165,-0.010050326220427584,-0.1643030512912763,0.8666666666666667,0.858611248260694,0.5000000000000003,-0.8660254037844385,-0.29936312297335776,-0.9541392564000489,0.9749279121818236,-0.22252093395631434
0.016424894206278934,0.006150104620326146,-0.013039557028632048,0.02862666498726049,1.3406243242867022,0.8666666666666667,0.8586561335787065,0.5000000000000003,-0.8660254037844385,-0.4853019625310808,-0.8743466161445822,0.43388373911755823,-0.900968867902419
-0.022814655703145233,0.014607671835270754,0.0006248190650216121,-0.01857633876683295,-0.028437935320533514,0.8666666666666667,0.8587010188967189,0.5000000000000003,-0.8660254037844385,-0.6513724827222217,-0.7587581226927913,-0.433883739117558,-0.9009688679024191
-0.009661947710222865,-0.030677253683154892,0.0024952607360525614,-0.022117829628681713,-1.3862943611198906,0.8666666666666667,0.8587459042147314,0.5000000000000003,-0.8660254037844385,-0.7907757369376986,-0.6121059825476627,-0.9749279121818236,-0.2225209339563146
0.021767834853200618,0.05750454201536067,-0.01633197618919896,0.04192043822536494,1.1962507582320256,0.8666666666666667,0.8588805601687689,0.5000000000000003,-0.8660254037844385,-0.9987165071710528,-0.05064916883871355,0.7818314824680298,0.6234898018587336
0.01570883366447517,-0.006491649373367869,0.031174652964097244,0.000612571473898051,-1.563975538357343,0.8666666666666667,0.8589254454867813,0.5000000000000003,-0.8660254037844385,-0.9884683243281114,0.15142777750457667,0.9749279121818236,-0.22252093395631434
-0.016976229513684982,-0.03371779237248584,0.0024524234946087598,-0.020415180070581147,0.15415067982725836,0.8666666666666667,0.8589703308047938,0.5000000000000003,-0.8660254037844385,-0.9377521321470804,0.3473052528448203,0.43388373911755823,-0.900968867902419
0.0050600943883335634,0.03312553713982901,-0.029834377919582378,0.015504186535965254,1.0826119473216687,0.8666666666666667,0.8590152161228063,0.5000000000000003,-0.8660254037844385,-0.8486442574947509,0.5289640103269624,-0.433883739117558,-0.9009688679024191
-0.00950882418523506,-0.03803653067444491,0.01564977129340898,-0.0030816194423812066,-1.729239112246721,0.8666666666666667,0.8590601014408188,0.5000000000000003,-0.8660254037844385,-0.7247927872291207,0.6889669190756859,-0.9749279121818236,-0.2225209339563146
0.013287132553459787,0.018897207931510573,0.02514697611107223,-0.012422567093584021,1.5141277326297755,0.8666666666666667,0.8592396427128687,0.5000000000000003,-0.8660254037844385,-2.4492935982947064e-16,1.0,0.9749279121818236,-0.22252093395631434
-0.039748815312930515,-0.031281314666401695,-0.03450745452270613,-0.0031299049672263695,-0.3285040669720361,0.8666666666666667,0.8592845280308812,1.2246467991473532e-16,-1.0,0.20129852008866006,0.9795299412524945,0.43388373911755823,-0.900968867902419
0.02900621100177025,0.05750454201536067,-0.013253588824710484,0.05251509837773583,1.7394910406822983,0.8666666666666667,0.8593294133488937,1.2246467991473532e-16,-1.0,0.39435585511331855,0.9189578116202306,-0.433883739117558,-0.9009688679024191
0.03985579874182744,0.03922073041435473,0.06517361254830523,0.028732541752895132,-0.8012214020893679,0.8666666666666667,0.8593742986669061,1.2246467991473532e-16,-1.0,0.5712682150947923,0.8207634412072763,-0.9749279121818236,-0.2225209339563146
0.04652005797807618,0.09386939232123556,0.021202244171598352,0.06760468154752744,0.7815163310100355,0.8666666666666667,0.8595089546209436,1.2246467991473532e-16,-1.0,0.9377521321470804,0.3473052528448203,0.7818314824680298,0.6234898018587336
0.07248332667051917,0.03937917538463182,0.07248332667051917,0.059257132898642734,0.23402935895946084,0.8666666666666667,0.8595538399389561,1.2246467991473532e-16,-1.0,0.9884683243281114,0.1514277775045767,0.9749279121818236,-0.22252093395631434
0.021978897729268594,0.02493398902403563,0.03462394318655373,0.03403733584243194,0.5873491238756681,0.8666666666666667,0.8595987252569685,1.2246467991473532e-16,-1.0,0.9987165071710528,-0.05064916883871264,0.43388373911755823,-0.900968867902419
0.0501526291167685,0.04623471826060565,0.05549910375151545,-0.004933428058192499,-0.7680971162221922,0.8666666666666667,0.859643610574981,1.2246467991473532e-16,-1.0,0.9680771188662043,-0.2506525322587204,-0.433883739117558,-0.9009688679024191
-0.09073163308652231,-0.04671761233277835,-0.03426029240980288,-0.10525054363109644,-0.39374164441210513,0.8666666666666667,0.8596884958929935,1.2246467991473532e-16,-1.0,0.8978045395707416,-0.4403941515576344,-0.9749279121818236,-0.2225209339563146
-0.10468592170904271,-0.11290370410795002,-0.08780379023194135,-0.09624468263021384,-0.29001579579800113,0.8666666666666667,0.8598231518470308,1.2246467991473532e-16,-1.0,0.48530196253108104,-0.8743466161445821,0.7818314824680298,0.6234898018587336
-0.01918966164895823,-0.0487630758528637,-0.07432326273465698,-0.032588231132503864,-0.10848064299406995,0.8666666666666667,0.8598680371650433,1.2246467991473532e-16,-1.0,0.29936312297335804,-0.9541392564000488,0.9749279121818236,-0.22252093395631434
-0.029171379755040003,-0.08654693111923865,-0.03621139116015419,0.0006248190650216121,-0.9808292530117262,0.8666666666666667,0.8599129224830558,1.2246467991473532e-16,-1.0,0.10116832198743272,-0.994869323391895,0.43388373911755823,-0.900968867902419
0.029796198820061515,-0.008706484743445873,0.0006248190650216121,0.0,-8.1886891244442,0.8666666666666667,0.8599578078010683,1.2246467991473532e-16,-1.0,-0.10116832198743204,-0.9948693233918952,-0.433883739117558,-0.9009688679024191
-0.013203589200055061,0.04159622836759935,-0.0006248190650216568,0.04159622836759935,7.696212639346407,0.8666666666666667,0.8600026931190808,1.2246467991473532e-16,-1.0,-0.29936312297335776,-0.9541392564000489,-0.9749279121818236,-0.2225209339563146
0.0553988130029578,0.050244136767138195,0.04282004286792433,0.050244136767138195,-1.7047480922384253,0.8666666666666667,0.8601822343911307,1.2246467991473532e-16,-1.0,-0.8978045395707417,-0.44039415155763423,0.9749279121818236,-0.22252093395631434
0.049645141331834876,0.0,0.049645141331834876,0.0,-5.991464547107982,0.8666666666666667,0.8602271197091432,1.2246467991473532e-16,-1.0,-0.9680771188662041,-0.2506525322587213,0.43388373911755823,-0.900968867902419
-0.08809974568052266,0.07938507272690001,-0.0017107948032318626,-0.08809974568052266,9.980448593672257,0.8666666666666667,0.8602720050271557,1.2246467991473532e-16,-1.0,-0.9987165071710528,-0.05064916883871355,-0.433883739117558,-0.9009688679024191
-0.006242181811445031,-0.09952955099008916,-0.09263113268873577,0.04917527869117362,-1.2809338454620642,0.8666666666666667,0.8603168903451681,1.2246467991473532e-16,-1.0,-0.9884683243281114,0.15142777750457667,-0.9749279121818236,-0.2225209339563146
-0.02729463646283142,-0.037315615155247506,0.03688183407353106,-0.049175278691173746,0.24946085963158324,0.8666666666666667,0.8604515462992056,1.2246467991473532e-16,-1.0,-0.7247927872291207,0.6889669190756859,0.7818314824680298,0.6234898018587336
0.002570693060945332,0.0018089053214976197,-0.012754444538950756,-0.01378463636823775,-0.24946085963158313,0.8666666666666667,0.8604964316172181,1.2246467991473532e-16,-1.0,-0.5712682150947924,0.8207634412072763,0.9749279121818236,-0.22252093395631434
0.016550360473667154,-0.012121406772798023,-0.022250646242371802,0.03350183112569205,-1.455287232606842,0.8666666666666667,0.8605413169352305,1.2246467991473532e-16,-1.0,-0.3943558551133187,0.9189578116202306,0.43388373911755823,-0.900968867902419
-0.0037950975236033416,0.017528458102598732,-0.0125787701350334,0.00426178411110477,0.1941560144409574,0.8666666666666667,0.860586202253243,1.2246467991473532e-16,-1.0,-0.20129852008866114,0.9795299412524943,-0.433883739117558,-0.9009688679024191
0.03487280027441073,-0.02119367090224117,0.03360614666541317,-0.007317040857415864,-1.7346010553881064,0.8666666666666667,0.8606310875712555,-0.4999999999999997,-0.8660254037844388,0.20129852008866006,0.9795299412524945,-0.9749279121818236,-0.2225209339563146
-0.03995539856461614,-0.009840168278518788,-0.03995539856461614,-0.03677573349851889,2.03688192726104,0.8666666666666667,0.8608106288433054,-0.4999999999999997,-0.8660254037844388,0.8486442574947509,0.5289640103269624,0.9749279121818236,-0.22252093395631434
-0.003189807594445379,-0.018085928336803024,0.011399762820051645,-0.00636947266054252,-0.04445176257083381,0.8666666666666667,0.8608555141613179,-0.4999999999999997,-0.8660254037844388,0.9377521321470804,0.3473052528448203,0.43388373911755823,-0.900968867902419
-0.0031999539024208396,0.006273510376962406,0.006903049506205208,-0.0031999539024208396,0.8979415932059586,0.8666666666666667,0.8609003994793304,-0.4999999999999997,-0.8660254037844388,0.9884683243281114,0.1514277775045767,-0.433883739117558,-0.9009688679024191
-0.01485338860390729,-0.031123488606600844,-0.031123488606600844,-0.01485338860390729,-0.46262352194811296,0.8666666666666667,0.8609452847973429,-0.4999999999999997,-0.8660254037844388,0.9987165071710528,-0.05064916883871264,-0.9749279121818236,-0.2225209339563146
-0.003911313027165026,0.0019335960410090168,-0.01102833601825217,0.003896136048378429,-0.4353180712578455,0.8666666666666667,0.8610799407513803,-0.4999999999999997,-0.8660254037844388,0.7907757369376989,-0.6121059825476626,0.7818314824680298,0.6234898018587336
-0.011826701713500538,-0.008406135317388264,-0.013132152542842944,-0.019634150789043923,-0.6931471805599453,0.8666666666666667,0.8611248260693928,-0.4999999999999997,-0.8660254037844388,0.6513724827222223,-0.758758122692791,0.9749279121818236,-0.22252093395631434
-0.035657980521751835,0.001946201504328045,-0.008629334261895693,-0.03223922593991894,1.6094379124341003,0.8666666666666667,0.8611697113874053,-0.4999999999999997,-0.8660254037844388,0.48530196253108104,-0.8743466161445821,0.43388373911755823,-0.900968867902419
-0.02707561004882861,-0.06216503672662095,-0.03390155167568134,-0.01790676466648437,-0.9628107475090478,0.8666666666666667,0.8612145967054177,-0.4999999999999997,-0.8660254037844388,0.29936312297335804,-0.9541392564000488,-0.433883739117558,-0.9009688679024191
-0.013461030536320615,0.027883469116188647,0.013698831383001124,-0.021068208017596925,1.7757591278816138,0.8666666666666667,0.8612594820234302,-0.4999999999999997,-0.8660254037844388,0.10116832198743272,-0.994869323391895,-0.9749279121818236,-0.2225209339563146
0.004980422482900761,-0.026505077619644206,-0.03460552963434744,0.0,-1.6422277352570913,0.8666666666666667,0.8613941379774677,-0.4999999999999997,-0.8660254037844388,-0.4853019625310808,-0.8743466161445822,0.7818314824680298,0.6234898018587336
-0.005693960054156747,-0.001378391496544468,-0.013470574489233623,0.02868331268642311,-0.3448404862917295,0.8666666666666667,0.86143902329548,-0.4999999999999997,-0.8660254037844388,-0.6513724827222217,-0.7587581226927913,0.9749279121818236,-0.22252093395631434
0.021885763535392583,0.056315156459640796,0.09069242920022069,0.006872905415825075,0.46262352194811296,0.8666666666666667,0.8614839086134926,-0.4999999999999997,-0.8660254037844388,-0.7907757369376986,-0.6121059825476627,0.43388373911755823,-0.900968867902419
0.01936441462101247,0.03899501138638552,-0.049442251043815555,0.04683128602236678,1.123003741792269,0.8666666666666667,0.861528793931505,-0.4999999999999997,-0.8660254037844388,-0.8978045395707417,-0.44039415155763423,-0.433883739117558,-0.9009688679024191
0.015630596162918686,-0.012618452000912807,0.015630596162918686,-0.013158071780946533,-0.32449604557449724,0.8666666666666667,0.8615736792495176,-0.4999999999999997,-0.8660254037844388,-0.9680771188662041,-0.2506525322587213,-0.9749279121818236,-0.2225209339563146
0.014725852863024984,-0.0025429105759153816,0.031200689859448107,0.009884733969646486,0.15415067982725836,0.8666666666666667,0.8617083352035549,-0.4999999999999997,-0.8660254037844388,-0.9377521321470804,0.3473052528448203,0.7818314824680298,0.6234898018587336
0.012545531371709337,-0.019929970046904923,-0.003929305624713741,0.009787981595401148,-1.3581234841531944,0.8666666666666667,0.8617532205215674,-0.4999999999999997,-0.8660254037844388,-0.8486442574947509,0.5289640103269624,0.9749279121818236,-0.22252093395631434
-0.015206874346013139,0.012903454059856928,0.009794434918951928,-0.02498480783589131,0.6061358035703155,0.8666666666666667,0.8617981058395799,-0.4999999999999997,-0.8660254037844388,-0.7247927872291207,0.6889669190756859,0.43388373911755823,-0.900968867902419
-0.019509529452719693,0.0,-0.04451083871768466,0.0026595734218114358,0.7230001437096264,0.8666666666666667,0.8618429911575924,-0.4999999999999997,-0.8660254037844388,-0.5712682150947924,0.8207634412072763,-0.433883739117558,-0.9009688679024191
0.018843069660936063,0.012739013396069176,0.01950952945271969,0.04796770187000606,-0.4353180712578455,0.8666666666666667,0.8618878764756049,-0.4999999999999997,-0.8660254037844388,-0.3943558551133187,0.9189578116202306,-0.9749279121818236,-0.2225209339563146
0.011269597287495518,0.011953560427053998,0.02889233010446198,-0.03608641686474095,-1.1451323043030026,0.8666666666666667,0.8620225324296423,-0.8660254037844385,-0.5000000000000004,0.20129852008866006,0.9795299412524945,0.7818314824680298,0.6234898018587336
-0.0013192916138475997,-0.02213175546305418,0.012222766070291708,-0.00592302846414897,0.5798184952529422,0.8666666666666667,0.8620674177476548,-0.8660254037844385,-0.5000000000000004,0.39435585511331855,0.9189578116202306,0.9749279121818236,-0.22252093395631434
0.008544259486809053,0.022756965171033722,0.01333776732203255,0.05458821546392338,0.36464311358790924,0.8666666666666667,0.8621123030656673,-0.8660254037844385,-0.5000000000000004,0.5712682150947923,0.8207634412072763,0.43388373911755823,-0.900968867902419
-0.005249350958782499,-0.0125787701350334,-0.00950882418523506,-0.0125787701350334,-0.9444616088408514,0.8666666666666667,0.8621571883836797,-0.8660254037844385,-0.5000000000000004,0.72479278722912,0.6889669190756866,-0.433883739117558,-0.9009688679024191
-0.04439194582209923,-0.03215711124002723,-0.0610625726694559,-0.03215711124002723,-0.15415067982725836,0.8666666666666667,0.8622020737016922,-0.8660254037844385,-0.5000000000000004,0.8486442574947509,0.5289640103269624,-0.9749279121818236,-0.2225209339563146
0.022442283294184597,0.03531668352605938,0.07057139685469087,-0.0006538234186465033,0.3483066942682158,0.8666666666666667,0.8623367296557297,-0.8660254037844385,-0.5000000000000004,0.9987165071710528,-0.05064916883871264,0.7818314824680298,0.6234898018587336
0.02129153620717553,-0.0353166835260593,-0.0353166835260593,-0.006561728462928774,0.3022808718729337,0.8666666666666667,0.8623816149737421,-0.8660254037844385,-0.5000000000000004,0.9680771188662043,-0.2506525322587204,0.9749279121818236,-0.22252093395631434
-0.03278980817361551,0.02517069913600749,0.01877685199251368,0.032386251017582725,-0.9382696385929302,0.8666666666666667,0.8624265002917546,-0.8660254037844385,-0.5000000000000004,0.8978045395707416,-0.4403941515576344,0.43388373911755823,-0.900968867902419
0.028832054554576048,-0.0363440046366223,-0.029950157493128488,-0.0363440046366223,-1.0986122886681098,0.8666666666666667,0.8624713856097671,-0.8660254037844385,-0.5000000000000004,0.7907757369376989,-0.6121059825476626,-0.433883739117558,-0.9009688679024191
0.006587601486255583,0.006587601486255583,0.006587601486255583,0.006587601486255583,0.9808292530117262,0.8666666666666667,0.8625162709277796,-0.8660254037844385,-0.5000000000000004,0.6513724827222223,-0.758758122692791,-0.9749279121818236,-0.2225209339563146
-0.013884460037430978,0.004585704014359345,-0.013884460037430978,0.0,0.4855078157817008,0.8666666666666667,0.862650926881817,-0.8660254037844385,-0.5000000000000004,0.10116832198743272,-0.994869323391895,0.7818314824680298,0.6234898018587336
-0.005340525195053359,-0.005242470886581244,-0.005340525195053359,-0.0006567668722220009,0.14310084364067324,0.8666666666666667,0.8626958121998295,-0.8660254037844385,-0.5000000000000004,-0.10116832198743204,-0.9948693233918952,0.9749279121818236,-0.22252093395631434
0.023810689246843663,0.1638649346593024,0.023810689246843663,0.11060297407807662,2.528391761727739,0.8666666666666667,0.862740697517842,-0.8660254037844385,-0.5000000000000004,-0.29936312297335776,-0.9541392564000489,0.43388373911755823,-0.900968867902419
0.10241503797291474,-0.012910621953735464,0.14571184181898572,0.0,-1.6529230243738393,0.8666666666666667,0.8627855828358545,-0.8660254037844385,-0.5000000000000004,-0.4853019625310808,-0.8743466161445822,-0.433883739117558,-0.9009688679024191
-0.048347852789386615,0.010677180720008315,-0.04743524323351503,-0.02320838368498299,0.22314355131420976,0.8666666666666667,0.8628304681538669,-0.8660254037844385,-0.5000000000000004,-0.6513724827222217,-0.7587581226927913,-0.9749279121818236,-0.2225209339563146
0.01718892457522979,0.0005588281318363291,0.007671980413301079,0.007198527265653915,0.8567766043417474,0.8666666666666667,0.8629651241079044,-0.8660254037844385,-0.5000000000000004,-0.9680771188662041,-0.2506525322587213,0.7818314824680298,0.6234898018587336
-0.015333020131836322,0.00557106636061361,-0.038962051381339506,0.028287069389154443,-0.7716187960014406,0.8666666666666667,0.8630100094259169,-0.8660254037844385,-0.5000000000000004,-0.9987165071710528,-0.05064916883871355,0.9749279121818236,-0.22252093395631434
0.02923469708811749,-0.06424231844597324,0.01817125909760662,-0.028287069389154474,-1.8123787564307907,0.8666666666666667,0.8630548947439293,-0.8660254037844385,-0.5000000000000004,-0.9884683243281114,0.15142777750457667,0.43388373911755823,-0.900968867902419
0.020202716476456436,0.0900183175846973,0.02957045758798846,0.06647923517148903,2.302585092994046,0.8666666666666667,0.8630997800619418,-0.8660254037844385,-0.5000000000000004,-0.9377521321470804,0.3473052528448203,-0.433883739117558,-0.9009688679024191
0.019802636095942787,-0.06025246376654485,0.010434894984410904,-0.0277874295400321,-1.742969305058623,0.8666666666666667,0.8631446653799543,-0.8660254037844385,-0.5000000000000004,-0.8486442574947509,0.5289640103269624,-0.9749279121818236,-0.2225209339563146
-0.0023095227489729323,0.01710424509315272,0.019983558209337733,-0.005188835865157985,0.5389965007326869,0.8666666666666667,0.8632793213339917,-0.8660254037844385,-0.5000000000000004,-0.3943558551133187,0.9189578116202306,0.7818314824680298,0.6234898018587336
-0.03949821466337782,0.0067605289536826685,-0.0617912956216885,0.023422942696052728,0.0408219945202552,0.8666666666666667,0.8633242066520042,-0.8660254037844385,-0.5000000000000004,-0.20129852008866114,0.9795299412524943,0.9749279121818236,-0.22252093395631434
0.04180773741235066,-0.0067605289536826355,0.04180773741235066,-0.0011298617377421011,-1.0216512475319814,0.8666666666666667,0.8633690919700167,-0.8660254037844385,-0.5000000000000004,-2.4492935982947064e-16,1.0,0.43388373911755823,-0.900968867902419
-0.020391057939880095,0.08191078040866828,-0.01686582116981598,0.03280806522717124,2.2801122371419873,0.8666666666666667,0.8634139772880292,-1.0,-1.8369701987210297e-16,0.20129852008866006,0.9795299412524945,-0.433883739117558,-0.9009688679024191
0.03584203495520877,-0.04255967488727559,0.07075085917435106,-0.015435845692503142,-1.4816045409242156,0.8666666666666667,0.8634588626060417,-1.0,-1.8369701987210297e-16,0.39435585511331855,0.9189578116202306,-0.9749279121818236,-0.2225209339563146
-0.04352296839261834,-0.021978885986724647,-0.01652926026052914,-0.048956880336307664,-0.6931471805599453,0.8666666666666667,0.8636384038780915,-1.0,-1.8369701987210297e-16,0.9377521321470804,0.3473052528448203,0.9749279121818236,-0.22252093395631434
-0.007142937386289971,0.04984780976001715,-0.055982607855304095,0.0377835368764146,2.1162555148025524,0.8666666666666667,0.863683289196104,-1.0,-1.8369701987210297e-16,0.9884683243281114,0.1514277775045767,0.43388373911755823,-0.900968867902419
0.02943120057075929,-0.03605448762768127,0.0128431019184777,0.024966665592228893,-0.4870149750722722,0.8666666666666667,0.8637281745141165,-1.0,-1.8369701987210297e-16,0.9987165071710528,-0.05064916883871264,-0.433883739117558,-0.9009688679024191
0.028025842308183762,0.0455232749963205,0.06294216647655462,-0.028906985760978377,0.2728669866666403,0.8666666666666667,0.8637730598321289,-1.0,-1.8369701987210297e-16,0.9680771188662043,-0.2506525322587204,-0.9749279121818236,-0.2225209339563146
-0.062247466687762654,-0.005249375858380516,0.02048584616083782,-0.029767537241480742,1.1612833956308855,0.8666666666666667,0.8639077157861664,-1.0,-1.8369701987210297e-16,0.6513724827222223,-0.758758122692791,0.7818314824680298,0.6234898018587336
-0.06062459319475677,-0.09778695519443031,-0.10512331829176577,-0.09119310233031483,-0.30973020967354337,0.8666666666666667,0.8639526011041789,-1.0,-1.8369701987210297e-16,0.48530196253108104,-0.8743466161445821,0.9749279121818236,-0.22252093395631434
-0.04233784838650754,-0.05181265548985709,-0.0693317178571207,-0.02644461383100601,0.47714368337921226,0.8666666666666667,0.8639974864221913,-1.0,-1.8369701987210297e-16,0.29936312297335804,-0.9541392564000488,0.43388373911755823,-0.900968867902419
-0.02697396314411655,-0.04054191378642642,-0.021837743799022636,0.003262658019933277,-0.5227541946312645,0.8666666666666667,0.8640423717402038,-1.0,-1.8369701987210297e-16,0.10116832198743272,-0.994869323391895,-0.433883739117558,-0.9009688679024191
-0.002052668012024802,0.014534192341580468,-0.006514643784101089,0.03268469567496384,0.6312717768418578,0.8666666666666667,0.8640872570582163,-1.0,-1.8369701987210297e-16,-0.10116832198743204,-0.9948693233918952,-0.9749279121818236,-0.2225209339563146
0.06046343710314277,0.15109896248159524,0.013632151080776186,0.12545980902425274,-0.10457280391957705,0.8666666666666667,0.8642219130122537,-1.0,-1.8369701987210297e-16,-0.6513724827222217,-0.7587581226927913,0.7818314824680298,0.6234898018587336
0.10342443623085461,0.05406715629502113,0.13827507536968237,0.07704346320793598,-0.09059689535222658,0.8666666666666667,0.8642667983302662,-1.0,-1.8369701987210297e-16,-0.7907757369376986,-0.6121059825476627,0.9749279121818236,-0.22252093395631434
0.12242339832804087,0.15056737958303615,0.08757275918921303,0.13243656027772835,-0.06684001812585046,0.8666666666666667,0.8643116836482787,-1.0,-1.8369701987210297e-16,-0.8978045395707417,-0.44039415155763423,0.43388373911755823,-0.900968867902419
0.056014588107006665,0.01092907053219023,0.12960128963568243,0.03457794268056814,0.22957444164450017,0.8666666666666667,0.8643565689662912,-1.0,-1.8369701987210297e-16,-0.9680771188662041,-0.2506525322587213,-0.433883739117558,-0.9009688679024191
-0.010758016489122208,-0.006543081894418604,0.025871199663549907,-0.019802660539728355,-0.07213752816642312,0.8666666666666667,0.8644014542843037,-1.0,-1.8369701987210297e-16,-0.9987165071710528,-0.05064916883871355,-0.9749279121818236,-0.2225209339563146
0.016577666275001037,-0.027958380725385742,-0.0285861093626091,-0.08434824481309676,-0.6028603338878448,0.8666666666666667,0.8645361102383411,-1.0,-1.8369701987210297e-16,-0.8486442574947509,0.5289640103269624,0.7818314824680298,0.6234898018587336
-0.07738671026126633,-0.04134716832576277,-0.03457362145743285,-0.07738671026126633,-2.044102175234527,0.8666666666666667,0.8645809955563536,-1.0,-1.8369701987210297e-16,-0.7247927872291207,0.6889669190756859,0.9749279121818236,-0.22252093395631434
-0.027007214569933317,-0.08105947802589944,-0.09488814720666908,-0.0073413749695709005,2.932674137586854,0.8666666666666667,0.8646258808743661,-1.0,-1.8369701987210297e-16,-0.5712682150947924,0.8207634412072763,0.43388373911755823,-0.900968867902419
-0.03384596766961616,-0.028897751932862193,-0.0203184586104732,-0.047974673568658394,-0.8602012652231115,0.8666666666666667,0.8646707661923785,-1.0,-1.8369701987210297e-16,-0.3943558551133187,0.9189578116202306,-0.433883739117558,-0.9009688679024191
-0.07252891362538641,-0.03679436806815021,-0.05406722127027582,-0.05621688586354486,0.5384135802848198,0.8666666666666667,0.864715651510391,-1.0,-1.8369701987210297e-16,-0.20129852008866114,0.9795299412524943,-0.9749279121818236,-0.2225209339563146
0.07197349962508924,0.08233815010582102,0.005540201451290698,0.13272782767210087,-0.9061383604101371,0.8666666666666667,0.8648503074644285,-0.866025403784439,0.49999999999999933,0.5712682150947923,0.8207634412072763,0.7818314824680298,0.6234898018587336
0.08464748184935517,0.0843816204722011,0.0791072803980644,0.017744465154775485,0.5168679382219532,0.8666666666666667,0.8648951927824409,-0.866025403784439,0.49999999999999933,0.72479278722912,0.6889669190756866,0.9749279121818236,-0.22252093395631434
-0.007172130455386467,-0.05967680645430133,0.0,0.029217238519278117,-0.4485486942444762,0.8666666666666667,0.8649400781004534,-0.866025403784439,0.49999999999999933,0.8486442574947509,0.5289640103269624,0.43388373911755823,-0.900968867902419
0.02788516426385771,-0.006856020446346802,0.020713033808471205,-0.009808752120572577,-1.2294518896269209,0.8666666666666667,0.8649849634184659,-0.866025403784439,0.49999999999999933,0.9377521321470804,0.3473052528448203,-0.433883739117558,-0.9009688679024191
-0.07203317010286478,-0.007398288457606691,-0.0025030919755401797,-0.05002314257952166,2.099402284242374,0.8666666666666667,0.8650298487364784,-0.866025403784439,0.49999999999999933,0.9884683243281114,0.1514277775045767,-0.9749279121818236,-0.2225209339563146
0.036405952929171266,-0.04557758579614073,-0.033124125198153366,0.0,-4.1470951276076295,0.8666666666666667,0.8651645046905158,-0.866025403784439,0.49999999999999933,0.8978045395707416,-0.4403941515576344,0.7818314824680298,0.6234898018587336
0.0,0.0,0.0,0.0,0.4054651081081644,0.8666666666666667,0.8652093900085283,-0.866025403784439,0.49999999999999933,0.7907757369376989,-0.6121059825476626,0.9749279121818236,-0.22252093395631434
0.010309409189403618,0.03562721717369349,0.030112005799229836,0.03262273493662497,1.466337068793427,0.8666666666666667,0.8652542753265408,-0.866025403784439,0.49999999999999933,0.6513724827222223,-0.758758122692791,0.43388373911755823,-0.900968867902419
-0.015504146799536139,0.03004415096271705,-0.03530674340936235,0.01047647814426935,-0.12260232209233239,0.8666666666666667,0.8652991606445533,-0.866025403784439,0.49999999999999933,0.48530196253108104,-0.8743466161445821,-0.433883739117558,-0.9009688679024191
-0.025852227416682236,-0.0713870866671041,-0.000520980920561096,-0.0741461781077091,-0.04445176257083381,0.8666666666666667,0.8653440459625658,-0.866025403784439,0.49999999999999933,0.29936312297335804,-0.9541392564000488,-0.9749279121818236,-0.2225209339563146
0.00586202658824696,-0.017346028282068004,-0.017346028282068004,0.00586202658824696,-0.7884573603642702,0.8666666666666667,0.8654787019166031,-0.866025403784439,0.49999999999999933,-0.29936312297335776,-0.9541392564000489,0.7818314824680298,0.6234898018587336
-0.0005315030210088427,0.19409358433459134,-0.0026546946468150893,0.03498138383418724,2.624668592163159,0.8666666666666667,0.8655235872346156,-0.866025403784439,0.49999999999999933,-0.4853019625310808,-0.8743466161445822,0.9749279121818236,-0.22252093395631434
0.011102466264013884,-0.05382459819721376,0.049777045416264334,0.005628083923295557,-0.46134556650262093,0.8666666666666667,0.8655684725526281,-0.866025403784439,0.49999999999999933,-0.6513724827222217,-0.7587581226927913,0.43388373911755823,-0.900968867902419
-0.033140437301845196,-0.009259360571296225,-0.07181501645409583,0.03853368573898058,0.6339583091696147,0.8666666666666667,0.8656133578706405,-0.866025403784439,0.49999999999999933,-0.7907757369376986,-0.6121059825476627,-0.433883739117558,-0.9009688679024191
0.08188046916098272,-0.024960122963971626,0.08587847181784497,0.024728451383073637,-1.1680407950998726,0.8666666666666667,0.865658243188653,-0.866025403784439,0.49999999999999933,-0.8978045395707417,-0.44039415155763423,-0.9749279121818236,-0.2225209339563146
0.03831513363283527,0.05924919644260375,0.03720449904129959,0.0009574178973584287,0.4248831939652659,0.8666666666666667,0.8657928991426905,-0.866025403784439,0.49999999999999933,-0.9884683243281114,0.15142777750457667,0.7818314824680298,0.6234898018587336
-0.01897402501641115,-0.08876978695195309,-0.021861393081737828,-0.02617691905832903,-2.7472709142554916,0.8666666666666667,0.8658377844607029,-0.866025403784439,0.49999999999999933,-0.9377521321470804,0.3473052528448203,0.9749279121818236,-0.22252093395631434
-0.04933065850177381,-0.0029513731957795087,-0.0029513731957795087,-0.037022724748696806,0.8754687373538999,0.8666666666666667,0.8658826697787154,-0.866025403784439,0.49999999999999933,-0.8486442574947509,0.5289640103269624,0.43388373911755823,-0.900968867902419
0.02042979775017397,0.06438458836413326,0.06438458836413326,0.06654331525804624,0.5596157879354227,0.8666666666666667,0.8659275550967279,-0.866025403784439,0.49999999999999933,-0.7247927872291207,0.6889669190756859,-0.433883739117558,-0.9009688679024191
0.05028158911879395,0.01785358899541621,-0.03957182208661591,0.006654078603494902,0.9985288301111273,0.8666666666666667,0.8659724404147404,-0.866025403784439,0.49999999999999933,-0.5712682150947924,0.8207634412072763,-0.9749279121818236,-0.2225209339563146
0.014793940745650044,0.06371576310295636,0.01431327603110637,0.028486572679080602,0.919793362425357,0.8666666666666667,0.8661070963687778,-0.866025403784439,0.49999999999999933,-2.4492935982947064e-16,1.0,0.7818314824680298,0.6234898018587336
0.01177315189336465,-0.02937577604403686,0.04265830120976763,-0.014375367977574475,-1.2992829841302609,0.8666666666666667,0.8661519816867903,-0.5000000000000012,0.8660254037844379,0.20129852008866006,0.9795299412524945,0.9749279121818236,-0.22252093395631434
-0.019858811719930397,-0.03615655952466981,-0.0013627386245921623,-0.00609039873402726,-0.40546510810816444,0.8666666666666667,0.8661968670048028,-0.5000000000000012,0.8660254037844379,0.39435585511331855,0.9189578116202306,0.43388373911755823,-0.900968867902419
-0.00047767990788377847,-0.016037016529665927,-0.04604392760745938,0.010285238392997968,1.3958638121360414,0.8666666666666667,0.8662417523228153,-0.5000000000000012,0.8660254037844379,0.5712682150947923,0.8207634412072763,-0.433883739117558,-0.9009688679024191
-0.005269502509686714,0.03316222855587041,0.027694806599898304,-0.02353049741019416,0.04652001563489291,0.8666666666666667,0.8662866376408277,-0.5000000000000012,0.8660254037844379,0.72479278722912,0.6889669190756866,-0.9749279121818236,-0.2225209339563146
0.009084477221852186,-0.02168104598077426,-0.027694806599898154,0.009478779942253199,-0.6931471805599453,0.8666666666666667,0.8664212935948652,-0.5000000000000012,0.8660254037844379,0.9884683243281114,0.1514277775045767,0.7818314824680298,0.6234898018587336
-0.06285822891773524,-0.02309571520162848,0.009945575076567818,-0.02338458646520243,0.24116205681688804,0.8666666666666667,0.8664661789128777,-0.5000000000000012,0.8660254037844379,0.9987165071710528,-0.05064916883871264,0.9749279121818236,-0.22252093395631434
0.022551733215026522,0.050568760884530294,-0.02577703643014663,0.01390580652294915,0.36662527479190044,0.8666666666666667,0.8665110642308901,-0.5000000000000012,0.8660254037844379,0.9680771188662043,-0.2506525322587204,0.43388373911755823,-0.900968867902419
0.018655384563251224,-0.044976908521518165,-0.005819649785878682,0.007117449732470074,-0.951558870711613,0.8666666666666667,0.8665559495489026,-0.5000000000000012,0.8660254037844379,0.8978045395707416,-0.4403941515576344,-0.433883739117558,-0.9009688679024191
-0.016675234977803575,-0.026844073779825818,-0.016675234977803575,-0.031215001311530592,-0.3313571359544425,0.8666666666666667,0.8666008348669151,-0.5000000000000012,0.8660254037844379,0.7907757369376989,-0.6121059825476626,-0.9749279121818236,-0.2225209339563146
0.018618914679887674,0.031480168243213716,0.025392012132017396,0.0217137966409413,1.1104467463151124,0.8666666666666667,0.8667354908209525,-0.5000000000000012,0.8660254037844379,0.29936312297335804,-0.9541392564000488,0.7818314824680298,0.6234898018587336
0.019707431437373395,0.012867768375228532,0.01293433398524365,0.022653140940768948,-0.916290731874155,0.8666666666666667,0.866780376138965,-0.5000000000000012,0.8660254037844379,0.10116832198743272,-0.994869323391895,0.9749279121818236,-0.22252093395631434
0.006641361705036648,-0.02076193846144774,0.006641361705036648,0.0009328572162255056,0.05715841383994862,0.8666666666666667,0.8668252614569775,-0.5000000000000012,0.8660254037844379,-0.10116832198743204,-0.9948693233918952,0.43388373911755823,-0.900968867902419
0.016413047677724016,0.09763841786584554,0.016413047677724016,0.06322645309243294,1.6739764335716716,0.8666666666666667,0.86687014677499,-0.5000000000000012,0.8660254037844379,-0.29936312297335776,-0.9541392564000489,-0.433883739117558,-0.9009688679024191
0.08254406531832228,0.04344017571402441,0.08254406531832228,0.036101906679551335,-0.9136899501740976,0.8666666666666667,0.8669150320930025,-0.5000000000000012,0.8660254037844379,-0.4853019625310808,-0.8743466161445822,-0.9749279121818236,-0.2225209339563146
-0.019023510646853595,-0.05235928702932839,-0.006444688894354428,-0.033479550909196694,-1.2992829841302609,0.8666666666666667,0.8670496880470399,-0.5000000000000012,0.8660254037844379,-0.8978045395707417,-0.44039415155763423,0.7818314824680298,0.6234898018587336
-0.03418759009241666,0.021106734945158447,-0.023992476470472642,0.035166561352081536,0.5389965007326869,0.8666666666666667,0.8670945733650524,-0.5000000000000012,0.8660254037844379,-0.9680771188662041,-0.2506525322587213,0.9749279121818236,-0.22252093395631434
0.04417679567638906,-0.00167227946160958,0.030437165364827115,-0.0012649708245443994,-0.587786664902119,0.8666666666666667,0.8671394586830649,-0.5000000000000012,0.8660254037844379,-0.9987165071710528,-0.05064916883871355,0.43388373911755823,-0.900968867902419
0.00731973474751276,-0.02499601283981765,-0.0017145703153686799,-0.016592650196052283,-1.2039728043259361,0.8666666666666667,0.8672292293190897,-0.5000000000000012,0.8660254037844379,-0.9377521321470804,0.3473052528448203,-0.9749279121818236,-0.2225209339563146
0.020803118484578245,0.027085925575862358,0.020803118484578245,0.020803118484578245,1.2992829841302609,0.8666666666666667,0.8673638852731272,-0.5000000000000012,0.8660254037844379,-0.5712682150947924,0.8207634412072763,0.7818314824680298,0.6234898018587336
-0.01823236415966844,-0.010915314998150722,-0.00886264873323595,-0.01823236415966844,-0.2578291093020998,0.8666666666666667,0.8674087705911397,-0.5000000000000012,0.8660254037844379,-0.3943558551133187,0.9189578116202306,0.9749279121818236,-0.22252093395631434
0.0,0.0008438207494777664,0.005073961575847241,0.0,0.5340824859302579,0.8666666666666667,0.8674536559091521,-0.5000000000000012,0.8660254037844379,-0.20129852008866114,0.9795299412524943,0.43388373911755823,-0.900968867902419
-0.07968622816689253,0.01215696888418534,-0.031272608963240994,0.008097151653924852,0.7915872533731978,0.8666666666666667,0.8674985412271646,-2.4492935982947064e-16,1.0,0.20129852008866006,0.9795299412524945,-0.433883739117558,-0.9009688679024191
0.03684744705606783,0.02061928720273561,0.01725666764804755,0.03215981754422877,-0.22705745063534608,0.8666666666666667,0.8675434265451771,-2.4492935982947064e-16,1.0,0.39435585511331855,0.9189578116202306,-0.9749279121818236,-0.2225209339563146
0.06526403962573264,-0.006962963891047208,0.02199752282782176,0.0,-1.292768303109067,0.8666666666666667,0.8676780824992145,-2.4492935982947064e-16,1.0,0.8486442574947509,0.5289640103269624,0.7818314824680298,0.6234898018587336
0.0037586243344962535,0.026765582028290005,0.023977995968240337,-0.009083436151267997,1.4718165345580525,0.8666666666666667,0.867722967817227,-2.4492935982947064e-16,1.0,0.9377521321470804,0.3473052528448203,0.9749279121818236,-0.22252093395631434
-0.005433625060580095,-0.01167246116575598,-0.019802608596683105,0.0024854803635811266,-1.33828514193353,0.8666666666666667,0.8677678531352395,-2.4492935982947064e-16,1.0,0.9884683243281114,0.1514277775045767,0.43388373911755823,-0.900968867902419
0.0,-0.007722067643842659,0.009124879426648974,-0.004977233043231548,0.22314355131420976,0.8666666666666667,0.867812738453252,-2.4492935982947064e-16,1.0,0.9987165071710528,-0.05064916883871264,-0.433883739117558,-0.9009688679024191
0.005850388097640946,0.029744948843043555,-0.006628021424970428,0.028690524185983713,2.0856720914304723,0.8666666666666667,0.8678576237712645,-2.4492935982947064e-16,1.0,0.9680771188662043,-0.2506525322587204,-0.9749279121818236,-0.2225209339563146
0.009950321410848074,-0.02852167913105148,0.019753788240693192,-0.020821337255905587,-2.985843441424744,0.8666666666666667,0.8679922797253019,-2.4492935982947064e-16,1.0,0.6513724827222223,-0.758758122692791,0.7818314824680298,0.6234898018587336
