low,high,open,close,volume,year,days,month_sin,month_cos,day_sin,day_cos,weekday_sin,weekday_cos
0.0,0.0,0.0,0.0,-9.20029003612268,0.85,0.8372458368867544,0.49999999999999994,0.8660254037844387,-0.8486442574947509,0.5289640103269624,0.9749279121818236,-0.22252093395631434
0.0,0.0,0.0,0.0,0.0,0.85,0.8372907222047669,0.49999999999999994,0.8660254037844387,-0.7247927872291207,0.6889669190756859,0.43388373911755823,-0.900968867902419
0.13353139262452257,0.13976194237515863,0.13976194237515863,0.13976194237515863,8.242756345714477,0.85,0.8373356075227794,0.49999999999999994,0.8660254037844387,-0.5712682150947924,0.8207634412072763,-0.433883739117558,-0.9009688679024191
0.1451820098444979,0.13895146009386186,0.13895146009386186,0.13895146009386186,0.29423947299793995,0.85,0.8373804928407919,0.49999999999999994,0.8660254037844387,-0.3943558551133187,0.9189578116202306,-0.9749279121818236,-0.2225209339563146
0.0,0.13623044959368769,0.0,0.12197842688648619,-0.5306282510621704,0.85,0.8375151487948292,0.8660254037844386,0.5000000000000001,0.20129852008866006,0.9795299412524945,0.7818314824680298,0.6234898018587336
0.23922968906583406,0.10299923947214644,0.23922968906583406,0.11725126217934795,-3.4011973816621555,0.85,0.8375600341128417,0.8660254037844386,0.5000000000000001,0.39435585511331855,0.9189578116202306,0.9749279121818236,-0.22252093395631434
-0.16126814759612226,0.06187540371808745,0.06187540371808745,0.03758271114904285,2.1972245773362196,0.85,0.8376049194308542,0.8660254037844386,0.5000000000000001,0.5712682150947923,0.8207634412072763,0.43388373911755823,-0.900968867902419
0.03922071315328133,-0.1839228381609285,-0.1839228381609285,-0.15963014559188396,-2.1972245773362196,0.85,0.8376498047488667,0.8660254037844386,0.5000000000000001,0.72479278722912,0.6889669190756866,-0.433883739117558,-0.9009688679024191
-0.16138834712748887,-0.03922071315328127,-0.16138834712748887,-0.15015227386056293,2.70805020110221,0.85,0.8376946900668791,0.8660254037844386,0.5000000000000001,0.8486442574947509,0.5289640103269624,-0.9749279121818236,-0.2225209339563146
-0.14571181118139365,-0.2678794451556012,-0.14571181118139365,-0.15694788444831947,-1.6094379124341003,0.85,0.8378293460209166,0.8660254037844386,0.5000000000000001,0.9987165071710528,-0.05064916883871264,0.7818314824680298,0.6234898018587336
-0.15524059819128397,-0.15524059819128397,-0.15524059819128397,-0.15524059819128397,0.9808292530117262,0.85,0.8378742313389291,0.8660254037844386,0.5000000000000001,0.9680771188662043,-0.2506525322587204,0.9749279121818236,-0.22252093395631434
-0.14780950448881097,0.13543797089510412,0.0,-0.05491575759611465,0.5596157879354227,0.85,0.8382333138830289,0.8660254037844386,0.5000000000000001,-0.29936312297335776,-0.9541392564000489,0.43388373911755823,-0.900968867902419
-0.054558984250434366,-0.1903537284912189,-0.20236848873924534,-0.13815033848081718,1.8607523407150064,0.85,0.8382781992010414,0.8660254037844386,0.5000000000000001,-0.4853019625310808,-0.8743466161445822,-0.433883739117558,-0.9009688679024191
-0.12953405219190228,-0.225161715470447,-0.12953405219190228,-0.09716374845364774,-0.9444616088408514,0.85,0.8383230845190539,0.8660254037844386,0.5000000000000001,-0.6513724827222217,-0.7587581226927913,-0.9749279121818236,-0.2225209339563146
0.04167269640056808,0.010050335853501506,0.04167269640056808,0.010152371464017908,-1.6094379124341003,0.85,0.8384577404730913,0.8660254037844386,0.5000000000000001,-0.9680771188662041,-0.2506525322587213,0.7818314824680298,0.6234898018587336
0.030153038170687457,0.12221763272424911,0.030153038170687457,0.10536051565782635,0.9985288301111273,0.85,0.8385026257911038,0.8660254037844386,0.5000000000000001,-0.9987165071710528,-0.05064916883871355,0.9749279121818236,-0.22252093395631434
0.11226730187108121,0.060103924069705515,0.11226730187108121,0.035718082602079246,0.8622235106038793,0.85,0.8385475111091163,0.8660254037844386,0.5000000000000001,-0.9884683243281114,0.15142777750457667,0.43388373911755823,-0.900968867902419
0.008810629682154906,-0.05129329438755058,0.008810629682154906,0.0,-8.411832675758411,0.85,0.8385923964271288,0.8660254037844386,0.5000000000000001,-0.9377521321470804,0.3473052528448203,-0.433883739117558,-0.9009688679024191
-0.15123096972392353,-0.15123096972392353,-0.15123096972392353,-0.15123096972392353,4.605170185988092,0.85,0.8386372817451412,0.8660254037844386,0.5000000000000001,-0.8486442574947509,0.5289640103269624,-0.9749279121818236,-0.2225209339563146
0.0,0.11551288712184424,0.02020270731751947,0.02020270731751947,2.70805020110221,0.85,0.8387719376991787,1.0,6.123233995736766e-17,0.20129852008866006,0.9795299412524945,0.7818314824680298,0.6234898018587336
0.02020270731751947,-0.0953101798043249,0.0,0.0,-7.313220387090301,0.85,0.8388168230171912,1.0,6.123233995736766e-17,0.39435585511331855,0.9189578116202306,0.9749279121818236,-0.22252093395631434
0.04879016416943204,0.0769610411361284,0.04879016416943204,0.058268908123975824,7.937374696163295,0.85,0.8388617083352036,1.0,6.123233995736766e-17,0.5712682150947923,0.8207634412072763,0.43388373911755823,-0.900968867902419
0.009478743954543739,-0.01869213301215252,0.009478743954543739,0.0,-7.937374696163295,0.85,0.8389065936532161,1.0,6.123233995736766e-17,0.72479278722912,0.6889669190756866,-0.433883739117558,-0.9009688679024191
0.0,0.0,0.0,0.0,7.090076835776092,0.85,0.8389514789712286,1.0,6.123233995736766e-17,0.8486442574947509,0.5289640103269624,-0.9749279121818236,-0.2225209339563146
-0.00947874395454377,-0.00947874395454377,-0.00947874395454377,-0.00947874395454377,-1.791759469228055,0.85,0.839086134925266,1.0,6.123233995736766e-17,0.9987165071710528,-0.05064916883871264,0.7818314824680298,0.6234898018587336
0.009478743954543739,0.009478743954543739,0.009478743954543739,0.009478743954543739,1.7047480922384253,0.85,0.8391310202432785,1.0,6.123233995736766e-17,0.9680771188662043,-0.2506525322587204,0.9749279121818236,-0.22252093395631434
-0.07847161544149521,0.0,0.0,-0.019048194970694474,1.2656663733312759,0.85,0.839175905561291,1.0,6.123233995736766e-17,0.8978045395707416,-0.4403941515576344,0.43388373911755823,-0.900968867902419
0.030153038170687457,-0.019048194970694474,-0.04831857727080768,0.0,-0.5725191927713306,0.85,0.8392207908793035,1.0,6.123233995736766e-17,0.7907757369376989,-0.6121059825476626,-0.433883739117558,-0.9009688679024191
-0.009950330853168092,0.0,0.029270382300113237,0.0,-1.0116009116784799,0.85,0.839265676197316,1.0,6.123233995736766e-17,0.6513724827222223,-0.758758122692791,-0.9749279121818236,-0.2225209339563146
-0.020202707317519466,-0.059423420470800764,-0.059423420470800764,-0.059423420470800764,1.0986122886681098,0.85,0.8394003321513533,1.0,6.123233995736766e-17,0.10116832198743272,-0.994869323391895,0.7818314824680298,0.6234898018587336
-0.01025650016718911,0.0,0.0,-0.01025650016718911,1.2163953243244932,0.85,0.8394452174693658,1.0,6.123233995736766e-17,-0.10116832198743204,-0.9948693233918952,0.9749279121818236,-0.22252093395631434
-0.020834086902842025,0.06899287148695142,-0.03109058707003112,0.0404095383378767,-2.7850112422383386,0.85,0.8394901027873783,1.0,6.123233995736766e-17,-0.29936312297335776,-0.9541392564000489,0.43388373911755823,-0.900968867902419
-0.02127739844728485,-0.038839833316263894,-0.02127739844728485,-0.040409538337876666,2.379546134130174,0.85,0.8395349881053907,1.0,6.123233995736766e-17,-0.4853019625310808,-0.8743466161445822,-0.433883739117558,-0.9009688679024191
0.03174869831458027,-0.030153038170687558,0.05236798551731594,0.0,-0.9932517730102834,0.85,0.8395798734234032,1.0,6.123233995736766e-17,-0.6513724827222217,-0.7587581226927913,-0.9749279121818236,-0.2225209339563146
0.0,-0.01025650016718911,-0.020619287202735703,-0.010362787035546547,0.9162907318741551,0.85,0.8397145293774407,1.0,6.123233995736766e-17,-0.9680771188662041,-0.2506525322587213,0.7818314824680298,0.6234898018587336
-0.010471299867295366,0.0,0.010362787035546658,0.0,-0.19845093872383832,0.85,0.8397594146954531,1.0,6.123233995736766e-17,-0.9987165071710528,-0.05064916883871355,0.9749279121818236,-0.22252093395631434
-0.05406722127027582,-0.010362787035546547,-0.010362787035546547,-0.02105340919783238,-0.41773520069997866,0.85,0.8398043000134656,1.0,6.123233995736766e-17,-0.9884683243281114,0.15142777750457667,0.43388373911755823,-0.900968867902419
0.0,-0.04255961441879589,-0.04255961441879589,-0.032435275753153844,0.44183275227903923,0.85,0.8398491853314781,1.0,6.123233995736766e-17,-0.9377521321470804,0.3473052528448203,-0.433883739117558,-0.9009688679024191
-0.09309042306601198,-0.11506932978478723,-0.11506932978478723,-0.1041402592525969,-1.791759469228055,0.85,0.8398940706494906,1.0,6.123233995736766e-17,-0.8486442574947509,0.5289640103269624,-0.9749279121818236,-0.2225209339563146
-0.13005312824819779,0.1365755350057507,0.1365755350057507,-0.037271394797231655,2.7814776696570274,0.85,0.840028726603528,1.0,6.123233995736766e-17,-0.3943558551133187,0.9189578116202306,0.7818314824680298,0.6234898018587336
0.18924199963852834,-0.04348511193973878,-0.05465841253786408,0.13036181786324363,0.09289374689269624,0.85,0.8400736119215405,1.0,6.123233995736766e-17,-0.20129852008866114,0.9795299412524943,0.9749279121818236,-0.22252093395631434
0.12921173148000625,0.13491931789937064,0.14609261849749589,0.10536051565782635,-0.8312975190407624,0.85,0.840118497239553,1.0,6.123233995736766e-17,-2.4492935982947064e-16,1.0,0.43388373911755823,-0.900968867902419
-0.020408871631207123,-0.03960913809504583,-0.03960913809504583,-0.020202707317519466,1.1984017592764806,0.85,0.8401633825575655,0.8660254037844387,-0.4999999999999998,0.20129852008866006,0.9795299412524945,-0.433883739117558,-0.9009688679024191
-0.13205972201306637,0.010050335853501506,-0.1524685936442735,-0.08515780834030683,-2.8848007128467095,0.85,0.840208267875578,0.8660254037844387,-0.4999999999999998,0.39435585511331855,0.9189578116202306,-0.9749279121818236,-0.2225209339563146
-0.060624621816434854,-0.01005033585350145,-0.04820210181787775,0.04348511193973889,1.7749523509116738,0.85,0.8403429238296154,0.8660254037844387,-0.4999999999999998,0.8486442574947509,0.5289640103269624,0.7818314824680298,0.6234898018587336
0.20294084399669038,0.07770898432731632,0.19051832399813318,0.0816780310142671,0.7015860492058099,0.85,0.8403878091476279,0.8660254037844387,-0.4999999999999998,0.9377521321470804,0.3473052528448203,0.9749279121818236,-0.22252093395631434
0.1063804035585718,0.08934510033584996,0.17720645612718428,0.10241500542806954,-0.9289758914014709,0.85,0.8404326944656404,0.8660254037844387,-0.4999999999999998,0.9884683243281114,0.1514277775045767,0.43388373911755823,-0.900968867902419
0.03603993648319687,-0.03478611608541554,-0.03478611608541554,0.0,-8.45531778769815,0.85,0.8404775797836528,0.8660254037844387,-0.4999999999999998,0.9987165071710528,-0.05064916883871264,-0.433883739117558,-0.9009688679024191
-0.02690745291992438,0.09289374689269624,-0.00888894741724604,0.05173567439918889,8.039157390473237,0.85,0.8405224651016653,0.8660254037844387,-0.4999999999999998,0.9680771188662043,-0.2506525322587204,-0.9749279121818236,-0.2225209339563146
-0.07550755250814517,-0.19530875232076572,-0.09352605801082348,-0.15415067982725836,0.25489224962879004,0.85,0.8406571210557028,0.8660254037844387,-0.4999999999999998,0.6513724827222223,-0.758758122692791,0.7818314824680298,0.6234898018587336
-0.07109592168373022,-0.009852296443011594,-0.019802627296179754,-0.07109592168373022,-0.0779615414697118,0.85,0.8407020063737152,0.8660254037844387,-0.4999999999999998,0.48530196253108104,-0.8743466161445821,0.9749279121818236,-0.22252093395631434
-0.13503628380394286,0.0670107102829603,0.0769610411361284,-0.010582109330536972,-1.413693335308005,0.85,0.8407468916917277,0.8660254037844387,-0.4999999999999998,0.29936312297335804,-0.9541392564000488,0.43388373911755823,-0.900968867902419
0.12445417447340605,-0.1388364448542158,-0.1388364448542158,0.0,-1.5040773967762742,0.85,0.8407917770097402,0.8660254037844387,-0.4999999999999998,0.10116832198743272,-0.994869323391895,-0.433883739117558,-0.9009688679024191
-0.07738666361542024,0.0,-0.04348511193973878,-0.032435275753153844,3.6888794541139363,0.85,0.8408366623277527,0.8660254037844387,-0.4999999999999998,-0.10116832198743204,-0.9948693233918952,-0.9749279121818236,-0.2225209339563146
0.033901551675681416,0.06187540371808745,0.10536051565782635,-0.011049836186584935,-0.9808292530117262,0.85,0.8409713182817901,0.8660254037844387,-0.4999999999999998,-0.6513724827222217,-0.7587581226927913,0.7818314824680298,0.6234898018587336
-0.04546237407675729,-0.09431067947124129,-0.10536051565782628,-0.011173300598125189,0.125163142954006,0.85,0.8410162035998026,0.8660254037844387,-0.4999999999999998,-0.7907757369376986,-0.6121059825476627,0.9749279121818236,-0.22252093395631434
-0.011696039763191298,-0.022223136784710235,-0.03390155167568134,-0.011299555253933394,-0.09237332013101517,0.85,0.8411059742358276,0.8660254037844387,-0.4999999999999998,-0.9680771188662041,-0.2506525322587213,-0.433883739117558,-0.9009688679024191
-0.04820210181787775,0.0,0.02272825107755609,-0.034685557987889984,-0.4382549309311553,0.85,0.84115085955384,0.8660254037844387,-0.4999999999999998,-0.9987165071710528,-0.05064916883871355,-0.9749279121818236,-0.2225209339563146
-0.012422519998557209,-0.011299555253933394,-0.05781957088882625,0.0,2.0215475632609334,0.85,0.8412855155078774,0.8660254037844387,-0.4999999999999998,-0.8486442574947509,0.5289640103269624,0.7818314824680298,0.6234898018587336
0.0,-0.07061756721395342,-0.048790164169432056,-0.060624621816434854,-0.7268203956665331,0.85,0.84133040082589,0.8660254037844387,-0.4999999999999998,-0.7247927872291207,0.6889669190756859,0.9749279121818236,-0.22252093395631434
0.0,0.07061756721395342,0.01242251999855711,0.07232066157962608,-0.013793322132335873,0.85,0.8413752861439023,0.8660254037844387,-0.4999999999999998,-0.5712682150947924,0.8207634412072763,0.43388373911755823,-0.900968867902419
0.08388148398070203,0.10763066419236536,0.07145896398214505,0.04546237407675741,-0.6131044728864089,0.85,0.8414201714619148,0.8660254037844387,-0.4999999999999998,-0.3943558551133187,0.9189578116202306,-0.433883739117558,-0.9009688679024191
0.02272825107755609,0.0,0.04495138786226627,0.021978906718775167,1.5513741114793391,0.85,0.8416445980519772,0.5000000000000003,-0.8660254037844385,0.72479278722912,0.6889669190756866,0.9749279121818236,-0.22252093395631434
0.011173300598125255,0.06899287148695142,0.01092907053219023,0.03208831455150045,-0.03878602503515642,0.85,0.8416894833699897,0.5000000000000003,-0.8660254037844385,0.8486442574947509,0.5289640103269624,0.43388373911755823,-0.900968867902419
-0.05715841383994864,-0.07924937165414049,-0.07913732055872386,-0.05406722127027582,-0.7334984760835127,0.85,0.8417343686880022,0.5000000000000003,-0.8660254037844385,0.9377521321470804,0.3473052528448203,-0.433883739117558,-0.9009688679024191
-0.060624621816434854,-0.07490130817311771,0.05715841383994862,-0.05715841383994864,-1.498212277323876,0.85,0.8417792540060147,0.5000000000000003,-0.8660254037844385,0.9884683243281114,0.1514277775045767,-0.9749279121818236,-0.2225209339563146
0.10660973505825827,0.0,0.0,0.04598511324182344,0.8167611365271219,0.85,0.8419139099600521,0.5000000000000003,-0.8660254037844385,0.8978045395707416,-0.4403941515576344,0.7818314824680298,0.6234898018587336
-0.04598511324182338,0.04348511193973889,-0.05715841383994864,0.03315220731690055,0.45830758948254424,0.85,0.8419587952780646,0.5000000000000003,-0.8660254037844385,0.7907757369376989,-0.6121059825476626,0.9749279121818236,-0.22252093395631434
0.07913732055872379,0.0,0.07913732055872379,0.0,-0.2876820724517809,0.85,0.8420036805960771,0.5000000000000003,-0.8660254037844385,0.6513724827222223,-0.758758122692791,0.43388373911755823,-0.900968867902419
-0.02197890671877523,-0.02150620522096362,-0.02197890671877523,0.0,-0.4978384282391796,0.85,0.8420485659140896,0.5000000000000003,-0.8660254037844385,0.48530196253108104,-0.8743466161445821,-0.433883739117558,-0.9009688679024191
-0.11778303565638351,0.07333127308554951,0.021978906718775167,0.05292240145434253,0.35020242943311497,0.85,0.842093451232102,0.5000000000000003,-0.8660254037844385,0.29936312297335804,-0.9541392564000488,-0.9749279121818236,-0.2225209339563146
0.1505728584793744,-0.06252035698133393,0.010810916104215676,-0.04211148535012685,-3.784189633918261,0.85,0.8422281071861395,0.5000000000000003,-0.8660254037844385,-0.29936312297335776,-0.9541392564000489,0.7818314824680298,0.6234898018587336
0.0,0.0,0.0,0.0,-4.605170185988091,0.85,0.842272992504152,0.5000000000000003,-0.8660254037844385,-0.4853019625310808,-0.8743466161445822,0.9749279121818236,-0.22252093395631434
0.0,0.0,0.0,0.0,0.0,0.85,0.8423178778221644,0.5000000000000003,-0.8660254037844385,-0.6513724827222217,-0.7587581226927913,0.43388373911755823,-0.900968867902419
-0.03278982282299084,-0.010810916104215617,-0.03278982282299084,-0.021739986636405875,8.294049640102028,0.85,0.8423627631401769,0.5000000000000003,-0.8660254037844385,-0.7907757369376986,-0.6121059825476627,-0.433883739117558,-0.9009688679024191
0.0,0.06317890162153167,0.0,0.0,0.7537718023763802,0.85,0.8424076484581894,0.5000000000000003,-0.8660254037844385,-0.8978045395707417,-0.44039415155763423,-0.9749279121818236,-0.2225209339563146
0.0,-0.03109058707003112,0.05406722127027579,0.01092907053219023,-0.365113812584597,0.85,0.8425423044122268,0.5000000000000003,-0.8660254037844385,-0.9884683243281114,0.15142777750457667,0.7818314824680298,0.6234898018587336
0.0,0.05129329438755048,-0.03208831455150051,0.05292240145434253,-0.7102416139192453,0.85,0.8425871897302393,0.5000000000000003,-0.8660254037844385,-0.9377521321470804,0.3473052528448203,0.9749279121818236,-0.22252093395631434
0.09531017980432493,-0.01005033585350145,0.07333127308554951,0.020408871631207033,-0.37156355643248296,0.85,0.8426320750482518,0.5000000000000003,-0.8660254037844385,-0.8486442574947509,0.5289640103269624,0.43388373911755823,-0.900968867902419
-0.0953101798043249,-0.0953101798043249,-0.0953101798043249,-0.0953101798043249,1.2237754316221157,0.85,0.8426769603662643,0.5000000000000003,-0.8660254037844385,-0.7247927872291207,0.6889669190756859,-0.433883739117558,-0.9009688679024191
0.0,0.0,0.0,0.0,-1.3862943611198906,0.85,0.8427218456842768,0.5000000000000003,-0.8660254037844385,-0.5712682150947924,0.8207634412072763,-0.9749279121818236,-0.2225209339563146
-0.03390155167568134,0.05406722127027579,0.05406722127027579,0.0,0.6007738604289301,0.85,0.8428565016383142,0.5000000000000003,-0.8660254037844385,-2.4492935982947064e-16,1.0,0.7818314824680298,0.6234898018587336
0.01142869582362285,-0.06524052186840097,-0.07654007712233438,-0.02247285585205863,1.4563619237366074,0.85,0.8429013869563267,1.2246467991473532e-16,-1.0,0.20129852008866006,0.9795299412524945,0.9749279121818236,-0.22252093395631434
0.0,0.011173300598125255,0.0,0.0,-2.4054424784337534,0.85,0.8429462722743392,1.2246467991473532e-16,-1.0,0.39435585511331855,0.9189578116202306,0.43388373911755823,-0.900968867902419
-0.034685557987889984,-0.05715841383994864,-0.034685557987889984,-0.034685557987889984,-1.791759469228055,0.85,0.8429911575923515,1.2246467991473532e-16,-1.0,0.5712682150947923,0.8207634412072763,-0.433883739117558,-0.9009688679024191
0.1006435257796875,0.1006435257796875,0.1006435257796875,0.1006435257796875,2.70805020110221,0.85,0.843036042910364,1.2246467991473532e-16,-1.0,0.72479278722912,0.6889669190756866,-0.9749279121818236,-0.2225209339563146
-0.0659579677917974,-0.04348511193973878,-0.04348511193973878,-0.05465841253786408,0.6418538861723947,0.85,0.8431706988644015,1.2246467991473532e-16,-1.0,0.9884683243281114,0.1514277775045767,0.7818314824680298,0.6234898018587336
-0.0953101798043249,0.0,-0.11778303565638351,-0.09418721505970107,1.7560413866259759,0.85,0.8432155841824139,1.2246467991473532e-16,-1.0,0.9987165071710528,-0.05064916883871264,0.9749279121818236,-0.22252093395631434
-0.03822121282019774,-0.11778303565638351,0.0,-0.037740327982847086,-1.288233147943676,0.85,0.8432604695004264,1.2246467991473532e-16,-1.0,0.9680771188662043,-0.2506525322587204,0.43388373911755823,-0.900968867902419
0.14483094787845605,0.10660973505825827,0.10660973505825827,0.13192754304254806,-3.817712325956905,0.85,0.8433053548184389,1.2246467991473532e-16,-1.0,0.8978045395707416,-0.4403941515576344,-0.433883739117558,-0.9009688679024191
-0.05781957088882625,-0.011299555253933394,-0.011299555253933394,-0.04598511324182338,4.330733340286331,0.85,0.8433502401364514,1.2246467991473532e-16,-1.0,0.7907757369376989,-0.6121059825476626,-0.9749279121818236,-0.2225209339563146
0.011834457647002798,-0.034685557987889984,-0.034685557987889984,0.0,-3.414442608412176,0.85,0.8434848960904888,1.2246467991473532e-16,-1.0,0.29936312297335804,-0.9541392564000488,0.7818314824680298,0.6234898018587336
0.023256862164267183,0.023256862164267183,0.023256862164267183,0.023256862164267183,-1.6094379124341003,0.85,0.8435297814085013,1.2246467991473532e-16,-1.0,0.10116832198743272,-0.994869323391895,0.9749279121818236,-0.22252093395631434
-0.023256862164267235,0.0,0.0,-0.011560822401075971,1.0986122886681098,0.85,0.8435746667265138,1.2246467991473532e-16,-1.0,-0.10116832198743204,-0.9948693233918952,0.43388373911755823,-0.900968867902419
-0.03593200922606333,-0.05918887139033065,-0.05918887139033065,-0.04762804898925459,0.5108256237659907,0.85,0.8436195520445263,1.2246467991473532e-16,-1.0,-0.29936312297335776,-0.9541392564000489,-0.433883739117558,-0.9009688679024191
-0.02469261259037152,0.0,-0.01227009259181436,-0.01227009259181436,3.265759410767051,0.85,0.8436644373625388,1.2246467991473532e-16,-1.0,-0.4853019625310808,-0.8743466161445822,-0.9749279121818236,-0.2225209339563146
-0.012578782206860073,-0.02469261259037152,-0.02500130220541727,-0.012422519998557209,-1.2916783847450415,0.85,0.8437990933165762,1.2246467991473532e-16,-1.0,-0.8978045395707417,-0.44039415155763423,0.7818314824680298,0.6234898018587336
0.012578782206860185,0.0,0.012578782206860185,0.0,0.027398974188114347,0.85,0.8438439786345887,1.2246467991473532e-16,-1.0,-0.9680771188662041,-0.2506525322587213,0.9749279121818236,-0.22252093395631434
0.0,0.01242251999855711,0.0,0.0,-1.126011262856224,0.85,0.8438888639526012,1.2246467991473532e-16,-1.0,-0.9987165071710528,-0.05064916883871355,0.43388373911755823,-0.900968867902419
0.0,0.012270092591814401,0.0,0.01242251999855711,0.22314355131420976,0.85,0.8439337492706136,1.2246467991473532e-16,-1.0,-0.9884683243281114,0.15142777750457667,-0.433883739117558,-0.9009688679024191
0.0,-0.02469261259037152,0.0,-0.012422519998557209,-0.916290731874155,0.85,0.8439786345886261,1.2246467991473532e-16,-1.0,-0.9377521321470804,0.3473052528448203,-0.9749279121818236,-0.2225209339563146
-0.025317807984289897,-0.025317807984289897,-0.025317807984289897,-0.025317807984289897,2.8716796248840124,0.85,0.8441132905426636,1.2246467991473532e-16,-1.0,-0.5712682150947924,0.8207634412072763,0.7818314824680298,0.6234898018587336
-0.08004270767353637,0.07410797215372183,-0.08004270767353637,0.025317807984289786,-0.3459509805757568,0.85,0.844158175860676,1.2246467991473532e-16,-1.0,-0.3943558551133187,0.9189578116202306,0.9749279121818236,-0.22252093395631434
0.10536051565782635,-0.02409755157906053,0.11778303565638346,0.01242251999855711,-1.6784307839210517,0.85,0.8442030611786885,1.2246467991473532e-16,-1.0,-0.20129852008866114,0.9795299412524943,0.43388373911755823,-0.900968867902419
0.0,-0.01227009259181436,-0.012422519998557209,0.0,1.5950491749820008,0.85,0.844247946496701,-0.4999999999999997,-0.8660254037844388,0.20129852008866006,0.9795299412524945,-0.433883739117558,-0.9009688679024191
-0.06453852113757118,0.0,0.0,-0.012422519998557209,-1.1895840668738362,0.85,0.8442928318147135,-0.4999999999999997,-0.8660254037844388,0.39435585511331855,0.9189578116202306,-0.9749279121818236,-0.2225209339563146
-0.05480823649499503,-0.06371581438610774,-0.05129329438755058,-0.0915671935254905,1.2181574393178924,0.85,0.8444274877687509,-0.4999999999999997,-0.8660254037844388,0.8486442574947509,0.5289640103269624,0.7818314824680298,0.6234898018587336
-0.014184634991956413,-0.04027389913793996,-0.04027389913793996,-0.013793322132335873,-0.23732818630616626,0.85,0.8444723730867634,-0.4999999999999997,-0.8660254037844388,0.9377521321470804,0.3473052528448203,0.9749279121818236,-0.22252093395631434
-0.028987536873252298,-0.013793322132335873,-0.013793322132335873,-0.04255961441879589,0.22314355131420976,0.85,0.8445172584047759,-0.4999999999999997,-0.8660254037844388,0.9884683243281114,0.1514277775045767,0.43388373911755823,-0.900968867902419
0.04317217186520878,0.01379332213233577,-0.01398624197473984,0.028573372444055948,-1.415281897993143,0.85,0.8445621437227884,-0.4999999999999997,-0.8660254037844388,0.9987165071710528,-0.05064916883871264,-0.433883739117558,-0.9009688679024191
0.04138521616285428,0.02702867238791942,0.04138521616285428,0.05480823649499495,-1.041453874828161,0.85,0.8446070290408008,-0.4999999999999997,-0.8660254037844388,0.9680771188662043,-0.2506525322587204,-0.9749279121818236,-0.2225209339563146
-0.027398974188114388,0.0,0.01342302033214077,-0.02702867238791926,0.6931471805599453,0.85,0.8447416849948383,-0.4999999999999997,-0.8660254037844388,0.6513724827222223,-0.758758122692791,0.7818314824680298,0.6234898018587336
0.01379332213233577,-0.013423020332140661,-0.02702867238791926,0.0,0.6931471805599453,0.85,0.8447865703128508,-0.4999999999999997,-0.8660254037844388,0.48530196253108104,-0.8743466161445821,0.9749279121818236,-0.22252093395631434
0.0,0.05264373348542188,0.02702867238791942,0.02702867238791942,0.9328200338253656,0.85,0.8448314556308631,-0.4999999999999997,-0.8660254037844388,0.29936312297335804,-0.9541392564000488,0.43388373911755823,-0.900968867902419
0.02702867238791942,0.09763846956391607,0.026317308317373358,0.06453852113757116,0.8449531934279495,0.85,0.8448763409488756,-0.4999999999999997,-0.8660254037844388,0.10116832198743272,-0.994869323391895,-0.433883739117558,-0.9009688679024191
0.13685918271719735,0.06744128079553248,0.11054187439982383,0.10660973505825827,0.477894945952979,0.85,0.8449212262668881,-0.4999999999999997,-0.8660254037844388,-0.10116832198743204,-0.9948693233918952,-0.9749279121818236,-0.2225209339563146
-0.03550668845690976,-0.02197890671877523,0.02298951822469878,-0.04598511324182338,-1.6495323696359785,0.85,0.8450558822209255,-0.4999999999999997,-0.8660254037844388,-0.6513724827222217,-0.7587581226927913,0.7818314824680298,0.6234898018587336
-0.024391453124159124,-0.08096906253366709,-0.058496206681608494,-0.03593200922606333,-1.0761394328160512,0.85,0.845100767538938,-0.4999999999999997,-0.8660254037844388,-0.7907757369376986,-0.6121059825476627,0.9749279121818236,-0.22252093395631434
0.0,-0.01212136053234485,-0.024391453124159124,0.0,-1.3217558399823195,0.85,0.8451456528569505,-0.4999999999999997,-0.8660254037844388,-0.8978045395707417,-0.44039415155763423,0.43388373911755823,-0.900968867902419
0.012270092591814401,0.0,0.012270092591814401,0.0,-1.3862943611198906,0.85,0.845190538174963,-0.4999999999999997,-0.8660254037844388,-0.9680771188662041,-0.2506525322587213,-0.433883739117558,-0.9009688679024191
0.03593200922606337,0.03593200922606337,0.03593200922606337,0.03593200922606337,0.6931471805599453,0.85,0.8452354234929755,-0.4999999999999997,-0.8660254037844388,-0.9987165071710528,-0.05064916883871355,-0.9749279121818236,-0.2225209339563146
-0.03593200922606333,0.04598511324182344,-0.03593200922606333,0.0,2.833213344056216,0.85,0.8453700794470129,-0.4999999999999997,-0.8660254037844388,-0.8486442574947509,0.5289640103269624,0.7818314824680298,0.6234898018587336
0.024097551579060524,-0.05781957088882625,0.024097551579060524,-0.011834457647002796,-2.833213344056216,0.85,0.8454149647650254,-0.4999999999999997,-0.8660254037844388,-0.7247927872291207,0.6889669190756859,0.9749279121818236,-0.22252093395631434
0.0,0.0,0.0,0.0,-0.6931471805599453,0.85,0.8454598500830379,-0.4999999999999997,-0.8660254037844388,-0.5712682150947924,0.8207634412072763,0.43388373911755823,-0.900968867902419
0.0,0.0,0.0,0.0,2.5649493574615367,0.85,0.8455047354010504,-0.4999999999999997,-0.8660254037844388,-0.3943558551133187,0.9189578116202306,-0.433883739117558,-0.9009688679024191
-0.048790164169432056,-0.048790164169432056,-0.048790164169432056,-0.048790164169432056,0.6931471805599453,0.85,0.8455496207190628,-0.4999999999999997,-0.8660254037844388,-0.20129852008866114,0.9795299412524943,-0.9749279121818236,-0.2225209339563146
0.0368139731227164,0.06062462181643484,0.06062462181643484,0.04879016416943204,-1.6486586255873816,0.85,0.8456842766731003,-0.8660254037844385,-0.5000000000000004,0.39435585511331855,0.9189578116202306,0.7818314824680298,0.6234898018587336
-0.01212136053234485,-0.011834457647002796,-0.011834457647002796,-0.01197619104671565,1.0296194171811581,0.85,0.8457291619911128,-0.8660254037844385,-0.5000000000000004,0.5712682150947923,0.8207634412072763,0.9749279121818236,-0.22252093395631434
0.01212136053234482,0.06899287148695142,0.011834457647002798,0.04706751085798573,-0.6931471805599453,0.85,0.8457740473091252,-0.8660254037844385,-0.5000000000000004,0.72479278722912,0.6889669190756866,0.43388373911755823,-0.900968867902419
0.023810648693718607,-0.05715841383994864,0.0,-0.023256862164267235,-1.9459101490553135,0.85,0.8458189326271377,-0.8660254037844385,-0.5000000000000004,0.8486442574947509,0.5289640103269624,-0.433883739117558,-0.9009688679024191
-0.060624621816434854,0.1006435257796875,0.0,0.011696039763191236,3.6109179126442243,0.85,0.8458638179451502,-0.8660254037844385,-0.5000000000000004,0.9377521321470804,0.3473052528448203,-0.9749279121818236,-0.2225209339563146
0.06062462181643484,-0.08894748601649617,0.0,0.0,-0.6151856390902334,0.85,0.8459984738991876,-0.8660254037844385,-0.5000000000000004,0.9680771188662043,-0.2506525322587204,0.7818314824680298,0.6234898018587336
0.011696039763191236,0.0,0.011696039763191236,0.0,-1.0498221244986778,0.85,0.8460433592172001,-0.8660254037844385,-0.5000000000000004,0.8978045395707416,-0.4403941515576344,0.9749279121818236,-0.22252093395631434
-0.03550668845690976,0.0,0.0,-0.02353049741019416,2.0243817644968085,0.85,0.8460882445352126,-0.8660254037844385,-0.5000000000000004,0.7907757369376989,-0.6121059825476626,0.43388373911755823,-0.900968867902419
0.03550668845690982,0.034289073478632165,0.02298951822469878,0.04652001563489291,-0.33270575382573614,0.85,0.8461331298532251,-0.8660254037844385,-0.5000000000000004,0.6513724827222223,-0.758758122692791,-0.433883739117558,-0.9009688679024191
-0.011696039763191298,0.043963123421116204,0.044451762570833796,0.0,-0.2702903297399117,0.85,0.8461780151712376,-0.8660254037844385,-0.5000000000000004,0.48530196253108104,-0.8743466161445821,-0.9749279121818236,-0.2225209339563146
-0.08594242980072477,-0.06669137449867228,-0.16507975035944858,-0.08288765980576775,-0.6592456288842639,0.85,0.846312671125275,-0.8660254037844385,-0.5000000000000004,-0.10116832198743204,-0.9948693233918952,0.7818314824680298,0.6234898018587336
0.025317807984289786,0.0,0.109199291964992,-0.012422519998557209,1.916922612182061,0.85,0.8463575564432875,-0.8660254037844385,-0.5000000000000004,-0.29936312297335776,-0.9541392564000489,0.9749279121818236,-0.22252093395631434
-0.025317807984289897,-0.011560822401075971,-0.011560822401075971,0.0,-1.2576769832977972,0.85,0.8464024417613,-0.8660254037844385,-0.5000000000000004,-0.4853019625310808,-0.8743466161445822,0.43388373911755823,-0.900968867902419
0.03774032798284711,-0.011696039763191298,-0.011696039763191298,0.024692612590371414,-1.2878542883066382,0.85,0.8464473270793124,-0.8660254037844385,-0.5000000000000004,-0.6513724827222217,-0.7587581226927913,-0.433883739117558,-0.9009688679024191
0.0,-0.011834457647002796,-0.011834457647002796,0.01212136053234482,-1.3862943611198906,0.85,0.8464922123973249,-0.8660254037844385,-0.5000000000000004,-0.7907757369376986,-0.6121059825476627,-0.9749279121818236,-0.2225209339563146
0.03636764417087479,0.0,0.0,0.01197619104671562,-0.6931471805599453,0.85,0.8466268683513624,-0.8660254037844385,-0.5000000000000004,-0.9987165071710528,-0.05064916883871355,0.7818314824680298,0.6234898018587336
-0.02409755157906053,0.0,-0.02409755157906053,-0.01197619104671565,1.3862943611198906,0.85,0.8466717536693747,-0.8660254037844385,-0.5000000000000004,-0.9884683243281114,0.15142777750457667,0.9749279121818236,-0.22252093395631434
-0.02469261259037152,0.0,0.024097551579060524,-0.024391453124159124,0.0,0.85,0.8467166389873872,-0.8660254037844385,-0.5000000000000004,-0.9377521321470804,0.3473052528448203,0.43388373911755823,-0.900968867902419
0.0368139731227164,0.0,-0.01197619104671565,0.03636764417087479,1.5841201044498106,0.85,0.8467615243053997,-0.8660254037844385,-0.5000000000000004,-0.8486442574947509,0.5289640103269624,-0.433883739117558,-0.9009688679024191
0.06979576193554192,0.057819570888826236,0.06979576193554192,0.057819570888826236,-2.9704144655697013,0.85,0.8468064096234122,-0.8660254037844385,-0.5000000000000004,-0.7247927872291207,0.6889669190756859,-0.9749279121818236,-0.2225209339563146
-0.11918851726511841,-0.05781957088882625,-0.10660973505825826,-0.10660973505825826,2.833213344056216,0.85,0.8469410655774496,-0.8660254037844385,-0.5000000000000004,-0.20129852008866114,0.9795299412524943,0.7818314824680298,0.6234898018587336
0.049392755329576474,-0.01197619104671565,0.0368139731227164,0.0368139731227164,-2.833213344056216,0.85,0.8469859508954621,-0.8660254037844385,-0.5000000000000004,-2.4492935982947064e-16,1.0,0.9749279121818236,-0.22252093395631434
-0.049392755329576474,0.01197619104671562,0.01197619104671562,-0.024391453124159124,1.43746264769429,0.85,0.8470308362134746,-1.0,-1.8369701987210297e-16,0.20129852008866006,0.9795299412524945,0.43388373911755823,-0.900968867902419
0.10788896201118492,0.04652001563489291,0.04652001563489291,0.08288765980576765,-1.351284951453238,0.85,0.847255262803537,-1.0,-1.8369701987210297e-16,0.9377521321470804,0.3473052528448203,0.7818314824680298,0.6234898018587336
-0.1466034741918754,-0.04652001563489282,-0.04652001563489282,-0.13353139262452263,3.9211554889914186,0.85,0.8473001481215495,-1.0,-1.8369701987210297e-16,0.9884683243281114,0.1514277775045767,0.9749279121818236,-0.22252093395631434
0.03871451218069043,0.0,0.0,0.050643732818754936,-0.916290731874155,0.85,0.847345033439562,-1.0,-1.8369701987210297e-16,0.9987165071710528,-0.05064916883871264,0.43388373911755823,-0.900968867902419
-0.012739025777429714,0.0,0.0,0.0,-0.0953101798043249,0.85,0.8473899187575744,-1.0,-1.8369701987210297e-16,0.9680771188662043,-0.2506525322587204,-0.433883739117558,-0.9009688679024191
0.025317807984289786,-0.02409755157906053,-0.02409755157906053,0.012270092591814401,-0.4307829160924542,0.85,0.8474348040755869,-1.0,-1.8369701987210297e-16,0.8978045395707416,-0.4403941515576344,-0.9749279121818236,-0.2225209339563146
0.024692612590371414,0.0,0.0,0.0,-1.1786549963416462,0.85,0.8475694600296244,-1.0,-1.8369701987210297e-16,0.48530196253108104,-0.8743466161445821,0.7818314824680298,0.6234898018587336
-0.08923113372794264,0.01212136053234482,0.01212136053234482,-0.07598590697792199,3.228826155721369,0.85,0.8476143453476368,-1.0,-1.8369701987210297e-16,0.29936312297335804,-0.9541392564000488,0.9749279121818236,-0.22252093395631434
0.03922071315328133,-0.01212136053234485,-0.024391453124159124,0.03871451218069043,-1.4796263009121098,0.85,0.8476592306656493,-1.0,-1.8369701987210297e-16,0.10116832198743272,-0.994869323391895,0.43388373911755823,-0.900968867902419
0.025317807984289786,0.0,0.0,0.012578782206860185,-0.19105523676270922,0.85,0.8477041159836618,-1.0,-1.8369701987210297e-16,-0.10116832198743204,-0.9948693233918952,-0.433883739117558,-0.9009688679024191
-0.012578782206860073,-0.02469261259037152,-0.02500130220541727,-0.012578782206860073,-0.4595323293784402,0.85,0.8477490013016743,-1.0,-1.8369701987210297e-16,-0.29936312297335776,-0.9541392564000489,-0.9749279121818236,-0.2225209339563146
-0.012739025777429714,-0.012578782206860073,-0.012739025777429714,0.0,0.5596157879354227,0.85,0.8478836572557117,-1.0,-1.8369701987210297e-16,-0.7907757369376986,-0.6121059825476627,0.7818314824680298,0.6234898018587336
0.0,0.0,0.012739025777429712,0.0,-0.048790164169432056,0.85,0.8479285425737242,-1.0,-1.8369701987210297e-16,-0.8978045395707417,-0.44039415155763423,0.9749279121818236,-0.22252093395631434
0.0,0.049392755329576474,-0.012739025777429714,0.0372713947972316,0.8329091229351039,0.85,0.8479734278917367,-1.0,-1.8369701987210297e-16,-0.9680771188662041,-0.2506525322587213,0.43388373911755823,-0.900968867902419
0.050010420574661416,0.12445417447340605,0.08594242980072463,0.10414025925259701,3.33065050830847,0.85,0.8480183132097492,-1.0,-1.8369701987210297e-16,-0.9987165071710528,-0.05064916883871355,-0.433883739117558,-0.9009688679024191
0.11506932978478729,0.0816780310142671,0.1006435257796875,0.06385147198653277,-2.716523008168297,0.85,0.8480631985277616,-1.0,-1.8369701987210297e-16,-0.9884683243281114,0.15142777750457667,-0.9749279121818236,-0.2225209339563146
-0.09097177820572676,-0.04000533461369913,0.04167269640056808,-0.10880285984879906,-1.0754730666427934,0.85,0.8481978544817991,-1.0,-1.8369701987210297e-16,-0.7247927872291207,0.6889669190756859,0.7818314824680298,0.6234898018587336
-0.06136894637629213,-0.041672696400568074,-0.15415067982725836,-0.047067510857985856,2.3196795263533456,0.85,0.8482427397998116,-1.0,-1.8369701987210297e-16,-0.5712682150947924,0.8207634412072763,0.9749279121818236,-0.22252093395631434
0.0,-0.05465841253786408,-0.048790164169432056,-0.01212136053234485,-2.691243082785829,0.85,0.848287625117824,-1.0,-1.8369701987210297e-16,-0.3943558551133187,0.9189578116202306,0.43388373911755823,-0.900968867902419
0.0372713947972316,0.0,0.10660973505825827,0.047628048989254664,-1.0498221244986778,0.85,0.8483325104358365,-1.0,-1.8369701987210297e-16,-0.20129852008866114,0.9795299412524943,-0.433883739117558,-0.9009688679024191
0.0,0.011173300598125255,-0.05781957088882625,-0.011696039763191298,3.279836524657888,0.85,0.848377395753849,-0.866025403784439,0.49999999999999933,0.20129852008866006,0.9795299412524945,-0.9749279121818236,-0.2225209339563146
0.01212136053234482,-0.06899287148695143,-0.01197619104671565,-0.02381064869371856,-3.146305132033365,0.85,0.8485120517078865,-0.866025403784439,0.49999999999999933,0.72479278722912,0.6889669190756866,0.7818314824680298,0.6234898018587336
0.06979576193554192,0.1124779834266903,0.06979576193554192,0.1029479692524424,1.927891643552635,0.85,0.8485569370258988,-0.866025403784439,0.49999999999999933,0.8486442574947509,0.5289640103269624,0.9749279121818236,-0.22252093395631434
-0.034289073478632075,0.0,0.022223136784710256,0.010810916104215676,2.3556949183079943,0.85,0.8486018223439113,-0.866025403784439,0.49999999999999933,0.9377521321470804,0.3473052528448203,0.43388373911755823,-0.900968867902419
0.04546237407675741,-0.04348511193973878,-0.011049836186584935,-0.03278982282299084,-5.66988092298052,0.85,0.8486467076619238,-0.866025403784439,0.49999999999999933,0.9884683243281114,0.1514277775045767,-0.433883739117558,-0.9009688679024191
0.0,0.0,0.0,0.0,4.418840607796598,0.85,0.8486915929799363,-0.866025403784439,0.49999999999999933,0.9987165071710528,-0.05064916883871264,-0.9749279121818236,-0.2225209339563146
-0.04546237407675729,0.05406722127027579,0.0,0.03278982282299097,0.3304299221652503,0.85,0.8488262489339737,-0.866025403784439,0.49999999999999933,0.7907757369376989,-0.6121059825476626,0.7818314824680298,0.6234898018587336
0.0,-0.08796877294595716,-0.03390155167568134,-0.06669137449867228,-1.4534336639575192,0.85,0.8488711342519862,-0.866025403784439,0.49999999999999933,0.6513724827222223,-0.758758122692791,0.9749279121818236,-0.22252093395631434
0.02298951822469878,0.01142869582362285,0.01142869582362285,0.01142869582362285,-3.9889840465642745,0.85,0.8489160195699987,-0.866025403784439,0.49999999999999933,0.48530196253108104,-0.8743466161445821,0.43388373911755823,-0.900968867902419
0.044451762570833796,0.044451762570833796,0.044451762570833796,0.044451762570833796,1.6094379124341003,0.85,0.8489609048880112,-0.866025403784439,0.49999999999999933,0.29936312297335804,-0.9541392564000488,-0.433883739117558,-0.9009688679024191
-0.02197890671877523,0.010810916104215676,0.0,0.010810916104215676,4.755312844417811,0.85,0.8490057902060236,-0.866025403784439,0.49999999999999933,0.10116832198743272,-0.994869323391895,-0.9749279121818236,-0.2225209339563146
0.03278982282299097,0.0,0.010810916104215676,0.0,-4.572991287623856,0.85,0.8491404461600611,-0.866025403784439,0.49999999999999933,-0.4853019625310808,-0.8743466161445822,0.7818314824680298,0.6234898018587336
-0.055262678675049415,0.01069528911674795,-0.055262678675049415,-0.055262678675049415,1.9694406464655074,0.85,0.8491853314780736,-0.866025403784439,0.49999999999999933,-0.6513724827222217,-0.7587581226927913,0.9749279121818236,-0.22252093395631434
0.0,-0.02150620522096362,0.0,0.0,0.4284546263328632,0.85,0.849230216796086,-0.866025403784439,0.49999999999999933,-0.7907757369376986,-0.6121059825476627,0.43388373911755823,-0.900968867902419
0.0,-0.04445176257083381,0.0,0.0,-0.9707789171582248,0.85,0.8492751021140985,-0.866025403784439,0.49999999999999933,-0.8978045395707417,-0.44039415155763423,-0.433883739117558,-0.9009688679024191
-0.034685557987889984,-0.02298951822469872,-0.034685557987889984,-0.02298951822469872,0.9242589015233319,0.85,0.849319987432111,-0.866025403784439,0.49999999999999933,-0.9680771188662041,-0.2506525322587213,-0.9749279121818236,-0.2225209339563146
0.011696039763191236,0.0,0.011696039763191236,0.0,-4.143134726391533,0.85,0.8494546433861484,-0.866025403784439,0.49999999999999933,-0.9377521321470804,0.3473052528448203,0.7818314824680298,0.6234898018587336
0.07825219689974813,0.09952959534703307,0.08894748601649612,0.08894748601649612,1.9459101490553132,0.85,0.8494995287041609,-0.866025403784439,0.49999999999999933,-0.8486442574947509,0.5289640103269624,0.9749279121818236,-0.22252093395631434
-0.08994823666293952,-0.043017385083690816,-0.032435275753153844,-0.08894748601649617,0.5389965007326869,0.85,0.8495444140221734,-0.866025403784439,0.49999999999999933,-0.7247927872291207,0.6889669190756859,0.43388373911755823,-0.900968867902419
0.011696039763191236,0.0,0.0,0.0,0.6061358035703155,0.85,0.8495892993401859,-0.866025403784439,0.49999999999999933,-0.5712682150947924,0.8207634412072763,-0.433883739117558,-0.9009688679024191
-0.011696039763191298,0.01092907053219023,-0.06820825002653358,0.011560822401076006,1.916187047603107,0.85,0.8496341846581984,-0.866025403784439,0.49999999999999933,-0.3943558551133187,0.9189578116202306,-0.9749279121818236,-0.2225209339563146
0.011696039763191236,-0.02197890671877523,0.023256862164267183,0.0,-2.011497227407432,0.85,0.8497688406122358,-0.5000000000000012,0.8660254037844379,0.20129852008866006,0.9795299412524945,0.7818314824680298,0.6234898018587336
0.034289073478632165,-0.011173300598125189,0.02272825107755609,0.02272825107755609,1.4929040961781488,0.85,0.8498137259302483,-0.5000000000000012,0.8660254037844379,0.39435585511331855,0.9189578116202306,0.9749279121818236,-0.22252093395631434
-0.04598511324182338,0.0,-0.04598511324182338,-0.011299555253933394,-1.8495790401168812,0.85,0.8498586112482608,-0.5000000000000012,0.8660254037844379,0.5712682150947923,0.8207634412072763,0.43388373911755823,-0.900968867902419
0.011696039763191236,0.022223136784710256,0.011696039763191236,0.022472855852058576,2.033771504846648,0.85,0.8499034965662732,-0.5000000000000012,0.8660254037844379,0.72479278722912,0.6889669190756866,-0.433883739117558,-0.9009688679024191
0.04546237407675741,0.0,0.04546237407675741,0.0,-0.6654956492294354,0.85,0.8499483818842857,-0.5000000000000012,0.8660254037844379,0.8486442574947509,0.5289640103269624,-0.9749279121818236,-0.2225209339563146
0.0,0.04301738508369086,0.021978906718775167,0.03278982282299097,-0.2231435513142097,0.85,0.8500830378383232,-0.5000000000000012,0.8660254037844379,0.9987165071710528,-0.05064916883871264,0.7818314824680298,0.6234898018587336
0.04348511193973889,0.010471299867295437,0.03208831455150045,0.02127739844728488,-0.48835276791393206,0.85,0.8501279231563356,-0.5000000000000012,0.8660254037844379,0.9680771188662043,-0.2506525322587204,0.9749279121818236,-0.22252093395631434
-0.04348511193973878,-0.0317486983145803,-0.05406722127027582,-0.043017385083690816,-0.46262352194811296,0.85,0.8501728084743481,-0.5000000000000012,0.8660254037844379,0.8978045395707416,-0.4403941515576344,0.43388373911755823,-0.900968867902419
0.011049836186584935,0.02127739844728488,0.011049836186584935,0.01092907053219023,-0.4353180712578455,0.85,0.8502176937923606,-0.5000000000000012,0.8660254037844379,0.7907757369376989,-0.6121059825476626,-0.433883739117558,-0.9009688679024191
0.02173998663640582,0.10008345855698263,0.02173998663640582,0.083381608939051,3.6020333527217407,0.85,0.8502625791103731,-0.5000000000000012,0.8660254037844379,0.6513724827222223,-0.758758122692791,-0.9749279121818236,-0.2225209339563146
0.02127739844728488,-0.048790164169432056,0.02127739844728488,-0.01005033585350145,-1.094653847081682,0.85,0.8503972350644105,-0.5000000000000012,0.8660254037844379,0.10116832198743272,-0.994869323391895,0.7818314824680298,0.6234898018587336
0.041242958534049,0.058268908123975824,0.041242958534049,0.010050335853501506,0.3417492937220567,0.85,0.850442120382423,-0.5000000000000012,0.8660254037844379,-0.10116832198743204,-0.9948693233918952,0.9749279121818236,-0.22252093395631434
0.03960913809504588,0.08149303425118301,0.058840500022933395,0.058268908123975824,-0.17811986994025455,0.85,0.8504870057004354,-0.5000000000000012,0.8660254037844379,-0.29936312297335776,-0.9541392564000489,0.43388373911755823,-0.900968867902419
0.10146946016485965,0.050858417233490945,0.08223809823697201,0.11568439899946231,-0.20136975176464905,0.85,0.850531891018448,-0.5000000000000012,0.8660254037844379,-0.4853019625310808,-0.8743466161445822,-0.433883739117558,-0.9009688679024191
-0.08223809823697212,0.11686434013931095,0.13133600206108695,0.024897551621727087,-0.8966766593065437,0.85,0.8505767763364604,-0.5000000000000012,0.8660254037844379,-0.6513724827222217,-0.7587581226927913,-0.9749279121818236,-0.2225209339563146
-0.009569451016150672,-0.10863384100279541,-0.06351340572232586,-0.14058195062118944,0.3332073020551311,0.85,0.8507114322904978,-0.5000000000000012,0.8660254037844379,-0.9680771188662041,-0.2506525322587213,0.7818314824680298,0.6234898018587336
-0.09051400754083186,-0.0248975516217272,-0.18890052789199707,-0.08872811560868431,0.8198988861990891,0.85,0.8507563176085103,-0.5000000000000012,0.8660254037844379,-0.9987165071710528,-0.05064916883871355,0.9749279121818236,-0.22252093395631434
0.0,-0.1840036429769394,-0.040409538337876666,-0.010362787035546547,-0.5913644862500029,0.85,0.8508012029265228,-0.5000000000000012,0.8660254037844379,-0.9884683243281114,0.15142777750457667,0.43388373911755823,-0.900968867902419
0.03109058707003118,0.02985296314968113,0.010256500167189061,0.0408219945202552,0.17693070815907824,0.85,0.8508460882445352,-0.5000000000000012,0.8660254037844379,-0.9377521321470804,0.3473052528448203,-0.433883739117558,-0.9009688679024191
-0.03109058707003112,0.0755075525081451,0.030153038170687457,-0.01005033585350145,0.5215784155422524,0.85,0.8508909735625477,-0.5000000000000012,0.8660254037844379,-0.8486442574947509,0.5289640103269624,-0.9749279121818236,-0.2225209339563146
0.0,-0.056089466651043585,-0.06124362524071867,-0.03077165866675366,-0.9544424978385313,0.85,0.8510256295165852,-0.5000000000000012,0.8660254037844379,-0.3943558551133187,0.9189578116202306,0.7818314824680298,0.6234898018587336
0.03109058707003118,0.05608946665104358,0.03109058707003118,0.06062462181643484,-0.6390799592896695,0.85,0.8510705148345976,-0.5000000000000012,0.8660254037844379,-0.20129852008866114,0.9795299412524943,0.9749279121818236,-0.22252093395631434
0.040005334613699206,0.0,0.1063804035585718,0.04785602117763514,-0.6418538861723948,0.85,0.8511154001526101,-2.4492935982947064e-16,1.0,0.20129852008866006,0.9795299412524945,0.43388373911755823,-0.900968867902419
-0.060624621816434854,-0.0370412716803491,-0.08617769624105227,-0.038099846232270404,-0.4307829160924542,0.85,0.8511602854706226,-2.4492935982947064e-16,1.0,0.39435585511331855,0.9189578116202306,-0.433883739117558,-0.9009688679024191
0.0,0.018692133012152546,0.01980262729617973,-0.02955880224154439,0.07624853665283282,0.85,0.8512051707886351,-2.4492935982947064e-16,1.0,0.5712682150947923,0.8207634412072763,-0.9749279121818236,-0.2225209339563146
-0.12169693497751982,-0.037740327982847086,-0.009852296443011594,-0.09431067947124129,2.249151234107384,0.85,0.8513398267426725,-2.4492935982947064e-16,1.0,0.9377521321470804,0.3473052528448203,0.7818314824680298,0.6234898018587336
0.1006435257796875,-0.03922071315328127,-0.0718257345712555,0.05348868495098622,-3.791736839553644,0.85,0.851384712060685,-2.4492935982947064e-16,1.0,0.9884683243281114,0.1514277775045767,0.9749279121818236,-0.22252093395631434
-0.0659579677917974,0.03922071315328133,0.021053409197832263,0.0408219945202552,1.8458266904983307,0.85,0.8514295973786975,-2.4492935982947064e-16,1.0,0.9987165071710528,-0.05064916883871264,0.43388373911755823,-0.900968867902419
0.05526267867504952,-0.03922071315328127,0.02061928720273561,-0.020202707317519466,-1.55814461804655,0.85,0.85147448269671,-2.4492935982947064e-16,1.0,0.9680771188662043,-0.2506525322587204,-0.433883739117558,-0.9009688679024191
-0.021739986636405875,-0.05129329438755058,-0.03109058707003112,-0.041672696400568074,1.8325814637483102,0.85,0.8515193680147224,-2.4492935982947064e-16,1.0,0.8978045395707416,-0.4403941515576344,-0.9749279121818236,-0.2225209339563146
0.02173998663640582,0.07109592168373026,0.0,0.021053409197832263,0.6529499908085322,0.85,0.8516540239687599,-2.4492935982947064e-16,1.0,0.48530196253108104,-0.8743466161445821,0.7818314824680298,0.6234898018587336
0.01069528911674795,0.0,0.020834086902842053,-0.010471299867295366,0.23904804849657824,0.85,0.8516989092867724,-2.4492935982947064e-16,1.0,0.29936312297335804,-0.9541392564000488,0.9749279121818236,-0.22252093395631434
-0.010695289116747919,-0.04000533461369913,-0.020834086902842025,0.010471299867295437,-1.1664348850068706,0.85,0.8517437946047848,-2.4492935982947064e-16,1.0,0.10116832198743272,-0.994869323391895,0.43388373911755823,-0.900968867902419
-0.010810916104215617,0.0,-0.010582109330536972,-0.010471299867295366,1.0445450673978338,0.85,0.8517886799227973,-2.4492935982947064e-16,1.0,-0.10116832198743204,-0.9948693233918952,-0.433883739117558,-0.9009688679024191
0.010810916104215676,0.010152371464017908,0.021053409197832263,0.0,0.21570857282669165,0.85,0.8518335652408098,-2.4492935982947064e-16,1.0,-0.29936312297335776,-0.9541392564000489,-0.9749279121818236,-0.2225209339563146
0.01069528911674795,-0.03077165866675366,0.0,0.0,-0.7707054149058198,0.85,0.8519682211948473,-2.4492935982947064e-16,1.0,-0.7907757369376986,-0.6121059825476627,0.7818314824680298,0.6234898018587336
0.0,0.010362787035546658,0.0,0.0,1.13036098698269,0.85,0.8520131065128597,-2.4492935982947064e-16,1.0,-0.8978045395707417,-0.44039415155763423,0.9749279121818236,-0.22252093395631434
0.010582109330537008,0.0,0.0,0.0,-0.7576857016975165,0.85,0.8520579918308722,-2.4492935982947064e-16,1.0,-0.9680771188662041,-0.2506525322587213,0.43388373911755823,-0.900968867902419
-0.09952959534703305,0.020408871631207033,0.030771658666753687,-0.05406722127027582,0.20067069546215124,0.85,0.8521028771488847,-2.4492935982947064e-16,1.0,-0.9987165071710528,-0.05064916883871355,-0.433883739117558,-0.9009688679024191
0.056512210263342404,0.020000666706669435,0.0,0.08515780834030677,-1.805674010828386,0.85,0.8521477624668972,-2.4492935982947064e-16,1.0,-0.9884683243281114,0.15142777750457667,-0.9749279121818236,-0.2225209339563146
0.0,-0.009950330853168092,0.010050335853501506,-0.06317890162153156,1.1074229183502646,0.85,0.8522824184209346,-2.4492935982947064e-16,1.0,-0.7247927872291207,0.6889669190756859,0.7818314824680298,0.6234898018587336
0.04301738508369086,-0.030459207484708574,-0.05129329438755058,0.03208831455150045,0.99498300044982,0.85,0.852327303738947,-2.4492935982947064e-16,1.0,-0.5712682150947924,0.8207634412072763,0.9749279121818236,-0.22252093395631434
0.0,0.010256500167189061,0.0,0.0,0.9534302788236119,0.85,0.8523721890569596,-2.4492935982947064e-16,1.0,-0.3943558551133187,0.9189578116202306,0.43388373911755823,-0.900968867902419
0.0,0.010152371464017908,0.03109058707003118,0.010471299867295437,-0.4953214372300254,0.85,0.852417074374972,-2.4492935982947064e-16,1.0,-0.20129852008866114,0.9795299412524943,-0.433883739117558,-0.9009688679024191
0.010471299867295437,0.010050335853501506,-0.020619287202735703,0.030771658666753687,-2.816263785742443,0.85,0.8524619596929844,-2.4492935982947064e-16,1.0,-2.4492935982947064e-16,1.0,-0.9749279121818236,-0.2225209339563146
0.0,-0.020202707317519466,0.02061928720273561,-0.010152371464017962,1.580450375560848,0.8666666666666667,0.8526415009650344,0.49999999999999994,0.8660254037844387,0.72479278722912,0.6889669190756866,0.9749279121818236,-0.22252093395631434
-0.010471299867295366,-0.020619287202735703,-0.03109058707003112,-0.03109058707003112,0.1112256351102244,0.8666666666666667,0.8526863862830468,0.49999999999999994,0.8660254037844387,0.8486442574947509,0.5289640103269624,0.43388373911755823,-0.900968867902419
0.0,0.02061928720273561,0.0,0.010471299867295437,-0.5447271754416722,0.8666666666666667,0.8527312716010593,0.49999999999999994,0.8660254037844387,0.9377521321470804,0.3473052528448203,-0.433883739117558,-0.9009688679024191
0.0,0.0,0.0,0.02061928720273561,-1.3010995150566589,0.8666666666666667,0.8527761569190718,0.49999999999999994,0.8660254037844387,0.9884683243281114,0.1514277775045767,-0.9749279121818236,-0.2225209339563146
-0.010582109330536972,0.0,0.010471299867295437,-0.03109058707003112,2.4277482359480516,0.8666666666666667,0.8529108128731092,0.49999999999999994,0.8660254037844387,0.8978045395707416,-0.4403941515576344,0.7818314824680298,0.6234898018587336
0.0,-0.03109058707003112,-0.010471299867295366,0.0,-1.3862943611198906,0.8666666666666667,0.8529556981911217,0.49999999999999994,0.8660254037844387,0.7907757369376989,-0.6121059825476626,0.9749279121818236,-0.22252093395631434
-0.032435275753153844,-0.010582109330536972,-0.010582109330536972,-0.043017385083690816,-0.3483066942682157,0.8666666666666667,0.8530005835091342,0.49999999999999994,0.8660254037844387,0.6513724827222223,-0.758758122692791,0.43388373911755823,-0.900968867902419
0.0,-0.010695289116747919,-0.032435275753153844,0.01092907053219023,1.4469189829363254,0.8666666666666667,0.8530454688271467,0.49999999999999994,0.8660254037844387,0.48530196253108104,-0.8743466161445821,-0.433883739117558,-0.9009688679024191
0.0,-0.021739986636405875,0.0,-0.010929070532190317,-2.833213344056216,0.8666666666666667,0.8530903541451592,0.49999999999999994,0.8660254037844387,0.29936312297335804,-0.9541392564000488,-0.9749279121818236,-0.2225209339563146
0.0,0.02173998663640582,0.01092907053219023,0.01092907053219023,2.662587827025453,0.8666666666666667,0.8532250100991966,0.49999999999999994,0.8660254037844387,-0.29936312297335776,-0.9541392564000489,0.7818314824680298,0.6234898018587336
-0.12883287184296843,0.02127739844728488,-0.13976194237515874,-0.010929070532190317,-1.1962507582320256,0.8666666666666667,0.8532698954172091,0.49999999999999994,0.8660254037844387,-0.4853019625310808,-0.8743466161445822,0.9749279121818236,-0.22252093395631434
0.12883287184296838,-0.03208831455150051,0.12883287184296838,0.0,1.5459245067117746,0.8666666666666667,0.8533147807352216,0.49999999999999994,0.8660254037844387,-0.6513724827222217,-0.7587581226927913,0.43388373911755823,-0.900968867902419
0.0,0.010810916104215676,0.0,0.01092907053219023,-3.417726683613366,0.8666666666666667,0.853359666053234,0.49999999999999994,0.8660254037844387,-0.7907757369376986,-0.6121059825476627,-0.433883739117558,-0.9009688679024191
0.0,0.01069528911674795,0.0,0.010810916104215676,0.0,0.8666666666666667,0.8534045513712465,0.49999999999999994,0.8660254037844387,-0.8978045395707417,-0.44039415155763423,-0.9749279121818236,-0.2225209339563146
-0.011049836186584935,-0.010695289116747919,-0.011049836186584935,-0.03278982282299084,1.791759469228055,0.8666666666666667,0.853539207325284,0.49999999999999994,0.8660254037844387,-0.9884683243281114,0.15142777750457667,0.7818314824680298,0.6234898018587336
0.011049836186584935,0.04211148535012685,0.0749013081731177,0.06453852113757116,1.2992829841302609,0.8666666666666667,0.8535840926432965,0.49999999999999994,0.8660254037844387,-0.9377521321470804,0.3473052528448203,0.9749279121818236,-0.22252093395631434
0.0,-0.03141619623337893,-0.06385147198653278,-0.04255961441879589,-0.9509762898620451,0.8666666666666667,0.8536289779613089,0.49999999999999994,0.8660254037844387,-0.8486442574947509,0.5289640103269624,0.43388373911755823,-0.900968867902419
0.01092907053219023,0.021053409197832263,0.01092907053219023,0.03208831455150045,-0.8873031950009028,0.8666666666666667,0.8536738632793214,0.49999999999999994,0.8660254037844387,-0.7247927872291207,0.6889669190756859,-0.433883739117558,-0.9009688679024191
-0.07913732055872386,-0.010471299867295366,-0.02197890671877523,-0.06524052186840097,2.344549292093078,0.8666666666666667,0.8537187485973339,0.49999999999999994,0.8660254037844387,-0.5712682150947924,0.8207634412072763,-0.9749279121818236,-0.2225209339563146
0.1112256351102244,0.010471299867295437,0.05406722127027579,0.06524052186840094,-2.681021528714291,0.8666666666666667,0.8541676017774587,0.8660254037844386,0.5000000000000001,0.9884683243281114,0.1514277775045767,0.7818314824680298,0.6234898018587336
0.0,-0.010471299867295366,0.0,0.0,-1.6094379124341003,0.8666666666666667,0.8542124870954712,0.8660254037844386,0.5000000000000001,0.9987165071710528,-0.05064916883871264,0.9749279121818236,-0.22252093395631434
0.0,0.0,0.0,0.0,0.0,0.8666666666666667,0.8542573724134837,0.8660254037844386,0.5000000000000001,0.9680771188662043,-0.2506525322587204,0.43388373911755823,-0.900968867902419
0.0,0.0,0.0,0.0,1.6094379124341003,0.8666666666666667,0.854302257731496,0.8660254037844386,0.5000000000000001,0.8978045395707416,-0.4403941515576344,-0.433883739117558,-0.9009688679024191
-0.010582109330536972,-0.010582109330536972,-0.010582109330536972,-0.010582109330536972,-0.916290731874155,0.8666666666666667,0.8543471430495085,0.8660254037844386,0.5000000000000001,0.7907757369376989,-0.6121059825476626,-0.9749279121818236,-0.2225209339563146
-0.010695289116747919,-0.010695289116747919,-0.010695289116747919,-0.010695289116747919,-0.6931471805599453,0.8666666666666667,0.854481799003546,0.8660254037844386,0.5000000000000001,0.29936312297335804,-0.9541392564000488,0.7818314824680298,0.6234898018587336
-0.010810916104215617,-0.010810916104215617,-0.010810916104215617,-0.010810916104215617,1.0986122886681098,0.8666666666666667,0.8545266843215584,0.8660254037844386,0.5000000000000001,0.10116832198743272,-0.994869323391895,0.9749279121818236,-0.22252093395631434
0.1031842362352308,0.1031842362352308,0.1031842362352308,0.1031842362352308,-1.0986122886681098,0.8666666666666667,0.8545715696395709,0.8660254037844386,0.5000000000000001,-0.10116832198743204,-0.9948693233918952,0.43388373911755823,-0.900968867902419
-0.060624621816434854,-0.04000533461369913,-0.05026183478088831,-0.05026183478088831,1.3862943611198906,0.8666666666666667,0.8546164549575834,0.8660254037844386,0.5000000000000001,-0.29936312297335776,-0.9541392564000489,-0.433883739117558,-0.9009688679024191
-0.02105340919783238,-0.041672696400568074,-0.03141619623337893,-0.03141619623337893,-0.6782585680661948,0.8666666666666667,0.8546613402755959,0.8660254037844386,0.5000000000000001,-0.4853019625310808,-0.8743466161445822,-0.9749279121818236,-0.2225209339563146
-0.16126814759612226,0.031416196233378914,-0.04348511193973878,-0.032435275753153844,3.2816887200383023,0.8666666666666667,0.8547959962296333,0.8660254037844386,0.5000000000000001,-0.8978045395707417,-0.44039415155763423,0.7818314824680298,0.6234898018587336
0.12883287184296838,-0.04211148535012685,0.011049836186584935,0.01092907053219023,-1.217135790852217,0.8666666666666667,0.8548408815476458,0.8660254037844386,0.5000000000000001,-0.9680771188662041,-0.2506525322587213,0.9749279121818236,-0.22252093395631434
0.0,0.0,0.02173998663640582,0.0,-1.6739764335716716,0.8666666666666667,0.8548857668656583,0.8660254037844386,0.5000000000000001,-0.9987165071710528,-0.05064916883871355,0.43388373911755823,-0.900968867902419
-0.011049836186584935,-0.010810916104215617,-0.021739986636405875,-0.02197890671877523,1.9459101490553132,0.8666666666666667,0.8549306521836708,0.8660254037844386,0.5000000000000001,-0.9884683243281114,0.15142777750457667,-0.433883739117558,-0.9009688679024191
0.0,0.010810916104215676,-0.011049836186584935,0.0,0.0,0.8666666666666667,0.8549755375016832,0.8660254037844386,0.5000000000000001,-0.9377521321470804,0.3473052528448203,-0.9749279121818236,-0.2225209339563146
-0.05715841383994864,0.0,-0.05715841383994864,-0.011173300598125189,-2.3513752571634776,0.8666666666666667,0.8551101934557207,0.8660254037844386,0.5000000000000001,-0.5712682150947924,0.8207634412072763,0.7818314824680298,0.6234898018587336
0.023256862164267183,0.0,0.03468555798789011,0.011173300598125255,4.356708826689592,0.8666666666666667,0.8551550787737332,1.0,6.123233995736766e-17,0.20129852008866006,0.9795299412524945,0.9749279121818236,-0.22252093395631434
0.04495138786226627,0.0,0.033522692038643644,0.021978906718775167,-0.7060505853958532,0.8666666666666667,0.8551999640917457,1.0,6.123233995736766e-17,0.39435585511331855,0.9189578116202306,0.43388373911755823,-0.900968867902419
0.02173998663640582,0.01069528911674795,0.032435275753153955,0.021506205220963682,-0.3184537311185346,0.8666666666666667,0.8552448494097581,1.0,6.123233995736766e-17,0.5712682150947923,0.8207634412072763,-0.433883739117558,-0.9009688679024191
-0.04396312342111606,-0.02150620522096362,-0.02150620522096362,-0.032435275753153844,0.06899287148695142,0.8666666666666667,0.8552897347277706,1.0,6.123233995736766e-17,0.72479278722912,0.6889669190756866,-0.9749279121818236,-0.2225209339563146
0.043963123421116204,0.021506205220963682,0.021506205220963682,0.032435275753153955,0.597003320007043,0.8666666666666667,0.8554243906818081,1.0,6.123233995736766e-17,0.9884683243281114,0.1514277775045767,0.7818314824680298,0.6234898018587336
-0.021739986636405875,-0.02150620522096362,-0.032435275753153844,-0.032435275753153844,-1.9832976811269336,0.8666666666666667,0.8554692759998205,1.0,6.123233995736766e-17,0.9987165071710528,-0.05064916883871264,0.9749279121818236,-0.22252093395631434
0.0,-0.010929070532190317,0.0,0.0,-0.5108256237659907,0.8666666666666667,0.855514161317833,1.0,6.123233995736766e-17,0.9680771188662043,-0.2506525322587204,0.43388373911755823,-0.900968867902419
-0.011049836186584935,0.02173998663640582,-0.011049836186584935,0.0,-0.11778303565638351,0.8666666666666667,0.8555590466358455,1.0,6.123233995736766e-17,0.8978045395707416,-0.4403941515576344,-0.433883739117558,-0.9009688679024191
0.011049836186584935,0.11179140598811663,0.011049836186584935,0.13353139262452257,4.613882126590113,0.8666666666666667,0.855603931953858,1.0,6.123233995736766e-17,0.7907757369376989,-0.6121059825476626,-0.9749279121818236,-0.2225209339563146
0.21652831219549054,0.13473259397015666,0.26826398659467937,0.109199291964992,-2.011192441145729,0.8666666666666667,0.8557385879078954,1.0,6.123233995736766e-17,0.29936312297335804,-0.9541392564000488,0.7818314824680298,0.6234898018587336
-0.01785761740000646,-0.06959329179919523,-0.06959329179919523,-0.044059989794030543,-3.58351893845611,0.8666666666666667,0.8557834732259079,1.0,6.123233995736766e-17,0.10116832198743272,-0.994869323391895,0.9749279121818236,-0.22252093395631434
-0.055569851154810765,-0.055569851154810765,-0.055569851154810765,-0.055569851154810765,-1.0986122886681098,0.8666666666666667,0.8558283585439204,1.0,6.123233995736766e-17,-0.10116832198743204,-0.9948693233918952,0.43388373911755823,-0.900968867902419
-0.10008345855698253,0.0,-0.038839833316263894,-0.10008345855698253,5.356586274672012,0.8666666666666667,0.8558732438619329,1.0,6.123233995736766e-17,-0.29936312297335776,-0.9541392564000489,-0.433883739117558,-0.9009688679024191
0.0905140075408319,0.0,0.029270382300113237,0.10008345855698263,-4.663439094112067,0.8666666666666667,0.8559181291799453,1.0,6.123233995736766e-17,-0.4853019625310808,-0.8743466161445822,-0.9749279121818236,-0.2225209339563146
0.009569451016150672,0.06453852113757116,0.009569451016150672,0.028170876966696224,1.8718021769015913,0.8666666666666667,0.8560527851339828,1.0,6.123233995736766e-17,-0.8978045395707417,-0.44039415155763423,0.7818314824680298,0.6234898018587336
-0.08961215868968717,-0.04567003683318832,0.018868484304382736,-0.09716374845364774,0.3794896217049037,0.8666666666666667,0.8560976704519953,1.0,6.123233995736766e-17,-0.9680771188662041,-0.2506525322587213,0.9749279121818236,-0.22252093395631434
0.0,0.03670136685042796,-0.06765864847381481,0.0,1.8091512119399242,0.8666666666666667,0.8561425557700076,1.0,6.123233995736766e-17,-0.9987165071710528,-0.05064916883871355,0.43388373911755823,-0.900968867902419
0.010362787035546658,-0.055569851154810765,0.0,0.02020270731751947,-1.4213856809311607,0.8666666666666667,0.8561874410880201,1.0,6.123233995736766e-17,-0.9884683243281114,0.15142777750457667,-0.433883739117558,-0.9009688679024191
-0.010362787035546547,0.03738753207162041,0.0,0.0,0.7621400520468967,0.8666666666666667,0.8562323264060326,1.0,6.123233995736766e-17,-0.9377521321470804,0.3473052528448203,-0.9749279121818236,-0.2225209339563146
-0.010471299867295366,-0.03738753207162033,-0.040821994520255166,-0.040821994520255166,0.1823215567939546,0.8666666666666667,0.85636698236007,1.0,6.123233995736766e-17,-0.5712682150947924,0.8207634412072763,0.7818314824680298,0.6234898018587336
0.010471299867295437,0.028170876966696224,0.08004270767353636,0.05077232537342314,-1.9740810260220096,0.8666666666666667,0.8564118676780825,1.0,6.123233995736766e-17,-0.3943558551133187,0.9189578116202306,0.9749279121818236,-0.22252093395631434
0.0408219945202552,-0.01869213301215252,0.01904819497069441,0.00985229644301164,-0.35667494393873245,0.8666666666666667,0.856456752996095,1.0,6.123233995736766e-17,-0.20129852008866114,0.9795299412524943,0.43388373911755823,-0.900968867902419
0.0,-0.05826890812397576,-0.05826890812397576,-0.019802627296179754,0.25131442828090617,0.8666666666666667,0.8565016383141075,1.0,6.123233995736766e-17,-2.4492935982947064e-16,1.0,-0.433883739117558,-0.9009688679024191
-0.040821994520255166,-0.01005033585350145,-0.040821994520255166,-0.030459207484708574,0.6400979594701299,0.8666666666666667,0.85654652363212,0.8660254037844387,-0.4999999999999998,0.20129852008866006,0.9795299412524945,-0.9749279121818236,-0.2225209339563146
0.030771658666753687,0.02985296314968113,0.030771658666753687,0.03045920748470844,-1.227884624372249,0.8666666666666667,0.8566811795861574,0.8660254037844387,-0.4999999999999998,0.72479278722912,0.6889669190756866,0.7818314824680298,0.6234898018587336
-0.03077165866675366,-0.019802627296179754,-0.03077165866675366,-0.030459207484708574,1.0296194171811581,0.8666666666666667,0.8567260649041699,0.8660254037844387,-0.4999999999999998,0.8486442574947509,0.5289640103269624,0.9749279121818236,-0.22252093395631434
0.0,0.01980262729617973,0.0,0.0502618347808883,-0.2411620568168881,0.8666666666666667,0.8567709502221824,0.8660254037844387,-0.4999999999999998,0.9377521321470804,0.3473052528448203,0.43388373911755823,-0.900968867902419
0.05077232537342314,-0.009852296443011594,0.05077232537342314,-0.009852296443011594,-2.3978952727983707,0.8666666666666667,0.8568158355401948,0.8660254037844387,-0.4999999999999998,0.9884683243281114,0.1514277775045767,-0.433883739117558,-0.9009688679024191
-0.05077232537342326,0.0,-0.05077232537342326,-0.030153038170687558,1.6094379124341003,0.8666666666666667,0.8568607208582073,0.8660254037844387,-0.4999999999999998,0.9987165071710528,-0.05064916883871264,-0.9749279121818236,-0.2225209339563146
0.02061928720273561,-0.030153038170687558,0.02061928720273561,0.0,0.47000362924573563,0.8666666666666667,0.8570402621302573,0.8660254037844387,-0.4999999999999998,0.6513724827222223,-0.758758122692791,0.9749279121818236,-0.22252093395631434
0.0,0.010152371464017908,0.0,0.0,0.11778303565638346,0.8666666666666667,0.8570851474482697,0.8660254037844387,-0.4999999999999998,0.48530196253108104,-0.8743466161445821,0.43388373911755823,-0.900968867902419
0.010152371464017908,0.010050335853501506,0.010152371464017908,0.02020270731751947,-0.8109302162163288,0.8666666666666667,0.8571300327662822,0.8660254037844387,-0.4999999999999998,0.29936312297335804,-0.9541392564000488,-0.433883739117558,-0.9009688679024191
0.0,0.0,0.0,-0.01005033585350145,1.0116009116784799,0.8666666666666667,0.8571749180842947,0.8660254037844387,-0.4999999999999998,0.10116832198743272,-0.994869323391895,-0.9749279121818236,-0.2225209339563146
0.010050335853501506,0.04879016416943204,0.010050335853501506,0.020000666706669435,-0.7884573603642702,0.8666666666666667,0.8573095740383321,0.8660254037844387,-0.4999999999999998,-0.4853019625310808,-0.8743466161445822,0.7818314824680298,0.6234898018587336
0.009950330853168092,-0.038839833316263894,0.009950330853168092,0.0,-1.6094379124341003,0.8666666666666667,0.8573544593563446,0.8660254037844387,-0.4999999999999998,-0.6513724827222217,-0.7587581226927913,0.9749279121818236,-0.22252093395631434
-0.06124362524071867,-0.06124362524071867,-0.06124362524071867,-0.06124362524071867,2.70805020110221,0.8666666666666667,0.8573993446743571,0.8660254037844387,-0.4999999999999998,-0.7907757369376986,-0.6121059825476627,0.43388373911755823,-0.900968867902419
0.0,0.0,0.0,0.0,-0.916290731874155,0.8666666666666667,0.8574442299923696,0.8660254037844387,-0.4999999999999998,-0.8978045395707417,-0.44039415155763423,-0.433883739117558,-0.9009688679024191
0.0,0.05129329438755048,0.0,0.020834086902842053,-0.40546510810816444,0.8666666666666667,0.8574891153103821,0.8660254037844387,-0.4999999999999998,-0.9680771188662041,-0.2506525322587213,-0.9749279121818236,-0.2225209339563146
0.03109058707003118,-0.020202707317519466,0.03109058707003118,0.010256500167189061,-1.3862943611198906,0.8666666666666667,0.8576237712644195,0.8660254037844387,-0.4999999999999998,-0.9377521321470804,0.3473052528448203,0.7818314824680298,0.6234898018587336
-0.03109058707003112,0.010152371464017908,-0.03109058707003112,-0.01025650016718911,1.6094379124341003,0.8666666666666667,0.857668656582432,0.8660254037844387,-0.4999999999999998,-0.8486442574947509,0.5289640103269624,0.9749279121818236,-0.22252093395631434
0.0,0.0,0.0,-0.010362787035546547,0.6931471805599453,0.8666666666666667,0.8577135419004445,0.8660254037844387,-0.4999999999999998,-0.7247927872291207,0.6889669190756859,0.43388373911755823,-0.900968867902419
0.07109592168373026,0.02985296314968113,0.07109592168373026,0.06062462181643484,-1.6094379124341003,0.8666666666666667,0.8577584272184569,0.8660254037844387,-0.4999999999999998,-0.5712682150947924,0.8207634412072763,-0.433883739117558,-0.9009688679024191
-0.02985296314968116,-0.019802627296179754,-0.02985296314968116,-0.019802627296179754,0.4054651081081644,0.8666666666666667,0.8578033125364694,0.8660254037844387,-0.4999999999999998,-0.3943558551133187,0.9189578116202306,-0.9749279121818236,-0.2225209339563146
-0.041242958534049134,0.0,-0.041242958534049134,-0.020202707317519466,0.0,0.8666666666666667,0.8580277391265317,0.5000000000000003,-0.8660254037844385,0.72479278722912,0.6889669190756866,0.43388373911755823,-0.900968867902419
0.010471299867295437,-0.020202707317519466,0.03109058707003118,-0.01025650016718911,0.28768207245178085,0.8666666666666667,0.8580726244445442,0.5000000000000003,-0.8660254037844385,0.8486442574947509,0.5289640103269624,-0.433883739117558,-0.9009688679024191
-0.010471299867295366,0.0497615095590638,-0.03109058707003112,-0.010362787035546547,1.3862943611198906,0.8666666666666667,0.8581175097625567,0.5000000000000003,-0.8660254037844385,0.9377521321470804,0.3473052528448203,-0.9749279121818236,-0.2225209339563146
0.010471299867295437,-0.03960913809504583,0.010471299867295437,0.0,-0.13353139262452263,0.8666666666666667,0.8582521657165941,0.5000000000000003,-0.8660254037844385,0.9680771188662043,-0.2506525322587204,0.7818314824680298,0.6234898018587336
0.0,-0.010152371464017962,0.0,0.02061928720273561,-0.15415067982725836,0.8666666666666667,0.8582970510346066,0.5000000000000003,-0.8660254037844385,0.8978045395707416,-0.4403941515576344,0.9749279121818236,-0.22252093395631434
0.030771658666753687,0.010152371464017908,0.030771658666753687,0.010152371464017908,-0.6815480447165934,0.8666666666666667,0.8583419363526191,0.5000000000000003,-0.8660254037844385,0.7907757369376989,-0.6121059825476626,0.43388373911755823,-0.900968867902419
-0.041242958534049134,-0.041242958534049134,-0.041242958534049134,-0.041242958534049134,3.5626174099504446,0.8666666666666667,0.8583868216706316,0.5000000000000003,-0.8660254037844385,0.6513724827222223,-0.758758122692791,-0.433883739117558,-0.9009688679024191
0.0,0.041242958534049,0.0,0.010471299867295437,-2.1471001901536506,0.8666666666666667,0.858431706988644,0.5000000000000003,-0.8660254037844385,0.48530196253108104,-0.8743466161445821,-0.9749279121818236,-0.2225209339563146
0.0,-0.010152371464017962,0.0,0.02061928720273561,-0.9093151181377298,0.8666666666666667,0.8585663629426815,0.5000000000000003,-0.8660254037844385,-0.10116832198743204,-0.9948693233918952,0.7818314824680298,0.6234898018587336
0.0,-0.03109058707003112,0.0,-0.03109058707003112,0.3984894943717392,0.8666666666666667,0.858611248260694,0.5000000000000003,-0.8660254037844385,-0.29936312297335776,-0.9541392564000489,0.9749279121818236,-0.22252093395631434
0.0,0.0,0.0,0.0,-0.3101549283038396,0.8666666666666667,0.8586561335787065,0.5000000000000003,-0.8660254037844385,-0.4853019625310808,-0.8743466161445822,0.43388373911755823,-0.900968867902419
0.0,0.0,0.0,0.0,-2.3978952727983707,0.8666666666666667,0.8587010188967189,0.5000000000000003,-0.8660254037844385,-0.6513724827222217,-0.7587581226927913,-0.433883739117558,-0.9009688679024191
0.010471299867295437,0.05129329438755048,0.05129329438755048,0.020834086902842053,2.70805020110221,0.8666666666666667,0.8587459042147314,0.5000000000000003,-0.8660254037844385,-0.7907757369376986,-0.6121059825476627,-0.9749279121818236,-0.2225209339563146
-0.010471299867295366,-0.040821994520255166,-0.05129329438755058,-0.020834086902842025,-0.3101549283038396,0.8666666666666667,0.8588805601687689,0.5000000000000003,-0.8660254037844385,-0.9987165071710528,-0.05064916883871355,0.7818314824680298,0.6234898018587336
-0.010582109330536972,-0.010471299867295366,-0.010582109330536972,-0.010582109330536972,0.0,0.8666666666666667,0.8589254454867813,0.5000000000000003,-0.8660254037844385,-0.9884683243281114,0.15142777750457667,0.9749279121818236,-0.22252093395631434
-0.032435275753153844,-0.010582109330536972,0.0,-0.010695289116747919,-1.7047480922384253,0.8666666666666667,0.8589703308047938,0.5000000000000003,-0.8660254037844385,-0.9377521321470804,0.3473052528448203,0.43388373911755823,-0.900968867902419
0.032435275753153955,0.010582109330537008,0.0,0.01069528911674795,1.791759469228055,0.8666666666666667,0.8590152161228063,0.5000000000000003,-0.8660254037844385,-0.8486442574947509,0.5289640103269624,-0.433883739117558,-0.9009688679024191
0.0,0.0,0.0,0.0,-1.3862943611198906,0.8666666666666667,0.8590601014408188,0.5000000000000003,-0.8660254037844385,-0.7247927872291207,0.6889669190756859,-0.9749279121818236,-0.2225209339563146
0.0,-0.010582109330536972,0.0,0.0,1.2039728043259361,0.8666666666666667,0.8591947573948562,0.5000000000000003,-0.8660254037844385,-0.20129852008866114,0.9795299412524943,0.7818314824680298,0.6234898018587336
0.0,0.021053409197832263,0.0,0.010582109330537008,1.1314021114911006,0.8666666666666667,0.8592396427128687,0.5000000000000003,-0.8660254037844385,-2.4492935982947064e-16,1.0,0.9749279121818236,-0.22252093395631434
0.0,-0.02105340919783238,0.0,-0.010582109330536972,-2.740840023925201,0.8666666666666667,0.8592845280308812,1.2246467991473532e-16,-1.0,0.20129852008866006,0.9795299412524945,0.43388373911755823,-0.900968867902419
-0.02150620522096362,0.0,0.0,-0.010695289116747919,2.8622008809294686,0.8666666666666667,0.8593294133488937,1.2246467991473532e-16,-1.0,0.39435585511331855,0.9189578116202306,-0.433883739117558,-0.9009688679024191
0.0,0.0,-0.010695289116747919,0.0,-0.916290731874155,0.8666666666666667,0.8593742986669061,1.2246467991473532e-16,-1.0,0.5712682150947923,0.8207634412072763,-0.9749279121818236,-0.2225209339563146
0.010810916104215676,0.010582109330537008,0.01069528911674795,0.01069528911674795,-1.252762968495368,0.8666666666666667,0.8595089546209436,1.2246467991473532e-16,-1.0,0.9377521321470804,0.3473052528448203,0.7818314824680298,0.6234898018587336
0.01069528911674795,0.010471299867295437,0.0,0.010582109330537008,2.545531271604435,0.8666666666666667,0.8595538399389561,1.2246467991473532e-16,-1.0,0.9884683243281114,0.1514277775045767,0.9749279121818236,-0.22252093395631434
0.0,-0.010471299867295366,0.0,0.0,-3.2386784521643803,0.8666666666666667,0.8595987252569685,1.2246467991473532e-16,-1.0,0.9987165071710528,-0.05064916883871264,0.43388373911755823,-0.900968867902419
0.010582109330537008,0.020834086902842053,0.010582109330537008,0.010471299867295437,0.0,0.8666666666666667,0.859643610574981,1.2246467991473532e-16,-1.0,0.9680771188662043,-0.2506525322587204,-0.433883739117558,-0.9009688679024191
0.0,0.0,0.0,0.0,4.23410650459726,0.8666666666666667,0.8596884958929935,1.2246467991473532e-16,-1.0,0.8978045395707416,-0.4403941515576344,-0.9749279121818236,-0.2225209339563146
0.0,-0.010362787035546547,0.0,0.0,-4.23410650459726,0.8666666666666667,0.8598231518470308,1.2246467991473532e-16,-1.0,0.48530196253108104,-0.8743466161445821,0.7818314824680298,0.6234898018587336
-0.02127739844728485,-0.02105340919783238,-0.02127739844728485,-0.02105340919783238,0.0,0.8666666666666667,0.8598680371650433,1.2246467991473532e-16,-1.0,0.29936312297335804,-0.9541392564000488,0.9749279121818236,-0.22252093395631434
0.01069528911674795,0.06187540371808745,0.01069528911674795,0.05182506786458595,0.6931471805599453,0.8666666666666667,0.8599129224830558,1.2246467991473532e-16,-1.0,0.10116832198743272,-0.994869323391895,0.43388373911755823,-0.900968867902419
0.010582109330537008,-0.040821994520255166,0.010582109330537008,-0.03077165866675366,-0.6931471805599453,0.8666666666666667,0.8599578078010683,1.2246467991473532e-16,-1.0,-0.10116832198743204,-0.9948693233918952,-0.433883739117558,-0.9009688679024191
-0.010582109330536972,-0.010471299867295366,-0.010582109330536972,-0.010471299867295366,0.4054651081081644,0.8666666666666667,0.8600026931190808,1.2246467991473532e-16,-1.0,-0.29936312297335776,-0.9541392564000489,-0.9749279121818236,-0.2225209339563146
0.0,0.0,0.0,0.0,-0.40546510810816444,0.8666666666666667,0.8601373490731182,1.2246467991473532e-16,-1.0,-0.7907757369376986,-0.6121059825476627,0.7818314824680298,0.6234898018587336
-0.010695289116747919,-0.010582109330536972,-0.010695289116747919,-0.010582109330536972,0.0,0.8666666666666667,0.8601822343911307,1.2246467991473532e-16,-1.0,-0.8978045395707417,-0.44039415155763423,0.9749279121818236,-0.22252093395631434
0.0,0.0,0.0,0.0,0.0,0.8666666666666667,0.8602271197091432,1.2246467991473532e-16,-1.0,-0.9680771188662041,-0.2506525322587213,0.43388373911755823,-0.900968867902419
-0.021739986636405875,0.0,-0.010810916104215617,-0.02150620522096362,1.3862943611198906,0.8666666666666667,0.8602720050271557,1.2246467991473532e-16,-1.0,-0.9987165071710528,-0.05064916883871355,-0.433883739117558,-0.9009688679024191
-0.011049836186584935,0.0,0.010810916104215676,0.010810916104215676,0.4855078157817008,0.8666666666666667,0.8603168903451681,1.2246467991473532e-16,-1.0,-0.9884683243281114,0.15142777750457667,-0.9749279121818236,-0.2225209339563146
0.0,0.06187540371808745,-0.03278982282299084,0.01069528911674795,2.144580843850797,0.8666666666666667,0.8604515462992056,1.2246467991473532e-16,-1.0,-0.7247927872291207,0.6889669190756859,0.7818314824680298,0.6234898018587336
0.04348511193973889,-0.040821994520255166,0.04348511193973889,0.021053409197832263,-3.100092288878234,0.8666666666666667,0.8604964316172181,1.2246467991473532e-16,-1.0,-0.5712682150947924,0.8207634412072763,0.9749279121818236,-0.22252093395631434
0.021053409197832263,0.06062462181643484,0.021053409197832263,0.0408219945202552,0.0,0.8666666666666667,0.8605413169352305,1.2246467991473532e-16,-1.0,-0.3943558551133187,0.9189578116202306,0.43388373911755823,-0.900968867902419
-0.02105340919783238,-0.009852296443011594,0.010362787035546658,-0.040821994520255166,1.0986122886681098,0.8666666666666667,0.860586202253243,1.2246467991473532e-16,-1.0,-0.20129852008866114,0.9795299412524943,-0.433883739117558,-0.9009688679024191
-0.02150620522096362,-0.08252102368800347,-0.04211148535012685,-0.0317486983145803,0.0,0.8666666666666667,0.8606310875712555,-0.4999999999999997,-0.8660254037844388,0.20129852008866006,0.9795299412524945,-0.9749279121818236,-0.2225209339563146
0.010810916104215676,0.03174869831458027,0.0,0.02127739844728488,0.28768207245178085,0.8666666666666667,0.8607657435252929,-0.4999999999999997,-0.8660254037844388,0.72479278722912,0.6889669190756866,0.7818314824680298,0.6234898018587336
0.0,-0.010471299867295366,0.0,-0.010582109330536972,0.0,0.8666666666666667,0.8608106288433054,-0.4999999999999997,-0.8660254037844388,0.8486442574947509,0.5289640103269624,0.9749279121818236,-0.22252093395631434
0.0,0.03109058707003118,0.0,0.010582109330537008,0.0,0.8666666666666667,0.8608555141613179,-0.4999999999999997,-0.8660254037844388,0.9377521321470804,0.3473052528448203,0.43388373911755823,-0.900968867902419
-0.010810916104215617,0.030153038170687457,-0.010810916104215617,-0.02127739844728485,2.451005098112319,0.8666666666666667,0.8609003994793304,-0.4999999999999997,-0.8660254037844388,0.9884683243281114,0.1514277775045767,-0.433883739117558,-0.9009688679024191
-0.010929070532190317,-0.030153038170687558,0.0,0.01069528911674795,-2.1886408336448278,0.8666666666666667,0.8609452847973429,-0.4999999999999997,-0.8660254037844388,0.9987165071710528,-0.05064916883871264,-0.9749279121818236,-0.2225209339563146
0.02173998663640582,-0.020619287202735703,0.021506205220963682,-0.010695289116747919,-0.9555114450274363,0.8666666666666667,0.8610799407513803,-0.4999999999999997,-0.8660254037844388,0.7907757369376989,-0.6121059825476626,0.7818314824680298,0.6234898018587336
0.0,-0.02105340919783238,-0.010695289116747919,0.01069528911674795,0.6418538861723947,0.8666666666666667,0.8611248260693928,-0.4999999999999997,-0.8660254037844388,0.6513724827222223,-0.758758122692791,0.9749279121818236,-0.22252093395631434
0.0,0.05182506786458595,0.0,0.010582109330537008,0.4895482253187058,0.8666666666666667,0.8611697113874053,-0.4999999999999997,-0.8660254037844388,0.48530196253108104,-0.8743466161445821,0.43388373911755823,-0.900968867902419
0.0,0.010050335853501506,0.0,0.03109058707003118,-1.0360919316867756,0.8666666666666667,0.8612145967054177,-0.4999999999999997,-0.8660254037844388,0.29936312297335804,-0.9541392564000488,-0.433883739117558,-0.9009688679024191
-0.010810916104215617,-0.030459207484708574,0.0,-0.041672696400568074,0.7375989431307791,0.8666666666666667,0.8612594820234302,-0.4999999999999997,-0.8660254037844388,0.10116832198743272,-0.994869323391895,-0.9749279121818236,-0.2225209339563146
0.010810916104215676,-0.020834086902842025,0.0,0.0,-2.4423470353692043,0.8666666666666667,0.8613941379774677,-0.4999999999999997,-0.8660254037844388,-0.4853019625310808,-0.8743466161445822,0.7818314824680298,0.6234898018587336
0.0,0.03109058707003118,0.0,0.031416196233378914,1.6094379124341003,0.8666666666666667,0.86143902329548,-0.4999999999999997,-0.8660254037844388,-0.6513724827222217,-0.7587581226927913,0.9749279121818236,-0.22252093395631434
-0.010810916104215617,-0.01025650016718911,0.01069528911674795,-0.03141619623337893,2.2617630984737906,0.8666666666666667,0.8614839086134926,-0.4999999999999997,-0.8660254037844388,-0.7907757369376986,-0.6121059825476627,0.43388373911755823,-0.900968867902419
0.010810916104215676,0.020408871631207033,-0.010695289116747919,0.04167269640056808,-2.4849066497880004,0.8666666666666667,0.861528793931505,-0.4999999999999997,-0.8660254037844388,-0.8978045395707417,-0.44039415155763423,-0.433883739117558,-0.9009688679024191
0.02127739844728488,-0.03077165866675366,0.02127739844728488,-0.020619287202735703,-0.9808292530117262,0.8666666666666667,0.8615736792495176,-0.4999999999999997,-0.8660254037844388,-0.9680771188662041,-0.2506525322587213,-0.9749279121818236,-0.2225209339563146
-0.02127739844728485,-0.010471299867295366,-0.02127739844728485,-0.02105340919783238,-0.40546510810816444,0.8666666666666667,0.8617083352035549,-0.4999999999999997,-0.8660254037844388,-0.9377521321470804,0.3473052528448203,0.7818314824680298,0.6234898018587336
0.01069528911674795,0.010471299867295437,0.01069528911674795,0.021053409197832263,1.3887912413184778,0.8666666666666667,0.8617532205215674,-0.4999999999999997,-0.8660254037844388,-0.8486442574947509,0.5289640103269624,0.9749279121818236,-0.22252093395631434
-0.02150620522096362,0.0,-0.02150620522096362,-0.0317486983145803,-0.9833261332103134,0.8666666666666667,0.8617981058395799,-0.4999999999999997,-0.8660254037844388,-0.7247927872291207,0.6889669190756859,0.43388373911755823,-0.900968867902419
0.010810916104215676,0.0,0.0425596144187959,0.01069528911674795,1.791759469228055,0.8666666666666667,0.8618429911575924,-0.4999999999999997,-0.8660254037844388,-0.5712682150947924,0.8207634412072763,-0.433883739117558,-0.9009688679024191
0.02127739844728488,0.0703807967617996,-0.010471299867295366,0.06187540371808745,-0.8109302162163288,0.8666666666666667,0.8618878764756049,-0.4999999999999997,-0.8660254037844388,-0.3943558551133187,0.9189578116202306,-0.9749279121818236,-0.2225209339563146
0.0,-0.02955880224154439,0.0,-0.040821994520255166,0.0,0.8666666666666667,0.8620225324296423,-0.8660254037844385,-0.5000000000000004,0.20129852008866006,0.9795299412524945,0.7818314824680298,0.6234898018587336
-0.05406722127027582,-0.01005033585350145,0.010471299867295437,-0.010471299867295366,1.6094379124341003,0.8666666666666667,0.8620674177476548,-0.8660254037844385,-0.5000000000000004,0.39435585511331855,0.9189578116202306,0.9749279121818236,-0.22252093395631434
0.011049836186584935,0.010050335853501506,-0.0317486983145803,-0.010582109330536972,-0.9808292530117262,0.8666666666666667,0.8621123030656673,-0.8660254037844385,-0.5000000000000004,0.5712682150947923,0.8207634412072763,0.43388373911755823,-0.900968867902419
0.02173998663640582,0.009950330853168092,0.0,0.05182506786458595,-0.7621400520468967,0.8666666666666667,0.8621571883836797,-0.8660254037844385,-0.5000000000000004,0.72479278722912,0.6889669190756866,-0.433883739117558,-0.9009688679024191
0.0,0.00985229644301164,0.01069528911674795,-0.020408871631207123,1.421385680931161,0.8666666666666667,0.8622020737016922,-0.8660254037844385,-0.5000000000000004,0.8486442574947509,0.5289640103269624,-0.9749279121818236,-0.2225209339563146
0.0,0.08455738802806297,0.0,0.0502618347808883,0.29626581614317243,0.8666666666666667,0.8623367296557297,-0.8660254037844385,-0.5000000000000004,0.9987165071710528,-0.05064916883871264,0.7818314824680298,0.6234898018587336
0.02127739844728488,-0.11441035117774422,0.010582109330537008,-0.05026183478088831,-2.9704144655697013,0.8666666666666667,0.8623816149737421,-0.8660254037844385,-0.5000000000000004,0.9680771188662043,-0.2506525322587204,0.9749279121818236,-0.22252093395631434
-0.010582109330536972,-0.020408871631207123,-0.010582109330536972,-0.020834086902842025,2.6026896854443837,0.8666666666666667,0.8624265002917546,-0.8660254037844385,-0.5000000000000004,0.8978045395707416,-0.4403941515576344,0.43388373911755823,-0.900968867902419
0.010582109330537008,0.020408871631207033,0.010582109330537008,0.020834086902842053,-2.6026896854443837,0.8666666666666667,0.8624713856097671,-0.8660254037844385,-0.5000000000000004,0.7907757369376989,-0.6121059825476626,-0.433883739117558,-0.9009688679024191
-0.02127739844728485,0.11441035117774412,0.020834086902842053,0.0502618347808883,3.044522437723423,0.8666666666666667,0.8625162709277796,-0.8660254037844385,-0.5000000000000004,0.6513724827222223,-0.758758122692791,-0.9749279121818236,-0.2225209339563146
0.01069528911674795,-0.055569851154810765,0.06001800972625295,-0.04000533461369913,-0.9044562742271522,0.8666666666666667,0.862650926881817,-0.8660254037844385,-0.5000000000000004,0.10116832198743272,-0.994869323391895,0.7818314824680298,0.6234898018587336
-0.010695289116747919,-0.058840500022933465,-0.0808520966290949,-0.041672696400568074,0.750305594399894,0.8666666666666667,0.8626958121998295,-0.8660254037844385,-0.5000000000000004,-0.10116832198743204,-0.9948693233918952,0.9749279121818236,-0.22252093395631434
0.02127739844728488,-0.020408871631207123,0.0,0.021053409197832263,-2.890371757896165,0.8666666666666667,0.862740697517842,-0.8660254037844385,-0.5000000000000004,-0.29936312297335776,-0.9541392564000489,0.43388373911755823,-0.900968867902419
0.0,0.010256500167189061,0.0,0.0,0.4054651081081644,0.8666666666666667,0.8627855828358545,-0.8660254037844385,-0.5000000000000004,-0.4853019625310808,-0.8743466161445822,-0.433883739117558,-0.9009688679024191
-0.010582109330536972,0.0,0.0,-0.02105340919783238,1.992430164690206,0.8666666666666667,0.8628304681538669,-0.8660254037844385,-0.5000000000000004,-0.6513724827222217,-0.7587581226927913,-0.9749279121818236,-0.2225209339563146
0.010582109330537008,-0.01025650016718911,0.0,0.021053409197832263,-2.3978952727983707,0.8666666666666667,0.8629651241079044,-0.8660254037844385,-0.5000000000000004,-0.9680771188662041,-0.2506525322587213,0.7818314824680298,0.6234898018587336
0.0,-0.010362787035546547,0.0,0.0,0.0,0.8666666666666667,0.8630100094259169,-0.8660254037844385,-0.5000000000000004,-0.9987165071710528,-0.05064916883871355,0.9749279121818236,-0.22252093395631434
0.010471299867295437,0.0408219945202552,0.010471299867295437,0.02061928720273561,2.302585092994046,0.8666666666666667,0.8630548947439293,-0.8660254037844385,-0.5000000000000004,-0.9884683243281114,0.15142777750457667,0.43388373911755823,-0.900968867902419
-0.010471299867295366,0.0,-0.010471299867295366,0.02020270731751947,-0.5108256237659907,0.8666666666666667,0.8630997800619418,-0.8660254037844385,-0.5000000000000004,-0.9377521321470804,0.3473052528448203,-0.433883739117558,-0.9009688679024191
-0.02127739844728485,-0.040821994520255166,-0.02127739844728485,-0.05129329438755058,-1.791759469228055,0.8666666666666667,0.8631446653799543,-0.8660254037844385,-0.5000000000000004,-0.8486442574947509,0.5289640103269624,-0.9749279121818236,-0.2225209339563146
-0.010810916104215617,0.02061928720273561,0.0,-0.02127739844728485,2.917770732084279,0.8666666666666667,0.8632793213339917,-0.8660254037844385,-0.5000000000000004,-0.3943558551133187,0.9189578116202306,0.7818314824680298,0.6234898018587336
-0.010929070532190317,-0.041672696400568074,-0.010810916104215617,-0.010810916104215617,-0.3150810466398954,0.8666666666666667,0.8633242066520042,-0.8660254037844385,-0.5000000000000004,-0.20129852008866114,0.9795299412524943,0.9749279121818236,-0.22252093395631434
-0.011049836186584935,-0.010695289116747919,0.0,-0.010929070532190317,0.532804530484766,0.8666666666666667,0.8633690919700167,-0.8660254037844385,-0.5000000000000004,-2.4492935982947064e-16,1.0,0.43388373911755823,-0.900968867902419
0.011049836186584935,0.02127739844728488,0.0,0.01092907053219023,-0.7375989431307791,0.8666666666666667,0.863593518560079,-1.0,-1.8369701987210297e-16,0.8486442574947509,0.5289640103269624,0.7818314824680298,0.6234898018587336
0.0,0.0,0.0,0.0,-0.3184537311185346,0.8666666666666667,0.8636384038780915,-1.0,-1.8369701987210297e-16,0.9377521321470804,0.3473052528448203,0.9749279121818236,-0.22252093395631434
0.01092907053219023,-0.010582109330536972,0.0,0.010810916104215676,-2.0794415416798357,0.8666666666666667,0.863683289196104,-1.0,-1.8369701987210297e-16,0.9884683243281114,0.1514277775045767,0.43388373911755823,-0.900968867902419
-0.010929070532190317,-0.010695289116747919,-0.010929070532190317,-0.010810916104215617,0.0,0.8666666666666667,0.8637281745141165,-1.0,-1.8369701987210297e-16,0.9987165071710528,-0.05064916883871264,-0.433883739117558,-0.9009688679024191
0.0,0.0,0.0,0.0,0.0,0.8666666666666667,0.8637730598321289,-1.0,-1.8369701987210297e-16,0.9680771188662043,-0.2506525322587204,-0.9749279121818236,-0.2225209339563146
0.04301738508369086,0.04211148535012685,0.04301738508369086,0.05292240145434253,3.2188758248682006,0.8666666666666667,0.8639077157861664,-1.0,-1.8369701987210297e-16,0.6513724827222223,-0.758758122692791,0.7818314824680298,0.6234898018587336
-0.043017385083690816,-0.010362787035546547,-0.03208831455150051,-0.04211148535012685,-2.8134107167600364,0.8666666666666667,0.8639526011041789,-1.0,-1.8369701987210297e-16,0.48530196253108104,-0.8743466161445821,0.9749279121818236,-0.22252093395631434
0.0,0.030771658666753687,0.0,0.04211148535012685,2.8716796248840124,0.8666666666666667,0.8639974864221913,-1.0,-1.8369701987210297e-16,0.29936312297335804,-0.9541392564000488,0.43388373911755823,-0.900968867902419
0.01092907053219023,-0.03077165866675366,0.0,-0.03141619623337893,-3.2771447329921766,0.8666666666666667,0.8640423717402038,-1.0,-1.8369701987210297e-16,0.10116832198743272,-0.994869323391895,-0.433883739117558,-0.9009688679024191
-0.010929070532190317,-0.02105340919783238,-0.010929070532190317,-0.02150620522096362,0.4054651081081644,0.8666666666666667,0.8640872570582163,-1.0,-1.8369701987210297e-16,-0.10116832198743204,-0.9948693233918952,-0.9749279121818236,-0.2225209339563146
0.04301738508369086,0.010582109330537008,0.04301738508369086,0.03208831455150045,-0.40546510810816444,0.8666666666666667,0.8642219130122537,-1.0,-1.8369701987210297e-16,-0.6513724827222217,-0.7587581226927913,0.7818314824680298,0.6234898018587336
-0.043017385083690816,-0.010582109330536972,-0.043017385083690816,-0.02127739844728485,0.0,0.8666666666666667,0.8642667983302662,-1.0,-1.8369701987210297e-16,-0.7907757369376986,-0.6121059825476627,0.9749279121818236,-0.22252093395631434
0.0,-0.010695289116747919,0.0,-0.010810916104215617,0.0,0.8666666666666667,0.8643116836482787,-1.0,-1.8369701987210297e-16,-0.8978045395707417,-0.44039415155763423,0.43388373911755823,-0.900968867902419
0.0,0.0,0.0,0.0,0.0,0.8666666666666667,0.8643565689662912,-1.0,-1.8369701987210297e-16,-0.9680771188662041,-0.2506525322587213,-0.433883739117558,-0.9009688679024191
0.01092907053219023,-0.010810916104215617,0.01092907053219023,0.0,-0.6931471805599453,0.8666666666666667,0.8644014542843037,-1.0,-1.8369701987210297e-16,-0.9987165071710528,-0.05064916883871355,-0.9749279121818236,-0.2225209339563146
-0.010929070532190317,0.0,-0.010929070532190317,0.0,0.6931471805599453,0.8666666666666667,0.8645361102383411,-1.0,-1.8369701987210297e-16,-0.8486442574947509,0.5289640103269624,0.7818314824680298,0.6234898018587336
0.0,-0.010929070532190317,0.0,-0.010929070532190317,1.6094379124341003,0.8666666666666667,0.8645809955563536,-1.0,-1.8369701987210297e-16,-0.7247927872291207,0.6889669190756859,0.9749279121818236,-0.22252093395631434
0.0,0.01092907053219023,0.0,0.01092907053219023,-1.6094379124341003,0.8666666666666667,0.8646258808743661,-1.0,-1.8369701987210297e-16,-0.5712682150947924,0.8207634412072763,0.43388373911755823,-0.900968867902419
0.0,-0.010929070532190317,0.0,-0.010929070532190317,-0.6931471805599453,0.8666666666666667,0.8646707661923785,-1.0,-1.8369701987210297e-16,-0.3943558551133187,0.9189578116202306,-0.433883739117558,-0.9009688679024191
-0.022223136784710235,-0.011049836186584935,-0.011049836186584935,-0.011049836186584935,2.995732273553991,0.8666666666666667,0.864715651510391,-1.0,-1.8369701987210297e-16,-0.20129852008866114,0.9795299412524943,-0.9749279121818236,-0.2225209339563146
0.011173300598125255,0.0,0.0,0.0,-2.995732273553991,0.8666666666666667,0.8648503074644285,-0.866025403784439,0.49999999999999933,0.5712682150947923,0.8207634412072763,0.7818314824680298,0.6234898018587336
0.0,0.0,0.0,0.0,0.0,0.8666666666666667,0.8648951927824409,-0.866025403784439,0.49999999999999933,0.72479278722912,0.6889669190756866,0.9749279121818236,-0.22252093395631434
0.0,0.03278982282299097,0.0,0.011049836186584935,3.4339872044851463,0.8666666666666667,0.8649400781004534,-0.866025403784439,0.49999999999999933,0.8486442574947509,0.5289640103269624,0.43388373911755823,-0.900968867902419
0.011049836186584935,-0.021739986636405875,0.011049836186584935,0.0,-3.4339872044851463,0.8666666666666667,0.8649849634184659,-0.866025403784439,0.49999999999999933,0.9377521321470804,0.3473052528448203,-0.433883739117558,-0.9009688679024191
-0.022223136784710235,-0.022223136784710235,-0.022223136784710235,-0.022223136784710235,0.0,0.8666666666666667,0.8650298487364784,-0.866025403784439,0.49999999999999933,0.9884683243281114,0.1514277775045767,-0.9749279121818236,-0.2225209339563146
-0.011299555253933394,0.0,0.0,0.0,2.995732273553991,0.8666666666666667,0.8651645046905158,-0.866025403784439,0.49999999999999933,0.8978045395707416,-0.4403941515576344,0.7818314824680298,0.6234898018587336
-0.08288765980576775,-0.09418721505970107,-0.09418721505970107,-0.09418721505970107,-1.8971199848858813,0.8666666666666667,0.8652093900085283,-0.866025403784439,0.49999999999999933,0.7907757369376989,-0.6121059825476626,0.9749279121818236,-0.22252093395631434
0.0,0.0,0.0,0.0,1.2039728043259361,0.8666666666666667,0.8652542753265408,-0.866025403784439,0.49999999999999933,0.6513724827222223,-0.758758122692791,0.43388373911755823,-0.900968867902419
0.0,0.0,0.0,0.0,-2.3025850929940455,0.8666666666666667,0.8652991606445533,-0.866025403784439,0.49999999999999933,0.48530196253108104,-0.8743466161445821,-0.433883739117558,-0.9009688679024191
0.0,0.0,0.0,0.0,0.0,0.8666666666666667,0.8653440459625658,-0.866025403784439,0.49999999999999933,0.29936312297335804,-0.9541392564000488,-0.9749279121818236,-0.2225209339563146
0.0,0.0,0.0,0.0,2.70805020110221,0.8666666666666667,0.8654787019166031,-0.866025403784439,0.49999999999999933,-0.29936312297335776,-0.9541392564000489,0.7818314824680298,0.6234898018587336
0.10536051565782635,0.10536051565782635,0.10536051565782635,0.10536051565782635,1.2039728043259361,0.8666666666666667,0.8655235872346156,-0.866025403784439,0.49999999999999933,-0.4853019625310808,-0.8743466161445822,0.9749279121818236,-0.22252093395631434
-0.09309042306601198,-0.09309042306601198,-0.09309042306601198,-0.09309042306601198,-3.2188758248682006,0.8666666666666667,0.8655684725526281,-0.866025403784439,0.49999999999999933,-0.6513724827222217,-0.7587581226927913,0.43388373911755823,-0.900968867902419
0.0,0.0,0.0,0.0,1.6094379124341003,0.8666666666666667,0.8656133578706405,-0.866025403784439,0.49999999999999933,-0.7907757369376986,-0.6121059825476627,-0.433883739117558,-0.9009688679024191
0.0,0.0,0.0,0.0,-2.3025850929940455,0.8666666666666667,0.865658243188653,-0.866025403784439,0.49999999999999933,-0.8978045395707417,-0.44039415155763423,-0.9749279121818236,-0.2225209339563146
0.0,0.0,0.0,0.0,-4.605170185988091,0.8666666666666667,0.8657928991426905,-0.866025403784439,0.49999999999999933,-0.9884683243281114,0.15142777750457667,0.7818314824680298,0.6234898018587336
0.0,0.0,0.0,0.0,4.605170185988092,0.8666666666666667,0.8658377844607029,-0.866025403784439,0.49999999999999933,-0.9377521321470804,0.3473052528448203,0.9749279121818236,-0.22252093395631434
0.0,0.0,0.0,0.0,0.0,0.8666666666666667,0.8658826697787154,-0.866025403784439,0.49999999999999933,-0.8486442574947509,0.5289640103269624,0.43388373911755823,-0.900968867902419
-0.01227009259181436,0.0,-0.01227009259181436,0.0,0.6931471805599453,0.8666666666666667,0.8659275550967279,-0.866025403784439,0.49999999999999933,-0.7247927872291207,0.6889669190756859,-0.433883739117558,-0.9009688679024191
-0.012422519998557209,0.0,0.0,-0.01227009259181436,0.4054651081081644,0.8666666666666667,0.8659724404147404,-0.866025403784439,0.49999999999999933,-0.5712682150947924,0.8207634412072763,-0.9749279121818236,-0.2225209339563146
0.01242251999855711,-0.01227009259181436,0.0,0.0,-1.0986122886681098,0.8666666666666667,0.8661070963687778,-0.866025403784439,0.49999999999999933,-2.4492935982947064e-16,1.0,0.7818314824680298,0.6234898018587336
0.0,0.0,0.0,0.0,0.0,0.8666666666666667,0.8661519816867903,-0.5000000000000012,0.8660254037844379,0.20129852008866006,0.9795299412524945,0.9749279121818236,-0.22252093395631434
0.0,0.0,0.0,0.0,0.0,0.8666666666666667,0.8661968670048028,-0.5000000000000012,0.8660254037844379,0.39435585511331855,0.9189578116202306,0.43388373911755823,-0.900968867902419
0.0,0.0,0.0,0.0,0.0,0.8666666666666667,0.8662417523228153,-0.5000000000000012,0.8660254037844379,0.5712682150947923,0.8207634412072763,-0.433883739117558,-0.9009688679024191
0.048202101817877686,0.048202101817877686,0.048202101817877686,0.048202101817877686,3.912023005428146,0.8666666666666667,0.8662866376408277,-0.5000000000000012,0.8660254037844379,0.72479278722912,0.6889669190756866,-0.9749279121818236,-0.2225209339563146
0.0,0.0,0.0,0.0,-2.8134107167600364,0.8666666666666667,0.8664212935948652,-0.5000000000000012,0.8660254037844379,0.9884683243281114,0.1514277775045767,0.7818314824680298,0.6234898018587336
0.0,0.0,0.0,0.0,1.2039728043259361,0.8666666666666667,0.8664661789128777,-0.5000000000000012,0.8660254037844379,0.9987165071710528,-0.05064916883871264,0.9749279121818236,-0.22252093395631434
0.0,0.011696039763191236,0.0,0.011696039763191236,0.6931471805599453,0.8666666666666667,0.8665110642308901,-0.5000000000000012,0.8660254037844379,0.9680771188662043,-0.2506525322587204,0.43388373911755823,-0.900968867902419
0.0,-0.011696039763191298,0.0,-0.011696039763191298,-0.2876820724517809,0.8666666666666667,0.8665559495489026,-0.5000000000000012,0.8660254037844379,0.8978045395707416,-0.4403941515576344,-0.433883739117558,-0.9009688679024191
0.0,0.0,0.0,0.0,1.2431935174792172,0.8666666666666667,0.8666008348669151,-0.5000000000000012,0.8660254037844379,0.7907757369376989,-0.6121059825476626,-0.9749279121818236,-0.2225209339563146
0.0,0.07913732055872379,0.0,0.0,0.39256170327225653,0.8666666666666667,0.8667354908209525,-0.5000000000000012,0.8660254037844379,0.29936312297335804,-0.9541392564000488,0.7818314824680298,0.6234898018587336
0.0,0.010810916104215676,0.08994823666293958,0.011696039763191236,-0.2833624113072645,0.8666666666666667,0.866780376138965,-0.5000000000000012,0.8660254037844379,0.10116832198743272,-0.994869323391895,0.9749279121818236,-0.22252093395631434
0.05715841383994862,0.04211148535012685,-0.03278982282299084,0.06744128079553248,-2.9618307218783095,0.8666666666666667,0.8668252614569775,-0.5000000000000012,0.8660254037844379,-0.10116832198743204,-0.9948693233918952,0.43388373911755823,-0.900968867902419
0.09531017980432493,0.020408871631207033,0.09531017980432493,0.07333127308554951,2.8134107167600364,0.8666666666666667,0.86687014677499,-0.5000000000000012,0.8660254037844379,-0.29936312297335776,-0.9541392564000489,-0.433883739117558,-0.9009688679024191
0.0,0.0,0.0,0.0,-3.912023005428146,0.8666666666666667,0.8669150320930025,-0.5000000000000012,0.8660254037844379,-0.4853019625310808,-0.8743466161445822,-0.9749279121818236,-0.2225209339563146
-0.010152371464017962,-0.010152371464017962,-0.010152371464017962,-0.010152371464017962,0.0,0.8666666666666667,0.8670496880470399,-0.5000000000000012,0.8660254037844379,-0.8978045395707417,-0.44039415155763423,0.7818314824680298,0.6234898018587336
0.010152371464017908,0.010152371464017908,0.010152371464017908,0.010152371464017908,0.0,0.8666666666666667,0.8670945733650524,-0.5000000000000012,0.8660254037844379,-0.9680771188662041,-0.2506525322587213,0.9749279121818236,-0.22252093395631434
0.0,0.0,0.0,0.0,0.0,0.8666666666666667,0.8671394586830649,-0.5000000000000012,0.8660254037844379,-0.9987165071710528,-0.05064916883871355,0.43388373911755823,-0.900968867902419
0.010050335853501506,0.010050335853501506,0.010050335853501506,0.010050335853501506,0.0,0.8666666666666667,0.8671843440010774,-0.5000000000000012,0.8660254037844379,-0.9884683243281114,0.15142777750457667,-0.433883739117558,-0.9009688679024191
0.0,0.04879016416943204,0.0,0.009950330853168092,3.091042453358316,0.8666666666666667,0.8672292293190897,-0.5000000000000012,0.8660254037844379,-0.9377521321470804,0.3473052528448203,-0.9749279121818236,-0.2225209339563146
0.04879016416943204,0.09962984094884134,0.04879016416943204,0.08535984895115685,0.08701137698962969,0.8666666666666667,0.8673638852731272,-0.5000000000000012,0.8660254037844379,-0.5712682150947924,0.8207634412072763,0.7818314824680298,0.6234898018587336
-0.11066556788751943,0.05859416426605281,0.1582240052148942,-0.08535984895115675,0.8649974374866045,0.8666666666666667,0.8674087705911397,-0.5000000000000012,0.8660254037844379,-0.3943558551133187,0.9189578116202306,0.9749279121818236,-0.22252093395631434
0.14805309995913976,-0.12083647314327374,-0.12083647314327374,0.07622736538788431,-4.04305126783455,0.8666666666666667,0.8674536559091521,-0.5000000000000012,0.8660254037844379,-0.20129852008866114,0.9795299412524943,0.43388373911755823,-0.900968867902419
0.07933674223652101,0.07933674223652101,0.07933674223652101,0.07933674223652101,0.6931471805599453,0.8666666666666667,0.8674985412271646,-2.4492935982947064e-16,1.0,0.20129852008866006,0.9795299412524945,-0.433883739117558,-0.9009688679024191
-0.03448617607116932,-0.03448617607116932,-0.03448617607116932,-0.03448617607116932,-0.6931471805599453,0.8666666666666667,0.8675434265451771,-2.4492935982947064e-16,1.0,0.39435585511331855,0.9189578116202306,-0.9749279121818236,-0.2225209339563146
-0.16148746989111265,-0.03571808260207923,-0.03571808260207923,-0.11122563511022437,1.0986122886681098,0.8666666666666667,0.8676780824992145,-2.4492935982947064e-16,1.0,0.8486442574947509,0.5289640103269624,0.7818314824680298,0.6234898018587336
0.010256500167189061,-0.11551288712184435,-0.11551288712184435,-0.04000533461369913,-1.0986122886681098,0.8666666666666667,0.867722967817227,-2.4492935982947064e-16,1.0,0.9377521321470804,0.3473052528448203,0.9749279121818236,-0.22252093395631434
0.0,0.02020270731751947,0.0,0.02020270731751947,2.302585092994046,0.8666666666666667,0.8677678531352395,-2.4492935982947064e-16,1.0,0.9884683243281114,0.1514277775045767,0.43388373911755823,-0.900968867902419
0.010152371464017908,-0.01005033585350145,0.010152371464017908,-0.01005033585350145,-2.3025850929940455,0.8666666666666667,0.867812738453252,-2.4492935982947064e-16,1.0,0.9987165071710528,-0.05064916883871264,-0.433883739117558,-0.9009688679024191
0.0,0.0,0.0,0.0,0.0,0.8666666666666667,0.8678576237712645,-2.4492935982947064e-16,1.0,0.9680771188662043,-0.2506525322587204,-0.9749279121818236,-0.2225209339563146
0.049271049006782835,0.049271049006782835,0.049271049006782835,0.049271049006782835,0.0,0.8666666666666667,0.8679922797253019,-2.4492935982947064e-16,1.0,0.6513724827222223,-0.758758122692791,0.7818314824680298,0.6234898018587336
0.05608946665104358,0.05608946665104358,0.05608946665104358,0.05608946665104358,0.0,0.8666666666666667,0.8680371650433144,-2.4492935982947064e-16,1.0,0.48530196253108104,-0.8743466161445821,0.9749279121818236,-0.22252093395631434
-0.10536051565782628,-0.10536051565782628,-0.10536051565782628,-0.10536051565782628,0.0,0.8666666666666667,0.8680820503613269,-2.4492935982947064e-16,1.0,0.29936312297335804,-0.9541392564000488,0.43388373911755823,-0.900968867902419
0.0,0.0,0.0,0.0,0.0,0.8666666666666667,0.8681269356793393,-2.4492935982947064e-16,1.0,0.10116832198743272,-0.994869323391895,-0.433883739117558,-0.9009688679024191
-0.010152371464017962,-0.010152371464017962,-0.010152371464017962,-0.010152371464017962,0.0,0.8666666666666667,0.8681718209973518,-2.4492935982947064e-16,1.0,-0.10116832198743204,-0.9948693233918952,-0.9749279121818236,-0.2225209339563146
0.0,0.0,0.0,0.0,0.0,0.8666666666666667,0.8683064769513893,-2.4492935982947064e-16,1.0,-0.6513724827222217,-0.7587581226927913,0.7818314824680298,0.6234898018587336
0.0,0.0,0.0,0.0,0.0,0.8666666666666667,0.8683513622694017,-2.4492935982947064e-16,1.0,-0.7907757369376986,-0.6121059825476627,0.9749279121818236,-0.22252093395631434
0.0,0.0,0.0,0.0,0.0,0.8666666666666667,0.8683962475874142,-2.4492935982947064e-16,1.0,-0.8978045395707417,-0.44039415155763423,0.43388373911755823,-0.900968867902419
0.0,0.02020270731751947,0.02020270731751947,0.02020270731751947,3.9318256327243257,0.8666666666666667,0.8684411329054267,-2.4492935982947064e-16,1.0,-0.9680771188662041,-0.2506525322587213,-0.433883739117558,-0.9009688679024191
0.02020270731751947,0.0,0.0,0.0,-3.9318256327243257,0.8666666666666667,0.8684860182234392,-2.4492935982947064e-16,1.0,-0.9987165071710528,-0.05064916883871355,-0.9749279121818236,-0.2225209339563146
0.0,0.0,0.0,0.0,4.605170185988092,0.8666666666666667,0.8686206741774766,-2.4492935982947064e-16,1.0,-0.8486442574947509,0.5289640103269624,0.7818314824680298,0.6234898018587336
-0.01005033585350145,-0.01005033585350145,-0.01005033585350145,-0.01005033585350145,-4.605170185988091,0.8666666666666667,0.8686655594954891,-2.4492935982947064e-16,1.0,-0.7247927872291207,0.6889669190756859,0.9749279121818236,-0.22252093395631434
0.0,0.0,0.0,0.0,-4.605170185988091,0.8666666666666667,0.8687104448135016,-2.4492935982947064e-16,1.0,-0.5712682150947924,0.8207634412072763,0.43388373911755823,-0.900968867902419
0.0,0.0,0.0,0.0,0.0,0.8666666666666667,0.8687553301315141,-2.4492935982947064e-16,1.0,-0.3943558551133187,0.9189578116202306,-0.433883739117558,-0.9009688679024191
0.0,0.0,0.0,0.0,0.0,0.8666666666666667,0.8688002154495266,-2.4492935982947064e-16,1.0,-0.20129852008866114,0.9795299412524943,-0.9749279121818236,-0.2225209339563146
0.0,0.0,0.0,0.0,0.0,0.8833333333333333,0.8689797567215765,0.49999999999999994,0.8660254037844387,0.5712682150947923,0.8207634412072763,0.9749279121818236,-0.22252093395631434
0.0,0.0,0.0,0.0,0.0,0.8833333333333333,0.869024642039589,0.49999999999999994,0.8660254037844387,0.72479278722912,0.6889669190756866,0.43388373911755823,-0.900968867902419
0.0,0.0,0.0,0.0,0.0,0.8833333333333333,0.8690695273576013,0.49999999999999994,0.8660254037844387,0.8486442574947509,0.5289640103269624,-0.433883739117558,-0.9009688679024191
0.0,0.0,0.0,0.0,0.0,0.8833333333333333,0.8691144126756138,0.49999999999999994,0.8660254037844387,0.9377521321470804,0.3473052528448203,-0.9749279121818236,-0.2225209339563146
0.0,0.0,0.0,0.0,0.0,0.8833333333333333,0.8692490686296513,0.49999999999999994,0.8660254037844387,0.9680771188662043,-0.2506525322587204,0.7818314824680298,0.6234898018587336
0.0,0.0,0.0,0.0,0.0,0.8833333333333333,0.8692939539476637,0.49999999999999994,0.8660254037844387,0.8978045395707416,-0.4403941515576344,0.9749279121818236,-0.22252093395631434
-0.0953101798043249,-0.0953101798043249,-0.0953101798043249,-0.0953101798043249,5.298317366548036,0.8833333333333333,0.8693388392656762,0.49999999999999994,0.8660254037844387,0.7907757369376989,-0.6121059825476626,0.43388373911755823,-0.900968867902419
0.0,0.0,0.0,0.0,-5.298317366548036,0.8833333333333333,0.8693837245836887,0.49999999999999994,0.8660254037844387,0.6513724827222223,-0.758758122692791,-0.433883739117558,-0.9009688679024191
0.0,0.0,0.0,0.0,0.0,0.8833333333333333,0.8694286099017012,0.49999999999999994,0.8660254037844387,0.48530196253108104,-0.8743466161445821,-0.9749279121818236,-0.2225209339563146
0.0,0.0,0.0,0.0,0.0,0.8833333333333333,0.8695632658557386,0.49999999999999994,0.8660254037844387,-0.10116832198743204,-0.9948693233918952,0.7818314824680298,0.6234898018587336
0.0,0.0,0.0,0.0,0.0,0.8833333333333333,0.8696081511737511,0.49999999999999994,0.8660254037844387,-0.29936312297335776,-0.9541392564000489,0.9749279121818236,-0.22252093395631434
0.0,0.0,0.0,0.0,0.0,0.8833333333333333,0.8696530364917636,0.49999999999999994,0.8660254037844387,-0.4853019625310808,-0.8743466161445822,0.43388373911755823,-0.900968867902419
0.10536051565782635,0.10536051565782635,0.10536051565782635,0.10536051565782635,4.605170185988092,0.8833333333333333,0.8696979218097761,0.49999999999999994,0.8660254037844387,-0.6513724827222217,-0.7587581226927913,-0.433883739117558,-0.9009688679024191
0.0,0.0,0.0,0.0,-4.605170185988091,0.8833333333333333,0.8700570043538759,0.49999999999999994,0.8660254037844387,-0.7247927872291207,0.6889669190756859,-0.9749279121818236,-0.2225209339563146
0.0,0.0,0.0,0.0,0.0,0.8833333333333333,0.8701916603079133,0.49999999999999994,0.8660254037844387,-0.20129852008866114,0.9795299412524943,0.7818314824680298,0.6234898018587336
-0.05129329438755058,-0.05129329438755058,-0.05129329438755058,-0.05129329438755058,4.605170185988092,0.8833333333333333,0.8702365456259258,0.49999999999999994,0.8660254037844387,-2.4492935982947064e-16,1.0,0.9749279121818236,-0.22252093395631434
0.0,0.0,0.0,0.0,-4.605170185988091,0.8833333333333333,0.8702814309439383,0.8660254037844386,0.5000000000000001,0.20129852008866006,0.9795299412524945,0.43388373911755823,-0.900968867902419
0.0,0.0,0.0,0.0,0.0,0.8833333333333333,0.8703263162619508,0.8660254037844386,0.5000000000000001,0.39435585511331855,0.9189578116202306,-0.433883739117558,-0.9009688679024191
0.0,0.0,0.0,0.0,0.0,0.8833333333333333,0.8703712015799633,0.8660254037844386,0.5000000000000001,0.5712682150947923,0.8207634412072763,-0.9749279121818236,-0.2225209339563146
0.0,0.0,0.0,0.0,0.0,0.8833333333333333,0.8705058575340007,0.8660254037844386,0.5000000000000001,0.9377521321470804,0.3473052528448203,0.7818314824680298,0.6234898018587336
0.0,0.0,0.0,0.0,0.0,0.8833333333333333,0.8705507428520132,0.8660254037844386,0.5000000000000001,0.9884683243281114,0.1514277775045767,0.9749279121818236,-0.22252093395631434
0.0,0.0,0.0,0.0,0.0,0.8833333333333333,0.8705956281700257,0.8660254037844386,0.5000000000000001,0.9987165071710528,-0.05064916883871264,0.43388373911755823,-0.900968867902419
0.0,0.0,0.0,0.0,0.0,0.8833333333333333,0.8706405134880382,0.8660254037844386,0.5000000000000001,0.9680771188662043,-0.2506525322587204,-0.433883739117558,-0.9009688679024191
0.0,0.0,0.0,0.0,0.0,0.8833333333333333,0.8706853988060506,0.8660254037844386,0.5000000000000001,0.8978045395707416,-0.4403941515576344,-0.9749279121818236,-0.2225209339563146
0.0,0.0,0.0,0.0,0.0,0.8833333333333333,0.8708200547600881,0.8660254037844386,0.5000000000000001,0.48530196253108104,-0.8743466161445821,0.7818314824680298,0.6234898018587336
0.0,0.0,0.0,0.0,0.0,0.8833333333333333,0.8708649400781006,0.8660254037844386,0.5000000000000001,0.29936312297335804,-0.9541392564000488,0.9749279121818236,-0.22252093395631434
0.0,0.0,0.0,0.0,0.0,0.8833333333333333,0.870909825396113,0.8660254037844386,0.5000000000000001,0.10116832198743272,-0.994869323391895,0.43388373911755823,-0.900968867902419
0.0,0.0,0.0,0.0,0.0,0.8833333333333333,0.8709547107141254,0.8660254037844386,0.5000000000000001,-0.10116832198743204,-0.9948693233918952,-0.433883739117558,-0.9009688679024191
0.0,0.0,0.0,0.0,0.0,0.8833333333333333,0.870999596032138,0.8660254037844386,0.5000000000000001,-0.29936312297335776,-0.9541392564000489,-0.9749279121818236,-0.2225209339563146
0.0,0.0,0.0,0.0,0.0,0.8833333333333333,0.8711342519861753,0.8660254037844386,0.5000000000000001,-0.7907757369376986,-0.6121059825476627,0.7818314824680298,0.6234898018587336
0.0,0.0,0.0,0.0,0.0,0.8833333333333333,0.8711791373041878,0.8660254037844386,0.5000000000000001,-0.8978045395707417,-0.44039415155763423,0.9749279121818236,-0.22252093395631434
0.0,0.0,0.0,0.0,0.0,0.8833333333333333,0.8712240226222003,0.8660254037844386,0.5000000000000001,-0.9680771188662041,-0.2506525322587213,0.43388373911755823,-0.900968867902419
0.0,0.0,0.0,0.0,0.0,0.8833333333333333,0.8712689079402128,0.8660254037844386,0.5000000000000001,-0.9987165071710528,-0.05064916883871355,-0.433883739117558,-0.9009688679024191
0.0,0.0,0.0,0.0,0.0,0.8833333333333333,0.8713137932582253,0.8660254037844386,0.5000000000000001,-0.9884683243281114,0.15142777750457667,-0.9749279121818236,-0.2225209339563146
0.0,0.0,0.0,0.0,0.0,0.8833333333333333,0.8714484492122627,0.8660254037844386,0.5000000000000001,-0.7247927872291207,0.6889669190756859,0.7818314824680298,0.6234898018587336
0.0,0.0,0.0,0.0,0.0,0.8833333333333333,0.8714933345302752,0.8660254037844386,0.5000000000000001,-0.5712682150947924,0.8207634412072763,0.9749279121818236,-0.22252093395631434
