low,high,open,close,volume,year,days,month_sin,month_cos,day_sin,day_cos,weekday_sin,weekday_cos
0.0,-0.005715027977248854,-0.005715027977248854,0.0,-8.026823576217629,0.7166666666666667,0.7074823825126801,0.8660254037844386,0.5000000000000001,-0.8486442574947509,0.5289640103269624,0.9749279121818236,-0.22252093395631434
-0.004102291879080176,0.0016361616875062508,-0.0038282754736973664,0.0016361616875062508,9.999297607382104,0.7166666666666667,0.7075272678306926,0.8660254037844386,0.5000000000000001,-0.7247927872291207,0.6889669190756859,0.43388373911755823,-0.900968867902419
0.010631118550904569,0.009491633012422611,0.010357102145521862,0.009491633012422611,-3.4482172723386992,0.7166666666666667,0.7075721531487051,0.8660254037844386,0.5000000000000001,-0.5712682150947924,0.8207634412072763,-0.433883739117558,-0.9009688679024191
0.0032484980072118217,-0.0013504700208928273,0.0032484980072118217,-0.0013504700208928273,0.22314355131420976,0.7166666666666667,0.7076170384667175,1.0,6.123233995736766e-17,0.20129852008866006,0.9795299412524945,-0.9749279121818236,-0.2225209339563146
0.0,0.0,0.0,0.0,-6.774223886357614,0.7166666666666667,0.707751694420755,1.0,6.123233995736766e-17,0.72479278722912,0.6889669190756866,0.7818314824680298,0.6234898018587336
0.0,0.0,0.0,0.0,0.0,0.7166666666666667,0.7077965797387675,1.0,6.123233995736766e-17,0.8486442574947509,0.5289640103269624,0.9749279121818236,-0.22252093395631434
0.0,0.0,0.0,0.0,0.0,0.7166666666666667,0.70784146505678,1.0,6.123233995736766e-17,0.9377521321470804,0.3473052528448203,0.43388373911755823,-0.900968867902419
0.0,0.0,0.0,0.0,0.0,0.7166666666666667,0.7078863503747924,1.0,6.123233995736766e-17,0.9884683243281114,0.1514277775045767,-0.433883739117558,-0.9009688679024191
0.0,0.0,0.0,0.0,0.0,0.7166666666666667,0.7079312356928049,1.0,6.123233995736766e-17,0.9987165071710528,-0.05064916883871264,-0.9749279121818236,-0.2225209339563146
0.0,0.0,0.0,0.0,0.0,0.7166666666666667,0.7080658916468424,1.0,6.123233995736766e-17,0.7907757369376989,-0.6121059825476626,0.7818314824680298,0.6234898018587336
0.0,0.0,0.0,0.0,0.0,0.7166666666666667,0.7081107769648548,1.0,6.123233995736766e-17,0.6513724827222223,-0.758758122692791,0.9749279121818236,-0.22252093395631434
0.0,0.0,0.0,0.0,0.0,0.7166666666666667,0.7081556622828673,1.0,6.123233995736766e-17,0.48530196253108104,-0.8743466161445821,0.43388373911755823,-0.900968867902419
0.0,0.0,0.0,0.0,0.0,0.7166666666666667,0.7082005476008798,1.0,6.123233995736766e-17,0.29936312297335804,-0.9541392564000488,-0.433883739117558,-0.9009688679024191
0.09285021262376515,0.09285021262376515,0.09285021262376515,0.09285021262376515,4.465908118654584,0.7166666666666667,0.7082454329188923,1.0,6.123233995736766e-17,0.10116832198743272,-0.994869323391895,-0.9749279121818236,-0.2225209339563146
-0.009901132335922713,-0.009901132335922713,-0.009901132335922713,-0.009901132335922713,0.0,0.7166666666666667,0.7083800888729297,1.0,6.123233995736766e-17,-0.4853019625310808,-0.8743466161445822,0.7818314824680298,0.6234898018587336
0.0,0.0,0.0,0.0,-4.465908118654584,0.7166666666666667,0.7084249741909422,1.0,6.123233995736766e-17,-0.6513724827222217,-0.7587581226927913,0.9749279121818236,-0.22252093395631434
0.0,0.0,0.0,0.0,0.0,0.7166666666666667,0.7084698595089547,1.0,6.123233995736766e-17,-0.7907757369376986,-0.6121059825476627,0.43388373911755823,-0.900968867902419
0.0,0.0,0.0,0.0,0.0,0.7166666666666667,0.7085147448269672,1.0,6.123233995736766e-17,-0.8978045395707417,-0.44039415155763423,-0.433883739117558,-0.9009688679024191
0.0,0.0,0.0,0.0,0.0,0.7166666666666667,0.7085596301449796,1.0,6.123233995736766e-17,-0.9680771188662041,-0.2506525322587213,-0.9749279121818236,-0.2225209339563146
0.0,0.0,0.0,0.0,0.0,0.7166666666666667,0.7086942860990171,1.0,6.123233995736766e-17,-0.9377521321470804,0.3473052528448203,0.7818314824680298,0.6234898018587336
0.0,0.0,0.0,0.0,0.0,0.7166666666666667,0.7087391714170296,1.0,6.123233995736766e-17,-0.8486442574947509,0.5289640103269624,0.9749279121818236,-0.22252093395631434
0.0,0.0,0.0,0.0,0.0,0.7166666666666667,0.708784056735042,1.0,6.123233995736766e-17,-0.7247927872291207,0.6889669190756859,0.43388373911755823,-0.900968867902419
0.0,0.0,0.0,0.0,0.0,0.7166666666666667,0.7088289420530545,1.0,6.123233995736766e-17,-0.5712682150947924,0.8207634412072763,-0.433883739117558,-0.9009688679024191
0.0,0.0,0.0,0.0,0.0,0.7166666666666667,0.7090084833251044,0.8660254037844387,-0.4999999999999998,0.20129852008866006,0.9795299412524945,0.7818314824680298,0.6234898018587336
0.0,0.0,0.0,0.0,0.0,0.7166666666666667,0.7090533686431169,0.8660254037844387,-0.4999999999999998,0.39435585511331855,0.9189578116202306,0.9749279121818236,-0.22252093395631434
0.0,0.0,0.0,0.0,0.0,0.7166666666666667,0.7090982539611294,0.8660254037844387,-0.4999999999999998,0.5712682150947923,0.8207634412072763,0.43388373911755823,-0.900968867902419
0.0,0.0,0.0,0.0,0.0,0.7166666666666667,0.7091431392791419,0.8660254037844387,-0.4999999999999998,0.72479278722912,0.6889669190756866,-0.433883739117558,-0.9009688679024191
0.0,0.0,0.0,0.0,0.0,0.7166666666666667,0.7091880245971544,0.8660254037844387,-0.4999999999999998,0.8486442574947509,0.5289640103269624,-0.9749279121818236,-0.2225209339563146
0.0,0.0,0.0,0.0,0.0,0.7166666666666667,0.7093226805511917,0.8660254037844387,-0.4999999999999998,0.9987165071710528,-0.05064916883871264,0.7818314824680298,0.6234898018587336
0.0,0.0,0.0,0.0,0.0,0.7166666666666667,0.7093675658692042,0.8660254037844387,-0.4999999999999998,0.9680771188662043,-0.2506525322587204,0.9749279121818236,-0.22252093395631434
0.0,0.0,0.0,0.0,0.0,0.7166666666666667,0.7094124511872167,0.8660254037844387,-0.4999999999999998,0.8978045395707416,-0.4403941515576344,0.43388373911755823,-0.900968867902419
0.0,0.0,0.0,0.0,0.0,0.7166666666666667,0.7094573365052292,0.8660254037844387,-0.4999999999999998,0.7907757369376989,-0.6121059825476626,-0.433883739117558,-0.9009688679024191
0.0,0.0,0.0,0.0,0.0,0.7166666666666667,0.7095022218232416,0.8660254037844387,-0.4999999999999998,0.6513724827222223,-0.758758122692791,-0.9749279121818236,-0.2225209339563146
0.0,0.0,0.0,0.0,0.0,0.7166666666666667,0.7096368777772791,0.8660254037844387,-0.4999999999999998,0.10116832198743272,-0.994869323391895,0.7818314824680298,0.6234898018587336
-0.07971110085957071,-0.07621507353550791,-0.07971110085957071,-0.07621507353550791,8.278174290943738,0.7166666666666667,0.7096817630952916,0.8660254037844387,-0.4999999999999998,-0.10116832198743204,-0.9948693233918952,0.9749279121818236,-0.22252093395631434
0.003496027324062787,0.0,0.003496027324062787,0.0,-8.278174290943738,0.7166666666666667,0.709726648413304,0.8660254037844387,-0.4999999999999998,-0.29936312297335776,-0.9541392564000489,0.43388373911755823,-0.900968867902419
0.0,0.0,0.0,0.0,0.0,0.7166666666666667,0.7097715337313165,0.8660254037844387,-0.4999999999999998,-0.4853019625310808,-0.8743466161445822,-0.433883739117558,-0.9009688679024191
0.0,0.0,0.0,0.0,0.0,0.7166666666666667,0.709816419049329,0.8660254037844387,-0.4999999999999998,-0.6513724827222217,-0.7587581226927913,-0.9749279121818236,-0.2225209339563146
0.0,0.0,0.0,0.0,0.0,0.7166666666666667,0.7099510750033664,0.8660254037844387,-0.4999999999999998,-0.9680771188662041,-0.2506525322587213,0.7818314824680298,0.6234898018587336
0.0,0.0,0.0,0.0,0.0,0.7166666666666667,0.7099959603213789,0.8660254037844387,-0.4999999999999998,-0.9987165071710528,-0.05064916883871355,0.9749279121818236,-0.22252093395631434
0.0,0.0,0.0,0.0,0.0,0.7166666666666667,0.7100408456393914,0.8660254037844387,-0.4999999999999998,-0.9884683243281114,0.15142777750457667,0.43388373911755823,-0.900968867902419
0.0,0.0,0.0,0.0,0.0,0.7166666666666667,0.7100857309574039,0.8660254037844387,-0.4999999999999998,-0.9377521321470804,0.3473052528448203,-0.433883739117558,-0.9009688679024191
0.0,0.0,0.0,0.0,0.0,0.7166666666666667,0.7101306162754164,0.8660254037844387,-0.4999999999999998,-0.8486442574947509,0.5289640103269624,-0.9749279121818236,-0.2225209339563146
0.0,0.0,0.0,0.0,0.0,0.7166666666666667,0.7102652722294538,0.8660254037844387,-0.4999999999999998,-0.3943558551133187,0.9189578116202306,0.7818314824680298,0.6234898018587336
0.026753101298949443,0.026753101298949443,0.026753101298949443,0.026753101298949443,5.1647859739235145,0.7166666666666667,0.7103101575474663,0.8660254037844387,-0.4999999999999998,-0.20129852008866114,0.9795299412524943,0.9749279121818236,-0.22252093395631434
0.0,0.0,0.0,0.0,-5.1647859739235145,0.7166666666666667,0.7103550428654788,0.5000000000000003,-0.8660254037844385,0.20129852008866006,0.9795299412524945,0.43388373911755823,-0.900968867902419
-0.012625127293739205,-0.0023551511495127583,-0.0023551511495127583,-0.012625127293739205,6.263398262591624,0.7166666666666667,0.7103999281834912,0.5000000000000003,-0.8660254037844385,0.39435585511331855,0.9189578116202306,-0.433883739117558,-0.9009688679024191
0.04097019583463446,0.030700219690408048,0.030700219690408048,0.04097019583463446,0.5108256237659907,0.7166666666666667,0.7104448135015037,0.5000000000000003,-0.8660254037844385,0.5712682150947923,0.8207634412072763,-0.9749279121818236,-0.2225209339563146
0.0,0.0,0.0,0.0,-6.774223886357614,0.7166666666666667,0.7105794694555412,0.5000000000000003,-0.8660254037844385,0.9377521321470804,0.3473052528448203,0.7818314824680298,0.6234898018587336
0.0,0.0,0.0,0.0,0.0,0.7166666666666667,0.7106243547735536,0.5000000000000003,-0.8660254037844385,0.9884683243281114,0.1514277775045767,0.9749279121818236,-0.22252093395631434
0.0,0.0,0.0,0.0,0.0,0.7166666666666667,0.7106692400915661,0.5000000000000003,-0.8660254037844385,0.9987165071710528,-0.05064916883871264,0.43388373911755823,-0.900968867902419
0.0,0.0,0.0,0.0,0.0,0.7166666666666667,0.7107141254095786,0.5000000000000003,-0.8660254037844385,0.9680771188662043,-0.2506525322587204,-0.433883739117558,-0.9009688679024191
0.0,0.0,0.0,0.0,0.0,0.7166666666666667,0.7107590107275911,0.5000000000000003,-0.8660254037844385,0.8978045395707416,-0.4403941515576344,-0.9749279121818236,-0.2225209339563146
0.0,0.0,0.0,0.0,0.0,0.7166666666666667,0.7108936666816285,0.5000000000000003,-0.8660254037844385,0.48530196253108104,-0.8743466161445821,0.7818314824680298,0.6234898018587336
0.0,0.0,0.0,0.0,0.0,0.7166666666666667,0.710938551999641,0.5000000000000003,-0.8660254037844385,0.29936312297335804,-0.9541392564000488,0.9749279121818236,-0.22252093395631434
0.0,0.0,0.0,0.0,0.0,0.7166666666666667,0.7109834373176535,0.5000000000000003,-0.8660254037844385,0.10116832198743272,-0.994869323391895,0.43388373911755823,-0.900968867902419
0.0,0.0,0.0,0.0,0.0,0.7166666666666667,0.711028322635666,0.5000000000000003,-0.8660254037844385,-0.10116832198743204,-0.9948693233918952,-0.433883739117558,-0.9009688679024191
0.0,0.0,0.0,0.0,0.0,0.7166666666666667,0.7110732079536783,0.5000000000000003,-0.8660254037844385,-0.29936312297335776,-0.9541392564000489,-0.9749279121818236,-0.2225209339563146
0.0,0.0,0.0,0.0,0.0,0.7166666666666667,0.7112078639077158,0.5000000000000003,-0.8660254037844385,-0.7907757369376986,-0.6121059825476627,0.7818314824680298,0.6234898018587336
0.0,0.0,0.0,0.0,0.0,0.7166666666666667,0.7112527492257283,0.5000000000000003,-0.8660254037844385,-0.8978045395707417,-0.44039415155763423,0.9749279121818236,-0.22252093395631434
0.0,0.0,0.0,0.0,0.0,0.7166666666666667,0.7112976345437408,0.5000000000000003,-0.8660254037844385,-0.9680771188662041,-0.2506525322587213,0.43388373911755823,-0.900968867902419
0.0,0.0,0.0,0.0,0.0,0.7166666666666667,0.7113425198617532,0.5000000000000003,-0.8660254037844385,-0.9987165071710528,-0.05064916883871355,-0.433883739117558,-0.9009688679024191
0.0,0.0,0.0,0.0,0.0,0.7166666666666667,0.7113874051797657,0.5000000000000003,-0.8660254037844385,-0.9884683243281114,0.15142777750457667,-0.9749279121818236,-0.2225209339563146
0.0,0.0,0.0,0.0,0.0,0.7166666666666667,0.7115669464518156,0.5000000000000003,-0.8660254037844385,-0.5712682150947924,0.8207634412072763,0.9749279121818236,-0.22252093395631434
0.01612941449437218,0.016629217557679724,0.01612941449437218,0.016629217557679724,7.110696122978827,0.7166666666666667,0.7116118317698281,0.5000000000000003,-0.8660254037844385,-0.3943558551133187,0.9189578116202306,0.43388373911755823,-0.900968867902419
0.0004998030633075181,0.0,0.0004998030633075181,0.0,-7.110696122978827,0.7166666666666667,0.7116567170878406,0.5000000000000003,-0.8660254037844385,-0.20129852008866114,0.9795299412524943,-0.433883739117558,-0.9009688679024191
-0.018918388629824406,-0.006015026292771848,-0.006015026292771848,-0.018918388629824406,5.568344503761097,0.7166666666666667,0.7117016024058531,0.5000000000000003,-0.8660254037844385,-2.4492935982947064e-16,1.0,-0.9749279121818236,-0.2225209339563146
0.0,-0.012903362337052561,-0.012903362337052561,0.0,-5.568344503761097,0.7166666666666667,0.7118362583598905,1.2246467991473532e-16,-1.0,0.5712682150947923,0.8207634412072763,0.7818314824680298,0.6234898018587336
0.0,0.0,0.0,0.0,0.0,0.7166666666666667,0.711881143677903,1.2246467991473532e-16,-1.0,0.72479278722912,0.6889669190756866,0.9749279121818236,-0.22252093395631434
0.0,0.0,0.0,0.0,0.0,0.7166666666666667,0.7119260289959155,1.2246467991473532e-16,-1.0,0.8486442574947509,0.5289640103269624,0.43388373911755823,-0.900968867902419
-0.02762538176980675,-0.022403405476800673,-0.02762538176980675,-0.022403405476800673,6.07993319509559,0.7166666666666667,0.711970914313928,1.2246467991473532e-16,-1.0,0.9377521321470804,0.3473052528448203,-0.433883739117558,-0.9009688679024191
0.018415760200557792,0.01319378390755167,0.018415760200557792,0.01319378390755167,-1.6140250764410065,0.7166666666666667,0.7120157996319404,1.2246467991473532e-16,-1.0,0.9884683243281114,0.1514277775045767,-0.9749279121818236,-0.2225209339563146
0.017577808908110372,0.017577808908110372,0.017577808908110372,0.017577808908110372,1.102436385106513,0.7166666666666667,0.7121504555859779,1.2246467991473532e-16,-1.0,0.8978045395707416,-0.4403941515576344,0.7818314824680298,0.6234898018587336
0.0,0.0,0.0,0.0,-5.568344503761097,0.7166666666666667,0.7121953409039904,1.2246467991473532e-16,-1.0,0.7907757369376989,-0.6121059825476626,0.9749279121818236,-0.22252093395631434
0.00980036125493142,0.00980036125493142,0.00980036125493142,0.00980036125493142,4.465908118654584,0.7166666666666667,0.7122402262220028,1.2246467991473532e-16,-1.0,0.6513724827222223,-0.758758122692791,0.43388373911755823,-0.900968867902419
0.0,0.0,0.0,0.0,-4.465908118654584,0.7166666666666667,0.7122851115400153,1.2246467991473532e-16,-1.0,0.48530196253108104,-0.8743466161445821,-0.433883739117558,-0.9009688679024191
0.0,0.0,0.0,0.0,0.0,0.7166666666666667,0.7123299968580278,1.2246467991473532e-16,-1.0,0.29936312297335804,-0.9541392564000488,-0.9749279121818236,-0.2225209339563146
0.010200346344614409,0.018826351897699302,0.018826351897699302,0.010200346344614409,5.568344503761097,0.7166666666666667,0.7124646528120652,1.2246467991473532e-16,-1.0,-0.29936312297335776,-0.9541392564000489,0.7818314824680298,0.6234898018587336
0.0,-0.008626005553084877,-0.008626005553084877,0.0,-5.568344503761097,0.7166666666666667,0.7125095381300777,1.2246467991473532e-16,-1.0,-0.4853019625310808,-0.8743466161445822,0.9749279121818236,-0.22252093395631434
0.0,0.0,0.0,0.0,0.0,0.7166666666666667,0.7125544234480902,1.2246467991473532e-16,-1.0,-0.6513724827222217,-0.7587581226927913,0.43388373911755823,-0.900968867902419
0.0,0.0,0.0,0.0,0.0,0.7166666666666667,0.7125993087661027,1.2246467991473532e-16,-1.0,-0.7907757369376986,-0.6121059825476627,-0.433883739117558,-0.9009688679024191
0.0,0.0,0.0,0.0,0.0,0.7166666666666667,0.7126441940841152,1.2246467991473532e-16,-1.0,-0.8978045395707417,-0.44039415155763423,-0.9749279121818236,-0.2225209339563146
0.0,0.0,0.0,0.0,0.0,0.7166666666666667,0.7127788500381526,1.2246467991473532e-16,-1.0,-0.9884683243281114,0.15142777750457667,0.7818314824680298,0.6234898018587336
0.0,0.0,0.0,0.0,0.0,0.7166666666666667,0.7128237353561651,1.2246467991473532e-16,-1.0,-0.9377521321470804,0.3473052528448203,0.9749279121818236,-0.22252093395631434
0.0,0.0,0.0,0.0,0.0,0.7166666666666667,0.7128686206741776,1.2246467991473532e-16,-1.0,-0.8486442574947509,0.5289640103269624,0.43388373911755823,-0.900968867902419
0.0,0.0,0.0,0.0,0.0,0.7166666666666667,0.71291350599219,1.2246467991473532e-16,-1.0,-0.7247927872291207,0.6889669190756859,-0.433883739117558,-0.9009688679024191
0.0,0.0,0.0,0.0,0.0,0.7166666666666667,0.7129583913102024,1.2246467991473532e-16,-1.0,-0.5712682150947924,0.8207634412072763,-0.9749279121818236,-0.2225209339563146
0.0,0.0,0.0,0.0,0.0,0.7166666666666667,0.7130930472642399,-0.4999999999999997,-0.8660254037844388,0.20129852008866006,0.9795299412524945,0.7818314824680298,0.6234898018587336
0.0,0.0,0.0,0.0,0.0,0.7166666666666667,0.7131379325822524,-0.4999999999999997,-0.8660254037844388,0.39435585511331855,0.9189578116202306,0.9749279121818236,-0.22252093395631434
0.0,0.0,0.0,0.0,0.0,0.7166666666666667,0.7131828179002648,-0.4999999999999997,-0.8660254037844388,0.5712682150947923,0.8207634412072763,0.43388373911755823,-0.900968867902419
0.0,0.0,0.0,0.0,0.0,0.7166666666666667,0.7132725885362898,-0.4999999999999997,-0.8660254037844388,0.8486442574947509,0.5289640103269624,-0.9749279121818236,-0.2225209339563146
0.0,0.0,0.0,0.0,0.0,0.7166666666666667,0.7134072444903272,-0.4999999999999997,-0.8660254037844388,0.9987165071710528,-0.05064916883871264,0.7818314824680298,0.6234898018587336
0.0,0.0,0.0,0.0,0.0,0.7166666666666667,0.7134521298083397,-0.4999999999999997,-0.8660254037844388,0.9680771188662043,-0.2506525322587204,0.9749279121818236,-0.22252093395631434
0.0,0.0,0.0,0.0,0.0,0.7166666666666667,0.7134970151263522,-0.4999999999999997,-0.8660254037844388,0.8978045395707416,-0.4403941515576344,0.43388373911755823,-0.900968867902419
0.0,0.0,0.0,0.0,0.0,0.7166666666666667,0.7135419004443647,-0.4999999999999997,-0.8660254037844388,0.7907757369376989,-0.6121059825476626,-0.433883739117558,-0.9009688679024191
0.0,0.0,0.0,0.0,0.0,0.7166666666666667,0.7135867857623772,-0.4999999999999997,-0.8660254037844388,0.6513724827222223,-0.758758122692791,-0.9749279121818236,-0.2225209339563146
0.0,0.0,0.0,0.0,0.0,0.7166666666666667,0.7137214417164146,-0.4999999999999997,-0.8660254037844388,0.10116832198743272,-0.994869323391895,0.7818314824680298,0.6234898018587336
0.0,0.0,0.0,0.0,0.0,0.7166666666666667,0.7137663270344271,-0.4999999999999997,-0.8660254037844388,-0.10116832198743204,-0.9948693233918952,0.9749279121818236,-0.22252093395631434
0.0,0.0,0.0,0.0,0.0,0.7166666666666667,0.7138112123524396,-0.4999999999999997,-0.8660254037844388,-0.29936312297335776,-0.9541392564000489,0.43388373911755823,-0.900968867902419
0.0,0.0,0.0,0.0,0.0,0.7166666666666667,0.713856097670452,-0.4999999999999997,-0.8660254037844388,-0.4853019625310808,-0.8743466161445822,-0.433883739117558,-0.9009688679024191
0.0,0.0,0.0,0.0,0.0,0.7166666666666667,0.7139009829884645,-0.4999999999999997,-0.8660254037844388,-0.6513724827222217,-0.7587581226927913,-0.9749279121818236,-0.2225209339563146
0.0,0.0,0.0,0.0,0.0,0.7166666666666667,0.714035638942502,-0.4999999999999997,-0.8660254037844388,-0.9680771188662041,-0.2506525322587213,0.7818314824680298,0.6234898018587336
0.0,0.0,0.0,0.0,0.0,0.7166666666666667,0.7140805242605144,-0.4999999999999997,-0.8660254037844388,-0.9987165071710528,-0.05064916883871355,0.9749279121818236,-0.22252093395631434
0.0,0.0,0.0,0.0,0.0,0.7166666666666667,0.7141254095785269,-0.4999999999999997,-0.8660254037844388,-0.9884683243281114,0.15142777750457667,0.43388373911755823,-0.900968867902419
0.0,0.0,0.0,0.0,0.0,0.7166666666666667,0.7141702948965394,-0.4999999999999997,-0.8660254037844388,-0.9377521321470804,0.3473052528448203,-0.433883739117558,-0.9009688679024191
0.0,0.0,0.0,0.0,0.0,0.7166666666666667,0.7142151802145519,-0.4999999999999997,-0.8660254037844388,-0.8486442574947509,0.5289640103269624,-0.9749279121818236,-0.2225209339563146
0.0,0.0,0.0,0.0,0.0,0.7166666666666667,0.7143498361685893,-0.4999999999999997,-0.8660254037844388,-0.3943558551133187,0.9189578116202306,0.7818314824680298,0.6234898018587336
0.0,0.0,0.0,0.0,0.0,0.7166666666666667,0.7143947214866018,-0.4999999999999997,-0.8660254037844388,-0.20129852008866114,0.9795299412524943,0.9749279121818236,-0.22252093395631434
0.0,0.0,0.0,0.0,0.0,0.7166666666666667,0.7144396068046143,-0.4999999999999997,-0.8660254037844388,-2.4492935982947064e-16,1.0,0.43388373911755823,-0.900968867902419
0.0,0.0,0.0,0.0,0.0,0.7166666666666667,0.7144844921226268,-0.8660254037844385,-0.5000000000000004,0.20129852008866006,0.9795299412524945,-0.433883739117558,-0.9009688679024191
0.0,0.0,0.0,0.0,0.0,0.7166666666666667,0.7145293774406393,-0.8660254037844385,-0.5000000000000004,0.39435585511331855,0.9189578116202306,-0.9749279121818236,-0.2225209339563146
0.0,0.0,0.0,0.0,0.0,0.7166666666666667,0.7146640333946767,-0.8660254037844385,-0.5000000000000004,0.8486442574947509,0.5289640103269624,0.7818314824680298,0.6234898018587336
0.0,0.0,0.0,0.0,0.0,0.7166666666666667,0.7147089187126892,-0.8660254037844385,-0.5000000000000004,0.9377521321470804,0.3473052528448203,0.9749279121818236,-0.22252093395631434
0.0,0.0,0.0,0.0,0.0,0.7166666666666667,0.7147538040307017,-0.8660254037844385,-0.5000000000000004,0.9884683243281114,0.1514277775045767,0.43388373911755823,-0.900968867902419
0.0,0.0,0.0,0.0,0.0,0.7166666666666667,0.714798689348714,-0.8660254037844385,-0.5000000000000004,0.9987165071710528,-0.05064916883871264,-0.433883739117558,-0.9009688679024191
0.0,0.0,0.0,0.0,0.0,0.7166666666666667,0.7148435746667265,-0.8660254037844385,-0.5000000000000004,0.9680771188662043,-0.2506525322587204,-0.9749279121818236,-0.2225209339563146
0.0,0.0,0.0,0.0,0.0,0.7166666666666667,0.714978230620764,-0.8660254037844385,-0.5000000000000004,0.6513724827222223,-0.758758122692791,0.7818314824680298,0.6234898018587336
0.0,0.0,0.0,0.0,0.0,0.7166666666666667,0.7150231159387764,-0.8660254037844385,-0.5000000000000004,0.48530196253108104,-0.8743466161445821,0.9749279121818236,-0.22252093395631434
0.0,0.0,0.0,0.0,0.0,0.7166666666666667,0.7150680012567889,-0.8660254037844385,-0.5000000000000004,0.29936312297335804,-0.9541392564000488,0.43388373911755823,-0.900968867902419
0.10783267065349107,0.10783267065349107,0.10783267065349107,0.10783267065349107,5.811140992976701,0.7166666666666667,0.7151128865748014,-0.8660254037844385,-0.5000000000000004,0.10116832198743272,-0.994869323391895,-0.433883739117558,-0.9009688679024191
0.0,0.0,0.0,0.0,-5.8111409929767,0.7166666666666667,0.7151577718928139,-0.8660254037844385,-0.5000000000000004,-0.10116832198743204,-0.9948693233918952,-0.9749279121818236,-0.2225209339563146
0.0,0.0,0.0,0.0,0.0,0.7166666666666667,0.7152924278468513,-0.8660254037844385,-0.5000000000000004,-0.6513724827222217,-0.7587581226927913,0.7818314824680298,0.6234898018587336
-0.027713796319982775,-0.027713796319982775,-0.027713796319982775,-0.027713796319982775,4.465908118654584,0.7166666666666667,0.7153373131648638,-0.8660254037844385,-0.5000000000000004,-0.7907757369376986,-0.6121059825476627,0.9749279121818236,-0.22252093395631434
0.0,0.0,0.0,0.0,-4.465908118654584,0.7166666666666667,0.7153821984828763,-0.8660254037844385,-0.5000000000000004,-0.8978045395707417,-0.44039415155763423,0.43388373911755823,-0.900968867902419
0.0,0.0,0.0,0.0,0.0,0.7166666666666667,0.7154270838008888,-0.8660254037844385,-0.5000000000000004,-0.9680771188662041,-0.2506525322587213,-0.433883739117558,-0.9009688679024191
0.0,0.0,0.0,0.0,0.0,0.7166666666666667,0.7154719691189012,-0.8660254037844385,-0.5000000000000004,-0.9987165071710528,-0.05064916883871355,-0.9749279121818236,-0.2225209339563146
0.0,0.0,0.0,0.0,0.0,0.7166666666666667,0.7156066250729387,-0.8660254037844385,-0.5000000000000004,-0.8486442574947509,0.5289640103269624,0.7818314824680298,0.6234898018587336
0.0,0.0,0.0,0.0,0.0,0.7166666666666667,0.7156515103909512,-0.8660254037844385,-0.5000000000000004,-0.7247927872291207,0.6889669190756859,0.9749279121818236,-0.22252093395631434
0.0,0.0,0.0,0.0,0.0,0.7166666666666667,0.7156963957089636,-0.8660254037844385,-0.5000000000000004,-0.5712682150947924,0.8207634412072763,0.43388373911755823,-0.900968867902419
0.0,0.0,0.0,0.0,0.0,0.7166666666666667,0.7157412810269761,-0.8660254037844385,-0.5000000000000004,-0.3943558551133187,0.9189578116202306,-0.433883739117558,-0.9009688679024191
0.0,0.0,0.0,0.0,0.0,0.7166666666666667,0.7157861663449886,-0.8660254037844385,-0.5000000000000004,-0.20129852008866114,0.9795299412524943,-0.9749279121818236,-0.2225209339563146
0.0,0.0,0.0,0.0,0.0,0.7166666666666667,0.7159657076170385,-1.0,-1.8369701987210297e-16,0.5712682150947923,0.8207634412072763,0.9749279121818236,-0.22252093395631434
0.0,0.0,0.0,0.0,0.0,0.7166666666666667,0.716010592935051,-1.0,-1.8369701987210297e-16,0.72479278722912,0.6889669190756866,0.43388373911755823,-0.900968867902419
0.0,0.0,0.0,0.0,0.0,0.7166666666666667,0.7160554782530635,-1.0,-1.8369701987210297e-16,0.8486442574947509,0.5289640103269624,-0.433883739117558,-0.9009688679024191
0.0,0.0,0.0,0.0,0.0,0.7166666666666667,0.716100363571076,-1.0,-1.8369701987210297e-16,0.9377521321470804,0.3473052528448203,-0.9749279121818236,-0.2225209339563146
0.0,0.0,0.0,0.0,0.0,0.7166666666666667,0.7162350195251134,-1.0,-1.8369701987210297e-16,0.9680771188662043,-0.2506525322587204,0.7818314824680298,0.6234898018587336
0.0,0.0,0.0,0.0,0.0,0.7166666666666667,0.7162799048431259,-1.0,-1.8369701987210297e-16,0.8978045395707416,-0.4403941515576344,0.9749279121818236,-0.22252093395631434
0.0,0.0,0.0,0.0,0.0,0.7166666666666667,0.7163247901611384,-1.0,-1.8369701987210297e-16,0.7907757369376989,-0.6121059825476626,0.43388373911755823,-0.900968867902419
0.0,0.0,0.0,0.0,0.0,0.7166666666666667,0.7163696754791509,-1.0,-1.8369701987210297e-16,0.6513724827222223,-0.758758122692791,-0.433883739117558,-0.9009688679024191
0.0,0.0,0.0,0.0,0.0,0.7166666666666667,0.7164145607971633,-1.0,-1.8369701987210297e-16,0.48530196253108104,-0.8743466161445821,-0.9749279121818236,-0.2225209339563146
0.0,0.0,0.0,0.0,0.0,0.7166666666666667,0.7165492167512008,-1.0,-1.8369701987210297e-16,-0.10116832198743204,-0.9948693233918952,0.7818314824680298,0.6234898018587336
0.0,0.0,0.0,0.0,0.0,0.7166666666666667,0.7165941020692133,-1.0,-1.8369701987210297e-16,-0.29936312297335776,-0.9541392564000489,0.9749279121818236,-0.22252093395631434
0.0,0.0,0.0,0.0,0.0,0.7166666666666667,0.7166389873872256,-1.0,-1.8369701987210297e-16,-0.4853019625310808,-0.8743466161445822,0.43388373911755823,-0.900968867902419
0.0,0.0,0.0,0.0,0.0,0.7166666666666667,0.7166838727052381,-1.0,-1.8369701987210297e-16,-0.6513724827222217,-0.7587581226927913,-0.433883739117558,-0.9009688679024191
0.0,0.0,0.0,0.0,0.0,0.7166666666666667,0.7167287580232506,-1.0,-1.8369701987210297e-16,-0.7907757369376986,-0.6121059825476627,-0.9749279121818236,-0.2225209339563146
0.0,0.0,0.0,0.0,0.0,0.7166666666666667,0.716863413977288,-1.0,-1.8369701987210297e-16,-0.9987165071710528,-0.05064916883871355,0.7818314824680298,0.6234898018587336
0.0,0.0,0.0,0.0,0.0,0.7166666666666667,0.7169082992953005,-1.0,-1.8369701987210297e-16,-0.9884683243281114,0.15142777750457667,0.9749279121818236,-0.22252093395631434
0.0,0.0,0.0,0.0,0.0,0.7166666666666667,0.716953184613313,-1.0,-1.8369701987210297e-16,-0.9377521321470804,0.3473052528448203,0.43388373911755823,-0.900968867902419
0.0,0.0,0.0,0.0,0.0,0.7166666666666667,0.7169980699313255,-1.0,-1.8369701987210297e-16,-0.8486442574947509,0.5289640103269624,-0.433883739117558,-0.9009688679024191
0.0,0.0,0.0,0.0,0.0,0.7166666666666667,0.717042955249338,-1.0,-1.8369701987210297e-16,-0.7247927872291207,0.6889669190756859,-0.9749279121818236,-0.2225209339563146
0.0,0.0,0.0,0.0,0.0,0.7166666666666667,0.7171776112033754,-1.0,-1.8369701987210297e-16,-0.20129852008866114,0.9795299412524943,0.7818314824680298,0.6234898018587336
0.0,0.0,0.0,0.0,0.0,0.7166666666666667,0.7172224965213879,-0.866025403784439,0.49999999999999933,0.20129852008866006,0.9795299412524945,0.9749279121818236,-0.22252093395631434
0.0,0.0,0.0,0.0,0.0,0.7166666666666667,0.7172673818394004,-0.866025403784439,0.49999999999999933,0.39435585511331855,0.9189578116202306,0.43388373911755823,-0.900968867902419
0.0,0.0,0.0,0.0,0.0,0.7166666666666667,0.7173122671574128,-0.866025403784439,0.49999999999999933,0.5712682150947923,0.8207634412072763,-0.433883739117558,-0.9009688679024191
0.0,0.0,0.0,0.0,0.0,0.7166666666666667,0.7173571524754253,-0.866025403784439,0.49999999999999933,0.72479278722912,0.6889669190756866,-0.9749279121818236,-0.2225209339563146
0.0,0.0,0.0,0.0,0.0,0.7166666666666667,0.7174918084294628,-0.866025403784439,0.49999999999999933,0.9884683243281114,0.1514277775045767,0.7818314824680298,0.6234898018587336
0.0,0.0,0.0,0.0,0.0,0.7166666666666667,0.7175366937474752,-0.866025403784439,0.49999999999999933,0.9987165071710528,-0.05064916883871264,0.9749279121818236,-0.22252093395631434
0.0,0.0,0.0,0.0,0.0,0.7166666666666667,0.7175815790654877,-0.866025403784439,0.49999999999999933,0.9680771188662043,-0.2506525322587204,0.43388373911755823,-0.900968867902419
0.0,0.0,0.0,0.0,0.0,0.7166666666666667,0.7176264643835002,-0.866025403784439,0.49999999999999933,0.8978045395707416,-0.4403941515576344,-0.433883739117558,-0.9009688679024191
0.0,0.0,0.0,0.0,0.0,0.7166666666666667,0.7176713497015127,-0.866025403784439,0.49999999999999933,0.7907757369376989,-0.6121059825476626,-0.9749279121818236,-0.2225209339563146
0.0,0.0,0.0,0.0,0.0,0.7166666666666667,0.7178060056555501,-0.866025403784439,0.49999999999999933,0.29936312297335804,-0.9541392564000488,0.7818314824680298,0.6234898018587336
0.0,0.0,0.0,0.0,0.0,0.7166666666666667,0.7178508909735626,-0.866025403784439,0.49999999999999933,0.10116832198743272,-0.994869323391895,0.9749279121818236,-0.22252093395631434
0.0,0.0,0.0,0.0,0.0,0.7166666666666667,0.7178957762915751,-0.866025403784439,0.49999999999999933,-0.10116832198743204,-0.9948693233918952,0.43388373911755823,-0.900968867902419
0.0,0.0,0.0,0.0,0.0,0.7166666666666667,0.7179406616095876,-0.866025403784439,0.49999999999999933,-0.29936312297335776,-0.9541392564000489,-0.433883739117558,-0.9009688679024191
0.0,0.0,0.0,0.0,0.0,0.7166666666666667,0.7179855469276001,-0.866025403784439,0.49999999999999933,-0.4853019625310808,-0.8743466161445822,-0.9749279121818236,-0.2225209339563146
0.0,0.0,0.0,0.0,0.0,0.7166666666666667,0.7181202028816375,-0.866025403784439,0.49999999999999933,-0.8978045395707417,-0.44039415155763423,0.7818314824680298,0.6234898018587336
0.0,0.0,0.0,0.0,0.0,0.7166666666666667,0.71816508819965,-0.866025403784439,0.49999999999999933,-0.9680771188662041,-0.2506525322587213,0.9749279121818236,-0.22252093395631434
0.0,0.0,0.0,0.0,0.0,0.7166666666666667,0.7182099735176625,-0.866025403784439,0.49999999999999933,-0.9987165071710528,-0.05064916883871355,0.43388373911755823,-0.900968867902419
0.0,0.0,0.0,0.0,0.0,0.7166666666666667,0.7182548588356749,-0.866025403784439,0.49999999999999933,-0.9884683243281114,0.15142777750457667,-0.433883739117558,-0.9009688679024191
0.0,0.0,0.0,0.0,0.0,0.7166666666666667,0.7182997441536874,-0.866025403784439,0.49999999999999933,-0.9377521321470804,0.3473052528448203,-0.9749279121818236,-0.2225209339563146
0.0,0.0,0.0,0.0,0.0,0.7166666666666667,0.7184344001077249,-0.866025403784439,0.49999999999999933,-0.5712682150947924,0.8207634412072763,0.7818314824680298,0.6234898018587336
0.0,0.0,0.0,0.0,0.0,0.7166666666666667,0.7184792854257372,-0.866025403784439,0.49999999999999933,-0.3943558551133187,0.9189578116202306,0.9749279121818236,-0.22252093395631434
0.0,0.0,0.0,0.0,0.0,0.7166666666666667,0.7185241707437497,-0.866025403784439,0.49999999999999933,-0.20129852008866114,0.9795299412524943,0.43388373911755823,-0.900968867902419
0.0,0.0,0.0,0.0,0.0,0.7166666666666667,0.7185690560617622,-0.866025403784439,0.49999999999999933,-2.4492935982947064e-16,1.0,-0.433883739117558,-0.9009688679024191
0.0,0.0,0.0,0.0,0.0,0.7166666666666667,0.7186139413797747,-0.5000000000000012,0.8660254037844379,0.20129852008866006,0.9795299412524945,-0.9749279121818236,-0.2225209339563146
0.0,0.0,0.0,0.0,0.0,0.7166666666666667,0.7187485973338121,-0.5000000000000012,0.8660254037844379,0.72479278722912,0.6889669190756866,0.7818314824680298,0.6234898018587336
0.0,0.0,0.0,0.0,0.0,0.7166666666666667,0.7187934826518246,-0.5000000000000012,0.8660254037844379,0.8486442574947509,0.5289640103269624,0.9749279121818236,-0.22252093395631434
0.0,0.0,0.0,0.0,0.0,0.7166666666666667,0.7188383679698371,-0.5000000000000012,0.8660254037844379,0.9377521321470804,0.3473052528448203,0.43388373911755823,-0.900968867902419
0.10158369242252688,0.10158369242252688,0.10158369242252688,0.10158369242252688,5.455321115357702,0.7166666666666667,0.7188832532878496,-0.5000000000000012,0.8660254037844379,0.9884683243281114,0.1514277775045767,-0.433883739117558,-0.9009688679024191
-0.006834465355481571,-0.006834465355481571,-0.006834465355481571,-0.006834465355481571,0.0,0.7166666666666667,0.718928138605862,-0.5000000000000012,0.8660254037844379,0.9987165071710528,-0.05064916883871264,-0.9749279121818236,-0.2225209339563146
0.0,0.0,0.0,0.0,-5.455321115357702,0.7166666666666667,0.7190627945598995,-0.5000000000000012,0.8660254037844379,0.7907757369376989,-0.6121059825476626,0.7818314824680298,0.6234898018587336
0.0,0.0,0.0,0.0,0.0,0.7166666666666667,0.719107679877912,-0.5000000000000012,0.8660254037844379,0.6513724827222223,-0.758758122692791,0.9749279121818236,-0.22252093395631434
0.0,0.0,0.0,0.0,0.0,0.7166666666666667,0.7191525651959244,-0.5000000000000012,0.8660254037844379,0.48530196253108104,-0.8743466161445821,0.43388373911755823,-0.900968867902419
0.0,0.0,0.0,0.0,0.0,0.7166666666666667,0.7191974505139369,-0.5000000000000012,0.8660254037844379,0.29936312297335804,-0.9541392564000488,-0.433883739117558,-0.9009688679024191
0.0,0.0,0.0,0.0,0.0,0.7166666666666667,0.7192423358319494,-0.5000000000000012,0.8660254037844379,0.10116832198743272,-0.994869323391895,-0.9749279121818236,-0.2225209339563146
0.0,0.0,0.0,0.0,0.0,0.7166666666666667,0.7193769917859868,-0.5000000000000012,0.8660254037844379,-0.4853019625310808,-0.8743466161445822,0.7818314824680298,0.6234898018587336
0.0,0.0,0.0,0.0,0.0,0.7166666666666667,0.7194218771039993,-0.5000000000000012,0.8660254037844379,-0.6513724827222217,-0.7587581226927913,0.9749279121818236,-0.22252093395631434
0.0,0.0,0.0,0.0,0.0,0.7166666666666667,0.7194667624220118,-0.5000000000000012,0.8660254037844379,-0.7907757369376986,-0.6121059825476627,0.43388373911755823,-0.900968867902419
0.0,0.0,0.0,0.0,0.0,0.7166666666666667,0.7195116477400243,-0.5000000000000012,0.8660254037844379,-0.8978045395707417,-0.44039415155763423,-0.433883739117558,-0.9009688679024191
0.0,0.0,0.0,0.0,0.0,0.7166666666666667,0.7195565330580368,-0.5000000000000012,0.8660254037844379,-0.9680771188662041,-0.2506525322587213,-0.9749279121818236,-0.2225209339563146
0.0,0.0,0.0,0.0,0.0,0.7166666666666667,0.7196911890120742,-0.5000000000000012,0.8660254037844379,-0.9377521321470804,0.3473052528448203,0.7818314824680298,0.6234898018587336
0.0,0.0,0.0,0.0,0.0,0.7166666666666667,0.7197360743300867,-0.5000000000000012,0.8660254037844379,-0.8486442574947509,0.5289640103269624,0.9749279121818236,-0.22252093395631434
0.0,0.0,0.0,0.0,0.0,0.7166666666666667,0.7197809596480992,-0.5000000000000012,0.8660254037844379,-0.7247927872291207,0.6889669190756859,0.43388373911755823,-0.900968867902419
0.0,0.0,0.0,0.0,0.0,0.7166666666666667,0.7198707302841241,-0.5000000000000012,0.8660254037844379,-0.3943558551133187,0.9189578116202306,-0.9749279121818236,-0.2225209339563146
0.0,0.0,0.0,0.0,0.0,0.7166666666666667,0.7200053862381616,-2.4492935982947064e-16,1.0,0.39435585511331855,0.9189578116202306,0.7818314824680298,0.6234898018587336
-0.014442932351019762,-0.014442932351019762,-0.014442932351019762,-0.014442932351019762,4.919980925828125,0.7166666666666667,0.7200502715561741,-2.4492935982947064e-16,1.0,0.5712682150947923,0.8207634412072763,0.9749279121818236,-0.22252093395631434
0.0,0.0,0.0,0.0,-4.919980925828125,0.7166666666666667,0.7200951568741865,-2.4492935982947064e-16,1.0,0.72479278722912,0.6889669190756866,0.43388373911755823,-0.900968867902419
0.0,0.0,0.0,0.0,0.0,0.7166666666666667,0.720140042192199,-2.4492935982947064e-16,1.0,0.8486442574947509,0.5289640103269624,-0.433883739117558,-0.9009688679024191
0.0,0.0,0.0,0.0,0.0,0.7166666666666667,0.7201849275102115,-2.4492935982947064e-16,1.0,0.9377521321470804,0.3473052528448203,-0.9749279121818236,-0.2225209339563146
0.0,0.0,0.0,0.0,0.0,0.7166666666666667,0.7203195834642488,-2.4492935982947064e-16,1.0,0.9680771188662043,-0.2506525322587204,0.7818314824680298,0.6234898018587336
0.0,0.0,0.0,0.0,0.0,0.7166666666666667,0.7203644687822613,-2.4492935982947064e-16,1.0,0.8978045395707416,-0.4403941515576344,0.9749279121818236,-0.22252093395631434
0.0,0.0,0.0,0.0,0.0,0.7166666666666667,0.7204093541002738,-2.4492935982947064e-16,1.0,0.7907757369376989,-0.6121059825476626,0.43388373911755823,-0.900968867902419
0.0,0.0,0.0,0.0,0.0,0.7166666666666667,0.7204542394182863,-2.4492935982947064e-16,1.0,0.6513724827222223,-0.758758122692791,-0.433883739117558,-0.9009688679024191
0.0,0.0,0.0,0.0,0.0,0.7166666666666667,0.7204991247362988,-2.4492935982947064e-16,1.0,0.48530196253108104,-0.8743466161445821,-0.9749279121818236,-0.2225209339563146
0.0,0.0,0.0,0.0,0.0,0.7166666666666667,0.7206337806903362,-2.4492935982947064e-16,1.0,-0.10116832198743204,-0.9948693233918952,0.7818314824680298,0.6234898018587336
0.0,0.0,0.0,0.0,0.0,0.7166666666666667,0.7206786660083487,-2.4492935982947064e-16,1.0,-0.29936312297335776,-0.9541392564000489,0.9749279121818236,-0.22252093395631434
0.009860579895160364,0.009860579895160364,0.009860579895160364,0.009860579895160364,4.465908118654584,0.7166666666666667,0.7207235513263612,-2.4492935982947064e-16,1.0,-0.4853019625310808,-0.8743466161445822,0.43388373911755823,-0.900968867902419
0.005620905751695109,0.005620905751695109,0.005620905751695109,0.005620905751695109,0.0,0.7166666666666667,0.7207684366443736,-2.4492935982947064e-16,1.0,-0.6513724827222217,-0.7587581226927913,-0.433883739117558,-0.9009688679024191
0.0,0.0,0.0,0.0,-4.465908118654584,0.7166666666666667,0.7208133219623861,-2.4492935982947064e-16,1.0,-0.7907757369376986,-0.6121059825476627,-0.9749279121818236,-0.2225209339563146
0.0,0.0,0.0,0.0,0.0,0.7166666666666667,0.7209479779164236,-2.4492935982947064e-16,1.0,-0.9987165071710528,-0.05064916883871355,0.7818314824680298,0.6234898018587336
0.0,0.0,0.0,0.0,0.0,0.7166666666666667,0.720992863234436,-2.4492935982947064e-16,1.0,-0.9884683243281114,0.15142777750457667,0.9749279121818236,-0.22252093395631434
0.0,0.0,0.0,0.0,0.0,0.7166666666666667,0.721082633870461,-2.4492935982947064e-16,1.0,-0.8486442574947509,0.5289640103269624,-0.433883739117558,-0.9009688679024191
0.0,0.0,0.0,0.0,0.0,0.7166666666666667,0.7211275191884735,-2.4492935982947064e-16,1.0,-0.7247927872291207,0.6889669190756859,-0.9749279121818236,-0.2225209339563146
0.0,0.0,0.0,0.0,0.0,0.7166666666666667,0.7212621751425109,-2.4492935982947064e-16,1.0,-0.20129852008866114,0.9795299412524943,0.7818314824680298,0.6234898018587336
0.0,0.0,0.0,0.0,0.0,0.7166666666666667,0.7213070604605234,-2.4492935982947064e-16,1.0,-2.4492935982947064e-16,1.0,0.9749279121818236,-0.22252093395631434
0.0,0.0,0.0,0.0,0.0,0.7333333333333333,0.7213968310965484,0.49999999999999994,0.8660254037844387,0.39435585511331855,0.9189578116202306,-0.433883739117558,-0.9009688679024191
0.03868560679302813,0.04287092690350262,0.03868560679302813,0.04287092690350262,5.1647859739235145,0.7333333333333333,0.7214417164145609,0.49999999999999994,0.8660254037844387,0.5712682150947923,0.8207634412072763,-0.9749279121818236,-0.2225209339563146
0.0041853201104745585,0.0,0.0041853201104745585,0.0,-5.1647859739235145,0.7333333333333333,0.7215763723685983,0.49999999999999994,0.8660254037844387,0.9377521321470804,0.3473052528448203,0.7818314824680298,0.6234898018587336
0.0,0.0,0.0,0.0,0.0,0.7333333333333333,0.7216212576866108,0.49999999999999994,0.8660254037844387,0.9884683243281114,0.1514277775045767,0.9749279121818236,-0.22252093395631434
0.0,0.0,0.0,0.0,0.0,0.7333333333333333,0.7216661430046233,0.49999999999999994,0.8660254037844387,0.9987165071710528,-0.05064916883871264,0.43388373911755823,-0.900968867902419
0.0,0.0,0.0,0.0,0.0,0.7333333333333333,0.7217110283226357,0.49999999999999994,0.8660254037844387,0.9680771188662043,-0.2506525322587204,-0.433883739117558,-0.9009688679024191
0.01988841313608286,0.02591429247070455,0.01988841313608286,0.02591429247070455,5.1647859739235145,0.7333333333333333,0.7217559136406482,0.49999999999999994,0.8660254037844387,0.8978045395707416,-0.4403941515576344,-0.9749279121818236,-0.2225209339563146
0.013747909007931922,0.007722029673310156,0.013747909007931922,0.007722029673310156,-0.6988778552689303,0.7333333333333333,0.7218905695946857,0.49999999999999994,0.8660254037844387,0.48530196253108104,-0.8743466161445821,0.7818314824680298,0.6234898018587336
0.0,0.0,0.0,0.0,-4.465908118654584,0.7333333333333333,0.7219354549126981,0.49999999999999994,0.8660254037844387,0.29936312297335804,-0.9541392564000488,0.9749279121818236,-0.22252093395631434
0.0,0.0,0.0,0.0,0.0,0.7333333333333333,0.7219803402307106,0.49999999999999994,0.8660254037844387,0.10116832198743272,-0.994869323391895,0.43388373911755823,-0.900968867902419
0.0,0.0,0.0,0.0,0.0,0.7333333333333333,0.7220252255487231,0.49999999999999994,0.8660254037844387,-0.10116832198743204,-0.9948693233918952,-0.433883739117558,-0.9009688679024191
0.0,0.0,0.0,0.0,0.0,0.7333333333333333,0.7220701108667356,0.49999999999999994,0.8660254037844387,-0.29936312297335776,-0.9541392564000489,-0.9749279121818236,-0.2225209339563146
0.0,0.0,0.0,0.0,0.0,0.7333333333333333,0.7222496521387854,0.49999999999999994,0.8660254037844387,-0.8978045395707417,-0.44039415155763423,0.9749279121818236,-0.22252093395631434
0.0,0.0,0.0,0.0,0.0,0.7333333333333333,0.722294537456798,0.49999999999999994,0.8660254037844387,-0.9680771188662041,-0.2506525322587213,0.43388373911755823,-0.900968867902419
0.0,0.0,0.0,0.0,0.0,0.7333333333333333,0.7223394227748104,0.49999999999999994,0.8660254037844387,-0.9987165071710528,-0.05064916883871355,-0.433883739117558,-0.9009688679024191
0.0,0.0,0.0,0.0,0.0,0.7333333333333333,0.7223843080928228,0.49999999999999994,0.8660254037844387,-0.9884683243281114,0.15142777750457667,-0.9749279121818236,-0.2225209339563146
0.0,0.0,0.0,0.0,0.0,0.7333333333333333,0.7225189640468603,0.49999999999999994,0.8660254037844387,-0.7247927872291207,0.6889669190756859,0.7818314824680298,0.6234898018587336
0.0,0.0,0.0,0.0,0.0,0.7333333333333333,0.7225638493648728,0.49999999999999994,0.8660254037844387,-0.5712682150947924,0.8207634412072763,0.9749279121818236,-0.22252093395631434
0.0,0.0,0.0,0.0,0.0,0.7333333333333333,0.7226087346828852,0.49999999999999994,0.8660254037844387,-0.3943558551133187,0.9189578116202306,0.43388373911755823,-0.900968867902419
0.0,0.0,0.0,0.0,0.0,0.7333333333333333,0.7226536200008977,0.49999999999999994,0.8660254037844387,-0.20129852008866114,0.9795299412524943,-0.433883739117558,-0.9009688679024191
0.0,0.0,0.0,0.0,0.0,0.7333333333333333,0.7226985053189102,0.49999999999999994,0.8660254037844387,-2.4492935982947064e-16,1.0,-0.9749279121818236,-0.2225209339563146
-0.09283245790944794,-0.09283245790944794,-0.09283245790944794,-0.09283245790944794,4.465908118654584,0.7333333333333333,0.7228331612729476,0.8660254037844386,0.5000000000000001,0.5712682150947923,0.8207634412072763,0.7818314824680298,0.6234898018587336
0.0,0.0,0.0,0.0,-4.465908118654584,0.7333333333333333,0.7228780465909601,0.8660254037844386,0.5000000000000001,0.72479278722912,0.6889669190756866,0.9749279121818236,-0.22252093395631434
0.0,0.0,0.0,0.0,0.0,0.7333333333333333,0.7229229319089726,0.8660254037844386,0.5000000000000001,0.8486442574947509,0.5289640103269624,0.43388373911755823,-0.900968867902419
0.0,0.0,0.0,0.0,0.0,0.7333333333333333,0.7229678172269851,0.8660254037844386,0.5000000000000001,0.9377521321470804,0.3473052528448203,-0.433883739117558,-0.9009688679024191
0.0,0.0,0.0,0.0,0.0,0.7333333333333333,0.7230127025449976,0.8660254037844386,0.5000000000000001,0.9884683243281114,0.1514277775045767,-0.9749279121818236,-0.2225209339563146
0.0,0.0,0.0,0.0,0.0,0.7333333333333333,0.723147358499035,0.8660254037844386,0.5000000000000001,0.8978045395707416,-0.4403941515576344,0.7818314824680298,0.6234898018587336
0.03930998678121416,0.03930998678121416,0.03930998678121416,0.03930998678121416,4.465908118654584,0.7333333333333333,0.7231922438170475,0.8660254037844386,0.5000000000000001,0.7907757369376989,-0.6121059825476626,0.9749279121818236,-0.22252093395631434
0.0,0.0,0.0,0.0,-4.465908118654584,0.7333333333333333,0.72323712913506,0.8660254037844386,0.5000000000000001,0.6513724827222223,-0.758758122692791,0.43388373911755823,-0.900968867902419
0.0,0.0,0.0,0.0,0.0,0.7333333333333333,0.7232820144530725,0.8660254037844386,0.5000000000000001,0.48530196253108104,-0.8743466161445821,-0.433883739117558,-0.9009688679024191
0.0,0.0,0.0,0.0,0.0,0.7333333333333333,0.7233268997710849,0.8660254037844386,0.5000000000000001,0.29936312297335804,-0.9541392564000488,-0.9749279121818236,-0.2225209339563146
0.13353140955422477,0.13353140955422477,0.13353140955422477,0.13353140955422477,0.0,0.7333333333333333,0.7235064410431349,0.8660254037844386,0.5000000000000001,-0.4853019625310808,-0.8743466161445822,0.9749279121818236,-0.22252093395631434
0.13353139262452257,0.13353139262452257,0.13353139262452257,0.13353139262452257,0.0,0.7333333333333333,0.7235513263611473,0.8660254037844386,0.5000000000000001,-0.6513724827222217,-0.7587581226927913,0.43388373911755823,-0.900968867902419
-0.19449214455769348,-0.19354917144362904,-0.19449214455769348,-0.19354917144362904,5.568344503761097,0.7333333333333333,0.7235962116791598,0.8660254037844386,0.5000000000000001,-0.7907757369376986,-0.6121059825476627,-0.433883739117558,-0.9009688679024191
-0.018087088000115145,-0.01232823933159847,-0.011385266217534174,-0.01903006111417952,0.33701734429347335,0.7333333333333333,0.7236410969971723,0.8660254037844386,0.5000000000000001,-0.8978045395707417,-0.44039415155763423,-0.9749279121818236,-0.2225209339563146
-0.00771458292014719,-0.01055170610005675,-0.012482188415643147,-0.003849884317475722,0.8527326563731605,0.7333333333333333,0.7237757529512097,0.8660254037844386,0.5000000000000001,-0.9884683243281114,0.15142777750457667,0.7818314824680298,0.6234898018587336
-0.0019380294811565059,-0.0009647430938922336,0.0009657392216942396,-0.005802728083828024,-0.6781613093321406,0.7333333333333333,0.7238206382692222,0.8660254037844386,0.5000000000000001,-0.9377521321470804,0.3473052528448203,0.9749279121818236,-0.22252093395631434
0.0,-0.0038685007546472726,-0.004837984989935756,0.0009694842352885762,-0.22200004061213083,0.7333333333333333,0.7238655235872347,0.8660254037844386,0.5000000000000001,-0.8486442574947509,0.5289640103269624,0.43388373911755823,-0.900968867902419
0.0029055729926606654,0.007722029673310156,0.0029055729926606654,0.007722029673310156,2.0475084945768267,0.7333333333333333,0.7239104089052472,0.8660254037844386,0.5000000000000001,-0.7247927872291207,0.6889669190756859,-0.433883739117558,-0.9009688679024191
0.0057859409159379165,0.0,0.0057859409159379165,0.0,-7.905441649060286,0.7333333333333333,0.7239552942232597,0.8660254037844386,0.5000000000000001,-0.5712682150947924,0.8207634412072763,-0.9749279121818236,-0.2225209339563146
0.14310083936136533,0.231111711793441,0.231111711793441,0.14310083936136533,5.407171771460119,0.7333333333333333,0.724089950177297,1.0,6.123233995736766e-17,0.5712682150947923,0.8207634412072763,0.7818314824680298,0.6234898018587336
0.0,-0.08801087243207567,-0.08801087243207567,0.0,-5.407171771460119,0.7333333333333333,0.7241348354953095,1.0,6.123233995736766e-17,0.72479278722912,0.6889669190756866,0.9749279121818236,-0.22252093395631434
0.0,0.0,0.0,0.0,0.0,0.7333333333333333,0.724179720813322,1.0,6.123233995736766e-17,0.8486442574947509,0.5289640103269624,0.43388373911755823,-0.900968867902419
0.0,0.0,0.0,0.0,0.0,0.7333333333333333,0.7242246061313344,1.0,6.123233995736766e-17,0.9377521321470804,0.3473052528448203,-0.433883739117558,-0.9009688679024191
0.0,0.0,0.0,0.0,0.0,0.7333333333333333,0.7242694914493469,1.0,6.123233995736766e-17,0.9884683243281114,0.1514277775045767,-0.9749279121818236,-0.2225209339563146
0.0,0.0,0.0,0.0,0.0,0.7333333333333333,0.7244041474033844,1.0,6.123233995736766e-17,0.8978045395707416,-0.4403941515576344,0.7818314824680298,0.6234898018587336
0.0,0.0,0.0,0.0,0.0,0.7333333333333333,0.7244490327213968,1.0,6.123233995736766e-17,0.7907757369376989,-0.6121059825476626,0.9749279121818236,-0.22252093395631434
0.0,0.0,0.0,0.0,0.0,0.7333333333333333,0.7244939180394093,1.0,6.123233995736766e-17,0.6513724827222223,-0.758758122692791,0.43388373911755823,-0.900968867902419
0.0,0.0,0.0,0.0,0.0,0.7333333333333333,0.7245388033574218,1.0,6.123233995736766e-17,0.48530196253108104,-0.8743466161445821,-0.433883739117558,-0.9009688679024191
0.0,0.0,0.0,0.0,0.0,0.7333333333333333,0.7245836886754343,1.0,6.123233995736766e-17,0.29936312297335804,-0.9541392564000488,-0.9749279121818236,-0.2225209339563146
0.0,0.0,0.0,0.0,0.0,0.7333333333333333,0.7247183446294717,1.0,6.123233995736766e-17,-0.29936312297335776,-0.9541392564000489,0.7818314824680298,0.6234898018587336
0.0,0.0,0.0,0.0,0.0,0.7333333333333333,0.7247632299474842,1.0,6.123233995736766e-17,-0.4853019625310808,-0.8743466161445822,0.9749279121818236,-0.22252093395631434
0.0,0.0,0.0,0.0,0.0,0.7333333333333333,0.7248081152654967,1.0,6.123233995736766e-17,-0.6513724827222217,-0.7587581226927913,0.43388373911755823,-0.900968867902419
0.0,0.0,0.0,0.0,0.0,0.7333333333333333,0.7248530005835092,1.0,6.123233995736766e-17,-0.7907757369376986,-0.6121059825476627,-0.433883739117558,-0.9009688679024191
0.0,0.0,0.0,0.0,0.0,0.7333333333333333,0.7248978859015217,1.0,6.123233995736766e-17,-0.8978045395707417,-0.44039415155763423,-0.9749279121818236,-0.2225209339563146
0.0,0.0,0.0,0.0,0.0,0.7333333333333333,0.7250325418555591,1.0,6.123233995736766e-17,-0.9884683243281114,0.15142777750457667,0.7818314824680298,0.6234898018587336
0.0,0.0,0.0,0.0,0.0,0.7333333333333333,0.7250774271735716,1.0,6.123233995736766e-17,-0.9377521321470804,0.3473052528448203,0.9749279121818236,-0.22252093395631434
0.0,0.0,0.0,0.0,0.0,0.7333333333333333,0.7251223124915841,1.0,6.123233995736766e-17,-0.8486442574947509,0.5289640103269624,0.43388373911755823,-0.900968867902419
0.0,0.0,0.0,0.0,0.0,0.7333333333333333,0.7251671978095965,1.0,6.123233995736766e-17,-0.7247927872291207,0.6889669190756859,-0.433883739117558,-0.9009688679024191
0.0,0.0,0.0,0.0,0.0,0.7333333333333333,0.725212083127609,1.0,6.123233995736766e-17,-0.5712682150947924,0.8207634412072763,-0.9749279121818236,-0.2225209339563146
0.0,0.0,0.0,0.0,0.0,0.7333333333333333,0.7253467390816465,1.0,6.123233995736766e-17,-2.4492935982947064e-16,1.0,0.7818314824680298,0.6234898018587336
-0.31705366570467103,-0.31705366570467103,-0.31705366570467103,-0.31705366570467103,4.605170185988092,0.7333333333333333,0.7253916243996589,0.8660254037844387,-0.4999999999999998,0.20129852008866006,0.9795299412524945,0.9749279121818236,-0.22252093395631434
0.0,0.0,0.0,0.0,-4.605170185988091,0.7333333333333333,0.7254365097176714,0.8660254037844387,-0.4999999999999998,0.39435585511331855,0.9189578116202306,0.43388373911755823,-0.900968867902419
-0.002205008313465151,-0.002205008313465151,-0.002205008313465151,-0.002205008313465151,4.90527477843843,0.7333333333333333,0.7254813950356839,0.8660254037844387,-0.4999999999999998,0.5712682150947923,0.8207634412072763,-0.433883739117558,-0.9009688679024191
0.0,0.0,0.0,0.0,-4.90527477843843,0.7333333333333333,0.7255262803536964,0.8660254037844387,-0.4999999999999998,0.72479278722912,0.6889669190756866,-0.9749279121818236,-0.2225209339563146
0.0,0.0,0.0,0.0,0.0,0.7333333333333333,0.7256609363077338,0.8660254037844387,-0.4999999999999998,0.9884683243281114,0.1514277775045767,0.7818314824680298,0.6234898018587336
0.0,0.0,0.0,0.0,0.0,0.7333333333333333,0.7257058216257463,0.8660254037844387,-0.4999999999999998,0.9987165071710528,-0.05064916883871264,0.9749279121818236,-0.22252093395631434
0.0,0.0,0.0,0.0,0.0,0.7333333333333333,0.7257507069437588,0.8660254037844387,-0.4999999999999998,0.9680771188662043,-0.2506525322587204,0.43388373911755823,-0.900968867902419
0.0,0.0,0.0,0.0,0.0,0.7333333333333333,0.7257955922617713,0.8660254037844387,-0.4999999999999998,0.8978045395707416,-0.4403941515576344,-0.433883739117558,-0.9009688679024191
0.021245704495108413,0.023992407934639474,0.02360047264656236,0.021245704495108413,6.495265555937008,0.7333333333333333,0.7258404775797836,0.8660254037844387,-0.4999999999999998,0.7907757369376989,-0.6121059825476626,-0.9749279121818236,-0.2225209339563146
0.0,-0.0027467034395310774,-0.0023547681514538496,0.0,-6.495265555937008,0.7333333333333333,0.7259751335338211,0.8660254037844387,-0.4999999999999998,0.29936312297335804,-0.9541392564000488,0.7818314824680298,0.6234898018587336
-0.015642352382583297,-0.015642352382583297,-0.015642352382583297,-0.015642352382583297,5.0106352940962555,0.7333333333333333,0.7260200188518336,0.8660254037844387,-0.4999999999999998,0.10116832198743272,-0.994869323391895,0.9749279121818236,-0.22252093395631434
0.0,0.0,0.0,0.0,-5.0106352940962555,0.7333333333333333,0.726064904169846,0.8660254037844387,-0.4999999999999998,-0.10116832198743204,-0.9948693233918952,0.43388373911755823,-0.900968867902419
0.0,0.0,0.0,0.0,0.0,0.7333333333333333,0.7261097894878585,0.8660254037844387,-0.4999999999999998,-0.29936312297335776,-0.9541392564000489,-0.433883739117558,-0.9009688679024191
-0.002197595723721861,-0.002197595723721861,-0.002197595723721861,-0.002197595723721861,5.703782474656201,0.7333333333333333,0.7262893307599085,0.8660254037844387,-0.4999999999999998,-0.8978045395707417,-0.44039415155763423,0.7818314824680298,0.6234898018587336
0.0,0.0,0.0,0.0,-5.703782474656201,0.7333333333333333,0.7263342160779209,0.8660254037844387,-0.4999999999999998,-0.9680771188662041,-0.2506525322587213,0.9749279121818236,-0.22252093395631434
0.036139049559312526,0.036139049559312526,0.036139049559312526,0.036139049559312526,4.605170185988092,0.7333333333333333,0.7263791013959334,0.8660254037844387,-0.4999999999999998,-0.9987165071710528,-0.05064916883871355,0.43388373911755823,-0.900968867902419
0.0,0.0,0.0,0.0,-4.605170185988091,0.7333333333333333,0.7264239867139459,0.8660254037844387,-0.4999999999999998,-0.9884683243281114,0.15142777750457667,-0.433883739117558,-0.9009688679024191
0.0,0.0,0.0,0.0,0.0,0.7333333333333333,0.7264688720319584,0.8660254037844387,-0.4999999999999998,-0.9377521321470804,0.3473052528448203,-0.9749279121818236,-0.2225209339563146
0.0,0.0,0.0,0.0,0.0,0.7333333333333333,0.7266035279859958,0.8660254037844387,-0.4999999999999998,-0.5712682150947924,0.8207634412072763,0.7818314824680298,0.6234898018587336
0.0,0.0,0.0,0.0,0.0,0.7333333333333333,0.7266484133040083,0.8660254037844387,-0.4999999999999998,-0.3943558551133187,0.9189578116202306,0.9749279121818236,-0.22252093395631434
0.0,0.0,0.0,0.0,0.0,0.7333333333333333,0.7266932986220208,0.8660254037844387,-0.4999999999999998,-0.20129852008866114,0.9795299412524943,0.43388373911755823,-0.900968867902419
0.0,0.0,0.0,0.0,0.0,0.7333333333333333,0.7267381839400333,0.5000000000000003,-0.8660254037844385,0.20129852008866006,0.9795299412524945,-0.433883739117558,-0.9009688679024191
0.0,0.0,0.0,0.0,0.0,0.7333333333333333,0.7267830692580457,0.5000000000000003,-0.8660254037844385,0.39435585511331855,0.9189578116202306,-0.9749279121818236,-0.2225209339563146
0.0,0.0,0.0,0.0,0.0,0.7333333333333333,0.7269177252120832,0.5000000000000003,-0.8660254037844385,0.8486442574947509,0.5289640103269624,0.7818314824680298,0.6234898018587336
0.0,0.0,0.0,0.0,0.0,0.7333333333333333,0.7269626105300957,0.5000000000000003,-0.8660254037844385,0.9377521321470804,0.3473052528448203,0.9749279121818236,-0.22252093395631434
0.0,0.0,0.0,0.0,0.0,0.7333333333333333,0.7270074958481081,0.5000000000000003,-0.8660254037844385,0.9884683243281114,0.1514277775045767,0.43388373911755823,-0.900968867902419
0.0,0.0,0.0,0.0,0.0,0.7333333333333333,0.7270523811661206,0.5000000000000003,-0.8660254037844385,0.9987165071710528,-0.05064916883871264,-0.433883739117558,-0.9009688679024191
0.0,0.0,0.0,0.0,0.0,0.7333333333333333,0.7270972664841331,0.5000000000000003,-0.8660254037844385,0.9680771188662043,-0.2506525322587204,-0.9749279121818236,-0.2225209339563146
0.0,0.0,0.0,0.0,0.0,0.7333333333333333,0.7272319224381705,0.5000000000000003,-0.8660254037844385,0.6513724827222223,-0.758758122692791,0.7818314824680298,0.6234898018587336
0.003081663593968796,0.003081663593968796,0.003081663593968796,0.003081663593968796,4.605170185988092,0.7333333333333333,0.727276807756183,0.5000000000000003,-0.8660254037844385,0.48530196253108104,-0.8743466161445821,0.9749279121818236,-0.22252093395631434
0.0,0.0,0.0,0.0,-4.605170185988091,0.7333333333333333,0.7273216930741955,0.5000000000000003,-0.8660254037844385,0.29936312297335804,-0.9541392564000488,0.43388373911755823,-0.900968867902419
0.0,0.0,0.0,0.0,0.0,0.7333333333333333,0.727366578392208,0.5000000000000003,-0.8660254037844385,0.10116832198743272,-0.994869323391895,-0.433883739117558,-0.9009688679024191
0.0,0.0,0.0,0.0,0.0,0.7333333333333333,0.7274114637102205,0.5000000000000003,-0.8660254037844385,-0.10116832198743204,-0.9948693233918952,-0.9749279121818236,-0.2225209339563146
0.20215563039494783,0.20215563039494783,0.20215563039494783,0.20215563039494783,6.214608098422191,0.7333333333333333,0.7275461196642579,0.5000000000000003,-0.8660254037844385,-0.6513724827222217,-0.7587581226927913,0.7818314824680298,0.6234898018587336
0.0,0.0,0.0,0.0,-6.214608098422191,0.7333333333333333,0.7275910049822704,0.5000000000000003,-0.8660254037844385,-0.7907757369376986,-0.6121059825476627,0.9749279121818236,-0.22252093395631434
0.0,0.0,0.0,0.0,0.0,0.7333333333333333,0.7276358903002829,0.5000000000000003,-0.8660254037844385,-0.8978045395707417,-0.44039415155763423,0.43388373911755823,-0.900968867902419
0.0,0.0,0.0,0.0,0.0,0.7333333333333333,0.7276807756182953,0.5000000000000003,-0.8660254037844385,-0.9680771188662041,-0.2506525322587213,-0.433883739117558,-0.9009688679024191
0.0,0.0,0.0,0.0,0.0,0.7333333333333333,0.7277256609363077,0.5000000000000003,-0.8660254037844385,-0.9987165071710528,-0.05064916883871355,-0.9749279121818236,-0.2225209339563146
0.0,0.0,0.0,0.0,0.0,0.7333333333333333,0.7279052022083577,0.5000000000000003,-0.8660254037844385,-0.7247927872291207,0.6889669190756859,0.9749279121818236,-0.22252093395631434
0.0,0.0,0.0,0.0,0.0,0.7333333333333333,0.7279500875263701,0.5000000000000003,-0.8660254037844385,-0.5712682150947924,0.8207634412072763,0.43388373911755823,-0.900968867902419
0.0,0.0,0.0,0.0,0.0,0.7333333333333333,0.7279949728443826,0.5000000000000003,-0.8660254037844385,-0.3943558551133187,0.9189578116202306,-0.433883739117558,-0.9009688679024191
0.0,0.0,0.0,0.0,0.0,0.7333333333333333,0.7280398581623951,0.5000000000000003,-0.8660254037844385,-0.20129852008866114,0.9795299412524943,-0.9749279121818236,-0.2225209339563146
-0.17278356632985295,-0.17278356632985295,-0.17278356632985295,-0.17278356632985295,4.605170185988092,0.7333333333333333,0.7281745141164325,1.2246467991473532e-16,-1.0,0.39435585511331855,0.9189578116202306,0.7818314824680298,0.6234898018587336
0.0,0.0,0.0,0.0,-4.605170185988091,0.7333333333333333,0.728219399434445,1.2246467991473532e-16,-1.0,0.5712682150947923,0.8207634412072763,0.9749279121818236,-0.22252093395631434
0.0,0.0,0.0,0.0,0.0,0.7333333333333333,0.7282642847524575,1.2246467991473532e-16,-1.0,0.72479278722912,0.6889669190756866,0.43388373911755823,-0.900968867902419
0.0,0.0,0.0,0.0,0.0,0.7333333333333333,0.72830917007047,1.2246467991473532e-16,-1.0,0.8486442574947509,0.5289640103269624,-0.433883739117558,-0.9009688679024191
0.0,0.0,0.0,0.0,0.0,0.7333333333333333,0.7283540553884825,1.2246467991473532e-16,-1.0,0.9377521321470804,0.3473052528448203,-0.9749279121818236,-0.2225209339563146
0.0,0.0,0.0,0.0,0.0,0.7333333333333333,0.7284887113425199,1.2246467991473532e-16,-1.0,0.9680771188662043,-0.2506525322587204,0.7818314824680298,0.6234898018587336
0.0,0.0,0.0,0.0,0.0,0.7333333333333333,0.7285335966605324,1.2246467991473532e-16,-1.0,0.8978045395707416,-0.4403941515576344,0.9749279121818236,-0.22252093395631434
0.0,0.0,0.0,0.0,0.0,0.7333333333333333,0.7285784819785449,1.2246467991473532e-16,-1.0,0.7907757369376989,-0.6121059825476626,0.43388373911755823,-0.900968867902419
0.0065147235778704555,0.0065147235778704555,0.0065147235778704555,0.0065147235778704555,4.605170185988092,0.7333333333333333,0.7286233672965573,1.2246467991473532e-16,-1.0,0.6513724827222223,-0.758758122692791,-0.433883739117558,-0.9009688679024191
0.0,0.0,0.0,0.0,-4.605170185988091,0.7333333333333333,0.7286682526145698,1.2246467991473532e-16,-1.0,0.48530196253108104,-0.8743466161445821,-0.9749279121818236,-0.2225209339563146
0.0,0.0,0.0,0.0,0.0,0.7333333333333333,0.7288029085686073,1.2246467991473532e-16,-1.0,-0.10116832198743204,-0.9948693233918952,0.7818314824680298,0.6234898018587336
0.0,0.0,0.0,0.0,0.0,0.7333333333333333,0.7288477938866197,1.2246467991473532e-16,-1.0,-0.29936312297335776,-0.9541392564000489,0.9749279121818236,-0.22252093395631434
0.0,0.0,0.0,0.0,0.0,0.7333333333333333,0.7288926792046322,1.2246467991473532e-16,-1.0,-0.4853019625310808,-0.8743466161445822,0.43388373911755823,-0.900968867902419
0.0,0.0,0.0,0.0,0.0,0.7333333333333333,0.7289375645226447,1.2246467991473532e-16,-1.0,-0.6513724827222217,-0.7587581226927913,-0.433883739117558,-0.9009688679024191
0.0,0.0,0.0,0.0,0.0,0.7333333333333333,0.7289824498406572,1.2246467991473532e-16,-1.0,-0.7907757369376986,-0.6121059825476627,-0.9749279121818236,-0.2225209339563146
0.0,0.0,0.0,0.0,0.0,0.7333333333333333,0.7291171057946946,1.2246467991473532e-16,-1.0,-0.9987165071710528,-0.05064916883871355,0.7818314824680298,0.6234898018587336
0.0,0.0,0.0,0.0,0.0,0.7333333333333333,0.7291619911127071,1.2246467991473532e-16,-1.0,-0.9884683243281114,0.15142777750457667,0.9749279121818236,-0.22252093395631434
0.0,0.0,0.0,0.0,0.0,0.7333333333333333,0.7292068764307196,1.2246467991473532e-16,-1.0,-0.9377521321470804,0.3473052528448203,0.43388373911755823,-0.900968867902419
0.0,0.0,0.0,0.0,0.0,0.7333333333333333,0.7292517617487321,1.2246467991473532e-16,-1.0,-0.8486442574947509,0.5289640103269624,-0.433883739117558,-0.9009688679024191
0.0,0.0,0.0,0.0,0.0,0.7333333333333333,0.7292966470667445,1.2246467991473532e-16,-1.0,-0.7247927872291207,0.6889669190756859,-0.9749279121818236,-0.2225209339563146
0.0,0.0,0.0,0.0,0.0,0.7333333333333333,0.729431303020782,1.2246467991473532e-16,-1.0,-0.20129852008866114,0.9795299412524943,0.7818314824680298,0.6234898018587336
0.0,0.0,0.0,0.0,0.0,0.7333333333333333,0.7294761883387945,-0.4999999999999997,-0.8660254037844388,0.20129852008866006,0.9795299412524945,0.9749279121818236,-0.22252093395631434
0.0,0.0,0.0,0.0,0.0,0.7333333333333333,0.7295210736568069,-0.4999999999999997,-0.8660254037844388,0.39435585511331855,0.9189578116202306,0.43388373911755823,-0.900968867902419
0.0,0.0,0.0,0.0,0.0,0.7333333333333333,0.7295659589748194,-0.4999999999999997,-0.8660254037844388,0.5712682150947923,0.8207634412072763,-0.433883739117558,-0.9009688679024191
0.0,0.0,0.0,0.0,0.0,0.7333333333333333,0.7297455002468693,-0.4999999999999997,-0.8660254037844388,0.9884683243281114,0.1514277775045767,0.7818314824680298,0.6234898018587336
-0.06932423783556145,-0.0643653861494389,-0.0643653861494389,-0.06932423783556145,5.521460917862246,0.7333333333333333,0.7297903855648817,-0.4999999999999997,-0.8660254037844388,0.9987165071710528,-0.05064916883871264,0.9749279121818236,-0.22252093395631434
0.0,-0.004958851686122494,-0.004958851686122494,0.0,-5.521460917862246,0.7333333333333333,0.7298352708828942,-0.4999999999999997,-0.8660254037844388,0.9680771188662043,-0.2506525322587204,0.43388373911755823,-0.900968867902419
0.0,0.0,0.0,0.0,0.0,0.7333333333333333,0.7298801562009067,-0.4999999999999997,-0.8660254037844388,0.8978045395707416,-0.4403941515576344,-0.433883739117558,-0.9009688679024191
0.0,0.0,0.0,0.0,0.0,0.7333333333333333,0.7299250415189192,-0.4999999999999997,-0.8660254037844388,0.7907757369376989,-0.6121059825476626,-0.9749279121818236,-0.2225209339563146
0.0,0.0,0.0,0.0,0.0,0.7333333333333333,0.7300596974729566,-0.4999999999999997,-0.8660254037844388,0.29936312297335804,-0.9541392564000488,0.7818314824680298,0.6234898018587336
0.0,0.0,0.0,0.0,0.0,0.7333333333333333,0.7301045827909691,-0.4999999999999997,-0.8660254037844388,0.10116832198743272,-0.994869323391895,0.9749279121818236,-0.22252093395631434
0.0,0.0,0.0,0.0,0.0,0.7333333333333333,0.7301494681089816,-0.4999999999999997,-0.8660254037844388,-0.10116832198743204,-0.9948693233918952,0.43388373911755823,-0.900968867902419
0.0,0.0,0.0,0.0,0.0,0.7333333333333333,0.7301943534269941,-0.4999999999999997,-0.8660254037844388,-0.29936312297335776,-0.9541392564000489,-0.433883739117558,-0.9009688679024191
0.0,0.0,0.0,0.0,0.0,0.7333333333333333,0.7302392387450065,-0.4999999999999997,-0.8660254037844388,-0.4853019625310808,-0.8743466161445822,-0.9749279121818236,-0.2225209339563146
0.0,0.0,0.0,0.0,0.0,0.7333333333333333,0.730373894699044,-0.4999999999999997,-0.8660254037844388,-0.8978045395707417,-0.44039415155763423,0.7818314824680298,0.6234898018587336
0.0,0.0,0.0,0.0,0.0,0.7333333333333333,0.7304187800170565,-0.4999999999999997,-0.8660254037844388,-0.9680771188662041,-0.2506525322587213,0.9749279121818236,-0.22252093395631434
0.0,0.0,0.0,0.0,0.0,0.7333333333333333,0.7304636653350689,-0.4999999999999997,-0.8660254037844388,-0.9987165071710528,-0.05064916883871355,0.43388373911755823,-0.900968867902419
0.0,0.0,0.0,0.0,0.0,0.7333333333333333,0.7305085506530814,-0.4999999999999997,-0.8660254037844388,-0.9884683243281114,0.15142777750457667,-0.433883739117558,-0.9009688679024191
0.0,0.0,0.0,0.0,0.0,0.7333333333333333,0.7305534359710939,-0.4999999999999997,-0.8660254037844388,-0.9377521321470804,0.3473052528448203,-0.9749279121818236,-0.2225209339563146
0.0,0.0,0.0,0.0,0.0,0.7333333333333333,0.7306880919251313,-0.4999999999999997,-0.8660254037844388,-0.5712682150947924,0.8207634412072763,0.7818314824680298,0.6234898018587336
0.0,0.0,0.0,0.0,0.0,0.7333333333333333,0.7307329772431438,-0.4999999999999997,-0.8660254037844388,-0.3943558551133187,0.9189578116202306,0.9749279121818236,-0.22252093395631434
0.0,0.0,0.0,0.0,0.0,0.7333333333333333,0.7307778625611563,-0.4999999999999997,-0.8660254037844388,-0.20129852008866114,0.9795299412524943,0.43388373911755823,-0.900968867902419
0.0,0.0,0.0,0.0,0.0,0.7333333333333333,0.7308227478791688,-0.4999999999999997,-0.8660254037844388,-2.4492935982947064e-16,1.0,-0.433883739117558,-0.9009688679024191
0.0,0.0,0.0,0.0,0.0,0.7333333333333333,0.7308676331971813,-0.8660254037844385,-0.5000000000000004,0.20129852008866006,0.9795299412524945,-0.9749279121818236,-0.2225209339563146
0.0,0.0,0.0,0.0,0.0,0.7333333333333333,0.7310022891512187,-0.8660254037844385,-0.5000000000000004,0.72479278722912,0.6889669190756866,0.7818314824680298,0.6234898018587336
0.0,0.0,0.0,0.0,0.0,0.7333333333333333,0.7310471744692312,-0.8660254037844385,-0.5000000000000004,0.8486442574947509,0.5289640103269624,0.9749279121818236,-0.22252093395631434
0.0,0.0,0.0,0.0,0.0,0.7333333333333333,0.7310920597872437,-0.8660254037844385,-0.5000000000000004,0.9377521321470804,0.3473052528448203,0.43388373911755823,-0.900968867902419
-0.06808429890186352,-0.06808429890186352,-0.06808429890186352,-0.06808429890186352,4.605170185988092,0.7333333333333333,0.7311369451052561,-0.8660254037844385,-0.5000000000000004,0.9884683243281114,0.1514277775045767,-0.433883739117558,-0.9009688679024191
0.0,0.0,0.0,0.0,-4.605170185988091,0.7333333333333333,0.7311818304232686,-0.8660254037844385,-0.5000000000000004,0.9987165071710528,-0.05064916883871264,-0.9749279121818236,-0.2225209339563146
0.0,0.0,0.0,0.0,0.0,0.7333333333333333,0.7313164863773061,-0.8660254037844385,-0.5000000000000004,0.7907757369376989,-0.6121059825476626,0.7818314824680298,0.6234898018587336
0.0,0.0,0.0,0.0,0.0,0.7333333333333333,0.7313613716953186,-0.8660254037844385,-0.5000000000000004,0.6513724827222223,-0.758758122692791,0.9749279121818236,-0.22252093395631434
0.0,0.0,0.0,0.0,0.0,0.7333333333333333,0.731406257013331,-0.8660254037844385,-0.5000000000000004,0.48530196253108104,-0.8743466161445821,0.43388373911755823,-0.900968867902419
0.0,0.0,0.0,0.0,0.0,0.7333333333333333,0.7314511423313435,-0.8660254037844385,-0.5000000000000004,0.29936312297335804,-0.9541392564000488,-0.433883739117558,-0.9009688679024191
0.0,0.0,0.0,0.0,0.0,0.7333333333333333,0.731496027649356,-0.8660254037844385,-0.5000000000000004,0.10116832198743272,-0.994869323391895,-0.9749279121818236,-0.2225209339563146
0.0,0.0,0.0,0.0,0.0,0.7333333333333333,0.7316306836033933,-0.8660254037844385,-0.5000000000000004,-0.4853019625310808,-0.8743466161445822,0.7818314824680298,0.6234898018587336
0.0,0.0,0.0,0.0,0.0,0.7333333333333333,0.7316755689214058,-0.8660254037844385,-0.5000000000000004,-0.6513724827222217,-0.7587581226927913,0.9749279121818236,-0.22252093395631434
0.0,0.0,0.0,0.0,0.0,0.7333333333333333,0.7317204542394183,-0.8660254037844385,-0.5000000000000004,-0.7907757369376986,-0.6121059825476627,0.43388373911755823,-0.900968867902419
0.0,0.0,0.0,0.0,0.0,0.7333333333333333,0.7317653395574308,-0.8660254037844385,-0.5000000000000004,-0.8978045395707417,-0.44039415155763423,-0.433883739117558,-0.9009688679024191
0.0,0.0,0.0,0.0,0.0,0.7333333333333333,0.7318102248754433,-0.8660254037844385,-0.5000000000000004,-0.9680771188662041,-0.2506525322587213,-0.9749279121818236,-0.2225209339563146
0.0,0.0,0.0,0.0,0.0,0.7333333333333333,0.7319448808294807,-0.8660254037844385,-0.5000000000000004,-0.9377521321470804,0.3473052528448203,0.7818314824680298,0.6234898018587336
0.0,0.0,0.0,0.0,0.0,0.7333333333333333,0.7319897661474932,-0.8660254037844385,-0.5000000000000004,-0.8486442574947509,0.5289640103269624,0.9749279121818236,-0.22252093395631434
0.0,0.0,0.0,0.0,0.0,0.7333333333333333,0.7320346514655057,-0.8660254037844385,-0.5000000000000004,-0.7247927872291207,0.6889669190756859,0.43388373911755823,-0.900968867902419
-0.034209830829998504,-0.034209830829998504,-0.034209830829998504,-0.034209830829998504,4.605170185988092,0.7333333333333333,0.7320795367835181,-0.8660254037844385,-0.5000000000000004,-0.5712682150947924,0.8207634412072763,-0.433883739117558,-0.9009688679024191
0.0,0.0,0.0,0.0,-4.605170185988091,0.7333333333333333,0.7321244221015306,-0.8660254037844385,-0.5000000000000004,-0.3943558551133187,0.9189578116202306,-0.9749279121818236,-0.2225209339563146
0.0,0.0,0.0,0.0,0.0,0.7333333333333333,0.7323039633735805,-1.0,-1.8369701987210297e-16,0.39435585511331855,0.9189578116202306,0.9749279121818236,-0.22252093395631434
0.0,0.0,0.0,0.0,0.0,0.7333333333333333,0.732348848691593,-1.0,-1.8369701987210297e-16,0.5712682150947923,0.8207634412072763,0.43388373911755823,-0.900968867902419
0.0,0.0,0.0,0.0,0.0,0.7333333333333333,0.7323937340096055,-1.0,-1.8369701987210297e-16,0.72479278722912,0.6889669190756866,-0.433883739117558,-0.9009688679024191
0.0,0.0,0.0,0.0,0.0,0.7333333333333333,0.732438619327618,-1.0,-1.8369701987210297e-16,0.8486442574947509,0.5289640103269624,-0.9749279121818236,-0.2225209339563146
0.0,0.0,0.0,0.0,0.0,0.7333333333333333,0.7325732752816554,-1.0,-1.8369701987210297e-16,0.9987165071710528,-0.05064916883871264,0.7818314824680298,0.6234898018587336
0.0,0.0,0.0,0.0,0.0,0.7333333333333333,0.7326181605996679,-1.0,-1.8369701987210297e-16,0.9680771188662043,-0.2506525322587204,0.9749279121818236,-0.22252093395631434
0.0,0.0,0.0,0.0,0.0,0.7333333333333333,0.7326630459176804,-1.0,-1.8369701987210297e-16,0.8978045395707416,-0.4403941515576344,0.43388373911755823,-0.900968867902419
0.0,0.0,0.0,0.0,0.0,0.7333333333333333,0.7327079312356929,-1.0,-1.8369701987210297e-16,0.7907757369376989,-0.6121059825476626,-0.433883739117558,-0.9009688679024191
0.0,0.0,0.0,0.0,0.0,0.7333333333333333,0.7327528165537053,-1.0,-1.8369701987210297e-16,0.6513724827222223,-0.758758122692791,-0.9749279121818236,-0.2225209339563146
0.0,0.0,0.0,0.0,0.0,0.7333333333333333,0.7328874725077428,-1.0,-1.8369701987210297e-16,0.10116832198743272,-0.994869323391895,0.7818314824680298,0.6234898018587336
0.0,0.0,0.0,0.0,0.0,0.7333333333333333,0.7329323578257553,-1.0,-1.8369701987210297e-16,-0.10116832198743204,-0.9948693233918952,0.9749279121818236,-0.22252093395631434
0.0,0.0,0.0,0.0,0.0,0.7333333333333333,0.7329772431437678,-1.0,-1.8369701987210297e-16,-0.29936312297335776,-0.9541392564000489,0.43388373911755823,-0.900968867902419
-0.05431202296340681,-0.05431202296340681,-0.05431202296340681,-0.05431202296340681,5.703782474656201,0.7333333333333333,0.7330221284617802,-1.0,-1.8369701987210297e-16,-0.4853019625310808,-0.8743466161445822,-0.433883739117558,-0.9009688679024191
0.0,0.0,0.0,0.0,-5.703782474656201,0.7333333333333333,0.7330670137797927,-1.0,-1.8369701987210297e-16,-0.6513724827222217,-0.7587581226927913,-0.9749279121818236,-0.2225209339563146
0.0,0.0,0.0,0.0,0.0,0.7333333333333333,0.7332016697338302,-1.0,-1.8369701987210297e-16,-0.9680771188662041,-0.2506525322587213,0.7818314824680298,0.6234898018587336
0.0,0.0,0.0,0.0,0.0,0.7333333333333333,0.7332465550518426,-1.0,-1.8369701987210297e-16,-0.9987165071710528,-0.05064916883871355,0.9749279121818236,-0.22252093395631434
0.0,0.0,0.0,0.0,0.0,0.7333333333333333,0.733291440369855,-1.0,-1.8369701987210297e-16,-0.9884683243281114,0.15142777750457667,0.43388373911755823,-0.900968867902419
0.0,0.0,0.0,0.0,0.0,0.7333333333333333,0.7333363256878676,-1.0,-1.8369701987210297e-16,-0.9377521321470804,0.3473052528448203,-0.433883739117558,-0.9009688679024191
0.0,0.0,0.0,0.0,0.0,0.7333333333333333,0.73338121100588,-1.0,-1.8369701987210297e-16,-0.8486442574947509,0.5289640103269624,-0.9749279121818236,-0.2225209339563146
0.0,0.0,0.0,0.0,0.0,0.7333333333333333,0.7335158669599174,-1.0,-1.8369701987210297e-16,-0.3943558551133187,0.9189578116202306,0.7818314824680298,0.6234898018587336
0.0,0.0,0.0,0.0,0.0,0.7333333333333333,0.7335607522779299,-1.0,-1.8369701987210297e-16,-0.20129852008866114,0.9795299412524943,0.9749279121818236,-0.22252093395631434
0.0,0.0,0.0,0.0,0.0,0.7333333333333333,0.7336056375959424,-0.866025403784439,0.49999999999999933,0.20129852008866006,0.9795299412524945,0.43388373911755823,-0.900968867902419
0.0,0.0,0.0,0.0,0.0,0.7333333333333333,0.7336505229139549,-0.866025403784439,0.49999999999999933,0.39435585511331855,0.9189578116202306,-0.433883739117558,-0.9009688679024191
0.0,0.0,0.0,0.0,0.0,0.7333333333333333,0.7336954082319673,-0.866025403784439,0.49999999999999933,0.5712682150947923,0.8207634412072763,-0.9749279121818236,-0.2225209339563146
0.0,0.0,0.0,0.0,0.0,0.7333333333333333,0.7338300641860048,-0.866025403784439,0.49999999999999933,0.9377521321470804,0.3473052528448203,0.7818314824680298,0.6234898018587336
0.0,0.0,0.0,0.0,0.0,0.7333333333333333,0.7338749495040173,-0.866025403784439,0.49999999999999933,0.9884683243281114,0.1514277775045767,0.9749279121818236,-0.22252093395631434
0.0,0.0,0.0,0.0,0.0,0.7333333333333333,0.7339198348220297,-0.866025403784439,0.49999999999999933,0.9987165071710528,-0.05064916883871264,0.43388373911755823,-0.900968867902419
0.0,0.0,0.0,0.0,0.0,0.7333333333333333,0.7339647201400422,-0.866025403784439,0.49999999999999933,0.9680771188662043,-0.2506525322587204,-0.433883739117558,-0.9009688679024191
0.0,0.0,0.0,0.0,0.0,0.7333333333333333,0.7340096054580547,-0.866025403784439,0.49999999999999933,0.8978045395707416,-0.4403941515576344,-0.9749279121818236,-0.2225209339563146
-0.1540731468932428,-0.14893178454362477,-0.14893178454362477,-0.1540731468932428,5.298317366548036,0.7333333333333333,0.7341442614120921,-0.866025403784439,0.49999999999999933,0.48530196253108104,-0.8743466161445821,0.7818314824680298,0.6234898018587336
0.0,-0.005141362349618136,-0.005141362349618136,0.0,-5.298317366548036,0.7333333333333333,0.7341891467301046,-0.866025403784439,0.49999999999999933,0.29936312297335804,-0.9541392564000488,0.9749279121818236,-0.22252093395631434
0.0,0.0,0.0,0.0,0.0,0.7333333333333333,0.7342340320481171,-0.866025403784439,0.49999999999999933,0.10116832198743272,-0.994869323391895,0.43388373911755823,-0.900968867902419
0.0,0.0,0.0,0.0,0.0,0.7333333333333333,0.7342789173661296,-0.866025403784439,0.49999999999999933,-0.10116832198743204,-0.9948693233918952,-0.433883739117558,-0.9009688679024191
0.0,0.0,0.0,0.0,0.0,0.7333333333333333,0.7343238026841421,-0.866025403784439,0.49999999999999933,-0.29936312297335776,-0.9541392564000489,-0.9749279121818236,-0.2225209339563146
0.0,0.0,0.0,0.0,0.0,0.7333333333333333,0.7344584586381795,-0.866025403784439,0.49999999999999933,-0.7907757369376986,-0.6121059825476627,0.7818314824680298,0.6234898018587336
0.0,0.0,0.0,0.0,0.0,0.7333333333333333,0.734503343956192,-0.866025403784439,0.49999999999999933,-0.8978045395707417,-0.44039415155763423,0.9749279121818236,-0.22252093395631434
0.0,0.0,0.0,0.0,0.0,0.7333333333333333,0.7345482292742045,-0.866025403784439,0.49999999999999933,-0.9680771188662041,-0.2506525322587213,0.43388373911755823,-0.900968867902419
0.0,0.0,0.0,0.0,0.0,0.7333333333333333,0.734593114592217,-0.866025403784439,0.49999999999999933,-0.9987165071710528,-0.05064916883871355,-0.433883739117558,-0.9009688679024191
0.0,0.0,0.0,0.0,0.0,0.7333333333333333,0.7346379999102294,-0.866025403784439,0.49999999999999933,-0.9884683243281114,0.15142777750457667,-0.9749279121818236,-0.2225209339563146
0.0,0.0,0.0,0.0,0.0,0.7333333333333333,0.7347726558642669,-0.866025403784439,0.49999999999999933,-0.7247927872291207,0.6889669190756859,0.7818314824680298,0.6234898018587336
0.0,0.0,0.0,0.0,0.0,0.7333333333333333,0.7348175411822794,-0.866025403784439,0.49999999999999933,-0.5712682150947924,0.8207634412072763,0.9749279121818236,-0.22252093395631434
0.055665181874473446,0.055665181874473446,0.055665181874473446,0.055665181874473446,6.907755278982137,0.7333333333333333,0.7348624265002918,-0.866025403784439,0.49999999999999933,-0.3943558551133187,0.9189578116202306,0.43388373911755823,-0.900968867902419
0.0,0.0,0.0,0.0,-6.907755278982137,0.7333333333333333,0.7349073118183043,-0.866025403784439,0.49999999999999933,-0.20129852008866114,0.9795299412524943,-0.433883739117558,-0.9009688679024191
0.0,0.0,0.0,0.0,0.0,0.7333333333333333,0.7349521971363168,-0.866025403784439,0.49999999999999933,-2.4492935982947064e-16,1.0,-0.9749279121818236,-0.2225209339563146
0.0,0.0,0.0,0.0,0.0,0.7333333333333333,0.7350868530903542,-0.5000000000000012,0.8660254037844379,0.5712682150947923,0.8207634412072763,0.7818314824680298,0.6234898018587336
0.0,0.0,0.0,0.0,0.0,0.7333333333333333,0.7351317384083667,-0.5000000000000012,0.8660254037844379,0.72479278722912,0.6889669190756866,0.9749279121818236,-0.22252093395631434
0.0,0.0,0.0,0.0,0.0,0.7333333333333333,0.7351766237263792,-0.5000000000000012,0.8660254037844379,0.8486442574947509,0.5289640103269624,0.43388373911755823,-0.900968867902419
0.0,0.0,0.0,0.0,0.0,0.7333333333333333,0.7352215090443917,-0.5000000000000012,0.8660254037844379,0.9377521321470804,0.3473052528448203,-0.433883739117558,-0.9009688679024191
0.0,0.0,0.0,0.0,0.0,0.7333333333333333,0.7352663943624042,-0.5000000000000012,0.8660254037844379,0.9884683243281114,0.1514277775045767,-0.9749279121818236,-0.2225209339563146
0.0,0.0,0.0,0.0,0.0,0.7333333333333333,0.7354010503164415,-0.5000000000000012,0.8660254037844379,0.8978045395707416,-0.4403941515576344,0.7818314824680298,0.6234898018587336
0.0,0.0,0.0,0.0,0.0,0.7333333333333333,0.735445935634454,-0.5000000000000012,0.8660254037844379,0.7907757369376989,-0.6121059825476626,0.9749279121818236,-0.22252093395631434
0.0,0.0,0.0,0.0,0.0,0.7333333333333333,0.7354908209524665,-0.5000000000000012,0.8660254037844379,0.6513724827222223,-0.758758122692791,0.43388373911755823,-0.900968867902419
0.0,0.0,0.0,0.0,0.0,0.7333333333333333,0.7355357062704789,-0.5000000000000012,0.8660254037844379,0.48530196253108104,-0.8743466161445821,-0.433883739117558,-0.9009688679024191
0.0,0.0,0.0,0.0,0.0,0.7333333333333333,0.7355805915884914,-0.5000000000000012,0.8660254037844379,0.29936312297335804,-0.9541392564000488,-0.9749279121818236,-0.2225209339563146
0.0,0.0,0.0,0.0,0.0,0.7333333333333333,0.7357152475425289,-0.5000000000000012,0.8660254037844379,-0.29936312297335776,-0.9541392564000489,0.7818314824680298,0.6234898018587336
0.0,0.0,0.0,0.0,0.0,0.7333333333333333,0.7357601328605413,-0.5000000000000012,0.8660254037844379,-0.4853019625310808,-0.8743466161445822,0.9749279121818236,-0.22252093395631434
0.0,0.0,0.0,0.0,0.0,0.7333333333333333,0.7358050181785538,-0.5000000000000012,0.8660254037844379,-0.6513724827222217,-0.7587581226927913,0.43388373911755823,-0.900968867902419
0.0,0.0,0.0,0.0,0.0,0.7333333333333333,0.7358499034965663,-0.5000000000000012,0.8660254037844379,-0.7907757369376986,-0.6121059825476627,-0.433883739117558,-0.9009688679024191
0.0,0.0,0.0,0.0,0.0,0.7333333333333333,0.7358947888145788,-0.5000000000000012,0.8660254037844379,-0.8978045395707417,-0.44039415155763423,-0.9749279121818236,-0.2225209339563146
0.0,0.0,0.0,0.0,0.0,0.7333333333333333,0.7360294447686162,-0.5000000000000012,0.8660254037844379,-0.9884683243281114,0.15142777750457667,0.7818314824680298,0.6234898018587336
0.0,0.0,0.0,0.0,0.0,0.7333333333333333,0.7360743300866287,-0.5000000000000012,0.8660254037844379,-0.9377521321470804,0.3473052528448203,0.9749279121818236,-0.22252093395631434
0.0,0.0,0.0,0.0,0.0,0.7333333333333333,0.7361192154046412,-0.5000000000000012,0.8660254037844379,-0.8486442574947509,0.5289640103269624,0.43388373911755823,-0.900968867902419
0.0,0.0,0.0,0.0,0.0,0.7333333333333333,0.7362089860406661,-0.5000000000000012,0.8660254037844379,-0.5712682150947924,0.8207634412072763,-0.9749279121818236,-0.2225209339563146
0.0,0.0,0.0,0.0,0.0,0.7333333333333333,0.7363436419947036,-2.4492935982947064e-16,1.0,0.20129852008866006,0.9795299412524945,0.7818314824680298,0.6234898018587336
0.0,0.0,0.0,0.0,0.0,0.7333333333333333,0.7363885273127161,-2.4492935982947064e-16,1.0,0.39435585511331855,0.9189578116202306,0.9749279121818236,-0.22252093395631434
0.0,0.0,0.0,0.0,0.0,0.7333333333333333,0.7364334126307286,-2.4492935982947064e-16,1.0,0.5712682150947923,0.8207634412072763,0.43388373911755823,-0.900968867902419
0.0,0.0,0.0,0.0,0.0,0.7333333333333333,0.736478297948741,-2.4492935982947064e-16,1.0,0.72479278722912,0.6889669190756866,-0.433883739117558,-0.9009688679024191
0.0,0.0,0.0,0.0,0.0,0.7333333333333333,0.7365231832667535,-2.4492935982947064e-16,1.0,0.8486442574947509,0.5289640103269624,-0.9749279121818236,-0.2225209339563146
0.0,0.0,0.0,0.0,0.0,0.7333333333333333,0.736657839220791,-2.4492935982947064e-16,1.0,0.9987165071710528,-0.05064916883871264,0.7818314824680298,0.6234898018587336
0.04343596051919712,0.04343596051919712,0.04343596051919712,0.04343596051919712,5.298317366548036,0.7333333333333333,0.7367027245388034,-2.4492935982947064e-16,1.0,0.9680771188662043,-0.2506525322587204,0.9749279121818236,-0.22252093395631434
0.0,0.0,0.0,0.0,-5.298317366548036,0.7333333333333333,0.7367476098568159,-2.4492935982947064e-16,1.0,0.8978045395707416,-0.4403941515576344,0.43388373911755823,-0.900968867902419
0.0,0.0,0.0,0.0,0.0,0.7333333333333333,0.7367924951748284,-2.4492935982947064e-16,1.0,0.7907757369376989,-0.6121059825476626,-0.433883739117558,-0.9009688679024191
0.0,0.0,0.0,0.0,0.0,0.7333333333333333,0.7368373804928409,-2.4492935982947064e-16,1.0,0.6513724827222223,-0.758758122692791,-0.9749279121818236,-0.2225209339563146
-0.09476979168333173,-0.09476979168333173,-0.09476979168333173,-0.09476979168333173,5.298317366548036,0.7333333333333333,0.7369720364468783,-2.4492935982947064e-16,1.0,0.10116832198743272,-0.994869323391895,0.7818314824680298,0.6234898018587336
0.0,0.0,0.0,0.0,-5.298317366548036,0.7333333333333333,0.7370169217648908,-2.4492935982947064e-16,1.0,-0.10116832198743204,-0.9948693233918952,0.9749279121818236,-0.22252093395631434
0.0,0.0,0.0,0.0,0.0,0.7333333333333333,0.7370618070829033,-2.4492935982947064e-16,1.0,-0.29936312297335776,-0.9541392564000489,0.43388373911755823,-0.900968867902419
0.0,0.0,0.0,0.0,0.0,0.7333333333333333,0.7371066924009158,-2.4492935982947064e-16,1.0,-0.4853019625310808,-0.8743466161445822,-0.433883739117558,-0.9009688679024191
0.06938897059693544,0.0724085736104002,0.06938897059693544,0.0724085736104002,5.298317366548036,0.7333333333333333,0.7371515777189281,-2.4492935982947064e-16,1.0,-0.6513724827222217,-0.7587581226927913,-0.9749279121818236,-0.2225209339563146
0.0030196030134648747,0.0,0.0030196030134648747,0.0,-5.298317366548036,0.7333333333333333,0.7372862336729656,-2.4492935982947064e-16,1.0,-0.9680771188662041,-0.2506525322587213,0.7818314824680298,0.6234898018587336
0.0,0.0,0.0,0.0,0.0,0.7333333333333333,0.7373311189909781,-2.4492935982947064e-16,1.0,-0.9987165071710528,-0.05064916883871355,0.9749279121818236,-0.22252093395631434
0.0,0.0,0.0,0.0,0.0,0.7333333333333333,0.7373760043089905,-2.4492935982947064e-16,1.0,-0.9884683243281114,0.15142777750457667,0.43388373911755823,-0.900968867902419
0.0,0.0,0.0,0.0,0.0,0.7333333333333333,0.7374657749450155,-2.4492935982947064e-16,1.0,-0.8486442574947509,0.5289640103269624,-0.9749279121818236,-0.2225209339563146
0.0,0.0,0.0,0.0,0.0,0.7333333333333333,0.7376004308990529,-2.4492935982947064e-16,1.0,-0.3943558551133187,0.9189578116202306,0.7818314824680298,0.6234898018587336
0.0,0.0,0.0,0.0,0.0,0.7333333333333333,0.7376453162170654,-2.4492935982947064e-16,1.0,-0.20129852008866114,0.9795299412524943,0.9749279121818236,-0.22252093395631434
0.0,0.0,0.0,0.0,0.0,0.7333333333333333,0.7376902015350779,-2.4492935982947064e-16,1.0,-2.4492935982947064e-16,1.0,0.43388373911755823,-0.900968867902419
0.0,0.0,0.0,0.0,0.0,0.75,0.7377799721711029,0.49999999999999994,0.8660254037844387,0.39435585511331855,0.9189578116202306,-0.9749279121818236,-0.2225209339563146
0.0,0.0,0.0,0.0,0.0,0.75,0.7379146281251403,0.49999999999999994,0.8660254037844387,0.8486442574947509,0.5289640103269624,0.7818314824680298,0.6234898018587336
0.0,0.0,0.0,0.0,0.0,0.75,0.7379595134431528,0.49999999999999994,0.8660254037844387,0.9377521321470804,0.3473052528448203,0.9749279121818236,-0.22252093395631434
-0.08381869440441961,-0.07891270713420262,-0.07891270713420262,-0.08381869440441961,5.298317366548036,0.75,0.7380043987611653,0.49999999999999994,0.8660254037844387,0.9884683243281114,0.1514277775045767,0.43388373911755823,-0.900968867902419
0.0,-0.004905987270217034,-0.004905987270217034,0.0,-5.298317366548036,0.75,0.7380492840791778,0.49999999999999994,0.8660254037844387,0.9987165071710528,-0.05064916883871264,-0.433883739117558,-0.9009688679024191
0.0,0.0,0.0,0.0,0.0,0.75,0.7380941693971902,0.49999999999999994,0.8660254037844387,0.9680771188662043,-0.2506525322587204,-0.9749279121818236,-0.2225209339563146
0.0,0.0,0.0,0.0,0.0,0.75,0.7382288253512277,0.49999999999999994,0.8660254037844387,0.6513724827222223,-0.758758122692791,0.7818314824680298,0.6234898018587336
0.0,0.0,0.0,0.0,0.0,0.75,0.7382737106692402,0.49999999999999994,0.8660254037844387,0.48530196253108104,-0.8743466161445821,0.9749279121818236,-0.22252093395631434
0.0,0.0,0.0,0.0,0.0,0.75,0.7383185959872526,0.49999999999999994,0.8660254037844387,0.29936312297335804,-0.9541392564000488,0.43388373911755823,-0.900968867902419
0.0,0.0,0.0,0.0,0.0,0.75,0.7383634813052651,0.49999999999999994,0.8660254037844387,0.10116832198743272,-0.994869323391895,-0.433883739117558,-0.9009688679024191
0.0,0.0,0.0,0.0,0.0,0.75,0.7384083666232776,0.49999999999999994,0.8660254037844387,-0.10116832198743204,-0.9948693233918952,-0.9749279121818236,-0.2225209339563146
0.0,0.0,0.0,0.0,0.0,0.75,0.7385879078953275,0.49999999999999994,0.8660254037844387,-0.7907757369376986,-0.6121059825476627,0.9749279121818236,-0.22252093395631434
0.0,0.0,0.0,0.0,0.0,0.75,0.73863279321334,0.49999999999999994,0.8660254037844387,-0.8978045395707417,-0.44039415155763423,0.43388373911755823,-0.900968867902419
0.0,0.0,0.0,0.0,0.0,0.75,0.7386776785313525,0.49999999999999994,0.8660254037844387,-0.9680771188662041,-0.2506525322587213,-0.433883739117558,-0.9009688679024191
0.0,0.0,0.0,0.0,0.0,0.75,0.738722563849365,0.49999999999999994,0.8660254037844387,-0.9987165071710528,-0.05064916883871355,-0.9749279121818236,-0.2225209339563146
0.0,0.0,0.0,0.0,0.0,0.75,0.7388572198034024,0.49999999999999994,0.8660254037844387,-0.8486442574947509,0.5289640103269624,0.7818314824680298,0.6234898018587336
0.0,0.0,0.0,0.0,0.0,0.75,0.7389021051214149,0.49999999999999994,0.8660254037844387,-0.7247927872291207,0.6889669190756859,0.9749279121818236,-0.22252093395631434
0.0,0.0,0.0,0.0,0.0,0.75,0.7389469904394274,0.49999999999999994,0.8660254037844387,-0.5712682150947924,0.8207634412072763,0.43388373911755823,-0.900968867902419
0.0,0.0,0.0,0.0,0.0,0.75,0.7389918757574397,0.49999999999999994,0.8660254037844387,-0.3943558551133187,0.9189578116202306,-0.433883739117558,-0.9009688679024191
0.0,0.0,0.0,0.0,0.0,0.75,0.7390367610754522,0.49999999999999994,0.8660254037844387,-0.20129852008866114,0.9795299412524943,-0.9749279121818236,-0.2225209339563146
0.0,0.0,0.0,0.0,0.0,0.75,0.7391714170294897,0.8660254037844386,0.5000000000000001,0.39435585511331855,0.9189578116202306,0.7818314824680298,0.6234898018587336
0.12997320605034804,0.1340435617581776,0.12997320605034804,0.1340435617581776,5.298317366548036,0.75,0.7392163023475021,0.8660254037844386,0.5000000000000001,0.5712682150947923,0.8207634412072763,0.9749279121818236,-0.22252093395631434
0.0040703557078296355,0.0,0.0040703557078296355,0.0,-5.298317366548036,0.75,0.7392611876655146,0.8660254037844386,0.5000000000000001,0.72479278722912,0.6889669190756866,0.43388373911755823,-0.900968867902419
0.0,0.0,0.0,0.0,0.0,0.75,0.7393060729835271,0.8660254037844386,0.5000000000000001,0.8486442574947509,0.5289640103269624,-0.433883739117558,-0.9009688679024191
0.0,0.0,0.0,0.0,0.0,0.75,0.7393509583015396,0.8660254037844386,0.5000000000000001,0.9377521321470804,0.3473052528448203,-0.9749279121818236,-0.2225209339563146
0.0,0.0,0.0,0.0,0.0,0.75,0.739485614255577,0.8660254037844386,0.5000000000000001,0.9680771188662043,-0.2506525322587204,0.7818314824680298,0.6234898018587336
0.05179189731367643,0.06833959897021075,0.05179189731367643,0.06833959897021075,5.541263545158426,0.75,0.7395304995735895,0.8660254037844386,0.5000000000000001,0.8978045395707416,-0.4403941515576344,0.9749279121818236,-0.22252093395631434
0.01654770165653436,0.0,0.01654770165653436,0.0,-5.541263545158426,0.75,0.739575384891602,0.8660254037844386,0.5000000000000001,0.7907757369376989,-0.6121059825476626,0.43388373911755823,-0.900968867902419
0.029032161279161157,0.029032161279161157,0.029032161279161157,0.029032161279161157,4.605170185988092,0.75,0.7396202702096145,0.8660254037844386,0.5000000000000001,0.6513724827222223,-0.758758122692791,-0.433883739117558,-0.9009688679024191
0.0,0.0,0.0,0.0,-4.605170185988091,0.75,0.739665155527627,0.8660254037844386,0.5000000000000001,0.48530196253108104,-0.8743466161445821,-0.9749279121818236,-0.2225209339563146
-0.031490002036669046,-0.031490002036669046,-0.031490002036669046,-0.031490002036669046,6.29156913955832,0.75,0.7398446967996769,0.8660254037844386,0.5000000000000001,-0.29936312297335776,-0.9541392564000489,0.9749279121818236,-0.22252093395631434
0.0,0.0,0.0,0.0,-6.29156913955832,0.75,0.7398895821176894,0.8660254037844386,0.5000000000000001,-0.4853019625310808,-0.8743466161445822,0.43388373911755823,-0.900968867902419
0.0,0.0,0.0,0.0,0.0,0.75,0.7399344674357018,0.8660254037844386,0.5000000000000001,-0.6513724827222217,-0.7587581226927913,-0.433883739117558,-0.9009688679024191
0.0,0.0,0.0,0.0,0.0,0.75,0.7399793527537143,0.8660254037844386,0.5000000000000001,-0.7907757369376986,-0.6121059825476627,-0.9749279121818236,-0.2225209339563146
0.0,0.0,0.0,0.0,0.0,0.75,0.7401140087077518,0.8660254037844386,0.5000000000000001,-0.9987165071710528,-0.05064916883871355,0.7818314824680298,0.6234898018587336
0.0,0.0,0.0,0.0,0.0,0.75,0.7401588940257642,0.8660254037844386,0.5000000000000001,-0.9884683243281114,0.15142777750457667,0.9749279121818236,-0.22252093395631434
-0.042267909253507714,-0.042267909253507714,-0.042267909253507714,-0.042267909253507714,4.605170185988092,0.75,0.7402037793437767,0.8660254037844386,0.5000000000000001,-0.9377521321470804,0.3473052528448203,0.43388373911755823,-0.900968867902419
0.0,0.0,0.0,0.0,-4.605170185988091,0.75,0.7402486646617892,0.8660254037844386,0.5000000000000001,-0.8486442574947509,0.5289640103269624,-0.433883739117558,-0.9009688679024191
0.0,0.0,0.0,0.0,0.0,0.75,0.7402935499798017,0.8660254037844386,0.5000000000000001,-0.7247927872291207,0.6889669190756859,-0.9749279121818236,-0.2225209339563146
0.0,0.0,0.0,0.0,0.0,0.75,0.7404282059338391,1.0,6.123233995736766e-17,0.39435585511331855,0.9189578116202306,0.7818314824680298,0.6234898018587336
0.0,0.0,0.0,0.0,0.0,0.75,0.7404730912518516,1.0,6.123233995736766e-17,0.5712682150947923,0.8207634412072763,0.9749279121818236,-0.22252093395631434
0.0,0.0,0.0,0.0,0.0,0.75,0.7405179765698641,1.0,6.123233995736766e-17,0.72479278722912,0.6889669190756866,0.43388373911755823,-0.900968867902419
0.0,0.0,0.0,0.0,0.0,0.75,0.7405628618878766,1.0,6.123233995736766e-17,0.8486442574947509,0.5289640103269624,-0.433883739117558,-0.9009688679024191
0.0,0.0,0.0,0.0,0.0,0.75,0.740607747205889,1.0,6.123233995736766e-17,0.9377521321470804,0.3473052528448203,-0.9749279121818236,-0.2225209339563146
0.0,0.0,0.0,0.0,0.0,0.75,0.7407424031599265,1.0,6.123233995736766e-17,0.9680771188662043,-0.2506525322587204,0.7818314824680298,0.6234898018587336
0.0,0.0,0.0,0.0,0.0,0.75,0.740787288477939,1.0,6.123233995736766e-17,0.8978045395707416,-0.4403941515576344,0.9749279121818236,-0.22252093395631434
0.0,0.0,0.0,0.0,0.0,0.75,0.7408321737959513,1.0,6.123233995736766e-17,0.7907757369376989,-0.6121059825476626,0.43388373911755823,-0.900968867902419
0.0,0.0,0.0,0.0,0.0,0.75,0.7408770591139638,1.0,6.123233995736766e-17,0.6513724827222223,-0.758758122692791,-0.433883739117558,-0.9009688679024191
-0.016470888784987994,-0.016470888784987994,-0.016470888784987994,-0.016470888784987994,7.090076835776092,0.75,0.7409219444319763,1.0,6.123233995736766e-17,0.48530196253108104,-0.8743466161445821,-0.9749279121818236,-0.2225209339563146
0.0,0.0,0.0,0.0,-7.090076835776092,0.75,0.7410566003860137,1.0,6.123233995736766e-17,-0.10116832198743204,-0.9948693233918952,0.7818314824680298,0.6234898018587336
0.0,0.0,0.0,0.0,0.0,0.75,0.7411014857040262,1.0,6.123233995736766e-17,-0.29936312297335776,-0.9541392564000489,0.9749279121818236,-0.22252093395631434
0.0,0.0,0.0,0.0,0.0,0.75,0.7411463710220387,1.0,6.123233995736766e-17,-0.4853019625310808,-0.8743466161445822,0.43388373911755823,-0.900968867902419
0.0,0.0,0.0,0.0,0.0,0.75,0.7411912563400512,1.0,6.123233995736766e-17,-0.6513724827222217,-0.7587581226927913,-0.433883739117558,-0.9009688679024191
0.0,0.0,0.0,0.0,0.0,0.75,0.7412361416580637,1.0,6.123233995736766e-17,-0.7907757369376986,-0.6121059825476627,-0.9749279121818236,-0.2225209339563146
0.0,0.0,0.0,0.0,0.0,0.75,0.7413707976121011,1.0,6.123233995736766e-17,-0.9987165071710528,-0.05064916883871355,0.7818314824680298,0.6234898018587336
0.0,0.0,0.0,0.0,0.0,0.75,0.7414156829301136,1.0,6.123233995736766e-17,-0.9884683243281114,0.15142777750457667,0.9749279121818236,-0.22252093395631434
0.0,0.0,0.0,0.0,0.0,0.75,0.7414605682481261,1.0,6.123233995736766e-17,-0.9377521321470804,0.3473052528448203,0.43388373911755823,-0.900968867902419
0.0,0.0,0.0,0.0,0.0,0.75,0.7415054535661386,1.0,6.123233995736766e-17,-0.8486442574947509,0.5289640103269624,-0.433883739117558,-0.9009688679024191
0.0,0.0,0.0,0.0,0.0,0.75,0.741550338884151,1.0,6.123233995736766e-17,-0.7247927872291207,0.6889669190756859,-0.9749279121818236,-0.2225209339563146
0.0,0.0,0.0,0.0,0.0,0.75,0.7416849948381885,1.0,6.123233995736766e-17,-0.20129852008866114,0.9795299412524943,0.7818314824680298,0.6234898018587336
0.0,0.0,0.0,0.0,0.0,0.75,0.741729880156201,1.0,6.123233995736766e-17,-2.4492935982947064e-16,1.0,0.9749279121818236,-0.22252093395631434
0.0,0.0,0.0,0.0,0.0,0.75,0.7417747654742134,0.8660254037844387,-0.4999999999999998,0.20129852008866006,0.9795299412524945,0.43388373911755823,-0.900968867902419
0.0,0.0,0.0,0.0,0.0,0.75,0.7418196507922259,0.8660254037844387,-0.4999999999999998,0.39435585511331855,0.9189578116202306,-0.433883739117558,-0.9009688679024191
0.0,0.0,0.0,0.0,0.0,0.75,0.7419991920642758,0.8660254037844387,-0.4999999999999998,0.9377521321470804,0.3473052528448203,0.7818314824680298,0.6234898018587336
0.0,0.0,0.0,0.0,0.0,0.75,0.7420440773822883,0.8660254037844387,-0.4999999999999998,0.9884683243281114,0.1514277775045767,0.9749279121818236,-0.22252093395631434
0.0,0.0,0.0,0.0,0.0,0.75,0.7420889627003008,0.8660254037844387,-0.4999999999999998,0.9987165071710528,-0.05064916883871264,0.43388373911755823,-0.900968867902419
0.0,0.0,0.0,0.0,0.0,0.75,0.7421338480183133,0.8660254037844387,-0.4999999999999998,0.9680771188662043,-0.2506525322587204,-0.433883739117558,-0.9009688679024191
0.0,0.0,0.0,0.0,0.0,0.75,0.7421787333363258,0.8660254037844387,-0.4999999999999998,0.8978045395707416,-0.4403941515576344,-0.9749279121818236,-0.2225209339563146
0.0,0.0,0.0,0.0,0.0,0.75,0.7423133892903632,0.8660254037844387,-0.4999999999999998,0.48530196253108104,-0.8743466161445821,0.7818314824680298,0.6234898018587336
0.0,0.0,0.0,0.0,0.0,0.75,0.7423582746083757,0.8660254037844387,-0.4999999999999998,0.29936312297335804,-0.9541392564000488,0.9749279121818236,-0.22252093395631434
0.0,0.0,0.0,0.0,0.0,0.75,0.7424031599263882,0.8660254037844387,-0.4999999999999998,0.10116832198743272,-0.994869323391895,0.43388373911755823,-0.900968867902419
-0.0774167401570376,-0.0774167401570376,-0.0774167401570376,-0.0774167401570376,4.787491742782046,0.75,0.7424480452444006,0.8660254037844387,-0.4999999999999998,-0.10116832198743204,-0.9948693233918952,-0.433883739117558,-0.9009688679024191
0.0,0.0,0.0,0.0,-4.787491742782046,0.75,0.7424929305624131,0.8660254037844387,-0.4999999999999998,-0.29936312297335776,-0.9541392564000489,-0.9749279121818236,-0.2225209339563146
-0.020720742993590245,-0.020720742993590245,-0.020720742993590245,-0.020720742993590245,4.787491742782046,0.75,0.7426275865164506,0.8660254037844387,-0.4999999999999998,-0.7907757369376986,-0.6121059825476627,0.7818314824680298,0.6234898018587336
0.0,0.0,0.0,0.0,-4.787491742782046,0.75,0.7426724718344629,0.8660254037844387,-0.4999999999999998,-0.8978045395707417,-0.44039415155763423,0.9749279121818236,-0.22252093395631434
0.0,0.0,0.0,0.0,0.0,0.75,0.7427173571524754,0.8660254037844387,-0.4999999999999998,-0.9680771188662041,-0.2506525322587213,0.43388373911755823,-0.900968867902419
0.0,0.0,0.0,0.0,0.0,0.75,0.7427622424704879,0.8660254037844387,-0.4999999999999998,-0.9987165071710528,-0.05064916883871355,-0.433883739117558,-0.9009688679024191
0.0,0.0,0.0,0.0,0.0,0.75,0.7428071277885004,0.8660254037844387,-0.4999999999999998,-0.9884683243281114,0.15142777750457667,-0.9749279121818236,-0.2225209339563146
0.0,0.0,0.0,0.0,0.0,0.75,0.7429417837425378,0.8660254037844387,-0.4999999999999998,-0.7247927872291207,0.6889669190756859,0.7818314824680298,0.6234898018587336
0.0,0.0,0.0,0.0,0.0,0.75,0.7429866690605503,0.8660254037844387,-0.4999999999999998,-0.5712682150947924,0.8207634412072763,0.9749279121818236,-0.22252093395631434
0.0,0.0,0.0,0.0,0.0,0.75,0.7430315543785628,0.8660254037844387,-0.4999999999999998,-0.3943558551133187,0.9189578116202306,0.43388373911755823,-0.900968867902419
0.0,0.0,0.0,0.0,0.0,0.75,0.7430764396965753,0.8660254037844387,-0.4999999999999998,-0.20129852008866114,0.9795299412524943,-0.433883739117558,-0.9009688679024191
0.0,0.0,0.0,0.0,0.0,0.75,0.7431213250145878,0.5000000000000003,-0.8660254037844385,0.20129852008866006,0.9795299412524945,-0.9749279121818236,-0.2225209339563146
0.0,0.0,0.0,0.0,0.0,0.75,0.7432559809686252,0.5000000000000003,-0.8660254037844385,0.72479278722912,0.6889669190756866,0.7818314824680298,0.6234898018587336
0.0,0.0,0.0,0.0,0.0,0.75,0.7433008662866377,0.5000000000000003,-0.8660254037844385,0.8486442574947509,0.5289640103269624,0.9749279121818236,-0.22252093395631434
0.0,0.0,0.0,0.0,0.0,0.75,0.7433457516046502,0.5000000000000003,-0.8660254037844385,0.9377521321470804,0.3473052528448203,0.43388373911755823,-0.900968867902419
0.0,0.0,0.0,0.0,0.0,0.75,0.7433906369226626,0.5000000000000003,-0.8660254037844385,0.9884683243281114,0.1514277775045767,-0.433883739117558,-0.9009688679024191
0.0,0.0,0.0,0.0,0.0,0.75,0.7434355222406751,0.5000000000000003,-0.8660254037844385,0.9987165071710528,-0.05064916883871264,-0.9749279121818236,-0.2225209339563146
0.0,0.0,0.0,0.0,0.0,0.75,0.7435701781947126,0.5000000000000003,-0.8660254037844385,0.7907757369376989,-0.6121059825476626,0.7818314824680298,0.6234898018587336
0.0,0.0,0.0,0.0,0.0,0.75,0.743615063512725,0.5000000000000003,-0.8660254037844385,0.6513724827222223,-0.758758122692791,0.9749279121818236,-0.22252093395631434
0.0,0.0,0.0,0.0,0.0,0.75,0.7436599488307375,0.5000000000000003,-0.8660254037844385,0.48530196253108104,-0.8743466161445821,0.43388373911755823,-0.900968867902419
0.0,0.0,0.0,0.0,0.0,0.75,0.74370483414875,0.5000000000000003,-0.8660254037844385,0.29936312297335804,-0.9541392564000488,-0.433883739117558,-0.9009688679024191
0.009118267858341543,0.009118267858341543,0.009118267858341543,0.009118267858341543,4.787491742782046,0.75,0.7437497194667625,0.5000000000000003,-0.8660254037844385,0.10116832198743272,-0.994869323391895,-0.9749279121818236,-0.2225209339563146
-0.003637395675221829,-0.003637395675221829,-0.003637395675221829,-0.003637395675221829,0.0,0.75,0.7438843754207999,0.5000000000000003,-0.8660254037844385,-0.4853019625310808,-0.8743466161445822,0.7818314824680298,0.6234898018587336
0.0,0.0,0.0,0.0,-4.787491742782046,0.75,0.7439292607388124,0.5000000000000003,-0.8660254037844385,-0.6513724827222217,-0.7587581226927913,0.9749279121818236,-0.22252093395631434
0.0,0.0,0.0,0.0,0.0,0.75,0.7439741460568249,0.5000000000000003,-0.8660254037844385,-0.7907757369376986,-0.6121059825476627,0.43388373911755823,-0.900968867902419
0.0,0.0,0.0,0.0,0.0,0.75,0.7440190313748374,0.5000000000000003,-0.8660254037844385,-0.8978045395707417,-0.44039415155763423,-0.433883739117558,-0.9009688679024191
0.0,0.0,0.0,0.0,0.0,0.75,0.7440639166928498,0.5000000000000003,-0.8660254037844385,-0.9680771188662041,-0.2506525322587213,-0.9749279121818236,-0.2225209339563146
0.0,0.0,0.0,0.0,0.0,0.75,0.7442434579648998,0.5000000000000003,-0.8660254037844385,-0.8486442574947509,0.5289640103269624,0.9749279121818236,-0.22252093395631434
0.0,0.0,0.0,0.0,0.0,0.75,0.7442883432829122,0.5000000000000003,-0.8660254037844385,-0.7247927872291207,0.6889669190756859,0.43388373911755823,-0.900968867902419
0.0,0.0,0.0,0.0,0.0,0.75,0.7443332286009247,0.5000000000000003,-0.8660254037844385,-0.5712682150947924,0.8207634412072763,-0.433883739117558,-0.9009688679024191
0.0,0.0,0.0,0.0,0.0,0.75,0.7443781139189372,0.5000000000000003,-0.8660254037844385,-0.3943558551133187,0.9189578116202306,-0.9749279121818236,-0.2225209339563146
0.0,0.0,0.0,0.0,0.0,0.75,0.7445127698729745,1.2246467991473532e-16,-1.0,0.20129852008866006,0.9795299412524945,0.7818314824680298,0.6234898018587336
0.0,0.0,0.0,0.0,0.0,0.75,0.744557655190987,1.2246467991473532e-16,-1.0,0.39435585511331855,0.9189578116202306,0.9749279121818236,-0.22252093395631434
0.0,0.0,0.0,0.0,0.0,0.75,0.7446025405089995,1.2246467991473532e-16,-1.0,0.5712682150947923,0.8207634412072763,0.43388373911755823,-0.900968867902419
0.0,0.0,0.0,0.0,0.0,0.75,0.744647425827012,1.2246467991473532e-16,-1.0,0.72479278722912,0.6889669190756866,-0.433883739117558,-0.9009688679024191
0.0,0.0,0.0,0.0,0.0,0.75,0.7446923111450245,1.2246467991473532e-16,-1.0,0.8486442574947509,0.5289640103269624,-0.9749279121818236,-0.2225209339563146
0.0,0.0,0.0,0.0,0.0,0.75,0.7448269670990619,1.2246467991473532e-16,-1.0,0.9987165071710528,-0.05064916883871264,0.7818314824680298,0.6234898018587336
0.0,0.0,0.0,0.0,0.0,0.75,0.7448718524170744,1.2246467991473532e-16,-1.0,0.9680771188662043,-0.2506525322587204,0.9749279121818236,-0.22252093395631434
0.0,0.0,0.0,0.0,0.0,0.75,0.7449167377350869,1.2246467991473532e-16,-1.0,0.8978045395707416,-0.4403941515576344,0.43388373911755823,-0.900968867902419
0.0,0.0,0.0,0.0,0.0,0.75,0.7449616230530994,1.2246467991473532e-16,-1.0,0.7907757369376989,-0.6121059825476626,-0.433883739117558,-0.9009688679024191
0.0,0.0,0.0,0.0,0.0,0.75,0.7450065083711118,1.2246467991473532e-16,-1.0,0.6513724827222223,-0.758758122692791,-0.9749279121818236,-0.2225209339563146
0.0,0.0,0.0,0.0,0.0,0.75,0.7451411643251493,1.2246467991473532e-16,-1.0,0.10116832198743272,-0.994869323391895,0.7818314824680298,0.6234898018587336
0.0,0.0,0.0,0.0,0.0,0.75,0.7451860496431618,1.2246467991473532e-16,-1.0,-0.10116832198743204,-0.9948693233918952,0.9749279121818236,-0.22252093395631434
0.0,0.0,0.0,0.0,0.0,0.75,0.7452309349611742,1.2246467991473532e-16,-1.0,-0.29936312297335776,-0.9541392564000489,0.43388373911755823,-0.900968867902419
-0.027977479983840987,0.02060874221118971,-0.027977479983840987,0.02060874221118971,6.040254711277414,0.75,0.7452758202791867,1.2246467991473532e-16,-1.0,-0.4853019625310808,-0.8743466161445822,-0.433883739117558,-0.9009688679024191
0.04858622219503081,0.0,0.04858622219503081,0.0,-6.040254711277414,0.75,0.7453207055971992,1.2246467991473532e-16,-1.0,-0.6513724827222217,-0.7587581226927913,-0.9749279121818236,-0.2225209339563146
-0.027661054165414686,-0.027661054165414686,-0.027661054165414686,-0.027661054165414686,4.787491742782046,0.75,0.7454553615512366,1.2246467991473532e-16,-1.0,-0.9680771188662041,-0.2506525322587213,0.7818314824680298,0.6234898018587336
0.0,0.0,0.0,0.0,-4.787491742782046,0.75,0.7455002468692491,1.2246467991473532e-16,-1.0,-0.9987165071710528,-0.05064916883871355,0.9749279121818236,-0.22252093395631434
0.005489468199092434,0.005489468199092434,0.005489468199092434,0.005489468199092434,4.787491742782046,0.75,0.7455451321872616,1.2246467991473532e-16,-1.0,-0.9884683243281114,0.15142777750457667,0.43388373911755823,-0.900968867902419
-0.03799102879828361,-0.03799102879828361,-0.03799102879828361,-0.03799102879828361,-0.1823215567939546,0.75,0.7455900175052741,1.2246467991473532e-16,-1.0,-0.9377521321470804,0.3473052528448203,-0.433883739117558,-0.9009688679024191
-0.010616661122756619,-0.010616661122756619,-0.010616661122756619,-0.010616661122756619,0.0,0.75,0.7456349028232866,1.2246467991473532e-16,-1.0,-0.8486442574947509,0.5289640103269624,-0.9749279121818236,-0.2225209339563146
0.0,0.0,0.0,0.0,-4.605170185988091,0.75,0.745769558777324,1.2246467991473532e-16,-1.0,-0.3943558551133187,0.9189578116202306,0.7818314824680298,0.6234898018587336
0.0,0.0,0.0,0.0,0.0,0.75,0.7458144440953365,1.2246467991473532e-16,-1.0,-0.20129852008866114,0.9795299412524943,0.9749279121818236,-0.22252093395631434
0.0,0.0,0.0,0.0,0.0,0.75,0.745859329413349,-0.4999999999999997,-0.8660254037844388,0.20129852008866006,0.9795299412524945,0.43388373911755823,-0.900968867902419
0.0,0.0,0.0,0.0,0.0,0.75,0.7459042147313614,-0.4999999999999997,-0.8660254037844388,0.39435585511331855,0.9189578116202306,-0.433883739117558,-0.9009688679024191
-0.0257810615757647,-0.019901187892481107,-0.019901187892481107,-0.0257810615757647,5.298317366548036,0.75,0.7460837560034114,-0.4999999999999997,-0.8660254037844388,0.9377521321470804,0.3473052528448203,0.7818314824680298,0.6234898018587336
0.0,-0.005879873683283697,-0.005879873683283697,0.0,-5.298317366548036,0.75,0.7461286413214238,-0.4999999999999997,-0.8660254037844388,0.9884683243281114,0.1514277775045767,0.9749279121818236,-0.22252093395631434
0.0,0.0,0.0,0.0,0.0,0.75,0.7461735266394363,-0.4999999999999997,-0.8660254037844388,0.9987165071710528,-0.05064916883871264,0.43388373911755823,-0.900968867902419
0.0,0.0,0.0,0.0,0.0,0.75,0.7462184119574488,-0.4999999999999997,-0.8660254037844388,0.9680771188662043,-0.2506525322587204,-0.433883739117558,-0.9009688679024191
0.0,0.0,0.0,0.0,0.0,0.75,0.7462632972754613,-0.4999999999999997,-0.8660254037844388,0.8978045395707416,-0.4403941515576344,-0.9749279121818236,-0.2225209339563146
0.0,0.0,0.0,0.0,0.0,0.75,0.7463979532294986,-0.4999999999999997,-0.8660254037844388,0.48530196253108104,-0.8743466161445821,0.7818314824680298,0.6234898018587336
-0.0002809194333615806,0.009502590959714941,0.009502590959714941,-0.0002809194333615806,5.298317366548036,0.75,0.7464428385475111,-0.4999999999999997,-0.8660254037844388,0.29936312297335804,-0.9541392564000488,0.9749279121818236,-0.22252093395631434
0.0,-0.009783510393076547,-0.009783510393076547,0.0,-5.298317366548036,0.75,0.7464877238655236,-0.4999999999999997,-0.8660254037844388,0.10116832198743272,-0.994869323391895,0.43388373911755823,-0.900968867902419
0.0,0.0,0.0,0.0,0.0,0.75,0.7465326091835361,-0.4999999999999997,-0.8660254037844388,-0.10116832198743204,-0.9948693233918952,-0.433883739117558,-0.9009688679024191
0.0,0.0,0.0,0.0,0.0,0.75,0.7465774945015486,-0.4999999999999997,-0.8660254037844388,-0.29936312297335776,-0.9541392564000489,-0.9749279121818236,-0.2225209339563146
0.0,0.0,0.0,0.0,0.0,0.75,0.746712150455586,-0.4999999999999997,-0.8660254037844388,-0.7907757369376986,-0.6121059825476627,0.7818314824680298,0.6234898018587336
0.0,0.0,0.0,0.0,0.0,0.75,0.7467570357735985,-0.4999999999999997,-0.8660254037844388,-0.8978045395707417,-0.44039415155763423,0.9749279121818236,-0.22252093395631434
-0.025317791498994286,-0.025317791498994286,-0.025317791498994286,-0.025317791498994286,4.605170185988092,0.75,0.746801921091611,-0.4999999999999997,-0.8660254037844388,-0.9680771188662041,-0.2506525322587213,0.43388373911755823,-0.900968867902419
0.0,0.0,0.0,0.0,-4.605170185988091,0.75,0.7468468064096234,-0.4999999999999997,-0.8660254037844388,-0.9987165071710528,-0.05064916883871355,-0.433883739117558,-0.9009688679024191
-0.022433584153459404,-0.022433584153459404,-0.022433584153459404,-0.022433584153459404,5.298317366548036,0.75,0.7468916917276359,-0.4999999999999997,-0.8660254037844388,-0.9884683243281114,0.15142777750457667,-0.9749279121818236,-0.2225209339563146
-0.01663726911141566,-0.01663726911141566,-0.01663726911141566,-0.01663726911141566,-0.05129329438755058,0.75,0.7470263476816734,-0.4999999999999997,-0.8660254037844388,-0.7247927872291207,0.6889669190756859,0.7818314824680298,0.6234898018587336
0.0035884885986732697,0.0035884885986732697,0.0035884885986732697,0.0035884885986732697,-0.6418538861723948,0.75,0.7470712329996858,-0.4999999999999997,-0.8660254037844388,-0.5712682150947924,0.8207634412072763,0.9749279121818236,-0.22252093395631434
0.0,0.0,0.0,0.0,-4.605170185988091,0.75,0.7471161183176983,-0.4999999999999997,-0.8660254037844388,-0.3943558551133187,0.9189578116202306,0.43388373911755823,-0.900968867902419
0.0,0.0,0.0,0.0,0.0,0.75,0.7471610036357108,-0.4999999999999997,-0.8660254037844388,-0.20129852008866114,0.9795299412524943,-0.433883739117558,-0.9009688679024191
0.0,0.0,0.0,0.0,0.0,0.75,0.7472058889537233,-0.4999999999999997,-0.8660254037844388,-2.4492935982947064e-16,1.0,-0.9749279121818236,-0.2225209339563146
0.0,0.0,0.0,0.0,0.0,0.75,0.7473405449077607,-0.8660254037844385,-0.5000000000000004,0.5712682150947923,0.8207634412072763,0.7818314824680298,0.6234898018587336
0.0,0.0,0.0,0.0,0.0,0.75,0.7473854302257732,-0.8660254037844385,-0.5000000000000004,0.72479278722912,0.6889669190756866,0.9749279121818236,-0.22252093395631434
0.0,0.0,0.0,0.0,0.0,0.75,0.7474303155437857,-0.8660254037844385,-0.5000000000000004,0.8486442574947509,0.5289640103269624,0.43388373911755823,-0.900968867902419
0.0,0.0,0.0,0.0,0.0,0.75,0.7474752008617982,-0.8660254037844385,-0.5000000000000004,0.9377521321470804,0.3473052528448203,-0.433883739117558,-0.9009688679024191
0.0,0.0,0.0,0.0,0.0,0.75,0.7475200861798106,-0.8660254037844385,-0.5000000000000004,0.9884683243281114,0.1514277775045767,-0.9749279121818236,-0.2225209339563146
0.0,0.0,0.0,0.0,0.0,0.75,0.7476547421338481,-0.8660254037844385,-0.5000000000000004,0.8978045395707416,-0.4403941515576344,0.7818314824680298,0.6234898018587336
0.0,0.0,0.0,0.0,0.0,0.75,0.7476996274518606,-0.8660254037844385,-0.5000000000000004,0.7907757369376989,-0.6121059825476626,0.9749279121818236,-0.22252093395631434
0.0,0.0,0.0,0.0,0.0,0.75,0.747744512769873,-0.8660254037844385,-0.5000000000000004,0.6513724827222223,-0.758758122692791,0.43388373911755823,-0.900968867902419
0.0,0.0,0.0,0.0,0.0,0.75,0.7477893980878855,-0.8660254037844385,-0.5000000000000004,0.48530196253108104,-0.8743466161445821,-0.433883739117558,-0.9009688679024191
0.0,0.0,0.0,0.0,0.0,0.75,0.747834283405898,-0.8660254037844385,-0.5000000000000004,0.29936312297335804,-0.9541392564000488,-0.9749279121818236,-0.2225209339563146
0.0,0.0,0.0,0.0,0.0,0.75,0.7479689393599355,-0.8660254037844385,-0.5000000000000004,-0.29936312297335776,-0.9541392564000489,0.7818314824680298,0.6234898018587336
0.0,0.0,0.0,0.0,0.0,0.75,0.7480138246779479,-0.8660254037844385,-0.5000000000000004,-0.4853019625310808,-0.8743466161445822,0.9749279121818236,-0.22252093395631434
0.0,0.0,0.0,0.0,0.0,0.75,0.7480587099959604,-0.8660254037844385,-0.5000000000000004,-0.6513724827222217,-0.7587581226927913,0.43388373911755823,-0.900968867902419
0.0,0.0,0.0,0.0,0.0,0.75,0.7481035953139729,-0.8660254037844385,-0.5000000000000004,-0.7907757369376986,-0.6121059825476627,-0.433883739117558,-0.9009688679024191
0.031151544841263278,0.031151544841263278,0.031151544841263278,0.031151544841263278,5.298317366548036,0.75,0.7481484806319854,-0.8660254037844385,-0.5000000000000004,-0.8978045395707417,-0.44039415155763423,-0.9749279121818236,-0.2225209339563146
0.0,0.0,0.0,0.0,-5.298317366548036,0.75,0.7482831365860227,-0.8660254037844385,-0.5000000000000004,-0.9884683243281114,0.15142777750457667,0.7818314824680298,0.6234898018587336
0.0,0.0,0.0,0.0,0.0,0.75,0.7483280219040352,-0.8660254037844385,-0.5000000000000004,-0.9377521321470804,0.3473052528448203,0.9749279121818236,-0.22252093395631434
0.0,0.0,0.0,0.0,0.0,0.75,0.7483729072220477,-0.8660254037844385,-0.5000000000000004,-0.8486442574947509,0.5289640103269624,0.43388373911755823,-0.900968867902419
-0.09748270442526101,-0.09748270442526101,-0.09748270442526101,-0.09748270442526101,6.396929655216146,0.75,0.7484177925400602,-0.8660254037844385,-0.5000000000000004,-0.7247927872291207,0.6889669190756859,-0.433883739117558,-0.9009688679024191
0.0,0.0,0.0,0.0,-6.396929655216146,0.75,0.7484626778580726,-0.8660254037844385,-0.5000000000000004,-0.5712682150947924,0.8207634412072763,-0.9749279121818236,-0.2225209339563146
0.0,0.0,0.0,0.0,0.0,0.75,0.7485973338121101,-0.8660254037844385,-0.5000000000000004,-2.4492935982947064e-16,1.0,0.7818314824680298,0.6234898018587336
0.0,0.0,0.0,0.0,0.0,0.75,0.7486422191301226,-1.0,-1.8369701987210297e-16,0.20129852008866006,0.9795299412524945,0.9749279121818236,-0.22252093395631434
0.0,0.0,0.0,0.0,0.0,0.75,0.748687104448135,-1.0,-1.8369701987210297e-16,0.39435585511331855,0.9189578116202306,0.43388373911755823,-0.900968867902419
0.0,0.0,0.0,0.0,0.0,0.75,0.7487319897661475,-1.0,-1.8369701987210297e-16,0.5712682150947923,0.8207634412072763,-0.433883739117558,-0.9009688679024191
0.0,0.0,0.0,0.0,0.0,0.75,0.74877687508416,-1.0,-1.8369701987210297e-16,0.72479278722912,0.6889669190756866,-0.9749279121818236,-0.2225209339563146
0.0,0.0,0.0,0.0,0.0,0.75,0.7489564163562099,-1.0,-1.8369701987210297e-16,0.9987165071710528,-0.05064916883871264,0.9749279121818236,-0.22252093395631434
0.0,0.0,0.0,0.0,0.0,0.75,0.7490013016742224,-1.0,-1.8369701987210297e-16,0.9680771188662043,-0.2506525322587204,0.43388373911755823,-0.900968867902419
0.0,0.0,0.0,0.0,0.0,0.75,0.7490461869922349,-1.0,-1.8369701987210297e-16,0.8978045395707416,-0.4403941515576344,-0.433883739117558,-0.9009688679024191
0.0,0.0,0.0,0.0,0.0,0.75,0.7490910723102474,-1.0,-1.8369701987210297e-16,0.7907757369376989,-0.6121059825476626,-0.9749279121818236,-0.2225209339563146
0.0,0.0,0.0,0.0,0.0,0.75,0.7492257282642848,-1.0,-1.8369701987210297e-16,0.29936312297335804,-0.9541392564000488,0.7818314824680298,0.6234898018587336
0.0,0.0,0.0,0.0,0.0,0.75,0.7492706135822973,-1.0,-1.8369701987210297e-16,0.10116832198743272,-0.994869323391895,0.9749279121818236,-0.22252093395631434
0.0648375301355685,0.0648375301355685,0.0648375301355685,0.0648375301355685,5.5134287461649825,0.75,0.7493154989003098,-1.0,-1.8369701987210297e-16,-0.10116832198743204,-0.9948693233918952,0.43388373911755823,-0.900968867902419
0.0,0.0,0.0,0.0,-5.5134287461649825,0.75,0.7493603842183222,-1.0,-1.8369701987210297e-16,-0.29936312297335776,-0.9541392564000489,-0.433883739117558,-0.9009688679024191
0.0,0.0,0.0,0.0,0.0,0.75,0.7494052695363347,-1.0,-1.8369701987210297e-16,-0.4853019625310808,-0.8743466161445822,-0.9749279121818236,-0.2225209339563146
0.028876476831499947,0.028876476831499947,0.028876476831499947,0.028876476831499947,4.867534450455582,0.75,0.7495399254903722,-1.0,-1.8369701987210297e-16,-0.8978045395707417,-0.44039415155763423,0.7818314824680298,0.6234898018587336
0.0,0.0,0.0,0.0,-4.867534450455582,0.75,0.7495848108083846,-1.0,-1.8369701987210297e-16,-0.9680771188662041,-0.2506525322587213,0.9749279121818236,-0.22252093395631434
0.0,0.0,0.0,0.0,0.0,0.75,0.7496296961263971,-1.0,-1.8369701987210297e-16,-0.9987165071710528,-0.05064916883871355,0.43388373911755823,-0.900968867902419
-0.1558949062565712,-0.1558949062565712,-0.1558949062565712,-0.1558949062565712,4.605170185988092,0.75,0.7496745814444096,-1.0,-1.8369701987210297e-16,-0.9884683243281114,0.15142777750457667,-0.433883739117558,-0.9009688679024191
0.0,0.0,0.0,0.0,-4.605170185988091,0.75,0.7497194667624221,-1.0,-1.8369701987210297e-16,-0.9377521321470804,0.3473052528448203,-0.9749279121818236,-0.2225209339563146
0.0,0.0,0.0,0.0,0.0,0.75,0.7498541227164595,-1.0,-1.8369701987210297e-16,-0.5712682150947924,0.8207634412072763,0.7818314824680298,0.6234898018587336
0.0,0.0,0.0,0.0,0.0,0.75,0.749899008034472,-1.0,-1.8369701987210297e-16,-0.3943558551133187,0.9189578116202306,0.9749279121818236,-0.22252093395631434
0.0,0.0,0.0,0.0,0.0,0.75,0.7499438933524845,-1.0,-1.8369701987210297e-16,-0.20129852008866114,0.9795299412524943,0.43388373911755823,-0.900968867902419
0.0,0.0,0.0,0.0,0.0,0.75,0.749988778670497,-0.866025403784439,0.49999999999999933,0.20129852008866006,0.9795299412524945,-0.433883739117558,-0.9009688679024191
0.0,0.0,0.0,0.0,0.0,0.75,0.7500336639885095,-0.866025403784439,0.49999999999999933,0.39435585511331855,0.9189578116202306,-0.9749279121818236,-0.2225209339563146
0.0,0.0,0.0,0.0,0.0,0.75,0.7501683199425468,-0.866025403784439,0.49999999999999933,0.8486442574947509,0.5289640103269624,0.7818314824680298,0.6234898018587336
0.0,0.0,0.0,0.0,0.0,0.75,0.7502132052605593,-0.866025403784439,0.49999999999999933,0.9377521321470804,0.3473052528448203,0.9749279121818236,-0.22252093395631434
0.0,0.0,0.0,0.0,0.0,0.75,0.7502580905785718,-0.866025403784439,0.49999999999999933,0.9884683243281114,0.1514277775045767,0.43388373911755823,-0.900968867902419
0.0,0.0,0.0,0.0,0.0,0.75,0.7503029758965842,-0.866025403784439,0.49999999999999933,0.9987165071710528,-0.05064916883871264,-0.433883739117558,-0.9009688679024191
0.11800938270387988,0.11800938270387988,0.11800938270387988,0.11800938270387988,4.605170185988092,0.75,0.7503478612145967,-0.866025403784439,0.49999999999999933,0.9680771188662043,-0.2506525322587204,-0.9749279121818236,-0.2225209339563146
-0.022884292768089464,-0.022884292768089464,-0.022884292768089464,-0.022884292768089464,0.0,0.75,0.7504825171686342,-0.866025403784439,0.49999999999999933,0.6513724827222223,-0.758758122692791,0.7818314824680298,0.6234898018587336
0.0,0.0,0.0,0.0,-4.605170185988091,0.75,0.7505274024866466,-0.866025403784439,0.49999999999999933,0.48530196253108104,-0.8743466161445821,0.9749279121818236,-0.22252093395631434
0.0,0.0,0.0,0.0,0.0,0.75,0.7505722878046591,-0.866025403784439,0.49999999999999933,0.29936312297335804,-0.9541392564000488,0.43388373911755823,-0.900968867902419
0.0,0.0,0.0,0.0,0.0,0.75,0.7506171731226716,-0.866025403784439,0.49999999999999933,0.10116832198743272,-0.994869323391895,-0.433883739117558,-0.9009688679024191
0.0,0.0,0.0,0.0,0.0,0.75,0.7506620584406841,-0.866025403784439,0.49999999999999933,-0.10116832198743204,-0.9948693233918952,-0.9749279121818236,-0.2225209339563146
0.0,0.0,0.0,0.0,0.0,0.75,0.7507967143947215,-0.866025403784439,0.49999999999999933,-0.6513724827222217,-0.7587581226927913,0.7818314824680298,0.6234898018587336
0.0,0.0,0.0,0.0,0.0,0.75,0.750841599712734,-0.866025403784439,0.49999999999999933,-0.7907757369376986,-0.6121059825476627,0.9749279121818236,-0.22252093395631434
0.0,0.0,0.0,0.0,0.0,0.75,0.7508864850307465,-0.866025403784439,0.49999999999999933,-0.8978045395707417,-0.44039415155763423,0.43388373911755823,-0.900968867902419
0.0,0.0,0.0,0.0,0.0,0.75,0.750931370348759,-0.866025403784439,0.49999999999999933,-0.9680771188662041,-0.2506525322587213,-0.433883739117558,-0.9009688679024191
0.0,0.0,0.0,0.0,0.0,0.75,0.7509762556667714,-0.866025403784439,0.49999999999999933,-0.9987165071710528,-0.05064916883871355,-0.9749279121818236,-0.2225209339563146
0.0,0.0,0.0,0.0,0.0,0.75,0.7511109116208089,-0.866025403784439,0.49999999999999933,-0.8486442574947509,0.5289640103269624,0.7818314824680298,0.6234898018587336
0.0,0.0,0.0,0.0,0.0,0.75,0.7511557969388214,-0.866025403784439,0.49999999999999933,-0.7247927872291207,0.6889669190756859,0.9749279121818236,-0.22252093395631434
0.0,0.0,0.0,0.0,0.0,0.75,0.7512006822568338,-0.866025403784439,0.49999999999999933,-0.5712682150947924,0.8207634412072763,0.43388373911755823,-0.900968867902419
0.0,0.0,0.0,0.0,0.0,0.75,0.7512455675748463,-0.866025403784439,0.49999999999999933,-0.3943558551133187,0.9189578116202306,-0.433883739117558,-0.9009688679024191
0.0,0.0,0.0,0.0,0.0,0.75,0.7512904528928588,-0.866025403784439,0.49999999999999933,-0.20129852008866114,0.9795299412524943,-0.9749279121818236,-0.2225209339563146
0.0,0.0,0.0,0.0,0.0,0.75,0.7514251088468963,-0.5000000000000012,0.8660254037844379,0.39435585511331855,0.9189578116202306,0.7818314824680298,0.6234898018587336
0.0,0.0,0.0,0.0,0.0,0.75,0.7514699941649087,-0.5000000000000012,0.8660254037844379,0.5712682150947923,0.8207634412072763,0.9749279121818236,-0.22252093395631434
0.0,0.0,0.0,0.0,0.0,0.75,0.7515148794829212,-0.5000000000000012,0.8660254037844379,0.72479278722912,0.6889669190756866,0.43388373911755823,-0.900968867902419
0.0,0.0,0.0,0.0,0.0,0.75,0.7515597648009337,-0.5000000000000012,0.8660254037844379,0.8486442574947509,0.5289640103269624,-0.433883739117558,-0.9009688679024191
0.0,0.0,0.0,0.0,0.0,0.75,0.7516046501189462,-0.5000000000000012,0.8660254037844379,0.9377521321470804,0.3473052528448203,-0.9749279121818236,-0.2225209339563146
0.0,0.0,0.0,0.0,0.0,0.75,0.7517393060729836,-0.5000000000000012,0.8660254037844379,0.9680771188662043,-0.2506525322587204,0.7818314824680298,0.6234898018587336
0.0,0.0,0.0,0.0,0.0,0.75,0.7517841913909961,-0.5000000000000012,0.8660254037844379,0.8978045395707416,-0.4403941515576344,0.9749279121818236,-0.22252093395631434
0.0,0.0,0.0,0.0,0.0,0.75,0.7518290767090086,-0.5000000000000012,0.8660254037844379,0.7907757369376989,-0.6121059825476626,0.43388373911755823,-0.900968867902419
-0.09580415789209117,-0.09580415789209117,-0.09580415789209117,-0.09580415789209117,5.298317366548036,0.75,0.7518739620270211,-0.5000000000000012,0.8660254037844379,0.6513724827222223,-0.758758122692791,-0.433883739117558,-0.9009688679024191
0.0,0.0,0.0,0.0,-5.298317366548036,0.75,0.7519188473450334,-0.5000000000000012,0.8660254037844379,0.48530196253108104,-0.8743466161445821,-0.9749279121818236,-0.2225209339563146
0.0,0.0,0.0,0.0,0.0,0.75,0.752053503299071,-0.5000000000000012,0.8660254037844379,-0.10116832198743204,-0.9948693233918952,0.7818314824680298,0.6234898018587336
-0.0051081199042426985,-0.0051081199042426985,-0.0051081199042426985,-0.0051081199042426985,4.605170185988092,0.75,0.7520983886170834,-0.5000000000000012,0.8660254037844379,-0.29936312297335776,-0.9541392564000489,0.9749279121818236,-0.22252093395631434
0.0,0.0,0.0,0.0,-4.605170185988091,0.75,0.7521432739350958,-0.5000000000000012,0.8660254037844379,-0.4853019625310808,-0.8743466161445822,0.43388373911755823,-0.900968867902419
0.0,0.0,0.0,0.0,0.0,0.75,0.7521881592531083,-0.5000000000000012,0.8660254037844379,-0.6513724827222217,-0.7587581226927913,-0.433883739117558,-0.9009688679024191
0.0,0.0,0.0,0.0,0.0,0.75,0.7522330445711208,-0.5000000000000012,0.8660254037844379,-0.7907757369376986,-0.6121059825476627,-0.9749279121818236,-0.2225209339563146
0.0,0.0,0.0,0.0,0.0,0.75,0.7523677005251582,-0.5000000000000012,0.8660254037844379,-0.9987165071710528,-0.05064916883871355,0.7818314824680298,0.6234898018587336
0.0,0.0,0.0,0.0,0.0,0.75,0.7524125858431707,-0.5000000000000012,0.8660254037844379,-0.9884683243281114,0.15142777750457667,0.9749279121818236,-0.22252093395631434
0.0,0.0,0.0,0.0,0.0,0.75,0.7524574711611832,-0.5000000000000012,0.8660254037844379,-0.9377521321470804,0.3473052528448203,0.43388373911755823,-0.900968867902419
0.0,0.0,0.0,0.0,0.0,0.75,0.7525472417972082,-0.5000000000000012,0.8660254037844379,-0.7247927872291207,0.6889669190756859,-0.9749279121818236,-0.2225209339563146
0.0,0.0,0.0,0.0,0.0,0.75,0.7526818977512456,-0.5000000000000012,0.8660254037844379,-0.20129852008866114,0.9795299412524943,0.7818314824680298,0.6234898018587336
0.0,0.0,0.0,0.0,0.0,0.75,0.7527267830692581,-2.4492935982947064e-16,1.0,0.20129852008866006,0.9795299412524945,0.9749279121818236,-0.22252093395631434
-0.05762047792500646,-0.041476602181841564,-0.041476602181841564,-0.05762047792500646,5.703782474656201,0.75,0.7527716683872706,-2.4492935982947064e-16,1.0,0.39435585511331855,0.9189578116202306,0.43388373911755823,-0.900968867902419
0.0018067265642628442,-0.01433714917890209,-0.01433714917890209,0.0018067265642628442,-0.10536051565782628,0.75,0.752816553705283,-2.4492935982947064e-16,1.0,0.5712682150947923,0.8207634412072763,-0.433883739117558,-0.9009688679024191
0.0,0.0,0.0,0.0,-5.598421958998375,0.75,0.7528614390232955,-2.4492935982947064e-16,1.0,0.72479278722912,0.6889669190756866,-0.9749279121818236,-0.2225209339563146
0.0,0.0,0.0,0.0,0.0,0.75,0.752996094977333,-2.4492935982947064e-16,1.0,0.9884683243281114,0.1514277775045767,0.7818314824680298,0.6234898018587336
0.0,0.0,0.0,0.0,0.0,0.75,0.7530409802953455,-2.4492935982947064e-16,1.0,0.9987165071710528,-0.05064916883871264,0.9749279121818236,-0.22252093395631434
0.0,0.0,0.0,0.0,0.0,0.75,0.7530858656133579,-2.4492935982947064e-16,1.0,0.9680771188662043,-0.2506525322587204,0.43388373911755823,-0.900968867902419
0.0,0.0,0.0,0.0,0.0,0.75,0.7531307509313704,-2.4492935982947064e-16,1.0,0.8978045395707416,-0.4403941515576344,-0.433883739117558,-0.9009688679024191
0.0,0.0,0.0,0.0,0.0,0.75,0.7531756362493829,-2.4492935982947064e-16,1.0,0.7907757369376989,-0.6121059825476626,-0.9749279121818236,-0.2225209339563146
0.0,0.0,0.0,0.0,0.0,0.75,0.7533102922034203,-2.4492935982947064e-16,1.0,0.29936312297335804,-0.9541392564000488,0.7818314824680298,0.6234898018587336
0.0,0.0,0.0,0.0,0.0,0.75,0.7533551775214328,-2.4492935982947064e-16,1.0,0.10116832198743272,-0.994869323391895,0.9749279121818236,-0.22252093395631434
0.0,0.0,0.0,0.0,0.0,0.75,0.7534000628394453,-2.4492935982947064e-16,1.0,-0.10116832198743204,-0.9948693233918952,0.43388373911755823,-0.900968867902419
0.0,0.0,0.0,0.0,0.0,0.75,0.7534449481574578,-2.4492935982947064e-16,1.0,-0.29936312297335776,-0.9541392564000489,-0.433883739117558,-0.9009688679024191
0.0,0.0,0.0,0.0,0.0,0.75,0.7534898334754703,-2.4492935982947064e-16,1.0,-0.4853019625310808,-0.8743466161445822,-0.9749279121818236,-0.2225209339563146
0.0,0.0,0.0,0.0,0.0,0.75,0.7536244894295077,-2.4492935982947064e-16,1.0,-0.8978045395707417,-0.44039415155763423,0.7818314824680298,0.6234898018587336
-0.011984887021117536,-0.005429932830212032,-0.011984887021117536,-0.005429932830212032,5.298317366548036,0.75,0.7536693747475202,-2.4492935982947064e-16,1.0,-0.9680771188662041,-0.2506525322587213,0.9749279121818236,-0.22252093395631434
0.006554954190905593,0.0,0.006554954190905593,0.0,-5.298317366548036,0.75,0.7537142600655327,-2.4492935982947064e-16,1.0,-0.9987165071710528,-0.05064916883871355,0.43388373911755823,-0.900968867902419
0.0,0.0,0.0,0.0,0.0,0.75,0.753759145383545,-2.4492935982947064e-16,1.0,-0.9884683243281114,0.15142777750457667,-0.433883739117558,-0.9009688679024191
0.0,0.0,0.0,0.0,0.0,0.75,0.753938686655595,-2.4492935982947064e-16,1.0,-0.5712682150947924,0.8207634412072763,0.7818314824680298,0.6234898018587336
0.0,0.0,0.0,0.0,0.0,0.75,0.7539835719736074,-2.4492935982947064e-16,1.0,-0.3943558551133187,0.9189578116202306,0.9749279121818236,-0.22252093395631434
0.0,0.0,0.0,0.0,0.0,0.75,0.7540284572916199,-2.4492935982947064e-16,1.0,-0.20129852008866114,0.9795299412524943,0.43388373911755823,-0.900968867902419
0.0,0.0,0.0,0.0,0.0,0.75,0.7540733426096324,-2.4492935982947064e-16,1.0,-2.4492935982947064e-16,1.0,-0.433883739117558,-0.9009688679024191
0.0,0.0,0.0,0.0,0.0,0.7666666666666666,0.7542528838816823,0.49999999999999994,0.8660254037844387,0.72479278722912,0.6889669190756866,0.7818314824680298,0.6234898018587336
0.0,0.0,0.0,0.0,0.0,0.7666666666666666,0.7542977691996948,0.49999999999999994,0.8660254037844387,0.8486442574947509,0.5289640103269624,0.9749279121818236,-0.22252093395631434
-0.1230600400088422,-0.1230600400088422,-0.1230600400088422,-0.1230600400088422,4.605170185988092,0.7666666666666666,0.7543426545177073,0.49999999999999994,0.8660254037844387,0.9377521321470804,0.3473052528448203,0.43388373911755823,-0.900968867902419
0.0,0.0,0.0,0.0,-4.605170185988091,0.7666666666666666,0.7543875398357198,0.49999999999999994,0.8660254037844387,0.9884683243281114,0.1514277775045767,-0.433883739117558,-0.9009688679024191
0.0,0.0,0.0,0.0,0.0,0.7666666666666666,0.7544324251537322,0.49999999999999994,0.8660254037844387,0.9987165071710528,-0.05064916883871264,-0.9749279121818236,-0.2225209339563146
0.0,0.0,0.0,0.0,0.0,0.7666666666666666,0.7545670811077697,0.49999999999999994,0.8660254037844387,0.7907757369376989,-0.6121059825476626,0.7818314824680298,0.6234898018587336
0.0,0.0,0.0,0.0,0.0,0.7666666666666666,0.7546119664257822,0.49999999999999994,0.8660254037844387,0.6513724827222223,-0.758758122692791,0.9749279121818236,-0.22252093395631434
0.0,0.0,0.0,0.0,0.0,0.7666666666666666,0.7546568517437946,0.49999999999999994,0.8660254037844387,0.48530196253108104,-0.8743466161445821,0.43388373911755823,-0.900968867902419
0.0,0.0,0.0,0.0,0.0,0.7666666666666666,0.7547017370618071,0.49999999999999994,0.8660254037844387,0.29936312297335804,-0.9541392564000488,-0.433883739117558,-0.9009688679024191
0.0,0.0,0.0,0.0,0.0,0.7666666666666666,0.7547466223798196,0.49999999999999994,0.8660254037844387,0.10116832198743272,-0.994869323391895,-0.9749279121818236,-0.2225209339563146
0.0,0.0,0.0,0.0,0.0,0.7666666666666666,0.7549261636518695,0.49999999999999994,0.8660254037844387,-0.6513724827222217,-0.7587581226927913,0.9749279121818236,-0.22252093395631434
0.0,0.0,0.0,0.0,0.0,0.7666666666666666,0.754971048969882,0.49999999999999994,0.8660254037844387,-0.7907757369376986,-0.6121059825476627,0.43388373911755823,-0.900968867902419
0.0,0.0,0.0,0.0,0.0,0.7666666666666666,0.7550159342878945,0.49999999999999994,0.8660254037844387,-0.8978045395707417,-0.44039415155763423,-0.433883739117558,-0.9009688679024191
0.0,0.0,0.0,0.0,0.0,0.7666666666666666,0.755060819605907,0.49999999999999994,0.8660254037844387,-0.9680771188662041,-0.2506525322587213,-0.9749279121818236,-0.2225209339563146
0.0,0.0,0.0,0.0,0.0,0.7666666666666666,0.7551954755599444,0.49999999999999994,0.8660254037844387,-0.9377521321470804,0.3473052528448203,0.7818314824680298,0.6234898018587336
0.0,0.0,0.0,0.0,0.0,0.7666666666666666,0.7552403608779569,0.49999999999999994,0.8660254037844387,-0.8486442574947509,0.5289640103269624,0.9749279121818236,-0.22252093395631434
0.0,0.0,0.0,0.0,0.0,0.7666666666666666,0.7552852461959694,0.49999999999999994,0.8660254037844387,-0.7247927872291207,0.6889669190756859,0.43388373911755823,-0.900968867902419
0.0,0.0,0.0,0.0,0.0,0.7666666666666666,0.7553301315139819,0.49999999999999994,0.8660254037844387,-0.5712682150947924,0.8207634412072763,-0.433883739117558,-0.9009688679024191
0.0,0.0,0.0,0.0,0.0,0.7666666666666666,0.7553750168319943,0.49999999999999994,0.8660254037844387,-0.3943558551133187,0.9189578116202306,-0.9749279121818236,-0.2225209339563146
0.0,0.0,0.0,0.0,0.0,0.7666666666666666,0.7555096727860318,0.8660254037844386,0.5000000000000001,0.20129852008866006,0.9795299412524945,0.7818314824680298,0.6234898018587336
0.0,0.0,0.0,0.0,0.0,0.7666666666666666,0.7555545581040443,0.8660254037844386,0.5000000000000001,0.39435585511331855,0.9189578116202306,0.9749279121818236,-0.22252093395631434
0.0,0.0,0.0,0.0,0.0,0.7666666666666666,0.7555994434220566,0.8660254037844386,0.5000000000000001,0.5712682150947923,0.8207634412072763,0.43388373911755823,-0.900968867902419
0.0,0.0,0.0,0.0,0.0,0.7666666666666666,0.7556443287400691,0.8660254037844386,0.5000000000000001,0.72479278722912,0.6889669190756866,-0.433883739117558,-0.9009688679024191
0.0,0.0,0.0,0.0,0.0,0.7666666666666666,0.7556892140580816,0.8660254037844386,0.5000000000000001,0.8486442574947509,0.5289640103269624,-0.9749279121818236,-0.2225209339563146
0.0,0.0,0.0,0.0,0.0,0.7666666666666666,0.755823870012119,0.8660254037844386,0.5000000000000001,0.9987165071710528,-0.05064916883871264,0.7818314824680298,0.6234898018587336
0.0,0.0,0.0,0.0,0.0,0.7666666666666666,0.7558687553301315,0.8660254037844386,0.5000000000000001,0.9680771188662043,-0.2506525322587204,0.9749279121818236,-0.22252093395631434
0.0,0.0,0.0,0.0,0.0,0.7666666666666666,0.755913640648144,0.8660254037844386,0.5000000000000001,0.8978045395707416,-0.4403941515576344,0.43388373911755823,-0.900968867902419
0.0,0.0,0.0,0.0,0.0,0.7666666666666666,0.7559585259661565,0.8660254037844386,0.5000000000000001,0.7907757369376989,-0.6121059825476626,-0.433883739117558,-0.9009688679024191
-0.08656366742586943,-0.08587012486285696,-0.08587012486285696,-0.08656366742586943,9.514363204016016,0.7666666666666666,0.756003411284169,0.8660254037844386,0.5000000000000001,0.6513724827222223,-0.758758122692791,-0.9749279121818236,-0.2225209339563146
0.0,-0.0006935425630124435,-0.0006935425630124435,0.0,-9.514363204016016,0.7666666666666666,0.7561829525562189,0.8660254037844386,0.5000000000000001,-0.10116832198743204,-0.9948693233918952,0.9749279121818236,-0.22252093395631434
0.0,0.0,0.0,0.0,0.0,0.7666666666666666,0.7562278378742314,0.8660254037844386,0.5000000000000001,-0.29936312297335776,-0.9541392564000489,0.43388373911755823,-0.900968867902419
0.0,0.0,0.0,0.0,0.0,0.7666666666666666,0.7562727231922438,0.8660254037844386,0.5000000000000001,-0.4853019625310808,-0.8743466161445822,-0.433883739117558,-0.9009688679024191
0.0,0.0,0.0,0.0,0.0,0.7666666666666666,0.7563176085102563,0.8660254037844386,0.5000000000000001,-0.6513724827222217,-0.7587581226927913,-0.9749279121818236,-0.2225209339563146
0.0,0.0,0.0,0.0,0.0,0.7666666666666666,0.7564522644642938,0.8660254037844386,0.5000000000000001,-0.9680771188662041,-0.2506525322587213,0.7818314824680298,0.6234898018587336
0.0,0.0,0.0,0.0,0.0,0.7666666666666666,0.7564971497823063,0.8660254037844386,0.5000000000000001,-0.9987165071710528,-0.05064916883871355,0.9749279121818236,-0.22252093395631434
0.0,0.0,0.0,0.0,0.0,0.7666666666666666,0.7565420351003187,0.8660254037844386,0.5000000000000001,-0.9884683243281114,0.15142777750457667,0.43388373911755823,-0.900968867902419
0.0,0.0,0.0,0.0,0.0,0.7666666666666666,0.7565869204183312,0.8660254037844386,0.5000000000000001,-0.9377521321470804,0.3473052528448203,-0.433883739117558,-0.9009688679024191
0.0,0.0,0.0,0.0,0.0,0.7666666666666666,0.7566318057363437,0.8660254037844386,0.5000000000000001,-0.8486442574947509,0.5289640103269624,-0.9749279121818236,-0.2225209339563146
0.0,0.0,0.0,0.0,0.0,0.7666666666666666,0.7567664616903811,0.8660254037844386,0.5000000000000001,-0.3943558551133187,0.9189578116202306,0.7818314824680298,0.6234898018587336
0.0,0.0,0.0,0.0,0.0,0.7666666666666666,0.7568113470083936,1.0,6.123233995736766e-17,0.20129852008866006,0.9795299412524945,0.9749279121818236,-0.22252093395631434
0.0,0.0,0.0,0.0,0.0,0.7666666666666666,0.7568562323264061,1.0,6.123233995736766e-17,0.39435585511331855,0.9189578116202306,0.43388373911755823,-0.900968867902419
0.13308367594272752,0.14089007220116065,0.14089007220116065,0.13308367594272752,5.991464547107982,0.7666666666666666,0.7569011176444186,1.0,6.123233995736766e-17,0.5712682150947923,0.8207634412072763,-0.433883739117558,-0.9009688679024191
0.0,-0.007806396258433195,-0.007806396258433195,0.0,-5.991464547107982,0.7666666666666666,0.7569460029624311,1.0,6.123233995736766e-17,0.72479278722912,0.6889669190756866,-0.9749279121818236,-0.2225209339563146
0.0,0.0,0.0,0.0,0.0,0.7666666666666666,0.7570806589164685,1.0,6.123233995736766e-17,0.9884683243281114,0.1514277775045767,0.7818314824680298,0.6234898018587336
0.0,0.0,0.0,0.0,0.0,0.7666666666666666,0.757125544234481,1.0,6.123233995736766e-17,0.9987165071710528,-0.05064916883871264,0.9749279121818236,-0.22252093395631434
0.0,0.0,0.0,0.0,0.0,0.7666666666666666,0.7571704295524935,1.0,6.123233995736766e-17,0.9680771188662043,-0.2506525322587204,0.43388373911755823,-0.900968867902419
0.0,0.0,0.0,0.0,0.0,0.7666666666666666,0.7572153148705059,1.0,6.123233995736766e-17,0.8978045395707416,-0.4403941515576344,-0.433883739117558,-0.9009688679024191
0.0,0.0,0.0,0.0,0.0,0.7666666666666666,0.7572602001885184,1.0,6.123233995736766e-17,0.7907757369376989,-0.6121059825476626,-0.9749279121818236,-0.2225209339563146
0.0,0.0,0.0,0.0,0.0,0.7666666666666666,0.7573948561425559,1.0,6.123233995736766e-17,0.29936312297335804,-0.9541392564000488,0.7818314824680298,0.6234898018587336
0.0,0.0,0.0,0.0,0.0,0.7666666666666666,0.7574397414605682,1.0,6.123233995736766e-17,0.10116832198743272,-0.994869323391895,0.9749279121818236,-0.22252093395631434
0.0,0.0,0.0,0.0,0.0,0.7666666666666666,0.7574846267785807,1.0,6.123233995736766e-17,-0.10116832198743204,-0.9948693233918952,0.43388373911755823,-0.900968867902419
0.0,0.0,0.0,0.0,0.0,0.7666666666666666,0.7575295120965932,1.0,6.123233995736766e-17,-0.29936312297335776,-0.9541392564000489,-0.433883739117558,-0.9009688679024191
0.0,0.0,0.0,0.0,0.0,0.7666666666666666,0.7575743974146057,1.0,6.123233995736766e-17,-0.4853019625310808,-0.8743466161445822,-0.9749279121818236,-0.2225209339563146
0.0,0.0,0.0,0.0,0.0,0.7666666666666666,0.7577090533686431,1.0,6.123233995736766e-17,-0.8978045395707417,-0.44039415155763423,0.7818314824680298,0.6234898018587336
0.0,0.0,0.0,0.0,0.0,0.7666666666666666,0.7577539386866556,1.0,6.123233995736766e-17,-0.9680771188662041,-0.2506525322587213,0.9749279121818236,-0.22252093395631434
0.0,0.0,0.0,0.0,0.0,0.7666666666666666,0.7577988240046681,1.0,6.123233995736766e-17,-0.9987165071710528,-0.05064916883871355,0.43388373911755823,-0.900968867902419
0.0,0.0,0.0,0.0,0.0,0.7666666666666666,0.7578437093226806,1.0,6.123233995736766e-17,-0.9884683243281114,0.15142777750457667,-0.433883739117558,-0.9009688679024191
0.0,0.0,0.0,0.0,0.0,0.7666666666666666,0.7580232505947305,1.0,6.123233995736766e-17,-0.5712682150947924,0.8207634412072763,0.7818314824680298,0.6234898018587336
0.0,0.0,0.0,0.0,0.0,0.7666666666666666,0.758068135912743,1.0,6.123233995736766e-17,-0.3943558551133187,0.9189578116202306,0.9749279121818236,-0.22252093395631434
0.0,0.0,0.0,0.0,0.0,0.7666666666666666,0.7581130212307555,1.0,6.123233995736766e-17,-0.20129852008866114,0.9795299412524943,0.43388373911755823,-0.900968867902419
0.0,0.0,0.0,0.0,0.0,0.7666666666666666,0.7581579065487679,1.0,6.123233995736766e-17,-2.4492935982947064e-16,1.0,-0.433883739117558,-0.9009688679024191
0.0,0.0,0.0,0.0,0.0,0.7666666666666666,0.7582027918667804,0.8660254037844387,-0.4999999999999998,0.20129852008866006,0.9795299412524945,-0.9749279121818236,-0.2225209339563146
0.0,0.0,0.0,0.0,0.0,0.7666666666666666,0.7583374478208179,0.8660254037844387,-0.4999999999999998,0.72479278722912,0.6889669190756866,0.7818314824680298,0.6234898018587336
0.0,0.0,0.0,0.0,0.0,0.7666666666666666,0.7583823331388303,0.8660254037844387,-0.4999999999999998,0.8486442574947509,0.5289640103269624,0.9749279121818236,-0.22252093395631434
0.0,0.0,0.0,0.0,0.0,0.7666666666666666,0.7584272184568428,0.8660254037844387,-0.4999999999999998,0.9377521321470804,0.3473052528448203,0.43388373911755823,-0.900968867902419
0.0,0.0,0.0,0.0,0.0,0.7666666666666666,0.7584721037748553,0.8660254037844387,-0.4999999999999998,0.9884683243281114,0.1514277775045767,-0.433883739117558,-0.9009688679024191
0.0,0.0,0.0,0.0,0.0,0.7666666666666666,0.7585169890928678,0.8660254037844387,-0.4999999999999998,0.9987165071710528,-0.05064916883871264,-0.9749279121818236,-0.2225209339563146
0.0,0.0,0.0,0.0,0.0,0.7666666666666666,0.7586516450469052,0.8660254037844387,-0.4999999999999998,0.7907757369376989,-0.6121059825476626,0.7818314824680298,0.6234898018587336
0.0,0.0,0.0,0.0,0.0,0.7666666666666666,0.7586965303649177,0.8660254037844387,-0.4999999999999998,0.6513724827222223,-0.758758122692791,0.9749279121818236,-0.22252093395631434
0.0,0.0,0.0,0.0,0.0,0.7666666666666666,0.7587414156829302,0.8660254037844387,-0.4999999999999998,0.48530196253108104,-0.8743466161445821,0.43388373911755823,-0.900968867902419
0.09416961840311305,0.09416961840311305,0.09416961840311305,0.09416961840311305,6.359573868672378,0.7666666666666666,0.7587863010009427,0.8660254037844387,-0.4999999999999998,0.29936312297335804,-0.9541392564000488,-0.433883739117558,-0.9009688679024191
0.0,0.0,0.0,0.0,-6.359573868672378,0.7666666666666666,0.7588311863189551,0.8660254037844387,-0.4999999999999998,0.10116832198743272,-0.994869323391895,-0.9749279121818236,-0.2225209339563146
0.0,0.0,0.0,0.0,0.0,0.7666666666666666,0.7589658422729926,0.8660254037844387,-0.4999999999999998,-0.4853019625310808,-0.8743466161445822,0.7818314824680298,0.6234898018587336
0.0,0.0,0.0,0.0,0.0,0.7666666666666666,0.7590107275910051,0.8660254037844387,-0.4999999999999998,-0.6513724827222217,-0.7587581226927913,0.9749279121818236,-0.22252093395631434
0.0,0.0,0.0,0.0,0.0,0.7666666666666666,0.7590556129090175,0.8660254037844387,-0.4999999999999998,-0.7907757369376986,-0.6121059825476627,0.43388373911755823,-0.900968867902419
0.0,0.0,0.0,0.0,0.0,0.7666666666666666,0.75910049822703,0.8660254037844387,-0.4999999999999998,-0.8978045395707417,-0.44039415155763423,-0.433883739117558,-0.9009688679024191
0.0,0.0,0.0,0.0,0.0,0.7666666666666666,0.7591453835450425,0.8660254037844387,-0.4999999999999998,-0.9680771188662041,-0.2506525322587213,-0.9749279121818236,-0.2225209339563146
0.0,0.0,0.0,0.0,0.0,0.7666666666666666,0.7592800394990799,0.8660254037844387,-0.4999999999999998,-0.9377521321470804,0.3473052528448203,0.7818314824680298,0.6234898018587336
0.0,0.0,0.0,0.0,0.0,0.7666666666666666,0.7593249248170924,0.8660254037844387,-0.4999999999999998,-0.8486442574947509,0.5289640103269624,0.9749279121818236,-0.22252093395631434
0.0,0.0,0.0,0.0,0.0,0.7666666666666666,0.7593698101351049,0.8660254037844387,-0.4999999999999998,-0.7247927872291207,0.6889669190756859,0.43388373911755823,-0.900968867902419
0.0,0.0,0.0,0.0,0.0,0.7666666666666666,0.7594146954531173,0.8660254037844387,-0.4999999999999998,-0.5712682150947924,0.8207634412072763,-0.433883739117558,-0.9009688679024191
0.0,0.0,0.0,0.0,0.0,0.7666666666666666,0.7594595807711298,0.8660254037844387,-0.4999999999999998,-0.3943558551133187,0.9189578116202306,-0.9749279121818236,-0.2225209339563146
0.0,0.0,0.0,0.0,0.0,0.7666666666666666,0.7595942367251672,0.5000000000000003,-0.8660254037844385,0.39435585511331855,0.9189578116202306,0.7818314824680298,0.6234898018587336
0.0,0.0,0.0,0.0,0.0,0.7666666666666666,0.7596391220431797,0.5000000000000003,-0.8660254037844385,0.5712682150947923,0.8207634412072763,0.9749279121818236,-0.22252093395631434
0.0,0.0,0.0,0.0,0.0,0.7666666666666666,0.7596840073611922,0.5000000000000003,-0.8660254037844385,0.72479278722912,0.6889669190756866,0.43388373911755823,-0.900968867902419
0.0,0.0,0.0,0.0,0.0,0.7666666666666666,0.7597288926792047,0.5000000000000003,-0.8660254037844385,0.8486442574947509,0.5289640103269624,-0.433883739117558,-0.9009688679024191
0.0,0.0,0.0,0.0,0.0,0.7666666666666666,0.7597737779972171,0.5000000000000003,-0.8660254037844385,0.9377521321470804,0.3473052528448203,-0.9749279121818236,-0.2225209339563146
0.0,0.0,0.0,0.0,0.0,0.7666666666666666,0.7599084339512546,0.5000000000000003,-0.8660254037844385,0.9680771188662043,-0.2506525322587204,0.7818314824680298,0.6234898018587336
0.0,0.0,0.0,0.0,0.0,0.7666666666666666,0.7599533192692671,0.5000000000000003,-0.8660254037844385,0.8978045395707416,-0.4403941515576344,0.9749279121818236,-0.22252093395631434
0.0,0.0,0.0,0.0,0.0,0.7666666666666666,0.7599982045872795,0.5000000000000003,-0.8660254037844385,0.7907757369376989,-0.6121059825476626,0.43388373911755823,-0.900968867902419
0.0,0.0,0.0,0.0,0.0,0.7666666666666666,0.760043089905292,0.5000000000000003,-0.8660254037844385,0.6513724827222223,-0.758758122692791,-0.433883739117558,-0.9009688679024191
0.0,0.0,0.0,0.0,0.0,0.7666666666666666,0.7600879752233045,0.5000000000000003,-0.8660254037844385,0.48530196253108104,-0.8743466161445821,-0.9749279121818236,-0.2225209339563146
0.0,0.0,0.0,0.0,0.0,0.7666666666666666,0.7602226311773419,0.5000000000000003,-0.8660254037844385,-0.10116832198743204,-0.9948693233918952,0.7818314824680298,0.6234898018587336
0.0,0.0,0.0,0.0,0.0,0.7666666666666666,0.7602675164953544,0.5000000000000003,-0.8660254037844385,-0.29936312297335776,-0.9541392564000489,0.9749279121818236,-0.22252093395631434
0.0,0.0,0.0,0.0,0.0,0.7666666666666666,0.7603124018133669,0.5000000000000003,-0.8660254037844385,-0.4853019625310808,-0.8743466161445822,0.43388373911755823,-0.900968867902419
0.020473708634473634,0.020473708634473634,0.020473708634473634,0.020473708634473634,5.66988092298052,0.7666666666666666,0.7603572871313794,0.5000000000000003,-0.8660254037844385,-0.6513724827222217,-0.7587581226927913,-0.433883739117558,-0.9009688679024191
0.0,0.0,0.0,0.0,-5.66988092298052,0.7666666666666666,0.7604021724493919,0.5000000000000003,-0.8660254037844385,-0.7907757369376986,-0.6121059825476627,-0.9749279121818236,-0.2225209339563146
0.0,0.0,0.0,0.0,0.0,0.7666666666666666,0.7605368284034293,0.5000000000000003,-0.8660254037844385,-0.9987165071710528,-0.05064916883871355,0.7818314824680298,0.6234898018587336
0.0,0.0,0.0,0.0,0.0,0.7666666666666666,0.7605817137214418,0.5000000000000003,-0.8660254037844385,-0.9884683243281114,0.15142777750457667,0.9749279121818236,-0.22252093395631434
0.0,0.0,0.0,0.0,0.0,0.7666666666666666,0.7606265990394543,0.5000000000000003,-0.8660254037844385,-0.9377521321470804,0.3473052528448203,0.43388373911755823,-0.900968867902419
0.0,0.0,0.0,0.0,0.0,0.7666666666666666,0.7606714843574667,0.5000000000000003,-0.8660254037844385,-0.8486442574947509,0.5289640103269624,-0.433883739117558,-0.9009688679024191
0.011118936205674362,0.011464426921074565,0.011464426921074565,0.011118936205674362,5.298317366548036,0.7666666666666666,0.7607163696754792,0.5000000000000003,-0.8660254037844385,-0.7247927872291207,0.6889669190756859,-0.9749279121818236,-0.2225209339563146
0.0,-0.0003454907154001841,-0.0003454907154001841,0.0,-5.298317366548036,0.7666666666666666,0.7608959109475291,0.5000000000000003,-0.8660254037844385,-2.4492935982947064e-16,1.0,0.9749279121818236,-0.22252093395631434
0.0,0.0,0.0,0.0,0.0,0.7666666666666666,0.7609407962655416,1.2246467991473532e-16,-1.0,0.20129852008866006,0.9795299412524945,0.43388373911755823,-0.900968867902419
0.0,0.0,0.0,0.0,0.0,0.7666666666666666,0.7609856815835541,1.2246467991473532e-16,-1.0,0.39435585511331855,0.9189578116202306,-0.433883739117558,-0.9009688679024191
0.0,0.0,0.0,0.0,0.0,0.7666666666666666,0.7610305669015666,1.2246467991473532e-16,-1.0,0.5712682150947923,0.8207634412072763,-0.9749279121818236,-0.2225209339563146
0.0,0.0,0.0,0.0,0.0,0.7666666666666666,0.761165222855604,1.2246467991473532e-16,-1.0,0.9377521321470804,0.3473052528448203,0.7818314824680298,0.6234898018587336
0.0,0.0,0.0,0.0,0.0,0.7666666666666666,0.7612101081736165,1.2246467991473532e-16,-1.0,0.9884683243281114,0.1514277775045767,0.9749279121818236,-0.22252093395631434
0.0,0.0,0.0,0.0,0.0,0.7666666666666666,0.761254993491629,1.2246467991473532e-16,-1.0,0.9987165071710528,-0.05064916883871264,0.43388373911755823,-0.900968867902419
0.0,0.0,0.0,0.0,0.0,0.7666666666666666,0.7612998788096415,1.2246467991473532e-16,-1.0,0.9680771188662043,-0.2506525322587204,-0.433883739117558,-0.9009688679024191
-0.006934866970296643,-0.006934866970296643,-0.006934866970296643,-0.006934866970296643,4.605170185988092,0.7666666666666666,0.7613447641276538,1.2246467991473532e-16,-1.0,0.8978045395707416,-0.4403941515576344,-0.9749279121818236,-0.2225209339563146
0.0,0.0,0.0,0.0,-4.605170185988091,0.7666666666666666,0.7614794200816913,1.2246467991473532e-16,-1.0,0.48530196253108104,-0.8743466161445821,0.7818314824680298,0.6234898018587336
0.0,0.0,0.0,0.0,0.0,0.7666666666666666,0.7615243053997038,1.2246467991473532e-16,-1.0,0.29936312297335804,-0.9541392564000488,0.9749279121818236,-0.22252093395631434
0.0,0.0,0.0,0.0,0.0,0.7666666666666666,0.7615691907177163,1.2246467991473532e-16,-1.0,0.10116832198743272,-0.994869323391895,0.43388373911755823,-0.900968867902419
0.0,0.0,0.0,0.0,0.0,0.7666666666666666,0.7616140760357287,1.2246467991473532e-16,-1.0,-0.10116832198743204,-0.9948693233918952,-0.433883739117558,-0.9009688679024191
0.0,0.0,0.0,0.0,0.0,0.7666666666666666,0.7616589613537412,1.2246467991473532e-16,-1.0,-0.29936312297335776,-0.9541392564000489,-0.9749279121818236,-0.2225209339563146
0.015536330474931937,0.015536330474931937,0.015536330474931937,0.015536330474931937,5.703782474656201,0.7666666666666666,0.7617936173077787,1.2246467991473532e-16,-1.0,-0.7907757369376986,-0.6121059825476627,0.7818314824680298,0.6234898018587336
0.0,0.0,0.0,0.0,-5.703782474656201,0.7666666666666666,0.7618385026257911,1.2246467991473532e-16,-1.0,-0.8978045395707417,-0.44039415155763423,0.9749279121818236,-0.22252093395631434
0.0,0.0,0.0,0.0,0.0,0.7666666666666666,0.7618833879438036,1.2246467991473532e-16,-1.0,-0.9680771188662041,-0.2506525322587213,0.43388373911755823,-0.900968867902419
0.0,0.0,0.0,0.0,0.0,0.7666666666666666,0.7619282732618161,1.2246467991473532e-16,-1.0,-0.9987165071710528,-0.05064916883871355,-0.433883739117558,-0.9009688679024191
0.0,0.0,0.0,0.0,0.0,0.7666666666666666,0.7619731585798286,1.2246467991473532e-16,-1.0,-0.9884683243281114,0.15142777750457667,-0.9749279121818236,-0.2225209339563146
0.0,0.0,0.0,0.0,0.0,0.7666666666666666,0.762107814533866,1.2246467991473532e-16,-1.0,-0.7247927872291207,0.6889669190756859,0.7818314824680298,0.6234898018587336
-0.15976196902220116,-0.046275331555647864,-0.15575071678970892,-0.046275331555647864,5.991464547107982,0.7666666666666666,0.7621526998518785,1.2246467991473532e-16,-1.0,-0.5712682150947924,0.8207634412072763,0.9749279121818236,-0.22252093395631434
0.11348663746655328,0.0,0.1094753852340611,0.0,-5.991464547107982,0.7666666666666666,0.762197585169891,1.2246467991473532e-16,-1.0,-0.3943558551133187,0.9189578116202306,0.43388373911755823,-0.900968867902419
0.0,0.0,0.0,0.0,0.0,0.7666666666666666,0.7622424704879035,1.2246467991473532e-16,-1.0,-0.20129852008866114,0.9795299412524943,-0.433883739117558,-0.9009688679024191
0.0,0.0,0.0,0.0,0.0,0.7666666666666666,0.7622873558059159,-0.4999999999999997,-0.8660254037844388,0.20129852008866006,0.9795299412524945,-0.9749279121818236,-0.2225209339563146
-0.08183838090073302,-0.08183838090073302,-0.08183838090073302,-0.08183838090073302,4.962844630259907,0.7666666666666666,0.7624668970779659,-0.4999999999999997,-0.8660254037844388,0.8486442574947509,0.5289640103269624,0.9749279121818236,-0.22252093395631434
0.0,0.0,0.0,0.0,-4.962844630259907,0.7666666666666666,0.7625117823959783,-0.4999999999999997,-0.8660254037844388,0.9377521321470804,0.3473052528448203,0.43388373911755823,-0.900968867902419
0.0,0.0,0.0,0.0,0.0,0.7666666666666666,0.7625566677139908,-0.4999999999999997,-0.8660254037844388,0.9884683243281114,0.1514277775045767,-0.433883739117558,-0.9009688679024191
0.0,0.0,0.0,0.0,0.0,0.7666666666666666,0.7626015530320033,-0.4999999999999997,-0.8660254037844388,0.9987165071710528,-0.05064916883871264,-0.9749279121818236,-0.2225209339563146
0.0,0.0,0.0,0.0,0.0,0.7666666666666666,0.7627362089860407,-0.4999999999999997,-0.8660254037844388,0.7907757369376989,-0.6121059825476626,0.7818314824680298,0.6234898018587336
0.0,0.0,0.0,0.0,0.0,0.7666666666666666,0.7627810943040532,-0.4999999999999997,-0.8660254037844388,0.6513724827222223,-0.758758122692791,0.9749279121818236,-0.22252093395631434
0.024236584047993486,0.024236584047993486,0.024236584047993486,0.024236584047993486,7.071573364211532,0.7666666666666666,0.7628259796220657,-0.4999999999999997,-0.8660254037844388,0.48530196253108104,-0.8743466161445821,0.43388373911755823,-0.900968867902419
0.0,0.0,0.0,0.0,-7.071573364211532,0.7666666666666666,0.7628708649400782,-0.4999999999999997,-0.8660254037844388,0.29936312297335804,-0.9541392564000488,-0.433883739117558,-0.9009688679024191
0.0,0.0,0.0,0.0,0.0,0.7666666666666666,0.7629157502580907,-0.4999999999999997,-0.8660254037844388,0.10116832198743272,-0.994869323391895,-0.9749279121818236,-0.2225209339563146
0.0,0.0,0.0,0.0,0.0,0.7666666666666666,0.763050406212128,-0.4999999999999997,-0.8660254037844388,-0.4853019625310808,-0.8743466161445822,0.7818314824680298,0.6234898018587336
0.0,0.0,0.0,0.0,0.0,0.7666666666666666,0.7630952915301406,-0.4999999999999997,-0.8660254037844388,-0.6513724827222217,-0.7587581226927913,0.9749279121818236,-0.22252093395631434
0.0,0.0,0.0,0.0,0.0,0.7666666666666666,0.763140176848153,-0.4999999999999997,-0.8660254037844388,-0.7907757369376986,-0.6121059825476627,0.43388373911755823,-0.900968867902419
0.0,0.0,0.0,0.0,0.0,0.7666666666666666,0.7631850621661656,-0.4999999999999997,-0.8660254037844388,-0.8978045395707417,-0.44039415155763423,-0.433883739117558,-0.9009688679024191
0.0,0.0,0.0,0.0,0.0,0.7666666666666666,0.7632299474841779,-0.4999999999999997,-0.8660254037844388,-0.9680771188662041,-0.2506525322587213,-0.9749279121818236,-0.2225209339563146
0.0,0.0,0.0,0.0,0.0,0.7666666666666666,0.7633646034382154,-0.4999999999999997,-0.8660254037844388,-0.9377521321470804,0.3473052528448203,0.7818314824680298,0.6234898018587336
0.0,0.0,0.0,0.0,0.0,0.7666666666666666,0.7634094887562279,-0.4999999999999997,-0.8660254037844388,-0.8486442574947509,0.5289640103269624,0.9749279121818236,-0.22252093395631434
0.0,0.0,0.0,0.0,0.0,0.7666666666666666,0.7634543740742403,-0.4999999999999997,-0.8660254037844388,-0.7247927872291207,0.6889669190756859,0.43388373911755823,-0.900968867902419
0.0,0.0,0.0,0.0,0.0,0.7666666666666666,0.7634992593922528,-0.4999999999999997,-0.8660254037844388,-0.5712682150947924,0.8207634412072763,-0.433883739117558,-0.9009688679024191
0.10797966174825133,0.10797966174825133,0.10797966174825133,0.10797966174825133,4.605170185988092,0.7666666666666666,0.7635441447102653,-0.4999999999999997,-0.8660254037844388,-0.3943558551133187,0.9189578116202306,-0.9749279121818236,-0.2225209339563146
0.0,0.0,0.0,0.0,-4.605170185988091,0.7666666666666666,0.7636788006643027,-0.8660254037844385,-0.5000000000000004,0.20129852008866006,0.9795299412524945,0.7818314824680298,0.6234898018587336
0.0,0.0,0.0,0.0,0.0,0.7666666666666666,0.7637236859823152,-0.8660254037844385,-0.5000000000000004,0.39435585511331855,0.9189578116202306,0.9749279121818236,-0.22252093395631434
0.0,0.0,0.0,0.0,0.0,0.7666666666666666,0.7637685713003277,-0.8660254037844385,-0.5000000000000004,0.5712682150947923,0.8207634412072763,0.43388373911755823,-0.900968867902419
0.0,0.0,0.0,0.0,0.0,0.7666666666666666,0.7638134566183402,-0.8660254037844385,-0.5000000000000004,0.72479278722912,0.6889669190756866,-0.433883739117558,-0.9009688679024191
0.0,0.0,0.0,0.0,0.0,0.7666666666666666,0.7638583419363527,-0.8660254037844385,-0.5000000000000004,0.8486442574947509,0.5289640103269624,-0.9749279121818236,-0.2225209339563146
0.0,0.0,0.0,0.0,0.0,0.7666666666666666,0.7639929978903901,-0.8660254037844385,-0.5000000000000004,0.9987165071710528,-0.05064916883871264,0.7818314824680298,0.6234898018587336
0.0,0.0,0.0,0.0,0.0,0.7666666666666666,0.7640378832084026,-0.8660254037844385,-0.5000000000000004,0.9680771188662043,-0.2506525322587204,0.9749279121818236,-0.22252093395631434
0.0,0.0,0.0,0.0,0.0,0.7666666666666666,0.7640827685264151,-0.8660254037844385,-0.5000000000000004,0.8978045395707416,-0.4403941515576344,0.43388373911755823,-0.900968867902419
0.0,0.0,0.0,0.0,0.0,0.7666666666666666,0.7641276538444275,-0.8660254037844385,-0.5000000000000004,0.7907757369376989,-0.6121059825476626,-0.433883739117558,-0.9009688679024191
0.0,0.0,0.0,0.0,0.0,0.7666666666666666,0.76417253916244,-0.8660254037844385,-0.5000000000000004,0.6513724827222223,-0.758758122692791,-0.9749279121818236,-0.2225209339563146
0.0,0.0,0.0,0.0,0.0,0.7666666666666666,0.7643071951164775,-0.8660254037844385,-0.5000000000000004,0.10116832198743272,-0.994869323391895,0.7818314824680298,0.6234898018587336
0.0,0.0,0.0,0.0,0.0,0.7666666666666666,0.7643520804344899,-0.8660254037844385,-0.5000000000000004,-0.10116832198743204,-0.9948693233918952,0.9749279121818236,-0.22252093395631434
0.0,0.0,0.0,0.0,0.0,0.7666666666666666,0.7643969657525024,-0.8660254037844385,-0.5000000000000004,-0.29936312297335776,-0.9541392564000489,0.43388373911755823,-0.900968867902419
0.0,0.0,0.0,0.0,0.0,0.7666666666666666,0.7644418510705149,-0.8660254037844385,-0.5000000000000004,-0.4853019625310808,-0.8743466161445822,-0.433883739117558,-0.9009688679024191
0.0,0.0,0.0,0.0,0.0,0.7666666666666666,0.7644867363885274,-0.8660254037844385,-0.5000000000000004,-0.6513724827222217,-0.7587581226927913,-0.9749279121818236,-0.2225209339563146
0.0,0.0,0.0,0.0,0.0,0.7666666666666666,0.7646213923425648,-0.8660254037844385,-0.5000000000000004,-0.9680771188662041,-0.2506525322587213,0.7818314824680298,0.6234898018587336
0.0,0.0,0.0,0.0,0.0,0.7666666666666666,0.7646662776605773,-0.8660254037844385,-0.5000000000000004,-0.9987165071710528,-0.05064916883871355,0.9749279121818236,-0.22252093395631434
0.0,0.0,0.0,0.0,0.0,0.7666666666666666,0.7647111629785898,-0.8660254037844385,-0.5000000000000004,-0.9884683243281114,0.15142777750457667,0.43388373911755823,-0.900968867902419
0.0,0.0,0.0,0.0,0.0,0.7666666666666666,0.7647560482966023,-0.8660254037844385,-0.5000000000000004,-0.9377521321470804,0.3473052528448203,-0.433883739117558,-0.9009688679024191
0.0,0.0,0.0,0.0,0.0,0.7666666666666666,0.7648009336146148,-0.8660254037844385,-0.5000000000000004,-0.8486442574947509,0.5289640103269624,-0.9749279121818236,-0.2225209339563146
0.0,0.0,0.0,0.0,0.0,0.7666666666666666,0.7649355895686522,-0.8660254037844385,-0.5000000000000004,-0.3943558551133187,0.9189578116202306,0.7818314824680298,0.6234898018587336
0.0,0.0,0.0,0.0,0.0,0.7666666666666666,0.7649804748866647,-0.8660254037844385,-0.5000000000000004,-0.20129852008866114,0.9795299412524943,0.9749279121818236,-0.22252093395631434
0.0,0.0,0.0,0.0,0.0,0.7666666666666666,0.7650253602046772,-0.8660254037844385,-0.5000000000000004,-2.4492935982947064e-16,1.0,0.43388373911755823,-0.900968867902419
0.0,0.0,0.0,0.0,0.0,0.7666666666666666,0.7650702455226895,-1.0,-1.8369701987210297e-16,0.20129852008866006,0.9795299412524945,-0.433883739117558,-0.9009688679024191
0.0,0.0,0.0,0.0,0.0,0.7666666666666666,0.765115130840702,-1.0,-1.8369701987210297e-16,0.39435585511331855,0.9189578116202306,-0.9749279121818236,-0.2225209339563146
0.0,0.0,0.0,0.0,0.0,0.7666666666666666,0.7652946721127519,-1.0,-1.8369701987210297e-16,0.9377521321470804,0.3473052528448203,0.9749279121818236,-0.22252093395631434
0.0,0.0,0.0,0.0,0.0,0.7666666666666666,0.7653395574307644,-1.0,-1.8369701987210297e-16,0.9884683243281114,0.1514277775045767,0.43388373911755823,-0.900968867902419
0.0,0.0,0.0,0.0,0.0,0.7666666666666666,0.7653844427487769,-1.0,-1.8369701987210297e-16,0.9987165071710528,-0.05064916883871264,-0.433883739117558,-0.9009688679024191
0.0,0.0,0.0,0.0,0.0,0.7666666666666666,0.7654293280667894,-1.0,-1.8369701987210297e-16,0.9680771188662043,-0.2506525322587204,-0.9749279121818236,-0.2225209339563146
0.0,0.0,0.0,0.0,0.0,0.7666666666666666,0.7655639840208268,-1.0,-1.8369701987210297e-16,0.6513724827222223,-0.758758122692791,0.7818314824680298,0.6234898018587336
0.0,0.0,0.0,0.0,0.0,0.7666666666666666,0.7656088693388393,-1.0,-1.8369701987210297e-16,0.48530196253108104,-0.8743466161445821,0.9749279121818236,-0.22252093395631434
0.0,0.0,0.0,0.0,0.0,0.7666666666666666,0.7656537546568518,-1.0,-1.8369701987210297e-16,0.29936312297335804,-0.9541392564000488,0.43388373911755823,-0.900968867902419
0.0,0.0,0.0,0.0,0.0,0.7666666666666666,0.7656986399748643,-1.0,-1.8369701987210297e-16,0.10116832198743272,-0.994869323391895,-0.433883739117558,-0.9009688679024191
-0.05289274324907148,-0.05073674624232872,-0.05073674624232872,-0.05073674624232872,6.202535517187923,0.7666666666666666,0.7657435252928767,-1.0,-1.8369701987210297e-16,-0.10116832198743204,-0.9948693233918952,-0.9749279121818236,-0.2225209339563146
-0.0010796754499099608,-0.002155997006742804,-0.002155997006742804,-0.003235672456652789,0.33705043842974697,0.7666666666666666,0.7658781812469142,-1.0,-1.8369701987210297e-16,-0.6513724827222217,-0.7587581226927913,0.7818314824680298,0.6234898018587336
0.0,-0.0010796754499099608,-0.0010796754499099608,0.0,-6.539585955617669,0.7666666666666666,0.7659230665649267,-1.0,-1.8369701987210297e-16,-0.7907757369376986,-0.6121059825476627,0.9749279121818236,-0.22252093395631434
0.0,0.0,0.0,0.0,0.0,0.7666666666666666,0.7659679518829391,-1.0,-1.8369701987210297e-16,-0.8978045395707417,-0.44039415155763423,0.43388373911755823,-0.900968867902419
0.0,0.0,0.0,0.0,0.0,0.7666666666666666,0.7660128372009516,-1.0,-1.8369701987210297e-16,-0.9680771188662041,-0.2506525322587213,-0.433883739117558,-0.9009688679024191
0.0,0.0,0.0,0.0,0.0,0.7666666666666666,0.7660577225189641,-1.0,-1.8369701987210297e-16,-0.9987165071710528,-0.05064916883871355,-0.9749279121818236,-0.2225209339563146
0.0,0.0,0.0,0.0,0.0,0.7666666666666666,0.7661923784730015,-1.0,-1.8369701987210297e-16,-0.8486442574947509,0.5289640103269624,0.7818314824680298,0.6234898018587336
0.0,0.0,0.0,0.0,0.0,0.7666666666666666,0.766237263791014,-1.0,-1.8369701987210297e-16,-0.7247927872291207,0.6889669190756859,0.9749279121818236,-0.22252093395631434
0.0,0.0,0.0,0.0,0.0,0.7666666666666666,0.7662821491090265,-1.0,-1.8369701987210297e-16,-0.5712682150947924,0.8207634412072763,0.43388373911755823,-0.900968867902419
0.0,0.0,0.0,0.0,0.0,0.7666666666666666,0.766327034427039,-1.0,-1.8369701987210297e-16,-0.3943558551133187,0.9189578116202306,-0.433883739117558,-0.9009688679024191
0.0,0.0,0.0,0.0,0.0,0.7666666666666666,0.7663719197450515,-1.0,-1.8369701987210297e-16,-0.20129852008866114,0.9795299412524943,-0.9749279121818236,-0.2225209339563146
0.0,0.0,0.0,0.0,0.0,0.7666666666666666,0.7665065756990889,-0.866025403784439,0.49999999999999933,0.5712682150947923,0.8207634412072763,0.7818314824680298,0.6234898018587336
0.0,0.0,0.0,0.0,0.0,0.7666666666666666,0.7665514610171014,-0.866025403784439,0.49999999999999933,0.72479278722912,0.6889669190756866,0.9749279121818236,-0.22252093395631434
0.0,0.0,0.0,0.0,0.0,0.7666666666666666,0.7665963463351139,-0.866025403784439,0.49999999999999933,0.8486442574947509,0.5289640103269624,0.43388373911755823,-0.900968867902419
0.0,0.0,0.0,0.0,0.0,0.7666666666666666,0.7666412316531264,-0.866025403784439,0.49999999999999933,0.9377521321470804,0.3473052528448203,-0.433883739117558,-0.9009688679024191
0.0,0.0,0.0,0.0,0.0,0.7666666666666666,0.7666861169711388,-0.866025403784439,0.49999999999999933,0.9884683243281114,0.1514277775045767,-0.9749279121818236,-0.2225209339563146
0.0,0.0,0.0,0.0,0.0,0.7666666666666666,0.7668207729251763,-0.866025403784439,0.49999999999999933,0.8978045395707416,-0.4403941515576344,0.7818314824680298,0.6234898018587336
0.0,0.0,0.0,0.0,0.0,0.7666666666666666,0.7668656582431888,-0.866025403784439,0.49999999999999933,0.7907757369376989,-0.6121059825476626,0.9749279121818236,-0.22252093395631434
0.0,0.0,0.0,0.0,0.0,0.7666666666666666,0.7669105435612011,-0.866025403784439,0.49999999999999933,0.6513724827222223,-0.758758122692791,0.43388373911755823,-0.900968867902419
0.0,0.0,0.0,0.0,0.0,0.7666666666666666,0.7669554288792136,-0.866025403784439,0.49999999999999933,0.48530196253108104,-0.8743466161445821,-0.433883739117558,-0.9009688679024191
-0.03555445875389529,-0.03555445875389529,-0.03555445875389529,-0.03555445875389529,4.605170185988092,0.7666666666666666,0.7670003141972261,-0.866025403784439,0.49999999999999933,0.29936312297335804,-0.9541392564000488,-0.9749279121818236,-0.2225209339563146
0.0,0.0,0.0,0.0,-4.605170185988091,0.7666666666666666,0.7671349701512635,-0.866025403784439,0.49999999999999933,-0.29936312297335776,-0.9541392564000489,0.7818314824680298,0.6234898018587336
-0.031459859814214015,-0.031459859814214015,-0.031459859814214015,-0.031459859814214015,4.787491742782046,0.7666666666666666,0.767179855469276,-0.866025403784439,0.49999999999999933,-0.4853019625310808,-0.8743466161445822,0.9749279121818236,-0.22252093395631434
0.0,0.0,0.0,0.0,-4.787491742782046,0.7666666666666666,0.7672247407872885,-0.866025403784439,0.49999999999999933,-0.6513724827222217,-0.7587581226927913,0.43388373911755823,-0.900968867902419
0.0,0.0,0.0,0.0,0.0,0.7666666666666666,0.767269626105301,-0.866025403784439,0.49999999999999933,-0.7907757369376986,-0.6121059825476627,-0.433883739117558,-0.9009688679024191
0.0,0.0,0.0,0.0,0.0,0.7666666666666666,0.7673145114233135,-0.866025403784439,0.49999999999999933,-0.8978045395707417,-0.44039415155763423,-0.9749279121818236,-0.2225209339563146
0.0,0.0,0.0,0.0,0.0,0.7666666666666666,0.7674491673773509,-0.866025403784439,0.49999999999999933,-0.9884683243281114,0.15142777750457667,0.7818314824680298,0.6234898018587336
0.0,0.0,0.0,0.0,0.0,0.7666666666666666,0.7674940526953634,-0.866025403784439,0.49999999999999933,-0.9377521321470804,0.3473052528448203,0.9749279121818236,-0.22252093395631434
0.0,0.0,0.0,0.0,0.0,0.7666666666666666,0.7675389380133759,-0.866025403784439,0.49999999999999933,-0.8486442574947509,0.5289640103269624,0.43388373911755823,-0.900968867902419
0.0,0.0,0.0,0.0,0.0,0.7666666666666666,0.7675838233313883,-0.866025403784439,0.49999999999999933,-0.7247927872291207,0.6889669190756859,-0.433883739117558,-0.9009688679024191
0.0,0.0,0.0,0.0,0.0,0.7666666666666666,0.7676287086494008,-0.866025403784439,0.49999999999999933,-0.5712682150947924,0.8207634412072763,-0.9749279121818236,-0.2225209339563146
0.0,0.0,0.0,0.0,0.0,0.7666666666666666,0.7677633646034383,-0.866025403784439,0.49999999999999933,-2.4492935982947064e-16,1.0,0.7818314824680298,0.6234898018587336
0.0,0.0,0.0,0.0,0.0,0.7666666666666666,0.7678082499214507,-0.5000000000000012,0.8660254037844379,0.20129852008866006,0.9795299412524945,0.9749279121818236,-0.22252093395631434
0.0,0.0,0.0,0.0,0.0,0.7666666666666666,0.7678531352394632,-0.5000000000000012,0.8660254037844379,0.39435585511331855,0.9189578116202306,0.43388373911755823,-0.900968867902419
0.0,0.0,0.0,0.0,0.0,0.7666666666666666,0.7678980205574757,-0.5000000000000012,0.8660254037844379,0.5712682150947923,0.8207634412072763,-0.433883739117558,-0.9009688679024191
0.0,0.0,0.0,0.0,0.0,0.7666666666666666,0.7679429058754882,-0.5000000000000012,0.8660254037844379,0.72479278722912,0.6889669190756866,-0.9749279121818236,-0.2225209339563146
0.0,0.0,0.0,0.0,0.0,0.7666666666666666,0.7680775618295256,-0.5000000000000012,0.8660254037844379,0.9884683243281114,0.1514277775045767,0.7818314824680298,0.6234898018587336
0.0,0.0,0.0,0.0,0.0,0.7666666666666666,0.7681224471475381,-0.5000000000000012,0.8660254037844379,0.9987165071710528,-0.05064916883871264,0.9749279121818236,-0.22252093395631434
0.0,0.0,0.0,0.0,0.0,0.7666666666666666,0.7681673324655506,-0.5000000000000012,0.8660254037844379,0.9680771188662043,-0.2506525322587204,0.43388373911755823,-0.900968867902419
0.0,0.0,0.0,0.0,0.0,0.7666666666666666,0.7682122177835631,-0.5000000000000012,0.8660254037844379,0.8978045395707416,-0.4403941515576344,-0.433883739117558,-0.9009688679024191
0.0,0.0,0.0,0.0,0.0,0.7666666666666666,0.7682571031015756,-0.5000000000000012,0.8660254037844379,0.7907757369376989,-0.6121059825476626,-0.9749279121818236,-0.2225209339563146
0.0,0.0,0.0,0.0,0.0,0.7666666666666666,0.768391759055613,-0.5000000000000012,0.8660254037844379,0.29936312297335804,-0.9541392564000488,0.7818314824680298,0.6234898018587336
0.0,0.0,0.0,0.0,0.0,0.7666666666666666,0.7684366443736255,-0.5000000000000012,0.8660254037844379,0.10116832198743272,-0.994869323391895,0.9749279121818236,-0.22252093395631434
0.0,0.0,0.0,0.0,0.0,0.7666666666666666,0.768481529691638,-0.5000000000000012,0.8660254037844379,-0.10116832198743204,-0.9948693233918952,0.43388373911755823,-0.900968867902419
0.0,0.0,0.0,0.0,0.0,0.7666666666666666,0.7685264150096504,-0.5000000000000012,0.8660254037844379,-0.29936312297335776,-0.9541392564000489,-0.433883739117558,-0.9009688679024191
0.0,0.0,0.0,0.0,0.0,0.7666666666666666,0.7685713003276629,-0.5000000000000012,0.8660254037844379,-0.4853019625310808,-0.8743466161445822,-0.9749279121818236,-0.2225209339563146
0.0,0.0,0.0,0.0,0.0,0.7666666666666666,0.7687059562817004,-0.5000000000000012,0.8660254037844379,-0.8978045395707417,-0.44039415155763423,0.7818314824680298,0.6234898018587336
0.0,0.0,0.0,0.0,0.0,0.7666666666666666,0.7687508415997127,-0.5000000000000012,0.8660254037844379,-0.9680771188662041,-0.2506525322587213,0.9749279121818236,-0.22252093395631434
0.0,0.0,0.0,0.0,0.0,0.7666666666666666,0.7687957269177252,-0.5000000000000012,0.8660254037844379,-0.9987165071710528,-0.05064916883871355,0.43388373911755823,-0.900968867902419
0.0,0.0,0.0,0.0,0.0,0.7666666666666666,0.7688854975537502,-0.5000000000000012,0.8660254037844379,-0.9377521321470804,0.3473052528448203,-0.9749279121818236,-0.2225209339563146
0.0,0.0,0.0,0.0,0.0,0.7666666666666666,0.7690201535077876,-0.5000000000000012,0.8660254037844379,-0.5712682150947924,0.8207634412072763,0.7818314824680298,0.6234898018587336
0.0,0.0,0.0,0.0,0.0,0.7666666666666666,0.7690650388258001,-0.5000000000000012,0.8660254037844379,-0.3943558551133187,0.9189578116202306,0.9749279121818236,-0.22252093395631434
0.0,0.0,0.0,0.0,0.0,0.7666666666666666,0.7691099241438126,-0.5000000000000012,0.8660254037844379,-0.20129852008866114,0.9795299412524943,0.43388373911755823,-0.900968867902419
0.0,0.0,0.0,0.0,0.0,0.7666666666666666,0.7691548094618251,-2.4492935982947064e-16,1.0,0.20129852008866006,0.9795299412524945,-0.433883739117558,-0.9009688679024191
0.0,0.0,0.0,0.0,0.0,0.7666666666666666,0.7691996947798375,-2.4492935982947064e-16,1.0,0.39435585511331855,0.9189578116202306,-0.9749279121818236,-0.2225209339563146
0.0,0.0,0.0,0.0,0.0,0.7666666666666666,0.769334350733875,-2.4492935982947064e-16,1.0,0.8486442574947509,0.5289640103269624,0.7818314824680298,0.6234898018587336
0.0,0.0,0.0,0.0,0.0,0.7666666666666666,0.7693792360518875,-2.4492935982947064e-16,1.0,0.9377521321470804,0.3473052528448203,0.9749279121818236,-0.22252093395631434
0.0,0.0,0.0,0.0,0.0,0.7666666666666666,0.7694241213698999,-2.4492935982947064e-16,1.0,0.9884683243281114,0.1514277775045767,0.43388373911755823,-0.900968867902419
0.0,0.0,0.0,0.0,0.0,0.7666666666666666,0.7694690066879124,-2.4492935982947064e-16,1.0,0.9987165071710528,-0.05064916883871264,-0.433883739117558,-0.9009688679024191
0.0,0.0,0.0,0.0,0.0,0.7666666666666666,0.7695138920059249,-2.4492935982947064e-16,1.0,0.9680771188662043,-0.2506525322587204,-0.9749279121818236,-0.2225209339563146
0.0,0.0,0.0,0.0,0.0,0.7666666666666666,0.7696485479599623,-2.4492935982947064e-16,1.0,0.6513724827222223,-0.758758122692791,0.7818314824680298,0.6234898018587336
0.0,0.0,0.0,0.0,0.0,0.7666666666666666,0.7696934332779748,-2.4492935982947064e-16,1.0,0.48530196253108104,-0.8743466161445821,0.9749279121818236,-0.22252093395631434
0.0,0.0,0.0,0.0,0.0,0.7666666666666666,0.7697383185959873,-2.4492935982947064e-16,1.0,0.29936312297335804,-0.9541392564000488,0.43388373911755823,-0.900968867902419
0.0,0.0,0.0,0.0,0.0,0.7666666666666666,0.7697832039139998,-2.4492935982947064e-16,1.0,0.10116832198743272,-0.994869323391895,-0.433883739117558,-0.9009688679024191
0.0,0.0,0.0,0.0,0.0,0.7666666666666666,0.7698280892320123,-2.4492935982947064e-16,1.0,-0.10116832198743204,-0.9948693233918952,-0.9749279121818236,-0.2225209339563146
0.0,0.0,0.0,0.0,0.0,0.7666666666666666,0.7699627451860497,-2.4492935982947064e-16,1.0,-0.6513724827222217,-0.7587581226927913,0.7818314824680298,0.6234898018587336
0.0,0.0,0.0,0.0,0.0,0.7666666666666666,0.7700076305040622,-2.4492935982947064e-16,1.0,-0.7907757369376986,-0.6121059825476627,0.9749279121818236,-0.22252093395631434
0.0,0.0,0.0,0.0,0.0,0.7666666666666666,0.7700525158220747,-2.4492935982947064e-16,1.0,-0.8978045395707417,-0.44039415155763423,0.43388373911755823,-0.900968867902419
0.0,0.0,0.0,0.0,0.0,0.7666666666666666,0.7700974011400872,-2.4492935982947064e-16,1.0,-0.9680771188662041,-0.2506525322587213,-0.433883739117558,-0.9009688679024191
0.0,0.0,0.0,0.0,0.0,0.7666666666666666,0.7701422864580996,-2.4492935982947064e-16,1.0,-0.9987165071710528,-0.05064916883871355,-0.9749279121818236,-0.2225209339563146
0.0,0.0,0.0,0.0,0.0,0.7666666666666666,0.7703218277301496,-2.4492935982947064e-16,1.0,-0.7247927872291207,0.6889669190756859,0.9749279121818236,-0.22252093395631434
0.0,0.0,0.0,0.0,0.0,0.7666666666666666,0.770366713048162,-2.4492935982947064e-16,1.0,-0.5712682150947924,0.8207634412072763,0.43388373911755823,-0.900968867902419
0.0,0.0,0.0,0.0,0.0,0.7666666666666666,0.7704115983661745,-2.4492935982947064e-16,1.0,-0.3943558551133187,0.9189578116202306,-0.433883739117558,-0.9009688679024191
0.0,0.0,0.0,0.0,0.0,0.7666666666666666,0.770456483684187,-2.4492935982947064e-16,1.0,-0.20129852008866114,0.9795299412524943,-0.9749279121818236,-0.2225209339563146
0.0,0.0,0.0,0.0,0.0,0.7833333333333333,0.7706360249562368,0.49999999999999994,0.8660254037844387,0.5712682150947923,0.8207634412072763,0.9749279121818236,-0.22252093395631434
0.0,0.0,0.0,0.0,0.0,0.7833333333333333,0.7706809102742493,0.49999999999999994,0.8660254037844387,0.72479278722912,0.6889669190756866,0.43388373911755823,-0.900968867902419
0.0,0.0,0.0,0.0,0.0,0.7833333333333333,0.7707257955922618,0.49999999999999994,0.8660254037844387,0.8486442574947509,0.5289640103269624,-0.433883739117558,-0.9009688679024191
0.0,0.0,0.0,0.0,0.0,0.7833333333333333,0.7707706809102743,0.49999999999999994,0.8660254037844387,0.9377521321470804,0.3473052528448203,-0.9749279121818236,-0.2225209339563146
0.0,0.0,0.0,0.0,0.0,0.7833333333333333,0.7709053368643117,0.49999999999999994,0.8660254037844387,0.9680771188662043,-0.2506525322587204,0.7818314824680298,0.6234898018587336
0.0,0.0,0.0,0.0,0.0,0.7833333333333333,0.7709502221823242,0.49999999999999994,0.8660254037844387,0.8978045395707416,-0.4403941515576344,0.9749279121818236,-0.22252093395631434
0.0,0.0,0.0,0.0,0.0,0.7833333333333333,0.7709951075003367,0.49999999999999994,0.8660254037844387,0.7907757369376989,-0.6121059825476626,0.43388373911755823,-0.900968867902419
0.0,0.0,0.0,0.0,0.0,0.7833333333333333,0.7710399928183491,0.49999999999999994,0.8660254037844387,0.6513724827222223,-0.758758122692791,-0.433883739117558,-0.9009688679024191
0.0,0.0,0.0,0.0,0.0,0.7833333333333333,0.7710848781363616,0.49999999999999994,0.8660254037844387,0.48530196253108104,-0.8743466161445821,-0.9749279121818236,-0.2225209339563146
0.0,0.0,0.0,0.0,0.0,0.7833333333333333,0.7712644194084115,0.49999999999999994,0.8660254037844387,-0.29936312297335776,-0.9541392564000489,0.9749279121818236,-0.22252093395631434
0.0,0.0,0.0,0.0,0.0,0.7833333333333333,0.771309304726424,0.49999999999999994,0.8660254037844387,-0.4853019625310808,-0.8743466161445822,0.43388373911755823,-0.900968867902419
0.0,0.0,0.0,0.0,0.0,0.7833333333333333,0.7713541900444365,0.49999999999999994,0.8660254037844387,-0.6513724827222217,-0.7587581226927913,-0.433883739117558,-0.9009688679024191
0.0,0.0,0.0,0.0,0.0,0.7833333333333333,0.771399075362449,0.49999999999999994,0.8660254037844387,-0.7907757369376986,-0.6121059825476627,-0.9749279121818236,-0.2225209339563146
0.0,0.0,0.0,0.0,0.0,0.7833333333333333,0.7715337313164864,0.49999999999999994,0.8660254037844387,-0.9987165071710528,-0.05064916883871355,0.7818314824680298,0.6234898018587336
0.0,0.0,0.0,0.0,0.0,0.7833333333333333,0.7715786166344989,0.49999999999999994,0.8660254037844387,-0.9884683243281114,0.15142777750457667,0.9749279121818236,-0.22252093395631434
0.0,0.0,0.0,0.0,0.0,0.7833333333333333,0.7716235019525114,0.49999999999999994,0.8660254037844387,-0.9377521321470804,0.3473052528448203,0.43388373911755823,-0.900968867902419
0.0,0.0,0.0,0.0,0.0,0.7833333333333333,0.7716683872705239,0.49999999999999994,0.8660254037844387,-0.8486442574947509,0.5289640103269624,-0.433883739117558,-0.9009688679024191
0.0,0.0,0.0,0.0,0.0,0.7833333333333333,0.7717132725885364,0.49999999999999994,0.8660254037844387,-0.7247927872291207,0.6889669190756859,-0.9749279121818236,-0.2225209339563146
0.0,0.0,0.0,0.0,0.0,0.7833333333333333,0.7718479285425738,0.49999999999999994,0.8660254037844387,-0.20129852008866114,0.9795299412524943,0.7818314824680298,0.6234898018587336
0.0,0.0,0.0,0.0,0.0,0.7833333333333333,0.7718928138605863,0.49999999999999994,0.8660254037844387,-2.4492935982947064e-16,1.0,0.9749279121818236,-0.22252093395631434
0.0,0.0,0.0,0.0,0.0,0.7833333333333333,0.7719376991785988,0.8660254037844386,0.5000000000000001,0.20129852008866006,0.9795299412524945,0.43388373911755823,-0.900968867902419
0.0,0.0,0.0,0.0,0.0,0.7833333333333333,0.7719825844966112,0.8660254037844386,0.5000000000000001,0.39435585511331855,0.9189578116202306,-0.433883739117558,-0.9009688679024191
0.0,0.0,0.0,0.0,0.0,0.7833333333333333,0.7720274698146237,0.8660254037844386,0.5000000000000001,0.5712682150947923,0.8207634412072763,-0.9749279121818236,-0.2225209339563146
0.0,0.0,0.0,0.0,0.0,0.7833333333333333,0.7721621257686612,0.8660254037844386,0.5000000000000001,0.9377521321470804,0.3473052528448203,0.7818314824680298,0.6234898018587336
0.0,0.0,0.0,0.0,0.0,0.7833333333333333,0.7722070110866736,0.8660254037844386,0.5000000000000001,0.9884683243281114,0.1514277775045767,0.9749279121818236,-0.22252093395631434
0.0,0.0,0.0,0.0,0.0,0.7833333333333333,0.7722518964046861,0.8660254037844386,0.5000000000000001,0.9987165071710528,-0.05064916883871264,0.43388373911755823,-0.900968867902419
0.0,0.0,0.0,0.0,0.0,0.7833333333333333,0.7722967817226986,0.8660254037844386,0.5000000000000001,0.9680771188662043,-0.2506525322587204,-0.433883739117558,-0.9009688679024191
0.0,0.0,0.0,0.0,0.0,0.7833333333333333,0.772341667040711,0.8660254037844386,0.5000000000000001,0.8978045395707416,-0.4403941515576344,-0.9749279121818236,-0.2225209339563146
0.0,0.0,0.0,0.0,0.0,0.7833333333333333,0.7724763229947484,0.8660254037844386,0.5000000000000001,0.48530196253108104,-0.8743466161445821,0.7818314824680298,0.6234898018587336
0.0,0.0,0.0,0.0,0.0,0.7833333333333333,0.7725212083127609,0.8660254037844386,0.5000000000000001,0.29936312297335804,-0.9541392564000488,0.9749279121818236,-0.22252093395631434
0.0,0.0,0.0,0.0,0.0,0.7833333333333333,0.7725660936307734,0.8660254037844386,0.5000000000000001,0.10116832198743272,-0.994869323391895,0.43388373911755823,-0.900968867902419
0.0,0.0,0.0,0.0,0.0,0.7833333333333333,0.7726109789487859,0.8660254037844386,0.5000000000000001,-0.10116832198743204,-0.9948693233918952,-0.433883739117558,-0.9009688679024191
0.0,0.0,0.0,0.0,0.0,0.7833333333333333,0.7726558642667983,0.8660254037844386,0.5000000000000001,-0.29936312297335776,-0.9541392564000489,-0.9749279121818236,-0.2225209339563146
0.0,0.0,0.0,0.0,0.0,0.7833333333333333,0.7728354055388483,0.8660254037844386,0.5000000000000001,-0.8978045395707417,-0.44039415155763423,0.9749279121818236,-0.22252093395631434
0.0,0.0,0.0,0.0,0.0,0.7833333333333333,0.7728802908568607,0.8660254037844386,0.5000000000000001,-0.9680771188662041,-0.2506525322587213,0.43388373911755823,-0.900968867902419
0.0,0.0,0.0,0.0,0.0,0.7833333333333333,0.7729251761748732,0.8660254037844386,0.5000000000000001,-0.9987165071710528,-0.05064916883871355,-0.433883739117558,-0.9009688679024191
0.0,0.0,0.0,0.0,0.0,0.7833333333333333,0.7729700614928857,0.8660254037844386,0.5000000000000001,-0.9884683243281114,0.15142777750457667,-0.9749279121818236,-0.2225209339563146
0.0,0.0,0.0,0.0,0.0,0.7833333333333333,0.7731047174469232,0.8660254037844386,0.5000000000000001,-0.7247927872291207,0.6889669190756859,0.7818314824680298,0.6234898018587336
0.0,0.0,0.0,0.0,0.0,0.7833333333333333,0.7731496027649356,0.8660254037844386,0.5000000000000001,-0.5712682150947924,0.8207634412072763,0.9749279121818236,-0.22252093395631434
0.0,0.0,0.0,0.0,0.0,0.7833333333333333,0.7731944880829481,1.0,6.123233995736766e-17,0.20129852008866006,0.9795299412524945,0.43388373911755823,-0.900968867902419
0.0,0.0,0.0,0.0,0.0,0.7833333333333333,0.7732393734009606,1.0,6.123233995736766e-17,0.39435585511331855,0.9189578116202306,-0.433883739117558,-0.9009688679024191
0.0,0.0,0.0,0.0,0.0,0.7833333333333333,0.7732842587189731,1.0,6.123233995736766e-17,0.5712682150947923,0.8207634412072763,-0.9749279121818236,-0.2225209339563146
0.0,0.0,0.0,0.0,0.0,0.7833333333333333,0.7734189146730105,1.0,6.123233995736766e-17,0.9377521321470804,0.3473052528448203,0.7818314824680298,0.6234898018587336
0.0,0.0,0.0,0.0,0.0,0.7833333333333333,0.773463799991023,1.0,6.123233995736766e-17,0.9884683243281114,0.1514277775045767,0.9749279121818236,-0.22252093395631434
0.0,0.0,0.0,0.0,0.0,0.7833333333333333,0.7735086853090355,1.0,6.123233995736766e-17,0.9987165071710528,-0.05064916883871264,0.43388373911755823,-0.900968867902419
0.0,0.0,0.0,0.0,0.0,0.7833333333333333,0.773553570627048,1.0,6.123233995736766e-17,0.9680771188662043,-0.2506525322587204,-0.433883739117558,-0.9009688679024191
0.0,0.0,0.0,0.0,0.0,0.7833333333333333,0.7735984559450604,1.0,6.123233995736766e-17,0.8978045395707416,-0.4403941515576344,-0.9749279121818236,-0.2225209339563146
0.0,0.0,0.0,0.0,0.0,0.7833333333333333,0.7737331118990979,1.0,6.123233995736766e-17,0.48530196253108104,-0.8743466161445821,0.7818314824680298,0.6234898018587336
0.0,0.0,0.0,0.0,0.0,0.7833333333333333,0.7737779972171104,1.0,6.123233995736766e-17,0.29936312297335804,-0.9541392564000488,0.9749279121818236,-0.22252093395631434
0.0,0.0,0.0,0.0,0.0,0.7833333333333333,0.7738228825351228,1.0,6.123233995736766e-17,0.10116832198743272,-0.994869323391895,0.43388373911755823,-0.900968867902419
0.0,0.0,0.0,0.0,0.0,0.7833333333333333,0.7738677678531353,1.0,6.123233995736766e-17,-0.10116832198743204,-0.9948693233918952,-0.433883739117558,-0.9009688679024191
0.0,0.0,0.0,0.0,0.0,0.7833333333333333,0.7739126531711478,1.0,6.123233995736766e-17,-0.29936312297335776,-0.9541392564000489,-0.9749279121818236,-0.2225209339563146
0.0,0.0,0.0,0.0,0.0,0.7833333333333333,0.7740473091251852,1.0,6.123233995736766e-17,-0.7907757369376986,-0.6121059825476627,0.7818314824680298,0.6234898018587336
0.0,0.0,0.0,0.0,0.0,0.7833333333333333,0.7740921944431977,1.0,6.123233995736766e-17,-0.8978045395707417,-0.44039415155763423,0.9749279121818236,-0.22252093395631434
0.0,0.0,0.0,0.0,0.0,0.7833333333333333,0.7741370797612102,1.0,6.123233995736766e-17,-0.9680771188662041,-0.2506525322587213,0.43388373911755823,-0.900968867902419
0.0,0.0,0.0,0.0,0.0,0.7833333333333333,0.7741819650792227,1.0,6.123233995736766e-17,-0.9987165071710528,-0.05064916883871355,-0.433883739117558,-0.9009688679024191
0.0,0.0,0.0,0.0,0.0,0.7833333333333333,0.7742268503972352,1.0,6.123233995736766e-17,-0.9884683243281114,0.15142777750457667,-0.9749279121818236,-0.2225209339563146
0.0,0.0,0.0,0.0,0.0,0.7833333333333333,0.7743615063512725,1.0,6.123233995736766e-17,-0.7247927872291207,0.6889669190756859,0.7818314824680298,0.6234898018587336
0.0,0.0,0.0,0.0,0.0,0.7833333333333333,0.774406391669285,1.0,6.123233995736766e-17,-0.5712682150947924,0.8207634412072763,0.9749279121818236,-0.22252093395631434
0.0,0.0,0.0,0.0,0.0,0.7833333333333333,0.7744512769872975,1.0,6.123233995736766e-17,-0.3943558551133187,0.9189578116202306,0.43388373911755823,-0.900968867902419
0.0,0.0,0.0,0.0,0.0,0.7833333333333333,0.7744961623053099,1.0,6.123233995736766e-17,-0.20129852008866114,0.9795299412524943,-0.433883739117558,-0.9009688679024191
0.0,0.0,0.0,0.0,0.0,0.7833333333333333,0.7745410476233224,1.0,6.123233995736766e-17,-2.4492935982947064e-16,1.0,-0.9749279121818236,-0.2225209339563146
0.0,0.0,0.0,0.0,0.0,0.7833333333333333,0.7746757035773599,0.8660254037844387,-0.4999999999999998,0.5712682150947923,0.8207634412072763,0.7818314824680298,0.6234898018587336
0.0,0.0,0.0,0.0,0.0,0.7833333333333333,0.7747205888953723,0.8660254037844387,-0.4999999999999998,0.72479278722912,0.6889669190756866,0.9749279121818236,-0.22252093395631434
0.0,0.0,0.0,0.0,0.0,0.7833333333333333,0.7747654742133848,0.8660254037844387,-0.4999999999999998,0.8486442574947509,0.5289640103269624,0.43388373911755823,-0.900968867902419
0.0,0.0,0.0,0.0,0.0,0.7833333333333333,0.7748103595313973,0.8660254037844387,-0.4999999999999998,0.9377521321470804,0.3473052528448203,-0.433883739117558,-0.9009688679024191
0.0,0.0,0.0,0.0,0.0,0.7833333333333333,0.7748552448494098,0.8660254037844387,-0.4999999999999998,0.9884683243281114,0.1514277775045767,-0.9749279121818236,-0.2225209339563146
0.0,0.0,0.0,0.0,0.0,0.7833333333333333,0.7749899008034472,0.8660254037844387,-0.4999999999999998,0.8978045395707416,-0.4403941515576344,0.7818314824680298,0.6234898018587336
0.0,0.0,0.0,0.0,0.0,0.7833333333333333,0.7750347861214597,0.8660254037844387,-0.4999999999999998,0.7907757369376989,-0.6121059825476626,0.9749279121818236,-0.22252093395631434
0.0,0.0,0.0,0.0,0.0,0.7833333333333333,0.7750796714394722,0.8660254037844387,-0.4999999999999998,0.6513724827222223,-0.758758122692791,0.43388373911755823,-0.900968867902419
0.0,0.0,0.0,0.0,0.0,0.7833333333333333,0.7751245567574847,0.8660254037844387,-0.4999999999999998,0.48530196253108104,-0.8743466161445821,-0.433883739117558,-0.9009688679024191
0.0,0.0,0.0,0.0,0.0,0.7833333333333333,0.7753040980295346,0.8660254037844387,-0.4999999999999998,-0.29936312297335776,-0.9541392564000489,0.7818314824680298,0.6234898018587336
0.0,0.0,0.0,0.0,0.0,0.7833333333333333,0.7753489833475471,0.8660254037844387,-0.4999999999999998,-0.4853019625310808,-0.8743466161445822,0.9749279121818236,-0.22252093395631434
0.0,0.0,0.0,0.0,0.0,0.7833333333333333,0.7753938686655596,0.8660254037844387,-0.4999999999999998,-0.6513724827222217,-0.7587581226927913,0.43388373911755823,-0.900968867902419
0.0,0.0,0.0,0.0,0.0,0.7833333333333333,0.775438753983572,0.8660254037844387,-0.4999999999999998,-0.7907757369376986,-0.6121059825476627,-0.433883739117558,-0.9009688679024191
0.0,0.0,0.0,0.0,0.0,0.7833333333333333,0.7754836393015845,0.8660254037844387,-0.4999999999999998,-0.8978045395707417,-0.44039415155763423,-0.9749279121818236,-0.2225209339563146
0.0,0.0,0.0,0.0,0.0,0.7833333333333333,0.775618295255622,0.8660254037844387,-0.4999999999999998,-0.9884683243281114,0.15142777750457667,0.7818314824680298,0.6234898018587336
0.0,0.0,0.0,0.0,0.0,0.7833333333333333,0.7756631805736344,0.8660254037844387,-0.4999999999999998,-0.9377521321470804,0.3473052528448203,0.9749279121818236,-0.22252093395631434
0.0,0.0,0.0,0.0,0.0,0.7833333333333333,0.7757080658916469,0.8660254037844387,-0.4999999999999998,-0.8486442574947509,0.5289640103269624,0.43388373911755823,-0.900968867902419
0.0,0.0,0.0,0.0,0.0,0.7833333333333333,0.7757529512096594,0.8660254037844387,-0.4999999999999998,-0.7247927872291207,0.6889669190756859,-0.433883739117558,-0.9009688679024191
0.0,0.0,0.0,0.0,0.0,0.7833333333333333,0.7757978365276719,0.8660254037844387,-0.4999999999999998,-0.5712682150947924,0.8207634412072763,-0.9749279121818236,-0.2225209339563146
0.0,0.0,0.0,0.0,0.0,0.7833333333333333,0.7759324924817093,0.5000000000000003,-0.8660254037844385,0.20129852008866006,0.9795299412524945,0.7818314824680298,0.6234898018587336
0.0,0.0,0.0,0.0,0.0,0.7833333333333333,0.7759773777997218,0.5000000000000003,-0.8660254037844385,0.39435585511331855,0.9189578116202306,0.9749279121818236,-0.22252093395631434
0.0,0.0,0.0,0.0,0.0,0.7833333333333333,0.7760222631177343,0.5000000000000003,-0.8660254037844385,0.5712682150947923,0.8207634412072763,0.43388373911755823,-0.900968867902419
0.0,0.0,0.0,0.0,0.0,0.7833333333333333,0.7760671484357468,0.5000000000000003,-0.8660254037844385,0.72479278722912,0.6889669190756866,-0.433883739117558,-0.9009688679024191
0.0,0.0,0.0,0.0,0.0,0.7833333333333333,0.7761120337537591,0.5000000000000003,-0.8660254037844385,0.8486442574947509,0.5289640103269624,-0.9749279121818236,-0.2225209339563146
0.0,0.0,0.0,0.0,0.0,0.7833333333333333,0.7762466897077966,0.5000000000000003,-0.8660254037844385,0.9987165071710528,-0.05064916883871264,0.7818314824680298,0.6234898018587336
0.0,0.0,0.0,0.0,0.0,0.7833333333333333,0.7762915750258091,0.5000000000000003,-0.8660254037844385,0.9680771188662043,-0.2506525322587204,0.9749279121818236,-0.22252093395631434
0.0,0.0,0.0,0.0,0.0,0.7833333333333333,0.7763364603438215,0.5000000000000003,-0.8660254037844385,0.8978045395707416,-0.4403941515576344,0.43388373911755823,-0.900968867902419
0.0,0.0,0.0,0.0,0.0,0.7833333333333333,0.776381345661834,0.5000000000000003,-0.8660254037844385,0.7907757369376989,-0.6121059825476626,-0.433883739117558,-0.9009688679024191
0.0,0.0,0.0,0.0,0.0,0.7833333333333333,0.7764262309798465,0.5000000000000003,-0.8660254037844385,0.6513724827222223,-0.758758122692791,-0.9749279121818236,-0.2225209339563146
0.0,0.0,0.0,0.0,0.0,0.7833333333333333,0.776560886933884,0.5000000000000003,-0.8660254037844385,0.10116832198743272,-0.994869323391895,0.7818314824680298,0.6234898018587336
0.0,0.0,0.0,0.0,0.0,0.7833333333333333,0.7766057722518964,0.5000000000000003,-0.8660254037844385,-0.10116832198743204,-0.9948693233918952,0.9749279121818236,-0.22252093395631434
0.0,0.0,0.0,0.0,0.0,0.7833333333333333,0.7766506575699089,0.5000000000000003,-0.8660254037844385,-0.29936312297335776,-0.9541392564000489,0.43388373911755823,-0.900968867902419
0.0,0.0,0.0,0.0,0.0,0.7833333333333333,0.7766955428879214,0.5000000000000003,-0.8660254037844385,-0.4853019625310808,-0.8743466161445822,-0.433883739117558,-0.9009688679024191
0.0,0.0,0.0,0.0,0.0,0.7833333333333333,0.7767404282059339,0.5000000000000003,-0.8660254037844385,-0.6513724827222217,-0.7587581226927913,-0.9749279121818236,-0.2225209339563146
0.0,0.0,0.0,0.0,0.0,0.7833333333333333,0.7768750841599713,0.5000000000000003,-0.8660254037844385,-0.9680771188662041,-0.2506525322587213,0.7818314824680298,0.6234898018587336
0.0,0.0,0.0,0.0,0.0,0.7833333333333333,0.7769199694779838,0.5000000000000003,-0.8660254037844385,-0.9987165071710528,-0.05064916883871355,0.9749279121818236,-0.22252093395631434
0.0,0.0,0.0,0.0,0.0,0.7833333333333333,0.7769648547959963,0.5000000000000003,-0.8660254037844385,-0.9884683243281114,0.15142777750457667,0.43388373911755823,-0.900968867902419
0.0,0.0,0.0,0.0,0.0,0.7833333333333333,0.7770097401140088,0.5000000000000003,-0.8660254037844385,-0.9377521321470804,0.3473052528448203,-0.433883739117558,-0.9009688679024191
0.0,0.0,0.0,0.0,0.0,0.7833333333333333,0.7770546254320212,0.5000000000000003,-0.8660254037844385,-0.8486442574947509,0.5289640103269624,-0.9749279121818236,-0.2225209339563146
0.0,0.0,0.0,0.0,0.0,0.7833333333333333,0.7772341667040712,0.5000000000000003,-0.8660254037844385,-0.20129852008866114,0.9795299412524943,0.9749279121818236,-0.22252093395631434
0.0,0.0,0.0,0.0,0.0,0.7833333333333333,0.7772790520220836,0.5000000000000003,-0.8660254037844385,-2.4492935982947064e-16,1.0,0.43388373911755823,-0.900968867902419
0.0,0.0,0.0,0.0,0.0,0.7833333333333333,0.7773239373400961,1.2246467991473532e-16,-1.0,0.20129852008866006,0.9795299412524945,-0.433883739117558,-0.9009688679024191
0.0,0.0,0.0,0.0,0.0,0.7833333333333333,0.7773688226581086,1.2246467991473532e-16,-1.0,0.39435585511331855,0.9189578116202306,-0.9749279121818236,-0.2225209339563146
0.0,0.0,0.0,0.0,0.0,0.7833333333333333,0.777503478612146,1.2246467991473532e-16,-1.0,0.8486442574947509,0.5289640103269624,0.7818314824680298,0.6234898018587336
0.0,0.0,0.0,0.0,0.0,0.7833333333333333,0.7775483639301585,1.2246467991473532e-16,-1.0,0.9377521321470804,0.3473052528448203,0.9749279121818236,-0.22252093395631434
0.0,0.0,0.0,0.0,0.0,0.7833333333333333,0.777593249248171,1.2246467991473532e-16,-1.0,0.9884683243281114,0.1514277775045767,0.43388373911755823,-0.900968867902419
0.0,0.0,0.0,0.0,0.0,0.7833333333333333,0.7776381345661835,1.2246467991473532e-16,-1.0,0.9987165071710528,-0.05064916883871264,-0.433883739117558,-0.9009688679024191
0.0,0.0,0.0,0.0,0.0,0.7833333333333333,0.777683019884196,1.2246467991473532e-16,-1.0,0.9680771188662043,-0.2506525322587204,-0.9749279121818236,-0.2225209339563146
0.0,0.0,0.0,0.0,0.0,0.7833333333333333,0.7778176758382334,1.2246467991473532e-16,-1.0,0.6513724827222223,-0.758758122692791,0.7818314824680298,0.6234898018587336
0.0,0.0,0.0,0.0,0.0,0.7833333333333333,0.7778625611562459,1.2246467991473532e-16,-1.0,0.48530196253108104,-0.8743466161445821,0.9749279121818236,-0.22252093395631434
0.0,0.0,0.0,0.0,0.0,0.7833333333333333,0.7779074464742584,1.2246467991473532e-16,-1.0,0.29936312297335804,-0.9541392564000488,0.43388373911755823,-0.900968867902419
0.0,0.0,0.0,0.0,0.0,0.7833333333333333,0.7779523317922707,1.2246467991473532e-16,-1.0,0.10116832198743272,-0.994869323391895,-0.433883739117558,-0.9009688679024191
0.0,0.0,0.0,0.0,0.0,0.7833333333333333,0.7779972171102832,1.2246467991473532e-16,-1.0,-0.10116832198743204,-0.9948693233918952,-0.9749279121818236,-0.2225209339563146
0.0,0.0,0.0,0.0,0.0,0.7833333333333333,0.7781318730643207,1.2246467991473532e-16,-1.0,-0.6513724827222217,-0.7587581226927913,0.7818314824680298,0.6234898018587336
0.0,0.0,0.0,0.0,0.0,0.7833333333333333,0.7781767583823332,1.2246467991473532e-16,-1.0,-0.7907757369376986,-0.6121059825476627,0.9749279121818236,-0.22252093395631434
0.0,0.0,0.0,0.0,0.0,0.7833333333333333,0.7782216437003456,1.2246467991473532e-16,-1.0,-0.8978045395707417,-0.44039415155763423,0.43388373911755823,-0.900968867902419
0.0,0.0,0.0,0.0,0.0,0.7833333333333333,0.7782665290183581,1.2246467991473532e-16,-1.0,-0.9680771188662041,-0.2506525322587213,-0.433883739117558,-0.9009688679024191
0.0,0.0,0.0,0.0,0.0,0.7833333333333333,0.7783114143363706,1.2246467991473532e-16,-1.0,-0.9987165071710528,-0.05064916883871355,-0.9749279121818236,-0.2225209339563146
0.0,0.0,0.0,0.0,0.0,0.7833333333333333,0.778446070290408,1.2246467991473532e-16,-1.0,-0.8486442574947509,0.5289640103269624,0.7818314824680298,0.6234898018587336
0.0,0.0,0.0,0.0,0.0,0.7833333333333333,0.7784909556084205,1.2246467991473532e-16,-1.0,-0.7247927872291207,0.6889669190756859,0.9749279121818236,-0.22252093395631434
0.0,0.0,0.0,0.0,0.0,0.7833333333333333,0.778535840926433,1.2246467991473532e-16,-1.0,-0.5712682150947924,0.8207634412072763,0.43388373911755823,-0.900968867902419
0.0,0.0,0.0,0.0,0.0,0.7833333333333333,0.7785807262444455,1.2246467991473532e-16,-1.0,-0.3943558551133187,0.9189578116202306,-0.433883739117558,-0.9009688679024191
0.0,0.0,0.0,0.0,0.0,0.7833333333333333,0.778625611562458,1.2246467991473532e-16,-1.0,-0.20129852008866114,0.9795299412524943,-0.9749279121818236,-0.2225209339563146
0.0,0.0,0.0,0.0,0.0,0.7833333333333333,0.7787602675164954,-0.4999999999999997,-0.8660254037844388,0.5712682150947923,0.8207634412072763,0.7818314824680298,0.6234898018587336
0.0,0.0,0.0,0.0,0.0,0.7833333333333333,0.7788500381525204,-0.4999999999999997,-0.8660254037844388,0.8486442574947509,0.5289640103269624,0.43388373911755823,-0.900968867902419
0.0,0.0,0.0,0.0,0.0,0.7833333333333333,0.7788949234705328,-0.4999999999999997,-0.8660254037844388,0.9377521321470804,0.3473052528448203,-0.433883739117558,-0.9009688679024191
0.0,0.0,0.0,0.0,0.0,0.7833333333333333,0.7789398087885453,-0.4999999999999997,-0.8660254037844388,0.9884683243281114,0.1514277775045767,-0.9749279121818236,-0.2225209339563146
0.0,0.0,0.0,0.0,0.0,0.7833333333333333,0.7790744647425828,-0.4999999999999997,-0.8660254037844388,0.8978045395707416,-0.4403941515576344,0.7818314824680298,0.6234898018587336
0.0,0.0,0.0,0.0,0.0,0.7833333333333333,0.7791193500605952,-0.4999999999999997,-0.8660254037844388,0.7907757369376989,-0.6121059825476626,0.9749279121818236,-0.22252093395631434
0.0,0.0,0.0,0.0,0.0,0.7833333333333333,0.7791642353786077,-0.4999999999999997,-0.8660254037844388,0.6513724827222223,-0.758758122692791,0.43388373911755823,-0.900968867902419
0.0,0.0,0.0,0.0,0.0,0.7833333333333333,0.7792091206966202,-0.4999999999999997,-0.8660254037844388,0.48530196253108104,-0.8743466161445821,-0.433883739117558,-0.9009688679024191
0.0,0.0,0.0,0.0,0.0,0.7833333333333333,0.7792540060146327,-0.4999999999999997,-0.8660254037844388,0.29936312297335804,-0.9541392564000488,-0.9749279121818236,-0.2225209339563146
0.0,0.0,0.0,0.0,0.0,0.7833333333333333,0.7793886619686701,-0.4999999999999997,-0.8660254037844388,-0.29936312297335776,-0.9541392564000489,0.7818314824680298,0.6234898018587336
0.0,0.0,0.0,0.0,0.0,0.7833333333333333,0.7794335472866826,-0.4999999999999997,-0.8660254037844388,-0.4853019625310808,-0.8743466161445822,0.9749279121818236,-0.22252093395631434
0.0,0.0,0.0,0.0,0.0,0.7833333333333333,0.7794784326046951,-0.4999999999999997,-0.8660254037844388,-0.6513724827222217,-0.7587581226927913,0.43388373911755823,-0.900968867902419
0.0,0.0,0.0,0.0,0.0,0.7833333333333333,0.7795233179227076,-0.4999999999999997,-0.8660254037844388,-0.7907757369376986,-0.6121059825476627,-0.433883739117558,-0.9009688679024191
0.0,0.0,0.0,0.0,0.0,0.7833333333333333,0.77956820324072,-0.4999999999999997,-0.8660254037844388,-0.8978045395707417,-0.44039415155763423,-0.9749279121818236,-0.2225209339563146
0.0,0.0,0.0,0.0,0.0,0.7833333333333333,0.7797028591947575,-0.4999999999999997,-0.8660254037844388,-0.9884683243281114,0.15142777750457667,0.7818314824680298,0.6234898018587336
0.0,0.0,0.0,0.0,0.0,0.7833333333333333,0.77974774451277,-0.4999999999999997,-0.8660254037844388,-0.9377521321470804,0.3473052528448203,0.9749279121818236,-0.22252093395631434
0.0,0.0,0.0,0.0,0.0,0.7833333333333333,0.7797926298307823,-0.4999999999999997,-0.8660254037844388,-0.8486442574947509,0.5289640103269624,0.43388373911755823,-0.900968867902419
0.0,0.0,0.0,0.0,0.0,0.7833333333333333,0.7798375151487948,-0.4999999999999997,-0.8660254037844388,-0.7247927872291207,0.6889669190756859,-0.433883739117558,-0.9009688679024191
0.0,0.0,0.0,0.0,0.0,0.7833333333333333,0.7798824004668073,-0.4999999999999997,-0.8660254037844388,-0.5712682150947924,0.8207634412072763,-0.9749279121818236,-0.2225209339563146
0.0,0.0,0.0,0.0,0.0,0.7833333333333333,0.7800170564208448,-0.4999999999999997,-0.8660254037844388,-2.4492935982947064e-16,1.0,0.7818314824680298,0.6234898018587336
0.0,0.0,0.0,0.0,0.0,0.7833333333333333,0.7800619417388572,-0.8660254037844385,-0.5000000000000004,0.20129852008866006,0.9795299412524945,0.9749279121818236,-0.22252093395631434
0.0,0.0,0.0,0.0,0.0,0.7833333333333333,0.7801068270568697,-0.8660254037844385,-0.5000000000000004,0.39435585511331855,0.9189578116202306,0.43388373911755823,-0.900968867902419
0.0,0.0,0.0,0.0,0.0,0.7833333333333333,0.7801517123748822,-0.8660254037844385,-0.5000000000000004,0.5712682150947923,0.8207634412072763,-0.433883739117558,-0.9009688679024191
0.0,0.0,0.0,0.0,0.0,0.7833333333333333,0.7801965976928947,-0.8660254037844385,-0.5000000000000004,0.72479278722912,0.6889669190756866,-0.9749279121818236,-0.2225209339563146
0.0,0.0,0.0,0.0,0.0,0.7833333333333333,0.7803312536469321,-0.8660254037844385,-0.5000000000000004,0.9884683243281114,0.1514277775045767,0.7818314824680298,0.6234898018587336
0.0,0.0,0.0,0.0,0.0,0.7833333333333333,0.7803761389649446,-0.8660254037844385,-0.5000000000000004,0.9987165071710528,-0.05064916883871264,0.9749279121818236,-0.22252093395631434
0.0,0.0,0.0,0.0,0.0,0.7833333333333333,0.7804210242829571,-0.8660254037844385,-0.5000000000000004,0.9680771188662043,-0.2506525322587204,0.43388373911755823,-0.900968867902419
0.0,0.0,0.0,0.0,0.0,0.7833333333333333,0.7804659096009696,-0.8660254037844385,-0.5000000000000004,0.8978045395707416,-0.4403941515576344,-0.433883739117558,-0.9009688679024191
0.0,0.0,0.0,0.0,0.0,0.7833333333333333,0.780510794918982,-0.8660254037844385,-0.5000000000000004,0.7907757369376989,-0.6121059825476626,-0.9749279121818236,-0.2225209339563146
0.0,0.0,0.0,0.0,0.0,0.7833333333333333,0.7806454508730195,-0.8660254037844385,-0.5000000000000004,0.29936312297335804,-0.9541392564000488,0.7818314824680298,0.6234898018587336
0.0,0.0,0.0,0.0,0.0,0.7833333333333333,0.780690336191032,-0.8660254037844385,-0.5000000000000004,0.10116832198743272,-0.994869323391895,0.9749279121818236,-0.22252093395631434
0.0,0.0,0.0,0.0,0.0,0.7833333333333333,0.7807352215090444,-0.8660254037844385,-0.5000000000000004,-0.10116832198743204,-0.9948693233918952,0.43388373911755823,-0.900968867902419
0.0,0.0,0.0,0.0,0.0,0.7833333333333333,0.7807801068270569,-0.8660254037844385,-0.5000000000000004,-0.29936312297335776,-0.9541392564000489,-0.433883739117558,-0.9009688679024191
0.0,0.0,0.0,0.0,0.0,0.7833333333333333,0.7808249921450694,-0.8660254037844385,-0.5000000000000004,-0.4853019625310808,-0.8743466161445822,-0.9749279121818236,-0.2225209339563146
0.0,0.0,0.0,0.0,0.0,0.7833333333333333,0.7809596480991068,-0.8660254037844385,-0.5000000000000004,-0.8978045395707417,-0.44039415155763423,0.7818314824680298,0.6234898018587336
0.0,0.0,0.0,0.0,0.0,0.7833333333333333,0.7810045334171193,-0.8660254037844385,-0.5000000000000004,-0.9680771188662041,-0.2506525322587213,0.9749279121818236,-0.22252093395631434
0.0,0.0,0.0,0.0,0.0,0.7833333333333333,0.7810494187351318,-0.8660254037844385,-0.5000000000000004,-0.9987165071710528,-0.05064916883871355,0.43388373911755823,-0.900968867902419
0.0,0.0,0.0,0.0,0.0,0.7833333333333333,0.7810943040531443,-0.8660254037844385,-0.5000000000000004,-0.9884683243281114,0.15142777750457667,-0.433883739117558,-0.9009688679024191
0.0,0.0,0.0,0.0,0.0,0.7833333333333333,0.7811391893711568,-0.8660254037844385,-0.5000000000000004,-0.9377521321470804,0.3473052528448203,-0.9749279121818236,-0.2225209339563146
0.0,0.0,0.0,0.0,0.0,0.7833333333333333,0.7812738453251942,-0.8660254037844385,-0.5000000000000004,-0.5712682150947924,0.8207634412072763,0.7818314824680298,0.6234898018587336
0.0,0.0,0.0,0.0,0.0,0.7833333333333333,0.7813187306432067,-0.8660254037844385,-0.5000000000000004,-0.3943558551133187,0.9189578116202306,0.9749279121818236,-0.22252093395631434
0.0,0.0,0.0,0.0,0.0,0.7833333333333333,0.7813636159612192,-0.8660254037844385,-0.5000000000000004,-0.20129852008866114,0.9795299412524943,0.43388373911755823,-0.900968867902419
0.0,0.0,0.0,0.0,0.0,0.7833333333333333,0.7814085012792316,-0.8660254037844385,-0.5000000000000004,-2.4492935982947064e-16,1.0,-0.433883739117558,-0.9009688679024191
0.0,0.0,0.0,0.0,0.0,0.7833333333333333,0.7814533865972441,-1.0,-1.8369701987210297e-16,0.20129852008866006,0.9795299412524945,-0.9749279121818236,-0.2225209339563146
0.0,0.0,0.0,0.0,0.0,0.7833333333333333,0.7816329278692941,-1.0,-1.8369701987210297e-16,0.8486442574947509,0.5289640103269624,0.9749279121818236,-0.22252093395631434
0.0,0.0,0.0,0.0,0.0,0.7833333333333333,0.7816778131873064,-1.0,-1.8369701987210297e-16,0.9377521321470804,0.3473052528448203,0.43388373911755823,-0.900968867902419
0.0,0.0,0.0,0.0,0.0,0.7833333333333333,0.781722698505319,-1.0,-1.8369701987210297e-16,0.9884683243281114,0.1514277775045767,-0.433883739117558,-0.9009688679024191
0.0,0.0,0.0,0.0,0.0,0.7833333333333333,0.7817675838233314,-1.0,-1.8369701987210297e-16,0.9987165071710528,-0.05064916883871264,-0.9749279121818236,-0.2225209339563146
0.0,0.0,0.0,0.0,0.0,0.7833333333333333,0.7819022397773688,-1.0,-1.8369701987210297e-16,0.7907757369376989,-0.6121059825476626,0.7818314824680298,0.6234898018587336
0.0,0.0,0.0,0.0,0.0,0.7833333333333333,0.7819471250953813,-1.0,-1.8369701987210297e-16,0.6513724827222223,-0.758758122692791,0.9749279121818236,-0.22252093395631434
0.0,0.0,0.0,0.0,0.0,0.7833333333333333,0.7819920104133938,-1.0,-1.8369701987210297e-16,0.48530196253108104,-0.8743466161445821,0.43388373911755823,-0.900968867902419
0.0,0.0,0.0,0.0,0.0,0.7833333333333333,0.7820368957314063,-1.0,-1.8369701987210297e-16,0.29936312297335804,-0.9541392564000488,-0.433883739117558,-0.9009688679024191
0.0,0.0,0.0,0.0,0.0,0.7833333333333333,0.7820817810494188,-1.0,-1.8369701987210297e-16,0.10116832198743272,-0.994869323391895,-0.9749279121818236,-0.2225209339563146
0.0,0.0,0.0,0.0,0.0,0.7833333333333333,0.7822164370034562,-1.0,-1.8369701987210297e-16,-0.4853019625310808,-0.8743466161445822,0.7818314824680298,0.6234898018587336
0.0,0.0,0.0,0.0,0.0,0.7833333333333333,0.7822613223214687,-1.0,-1.8369701987210297e-16,-0.6513724827222217,-0.7587581226927913,0.9749279121818236,-0.22252093395631434
0.0,0.0,0.0,0.0,0.0,0.7833333333333333,0.7823062076394812,-1.0,-1.8369701987210297e-16,-0.7907757369376986,-0.6121059825476627,0.43388373911755823,-0.900968867902419
0.0,0.0,0.0,0.0,0.0,0.7833333333333333,0.7823510929574936,-1.0,-1.8369701987210297e-16,-0.8978045395707417,-0.44039415155763423,-0.433883739117558,-0.9009688679024191
0.0,0.0,0.0,0.0,0.0,0.7833333333333333,0.7823959782755061,-1.0,-1.8369701987210297e-16,-0.9680771188662041,-0.2506525322587213,-0.9749279121818236,-0.2225209339563146
0.0,0.0,0.0,0.0,0.0,0.7833333333333333,0.7825306342295436,-1.0,-1.8369701987210297e-16,-0.9377521321470804,0.3473052528448203,0.7818314824680298,0.6234898018587336
0.0,0.0,0.0,0.0,0.0,0.7833333333333333,0.782575519547556,-1.0,-1.8369701987210297e-16,-0.8486442574947509,0.5289640103269624,0.9749279121818236,-0.22252093395631434
0.0,0.0,0.0,0.0,0.0,0.7833333333333333,0.7826204048655685,-1.0,-1.8369701987210297e-16,-0.7247927872291207,0.6889669190756859,0.43388373911755823,-0.900968867902419
0.0,0.0,0.0,0.0,0.0,0.7833333333333333,0.782665290183581,-1.0,-1.8369701987210297e-16,-0.5712682150947924,0.8207634412072763,-0.433883739117558,-0.9009688679024191
0.0,0.0,0.0,0.0,0.0,0.7833333333333333,0.7827101755015935,-1.0,-1.8369701987210297e-16,-0.3943558551133187,0.9189578116202306,-0.9749279121818236,-0.2225209339563146
0.0,0.0,0.0,0.0,0.0,0.7833333333333333,0.7828448314556309,-0.866025403784439,0.49999999999999933,0.39435585511331855,0.9189578116202306,0.7818314824680298,0.6234898018587336
0.0,0.0,0.0,0.0,0.0,0.7833333333333333,0.7828897167736434,-0.866025403784439,0.49999999999999933,0.5712682150947923,0.8207634412072763,0.9749279121818236,-0.22252093395631434
0.0,0.0,0.0,0.0,0.0,0.7833333333333333,0.7829346020916559,-0.866025403784439,0.49999999999999933,0.72479278722912,0.6889669190756866,0.43388373911755823,-0.900968867902419
0.0,0.0,0.0,0.0,0.0,0.7833333333333333,0.7829794874096684,-0.866025403784439,0.49999999999999933,0.8486442574947509,0.5289640103269624,-0.433883739117558,-0.9009688679024191
0.0,0.0,0.0,0.0,0.0,0.7833333333333333,0.7830243727276808,-0.866025403784439,0.49999999999999933,0.9377521321470804,0.3473052528448203,-0.9749279121818236,-0.2225209339563146
0.0,0.0,0.0,0.0,0.0,0.7833333333333333,0.7831590286817183,-0.866025403784439,0.49999999999999933,0.9680771188662043,-0.2506525322587204,0.7818314824680298,0.6234898018587336
0.0,0.0,0.0,0.0,0.0,0.7833333333333333,0.7832039139997308,-0.866025403784439,0.49999999999999933,0.8978045395707416,-0.4403941515576344,0.9749279121818236,-0.22252093395631434
0.0,0.0,0.0,0.0,0.0,0.7833333333333333,0.7832487993177433,-0.866025403784439,0.49999999999999933,0.7907757369376989,-0.6121059825476626,0.43388373911755823,-0.900968867902419
0.0,0.0,0.0,0.0,0.0,0.7833333333333333,0.7832936846357557,-0.866025403784439,0.49999999999999933,0.6513724827222223,-0.758758122692791,-0.433883739117558,-0.9009688679024191
0.0,0.0,0.0,0.0,0.0,0.7833333333333333,0.7833385699537682,-0.866025403784439,0.49999999999999933,0.48530196253108104,-0.8743466161445821,-0.9749279121818236,-0.2225209339563146
0.0,0.0,0.0,0.0,0.0,0.7833333333333333,0.7834732259078057,-0.866025403784439,0.49999999999999933,-0.10116832198743204,-0.9948693233918952,0.7818314824680298,0.6234898018587336
0.0,0.0,0.0,0.0,0.0,0.7833333333333333,0.783518111225818,-0.866025403784439,0.49999999999999933,-0.29936312297335776,-0.9541392564000489,0.9749279121818236,-0.22252093395631434
0.0,0.0,0.0,0.0,0.0,0.7833333333333333,0.7835629965438305,-0.866025403784439,0.49999999999999933,-0.4853019625310808,-0.8743466161445822,0.43388373911755823,-0.900968867902419
0.0,0.0,0.0,0.0,0.0,0.7833333333333333,0.783607881861843,-0.866025403784439,0.49999999999999933,-0.6513724827222217,-0.7587581226927913,-0.433883739117558,-0.9009688679024191
0.0,0.0,0.0,0.0,0.0,0.7833333333333333,0.7836527671798555,-0.866025403784439,0.49999999999999933,-0.7907757369376986,-0.6121059825476627,-0.9749279121818236,-0.2225209339563146
0.0,0.0,0.0,0.0,0.0,0.7833333333333333,0.7837874231338929,-0.866025403784439,0.49999999999999933,-0.9987165071710528,-0.05064916883871355,0.7818314824680298,0.6234898018587336
0.0,0.0,0.0,0.0,0.0,0.7833333333333333,0.7838323084519054,-0.866025403784439,0.49999999999999933,-0.9884683243281114,0.15142777750457667,0.9749279121818236,-0.22252093395631434
0.0,0.0,0.0,0.0,0.0,0.7833333333333333,0.7838771937699179,-0.866025403784439,0.49999999999999933,-0.9377521321470804,0.3473052528448203,0.43388373911755823,-0.900968867902419
0.0,0.0,0.0,0.0,0.0,0.7833333333333333,0.7839220790879304,-0.866025403784439,0.49999999999999933,-0.8486442574947509,0.5289640103269624,-0.433883739117558,-0.9009688679024191
0.0,0.0,0.0,0.0,0.0,0.7833333333333333,0.7839669644059428,-0.866025403784439,0.49999999999999933,-0.7247927872291207,0.6889669190756859,-0.9749279121818236,-0.2225209339563146
0.0,0.0,0.0,0.0,0.0,0.7833333333333333,0.7841016203599803,-0.866025403784439,0.49999999999999933,-0.20129852008866114,0.9795299412524943,0.7818314824680298,0.6234898018587336
0.0,0.0,0.0,0.0,0.0,0.7833333333333333,0.7841465056779928,-0.866025403784439,0.49999999999999933,-2.4492935982947064e-16,1.0,0.9749279121818236,-0.22252093395631434
0.0,0.0,0.0,0.0,0.0,0.7833333333333333,0.7841913909960052,-0.5000000000000012,0.8660254037844379,0.20129852008866006,0.9795299412524945,0.43388373911755823,-0.900968867902419
0.0,0.0,0.0,0.0,0.0,0.7833333333333333,0.7842362763140177,-0.5000000000000012,0.8660254037844379,0.39435585511331855,0.9189578116202306,-0.433883739117558,-0.9009688679024191
0.0,0.0,0.0,0.0,0.0,0.7833333333333333,0.7842811616320302,-0.5000000000000012,0.8660254037844379,0.5712682150947923,0.8207634412072763,-0.9749279121818236,-0.2225209339563146
0.0,0.0,0.0,0.0,0.0,0.7833333333333333,0.7844158175860676,-0.5000000000000012,0.8660254037844379,0.9377521321470804,0.3473052528448203,0.7818314824680298,0.6234898018587336
0.0,0.0,0.0,0.0,0.0,0.7833333333333333,0.7844607029040801,-0.5000000000000012,0.8660254037844379,0.9884683243281114,0.1514277775045767,0.9749279121818236,-0.22252093395631434
0.0,0.0,0.0,0.0,0.0,0.7833333333333333,0.7845055882220926,-0.5000000000000012,0.8660254037844379,0.9987165071710528,-0.05064916883871264,0.43388373911755823,-0.900968867902419
0.0,0.0,0.0,0.0,0.0,0.7833333333333333,0.7845504735401051,-0.5000000000000012,0.8660254037844379,0.9680771188662043,-0.2506525322587204,-0.433883739117558,-0.9009688679024191
0.0,0.0,0.0,0.0,0.0,0.7833333333333333,0.7845953588581176,-0.5000000000000012,0.8660254037844379,0.8978045395707416,-0.4403941515576344,-0.9749279121818236,-0.2225209339563146
0.0,0.0,0.0,0.0,0.0,0.7833333333333333,0.784730014812155,-0.5000000000000012,0.8660254037844379,0.48530196253108104,-0.8743466161445821,0.7818314824680298,0.6234898018587336
0.0,0.0,0.0,0.0,0.0,0.7833333333333333,0.7847749001301675,-0.5000000000000012,0.8660254037844379,0.29936312297335804,-0.9541392564000488,0.9749279121818236,-0.22252093395631434
0.0,0.0,0.0,0.0,0.0,0.7833333333333333,0.78481978544818,-0.5000000000000012,0.8660254037844379,0.10116832198743272,-0.994869323391895,0.43388373911755823,-0.900968867902419
0.0,0.0,0.0,0.0,0.0,0.7833333333333333,0.7848646707661925,-0.5000000000000012,0.8660254037844379,-0.10116832198743204,-0.9948693233918952,-0.433883739117558,-0.9009688679024191
0.0,0.0,0.0,0.0,0.0,0.7833333333333333,0.7849095560842049,-0.5000000000000012,0.8660254037844379,-0.29936312297335776,-0.9541392564000489,-0.9749279121818236,-0.2225209339563146
0.0,0.0,0.0,0.0,0.0,0.7833333333333333,0.7850442120382424,-0.5000000000000012,0.8660254037844379,-0.7907757369376986,-0.6121059825476627,0.7818314824680298,0.6234898018587336
0.0,0.0,0.0,0.0,0.0,0.7833333333333333,0.7850890973562549,-0.5000000000000012,0.8660254037844379,-0.8978045395707417,-0.44039415155763423,0.9749279121818236,-0.22252093395631434
0.0,0.0,0.0,0.0,0.0,0.7833333333333333,0.7851339826742673,-0.5000000000000012,0.8660254037844379,-0.9680771188662041,-0.2506525322587213,0.43388373911755823,-0.900968867902419
0.0,0.0,0.0,0.0,0.0,0.7833333333333333,0.7852237533102923,-0.5000000000000012,0.8660254037844379,-0.9884683243281114,0.15142777750457667,-0.9749279121818236,-0.2225209339563146
0.0,0.0,0.0,0.0,0.0,0.7833333333333333,0.7853584092643296,-0.5000000000000012,0.8660254037844379,-0.7247927872291207,0.6889669190756859,0.7818314824680298,0.6234898018587336
0.0,0.0,0.0,0.0,0.0,0.7833333333333333,0.7854032945823421,-0.5000000000000012,0.8660254037844379,-0.5712682150947924,0.8207634412072763,0.9749279121818236,-0.22252093395631434
0.0,0.0,0.0,0.0,0.0,0.7833333333333333,0.7854481799003546,-0.5000000000000012,0.8660254037844379,-0.3943558551133187,0.9189578116202306,0.43388373911755823,-0.900968867902419
0.0,0.0,0.0,0.0,0.0,0.7833333333333333,0.7854930652183671,-0.5000000000000012,0.8660254037844379,-0.20129852008866114,0.9795299412524943,-0.433883739117558,-0.9009688679024191
0.0,0.0,0.0,0.0,0.0,0.7833333333333333,0.7855379505363796,-2.4492935982947064e-16,1.0,0.20129852008866006,0.9795299412524945,-0.9749279121818236,-0.2225209339563146
0.0,0.0,0.0,0.0,0.0,0.7833333333333333,0.785672606490417,-2.4492935982947064e-16,1.0,0.72479278722912,0.6889669190756866,0.7818314824680298,0.6234898018587336
0.0,0.0,0.0,0.0,0.0,0.7833333333333333,0.7857174918084295,-2.4492935982947064e-16,1.0,0.8486442574947509,0.5289640103269624,0.9749279121818236,-0.22252093395631434
0.0,0.0,0.0,0.0,0.0,0.7833333333333333,0.785762377126442,-2.4492935982947064e-16,1.0,0.9377521321470804,0.3473052528448203,0.43388373911755823,-0.900968867902419
0.0,0.0,0.0,0.0,0.0,0.7833333333333333,0.7858072624444544,-2.4492935982947064e-16,1.0,0.9884683243281114,0.1514277775045767,-0.433883739117558,-0.9009688679024191
0.0,0.0,0.0,0.0,0.0,0.7833333333333333,0.7858521477624669,-2.4492935982947064e-16,1.0,0.9987165071710528,-0.05064916883871264,-0.9749279121818236,-0.2225209339563146
0.0,0.0,0.0,0.0,0.0,0.7833333333333333,0.7859868037165044,-2.4492935982947064e-16,1.0,0.7907757369376989,-0.6121059825476626,0.7818314824680298,0.6234898018587336
0.0,0.0,0.0,0.0,0.0,0.7833333333333333,0.7860316890345168,-2.4492935982947064e-16,1.0,0.6513724827222223,-0.758758122692791,0.9749279121818236,-0.22252093395631434
0.0,0.0,0.0,0.0,0.0,0.7833333333333333,0.7860765743525293,-2.4492935982947064e-16,1.0,0.48530196253108104,-0.8743466161445821,0.43388373911755823,-0.900968867902419
0.0,0.0,0.0,0.0,0.0,0.7833333333333333,0.7861214596705418,-2.4492935982947064e-16,1.0,0.29936312297335804,-0.9541392564000488,-0.433883739117558,-0.9009688679024191
0.0,0.0,0.0,0.0,0.0,0.7833333333333333,0.7861663449885543,-2.4492935982947064e-16,1.0,0.10116832198743272,-0.994869323391895,-0.9749279121818236,-0.2225209339563146
0.0,0.0,0.0,0.0,0.0,0.7833333333333333,0.7863010009425917,-2.4492935982947064e-16,1.0,-0.4853019625310808,-0.8743466161445822,0.7818314824680298,0.6234898018587336
0.0,0.0,0.0,0.0,0.0,0.7833333333333333,0.7863458862606042,-2.4492935982947064e-16,1.0,-0.6513724827222217,-0.7587581226927913,0.9749279121818236,-0.22252093395631434
0.0,0.0,0.0,0.0,0.0,0.7833333333333333,0.7863907715786167,-2.4492935982947064e-16,1.0,-0.7907757369376986,-0.6121059825476627,0.43388373911755823,-0.900968867902419
0.0,0.0,0.0,0.0,0.0,0.7833333333333333,0.7864356568966292,-2.4492935982947064e-16,1.0,-0.8978045395707417,-0.44039415155763423,-0.433883739117558,-0.9009688679024191
0.0,0.0,0.0,0.0,0.0,0.7833333333333333,0.7864805422146416,-2.4492935982947064e-16,1.0,-0.9680771188662041,-0.2506525322587213,-0.9749279121818236,-0.2225209339563146
0.0,0.0,0.0,0.0,0.0,0.7833333333333333,0.7866600834866916,-2.4492935982947064e-16,1.0,-0.8486442574947509,0.5289640103269624,0.9749279121818236,-0.22252093395631434
0.0,0.0,0.0,0.0,0.0,0.7833333333333333,0.7867049688047041,-2.4492935982947064e-16,1.0,-0.7247927872291207,0.6889669190756859,0.43388373911755823,-0.900968867902419
0.0,0.0,0.0,0.0,0.0,0.7833333333333333,0.7867498541227165,-2.4492935982947064e-16,1.0,-0.5712682150947924,0.8207634412072763,-0.433883739117558,-0.9009688679024191
0.0,0.0,0.0,0.0,0.0,0.7833333333333333,0.786794739440729,-2.4492935982947064e-16,1.0,-0.3943558551133187,0.9189578116202306,-0.9749279121818236,-0.2225209339563146
0.0,0.0,0.0,0.0,0.0,0.8,0.7869742807127789,0.49999999999999994,0.8660254037844387,0.39435585511331855,0.9189578116202306,0.9749279121818236,-0.22252093395631434
0.0,0.0,0.0,0.0,0.0,0.8,0.7870191660307914,0.49999999999999994,0.8660254037844387,0.5712682150947923,0.8207634412072763,0.43388373911755823,-0.900968867902419
0.0,0.0,0.0,0.0,0.0,0.8,0.7870640513488039,0.49999999999999994,0.8660254037844387,0.72479278722912,0.6889669190756866,-0.433883739117558,-0.9009688679024191
0.0,0.0,0.0,0.0,0.0,0.8,0.7871089366668164,0.49999999999999994,0.8660254037844387,0.8486442574947509,0.5289640103269624,-0.9749279121818236,-0.2225209339563146
0.0,0.0,0.0,0.0,0.0,0.8,0.7872435926208537,0.49999999999999994,0.8660254037844387,0.9987165071710528,-0.05064916883871264,0.7818314824680298,0.6234898018587336
0.0,0.0,0.0,0.0,0.0,0.8,0.7872884779388662,0.49999999999999994,0.8660254037844387,0.9680771188662043,-0.2506525322587204,0.9749279121818236,-0.22252093395631434
0.0,0.0,0.0,0.0,0.0,0.8,0.7873333632568787,0.49999999999999994,0.8660254037844387,0.8978045395707416,-0.4403941515576344,0.43388373911755823,-0.900968867902419
0.0,0.0,0.0,0.0,0.0,0.8,0.7873782485748912,0.49999999999999994,0.8660254037844387,0.7907757369376989,-0.6121059825476626,-0.433883739117558,-0.9009688679024191
0.0,0.0,0.0,0.0,0.0,0.8,0.7874231338929036,0.49999999999999994,0.8660254037844387,0.6513724827222223,-0.758758122692791,-0.9749279121818236,-0.2225209339563146
0.0,0.0,0.0,0.0,0.0,0.8,0.7876026751649536,0.49999999999999994,0.8660254037844387,-0.10116832198743204,-0.9948693233918952,0.9749279121818236,-0.22252093395631434
0.0,0.0,0.0,0.0,0.0,0.8,0.787647560482966,0.49999999999999994,0.8660254037844387,-0.29936312297335776,-0.9541392564000489,0.43388373911755823,-0.900968867902419
0.0,0.0,0.0,0.0,0.0,0.8,0.7876924458009785,0.49999999999999994,0.8660254037844387,-0.4853019625310808,-0.8743466161445822,-0.433883739117558,-0.9009688679024191
0.0,0.0,0.0,0.0,0.0,0.8,0.787737331118991,0.49999999999999994,0.8660254037844387,-0.6513724827222217,-0.7587581226927913,-0.9749279121818236,-0.2225209339563146
0.0,0.0,0.0,0.0,0.0,0.8,0.7878719870730284,0.49999999999999994,0.8660254037844387,-0.9680771188662041,-0.2506525322587213,0.7818314824680298,0.6234898018587336
0.0,0.0,0.0,0.0,0.0,0.8,0.7879168723910409,0.49999999999999994,0.8660254037844387,-0.9987165071710528,-0.05064916883871355,0.9749279121818236,-0.22252093395631434
0.0,0.0,0.0,0.0,0.0,0.8,0.7879617577090534,0.49999999999999994,0.8660254037844387,-0.9884683243281114,0.15142777750457667,0.43388373911755823,-0.900968867902419
0.0,0.0,0.0,0.0,0.0,0.8,0.7880066430270659,0.49999999999999994,0.8660254037844387,-0.9377521321470804,0.3473052528448203,-0.433883739117558,-0.9009688679024191
0.0,0.0,0.0,0.0,0.0,0.8,0.7880515283450784,0.49999999999999994,0.8660254037844387,-0.8486442574947509,0.5289640103269624,-0.9749279121818236,-0.2225209339563146
0.0,0.0,0.0,0.0,0.0,0.8,0.7881861842991158,0.49999999999999994,0.8660254037844387,-0.3943558551133187,0.9189578116202306,0.7818314824680298,0.6234898018587336
0.0,0.0,0.0,0.0,0.0,0.8,0.7882310696171283,0.49999999999999994,0.8660254037844387,-0.20129852008866114,0.9795299412524943,0.9749279121818236,-0.22252093395631434
0.0,0.0,0.0,0.0,0.0,0.8,0.7882759549351408,0.49999999999999994,0.8660254037844387,-2.4492935982947064e-16,1.0,0.43388373911755823,-0.900968867902419
0.0,0.0,0.0,0.0,0.0,0.8,0.7883208402531533,0.8660254037844386,0.5000000000000001,0.20129852008866006,0.9795299412524945,-0.433883739117558,-0.9009688679024191
0.0,0.0,0.0,0.0,0.0,0.8,0.7883657255711657,0.8660254037844386,0.5000000000000001,0.39435585511331855,0.9189578116202306,-0.9749279121818236,-0.2225209339563146
0.0,0.0,0.0,0.0,0.0,0.8,0.7885003815252032,0.8660254037844386,0.5000000000000001,0.8486442574947509,0.5289640103269624,0.7818314824680298,0.6234898018587336
0.0,0.0,0.0,0.0,0.0,0.8,0.7885452668432157,0.8660254037844386,0.5000000000000001,0.9377521321470804,0.3473052528448203,0.9749279121818236,-0.22252093395631434
0.0,0.0,0.0,0.0,0.0,0.8,0.7885901521612281,0.8660254037844386,0.5000000000000001,0.9884683243281114,0.1514277775045767,0.43388373911755823,-0.900968867902419
0.0,0.0,0.0,0.0,0.0,0.8,0.7886350374792406,0.8660254037844386,0.5000000000000001,0.9987165071710528,-0.05064916883871264,-0.433883739117558,-0.9009688679024191
0.0,0.0,0.0,0.0,0.0,0.8,0.7886799227972531,0.8660254037844386,0.5000000000000001,0.9680771188662043,-0.2506525322587204,-0.9749279121818236,-0.2225209339563146
0.0,0.0,0.0,0.0,0.0,0.8,0.7888145787512905,0.8660254037844386,0.5000000000000001,0.6513724827222223,-0.758758122692791,0.7818314824680298,0.6234898018587336
0.0,0.0,0.0,0.0,0.0,0.8,0.788859464069303,0.8660254037844386,0.5000000000000001,0.48530196253108104,-0.8743466161445821,0.9749279121818236,-0.22252093395631434
0.0,0.0,0.0,0.0,0.0,0.8,0.7889043493873155,0.8660254037844386,0.5000000000000001,0.29936312297335804,-0.9541392564000488,0.43388373911755823,-0.900968867902419
0.0,0.0,0.0,0.0,0.0,0.8,0.788949234705328,0.8660254037844386,0.5000000000000001,0.10116832198743272,-0.994869323391895,-0.433883739117558,-0.9009688679024191
0.0,0.0,0.0,0.0,0.0,0.8,0.7889941200233405,0.8660254037844386,0.5000000000000001,-0.10116832198743204,-0.9948693233918952,-0.9749279121818236,-0.2225209339563146
0.0,0.0,0.0,0.0,0.0,0.8,0.7891736612953903,0.8660254037844386,0.5000000000000001,-0.7907757369376986,-0.6121059825476627,0.9749279121818236,-0.22252093395631434
0.0,0.0,0.0,0.0,0.0,0.8,0.7892185466134028,0.8660254037844386,0.5000000000000001,-0.8978045395707417,-0.44039415155763423,0.43388373911755823,-0.900968867902419
0.0,0.0,0.0,0.0,0.0,0.8,0.7892634319314152,0.8660254037844386,0.5000000000000001,-0.9680771188662041,-0.2506525322587213,-0.433883739117558,-0.9009688679024191
0.0,0.0,0.0,0.0,0.0,0.8,0.7893083172494277,0.8660254037844386,0.5000000000000001,-0.9987165071710528,-0.05064916883871355,-0.9749279121818236,-0.2225209339563146
0.0,0.0,0.0,0.0,0.0,0.8,0.7894429732034652,0.8660254037844386,0.5000000000000001,-0.8486442574947509,0.5289640103269624,0.7818314824680298,0.6234898018587336
0.0,0.0,0.0,0.0,0.0,0.8,0.7894878585214776,0.8660254037844386,0.5000000000000001,-0.7247927872291207,0.6889669190756859,0.9749279121818236,-0.22252093395631434
0.0,0.0,0.0,0.0,0.0,0.8,0.7895327438394901,0.8660254037844386,0.5000000000000001,-0.5712682150947924,0.8207634412072763,0.43388373911755823,-0.900968867902419
0.0,0.0,0.0,0.0,0.0,0.8,0.7895776291575026,1.0,6.123233995736766e-17,0.20129852008866006,0.9795299412524945,-0.433883739117558,-0.9009688679024191
0.0,0.0,0.0,0.0,0.0,0.8,0.7896225144755151,1.0,6.123233995736766e-17,0.39435585511331855,0.9189578116202306,-0.9749279121818236,-0.2225209339563146
0.0,0.0,0.0,0.0,0.0,0.8,0.7897571704295525,1.0,6.123233995736766e-17,0.8486442574947509,0.5289640103269624,0.7818314824680298,0.6234898018587336
0.0,0.0,0.0,0.0,0.0,0.8,0.789802055747565,1.0,6.123233995736766e-17,0.9377521321470804,0.3473052528448203,0.9749279121818236,-0.22252093395631434
0.0,0.0,0.0,0.0,0.0,0.8,0.7898469410655775,1.0,6.123233995736766e-17,0.9884683243281114,0.1514277775045767,0.43388373911755823,-0.900968867902419
0.0,0.0,0.0,0.0,0.0,0.8,0.78989182638359,1.0,6.123233995736766e-17,0.9987165071710528,-0.05064916883871264,-0.433883739117558,-0.9009688679024191
0.0,0.0,0.0,0.0,0.0,0.8,0.7899367117016025,1.0,6.123233995736766e-17,0.9680771188662043,-0.2506525322587204,-0.9749279121818236,-0.2225209339563146
0.0,0.0,0.0,0.0,0.0,0.8,0.7900713676556399,1.0,6.123233995736766e-17,0.6513724827222223,-0.758758122692791,0.7818314824680298,0.6234898018587336
0.0,0.0,0.0,0.0,0.0,0.8,0.7901162529736524,1.0,6.123233995736766e-17,0.48530196253108104,-0.8743466161445821,0.9749279121818236,-0.22252093395631434
0.0,0.0,0.0,0.0,0.0,0.8,0.7901611382916649,1.0,6.123233995736766e-17,0.29936312297335804,-0.9541392564000488,0.43388373911755823,-0.900968867902419
0.0,0.0,0.0,0.0,0.0,0.8,0.7902060236096773,1.0,6.123233995736766e-17,0.10116832198743272,-0.994869323391895,-0.433883739117558,-0.9009688679024191
0.0,0.0,0.0,0.0,0.0,0.8,0.7902509089276898,1.0,6.123233995736766e-17,-0.10116832198743204,-0.9948693233918952,-0.9749279121818236,-0.2225209339563146
0.0,0.0,0.0,0.0,0.0,0.8,0.7903855648817273,1.0,6.123233995736766e-17,-0.6513724827222217,-0.7587581226927913,0.7818314824680298,0.6234898018587336
0.0,0.0,0.0,0.0,0.0,0.8,0.7904304501997397,1.0,6.123233995736766e-17,-0.7907757369376986,-0.6121059825476627,0.9749279121818236,-0.22252093395631434
0.0,0.0,0.0,0.0,0.0,0.8,0.7904753355177522,1.0,6.123233995736766e-17,-0.8978045395707417,-0.44039415155763423,0.43388373911755823,-0.900968867902419
0.0,0.0,0.0,0.0,0.0,0.8,0.7905202208357647,1.0,6.123233995736766e-17,-0.9680771188662041,-0.2506525322587213,-0.433883739117558,-0.9009688679024191
0.0,0.0,0.0,0.0,0.0,0.8,0.7905651061537772,1.0,6.123233995736766e-17,-0.9987165071710528,-0.05064916883871355,-0.9749279121818236,-0.2225209339563146
0.0,0.0,0.0,0.0,0.0,0.8,0.7906997621078146,1.0,6.123233995736766e-17,-0.8486442574947509,0.5289640103269624,0.7818314824680298,0.6234898018587336
0.0,0.0,0.0,0.0,0.0,0.8,0.7907446474258271,1.0,6.123233995736766e-17,-0.7247927872291207,0.6889669190756859,0.9749279121818236,-0.22252093395631434
0.0,0.0,0.0,0.0,0.0,0.8,0.7907895327438396,1.0,6.123233995736766e-17,-0.5712682150947924,0.8207634412072763,0.43388373911755823,-0.900968867902419
0.0,0.0,0.0,0.0,0.0,0.8,0.7908344180618521,1.0,6.123233995736766e-17,-0.3943558551133187,0.9189578116202306,-0.433883739117558,-0.9009688679024191
0.0,0.0,0.0,0.0,0.0,0.8,0.791013959333902,0.8660254037844387,-0.4999999999999998,0.39435585511331855,0.9189578116202306,0.7818314824680298,0.6234898018587336
0.0,0.0,0.0,0.0,0.0,0.8,0.7910588446519145,0.8660254037844387,-0.4999999999999998,0.5712682150947923,0.8207634412072763,0.9749279121818236,-0.22252093395631434
0.0,0.0,0.0,0.0,0.0,0.8,0.7911037299699268,0.8660254037844387,-0.4999999999999998,0.72479278722912,0.6889669190756866,0.43388373911755823,-0.900968867902419
0.0,0.0,0.0,0.0,0.0,0.8,0.7911486152879393,0.8660254037844387,-0.4999999999999998,0.8486442574947509,0.5289640103269624,-0.433883739117558,-0.9009688679024191
0.0,0.0,0.0,0.0,0.0,0.8,0.7911935006059518,0.8660254037844387,-0.4999999999999998,0.9377521321470804,0.3473052528448203,-0.9749279121818236,-0.2225209339563146
0.0,0.0,0.0,0.0,0.0,0.8,0.7913281565599892,0.8660254037844387,-0.4999999999999998,0.9680771188662043,-0.2506525322587204,0.7818314824680298,0.6234898018587336
0.0,0.0,0.0,0.0,0.0,0.8,0.7913730418780017,0.8660254037844387,-0.4999999999999998,0.8978045395707416,-0.4403941515576344,0.9749279121818236,-0.22252093395631434
0.0,0.0,0.0,0.0,0.0,0.8,0.7914179271960142,0.8660254037844387,-0.4999999999999998,0.7907757369376989,-0.6121059825476626,0.43388373911755823,-0.900968867902419
0.0,0.0,0.0,0.0,0.0,0.8,0.7914628125140267,0.8660254037844387,-0.4999999999999998,0.6513724827222223,-0.758758122692791,-0.433883739117558,-0.9009688679024191
0.0,0.0,0.0,0.0,0.0,0.8,0.7915076978320392,0.8660254037844387,-0.4999999999999998,0.48530196253108104,-0.8743466161445821,-0.9749279121818236,-0.2225209339563146
0.0,0.0,0.0,0.0,0.0,0.8,0.7916423537860766,0.8660254037844387,-0.4999999999999998,-0.10116832198743204,-0.9948693233918952,0.7818314824680298,0.6234898018587336
0.0,0.0,0.0,0.0,0.0,0.8,0.7916872391040891,0.8660254037844387,-0.4999999999999998,-0.29936312297335776,-0.9541392564000489,0.9749279121818236,-0.22252093395631434
0.0,0.0,0.0,0.0,0.0,0.8,0.7917321244221016,0.8660254037844387,-0.4999999999999998,-0.4853019625310808,-0.8743466161445822,0.43388373911755823,-0.900968867902419
0.0,0.0,0.0,0.0,0.0,0.8,0.7917770097401141,0.8660254037844387,-0.4999999999999998,-0.6513724827222217,-0.7587581226927913,-0.433883739117558,-0.9009688679024191
0.0,0.0,0.0,0.0,0.0,0.8,0.7918218950581265,0.8660254037844387,-0.4999999999999998,-0.7907757369376986,-0.6121059825476627,-0.9749279121818236,-0.2225209339563146
0.0,0.0,0.0,0.0,0.0,0.8,0.791956551012164,0.8660254037844387,-0.4999999999999998,-0.9987165071710528,-0.05064916883871355,0.7818314824680298,0.6234898018587336
0.0,0.0,0.0,0.0,0.0,0.8,0.7920014363301765,0.8660254037844387,-0.4999999999999998,-0.9884683243281114,0.15142777750457667,0.9749279121818236,-0.22252093395631434
0.0,0.0,0.0,0.0,0.0,0.8,0.7920463216481889,0.8660254037844387,-0.4999999999999998,-0.9377521321470804,0.3473052528448203,0.43388373911755823,-0.900968867902419
0.0,0.0,0.0,0.0,0.0,0.8,0.7920912069662014,0.8660254037844387,-0.4999999999999998,-0.8486442574947509,0.5289640103269624,-0.433883739117558,-0.9009688679024191
0.0,0.0,0.0,0.0,0.0,0.8,0.7921360922842139,0.8660254037844387,-0.4999999999999998,-0.7247927872291207,0.6889669190756859,-0.9749279121818236,-0.2225209339563146
0.0,0.0,0.0,0.0,0.0,0.8,0.7922707482382513,0.8660254037844387,-0.4999999999999998,-0.20129852008866114,0.9795299412524943,0.7818314824680298,0.6234898018587336
0.0,0.0,0.0,0.0,0.0,0.8,0.7923156335562638,0.5000000000000003,-0.8660254037844385,0.20129852008866006,0.9795299412524945,0.9749279121818236,-0.22252093395631434
0.0,0.0,0.0,0.0,0.0,0.8,0.7923605188742763,0.5000000000000003,-0.8660254037844385,0.39435585511331855,0.9189578116202306,0.43388373911755823,-0.900968867902419
0.0,0.0,0.0,0.0,0.0,0.8,0.7924054041922888,0.5000000000000003,-0.8660254037844385,0.5712682150947923,0.8207634412072763,-0.433883739117558,-0.9009688679024191
0.0,0.0,0.0,0.0,0.0,0.8,0.7924502895103013,0.5000000000000003,-0.8660254037844385,0.72479278722912,0.6889669190756866,-0.9749279121818236,-0.2225209339563146
0.0,0.0,0.0,0.0,0.0,0.8,0.7925849454643387,0.5000000000000003,-0.8660254037844385,0.9884683243281114,0.1514277775045767,0.7818314824680298,0.6234898018587336
0.0,0.0,0.0,0.0,0.0,0.8,0.7926298307823512,0.5000000000000003,-0.8660254037844385,0.9987165071710528,-0.05064916883871264,0.9749279121818236,-0.22252093395631434
0.0,0.0,0.0,0.0,0.0,0.8,0.7926747161003637,0.5000000000000003,-0.8660254037844385,0.9680771188662043,-0.2506525322587204,0.43388373911755823,-0.900968867902419
0.0,0.0,0.0,0.0,0.0,0.8,0.792719601418376,0.5000000000000003,-0.8660254037844385,0.8978045395707416,-0.4403941515576344,-0.433883739117558,-0.9009688679024191
0.0,0.0,0.0,0.0,0.0,0.8,0.7927644867363886,0.5000000000000003,-0.8660254037844385,0.7907757369376989,-0.6121059825476626,-0.9749279121818236,-0.2225209339563146
0.0,0.0,0.0,0.0,0.0,0.8,0.792899142690426,0.5000000000000003,-0.8660254037844385,0.29936312297335804,-0.9541392564000488,0.7818314824680298,0.6234898018587336
0.0,0.0,0.0,0.0,0.0,0.8,0.7929440280084384,0.5000000000000003,-0.8660254037844385,0.10116832198743272,-0.994869323391895,0.9749279121818236,-0.22252093395631434
0.0,0.0,0.0,0.0,0.0,0.8,0.7929889133264509,0.5000000000000003,-0.8660254037844385,-0.10116832198743204,-0.9948693233918952,0.43388373911755823,-0.900968867902419
0.0,0.0,0.0,0.0,0.0,0.8,0.7930337986444634,0.5000000000000003,-0.8660254037844385,-0.29936312297335776,-0.9541392564000489,-0.433883739117558,-0.9009688679024191
0.0,0.0,0.0,0.0,0.0,0.8,0.7930786839624759,0.5000000000000003,-0.8660254037844385,-0.4853019625310808,-0.8743466161445822,-0.9749279121818236,-0.2225209339563146
0.0,0.0,0.0,0.0,0.0,0.8,0.7932133399165133,0.5000000000000003,-0.8660254037844385,-0.8978045395707417,-0.44039415155763423,0.7818314824680298,0.6234898018587336
0.0,0.0,0.0,0.0,0.0,0.8,0.7932582252345258,0.5000000000000003,-0.8660254037844385,-0.9680771188662041,-0.2506525322587213,0.9749279121818236,-0.22252093395631434
0.0,0.0,0.0,0.0,0.0,0.8,0.7933031105525383,0.5000000000000003,-0.8660254037844385,-0.9987165071710528,-0.05064916883871355,0.43388373911755823,-0.900968867902419
0.0,0.0,0.0,0.0,0.0,0.8,0.7933479958705508,0.5000000000000003,-0.8660254037844385,-0.9884683243281114,0.15142777750457667,-0.433883739117558,-0.9009688679024191
0.0,0.0,0.0,0.0,0.0,0.8,0.7933928811885633,0.5000000000000003,-0.8660254037844385,-0.9377521321470804,0.3473052528448203,-0.9749279121818236,-0.2225209339563146
0.0,0.0,0.0,0.0,0.0,0.8,0.7935724224606132,0.5000000000000003,-0.8660254037844385,-0.3943558551133187,0.9189578116202306,0.9749279121818236,-0.22252093395631434
0.0,0.0,0.0,0.0,0.0,0.8,0.7936173077786257,0.5000000000000003,-0.8660254037844385,-0.20129852008866114,0.9795299412524943,0.43388373911755823,-0.900968867902419
0.0,0.0,0.0,0.0,0.0,0.8,0.7936621930966381,0.5000000000000003,-0.8660254037844385,-2.4492935982947064e-16,1.0,-0.433883739117558,-0.9009688679024191
0.0,0.0,0.0,0.0,0.0,0.8,0.7937070784146506,1.2246467991473532e-16,-1.0,0.20129852008866006,0.9795299412524945,-0.9749279121818236,-0.2225209339563146
0.0,0.0,0.0,0.0,0.0,0.8,0.7938417343686881,1.2246467991473532e-16,-1.0,0.72479278722912,0.6889669190756866,0.7818314824680298,0.6234898018587336
0.0,0.0,0.0,0.0,0.0,0.8,0.7938866196867005,1.2246467991473532e-16,-1.0,0.8486442574947509,0.5289640103269624,0.9749279121818236,-0.22252093395631434
0.0,0.0,0.0,0.0,0.0,0.8,0.793931505004713,1.2246467991473532e-16,-1.0,0.9377521321470804,0.3473052528448203,0.43388373911755823,-0.900968867902419
0.0,0.0,0.0,0.0,0.0,0.8,0.7939763903227255,1.2246467991473532e-16,-1.0,0.9884683243281114,0.1514277775045767,-0.433883739117558,-0.9009688679024191
0.0,0.0,0.0,0.0,0.0,0.8,0.794021275640738,1.2246467991473532e-16,-1.0,0.9987165071710528,-0.05064916883871264,-0.9749279121818236,-0.2225209339563146
0.0,0.0,0.0,0.0,0.0,0.8,0.7941559315947754,1.2246467991473532e-16,-1.0,0.7907757369376989,-0.6121059825476626,0.7818314824680298,0.6234898018587336
0.0,0.0,0.0,0.0,0.0,0.8,0.7942008169127879,1.2246467991473532e-16,-1.0,0.6513724827222223,-0.758758122692791,0.9749279121818236,-0.22252093395631434
0.0,0.0,0.0,0.0,0.0,0.8,0.7942457022308004,1.2246467991473532e-16,-1.0,0.48530196253108104,-0.8743466161445821,0.43388373911755823,-0.900968867902419
0.0,0.0,0.0,0.0,0.0,0.8,0.7942905875488129,1.2246467991473532e-16,-1.0,0.29936312297335804,-0.9541392564000488,-0.433883739117558,-0.9009688679024191
0.0,0.0,0.0,0.0,0.0,0.8,0.7943354728668253,1.2246467991473532e-16,-1.0,0.10116832198743272,-0.994869323391895,-0.9749279121818236,-0.2225209339563146
0.0,0.0,0.0,0.0,0.0,0.8,0.7944701288208628,1.2246467991473532e-16,-1.0,-0.4853019625310808,-0.8743466161445822,0.7818314824680298,0.6234898018587336
0.0,0.0,0.0,0.0,0.0,0.8,0.7945150141388753,1.2246467991473532e-16,-1.0,-0.6513724827222217,-0.7587581226927913,0.9749279121818236,-0.22252093395631434
0.0,0.0,0.0,0.0,0.0,0.8,0.7945598994568877,1.2246467991473532e-16,-1.0,-0.7907757369376986,-0.6121059825476627,0.43388373911755823,-0.900968867902419
0.0,0.0,0.0,0.0,0.0,0.8,0.7946047847749002,1.2246467991473532e-16,-1.0,-0.8978045395707417,-0.44039415155763423,-0.433883739117558,-0.9009688679024191
0.0,0.0,0.0,0.0,0.0,0.8,0.7946496700929127,1.2246467991473532e-16,-1.0,-0.9680771188662041,-0.2506525322587213,-0.9749279121818236,-0.2225209339563146
0.0,0.0,0.0,0.0,0.0,0.8,0.79478432604695,1.2246467991473532e-16,-1.0,-0.9377521321470804,0.3473052528448203,0.7818314824680298,0.6234898018587336
0.0,0.0,0.0,0.0,0.0,0.8,0.7948292113649625,1.2246467991473532e-16,-1.0,-0.8486442574947509,0.5289640103269624,0.9749279121818236,-0.22252093395631434
0.0,0.0,0.0,0.0,0.0,0.8,0.794874096682975,1.2246467991473532e-16,-1.0,-0.7247927872291207,0.6889669190756859,0.43388373911755823,-0.900968867902419
0.19241040977308319,0.19241040977308319,0.19241040977308319,0.19241040977308319,4.605170185988092,0.8,0.7949189820009875,1.2246467991473532e-16,-1.0,-0.5712682150947924,0.8207634412072763,-0.433883739117558,-0.9009688679024191
0.0,0.0,0.0,0.0,-4.605170185988091,0.8,0.794963867319,1.2246467991473532e-16,-1.0,-0.3943558551133187,0.9189578116202306,-0.9749279121818236,-0.2225209339563146
0.0,0.0,0.0,0.0,0.0,0.8,0.7950985232730374,-0.4999999999999997,-0.8660254037844388,0.39435585511331855,0.9189578116202306,0.7818314824680298,0.6234898018587336
0.0,0.0,0.0,0.0,0.0,0.8,0.7951434085910499,-0.4999999999999997,-0.8660254037844388,0.5712682150947923,0.8207634412072763,0.9749279121818236,-0.22252093395631434
0.0,0.0,0.0,0.0,0.0,0.8,0.7952331792270749,-0.4999999999999997,-0.8660254037844388,0.8486442574947509,0.5289640103269624,-0.433883739117558,-0.9009688679024191
0.0,0.0,0.0,0.0,0.0,0.8,0.7952780645450873,-0.4999999999999997,-0.8660254037844388,0.9377521321470804,0.3473052528448203,-0.9749279121818236,-0.2225209339563146
0.0,0.0,0.0,0.0,0.0,0.8,0.7954127204991248,-0.4999999999999997,-0.8660254037844388,0.9680771188662043,-0.2506525322587204,0.7818314824680298,0.6234898018587336
0.0,0.0,0.0,0.0,0.0,0.8,0.7954576058171373,-0.4999999999999997,-0.8660254037844388,0.8978045395707416,-0.4403941515576344,0.9749279121818236,-0.22252093395631434
0.0,0.0,0.0,0.0,0.0,0.8,0.7955024911351497,-0.4999999999999997,-0.8660254037844388,0.7907757369376989,-0.6121059825476626,0.43388373911755823,-0.900968867902419
0.0,0.0,0.0,0.0,0.0,0.8,0.7955473764531622,-0.4999999999999997,-0.8660254037844388,0.6513724827222223,-0.758758122692791,-0.433883739117558,-0.9009688679024191
0.0,0.0,0.0,0.0,0.0,0.8,0.7955922617711747,-0.4999999999999997,-0.8660254037844388,0.48530196253108104,-0.8743466161445821,-0.9749279121818236,-0.2225209339563146
0.0,0.0,0.0,0.0,0.0,0.8,0.7957269177252121,-0.4999999999999997,-0.8660254037844388,-0.10116832198743204,-0.9948693233918952,0.7818314824680298,0.6234898018587336
0.0,0.0,0.0,0.0,0.0,0.8,0.7957718030432246,-0.4999999999999997,-0.8660254037844388,-0.29936312297335776,-0.9541392564000489,0.9749279121818236,-0.22252093395631434
0.0,0.0,0.0,0.0,0.0,0.8,0.7958166883612371,-0.4999999999999997,-0.8660254037844388,-0.4853019625310808,-0.8743466161445822,0.43388373911755823,-0.900968867902419
0.0,0.0,0.0,0.0,0.0,0.8,0.7958615736792496,-0.4999999999999997,-0.8660254037844388,-0.6513724827222217,-0.7587581226927913,-0.433883739117558,-0.9009688679024191
0.0,0.0,0.0,0.0,0.0,0.8,0.7959064589972621,-0.4999999999999997,-0.8660254037844388,-0.7907757369376986,-0.6121059825476627,-0.9749279121818236,-0.2225209339563146
0.0,0.0,0.0,0.0,0.0,0.8,0.7960411149512995,-0.4999999999999997,-0.8660254037844388,-0.9987165071710528,-0.05064916883871355,0.7818314824680298,0.6234898018587336
0.0,0.0,0.0,0.0,0.0,0.8,0.796086000269312,-0.4999999999999997,-0.8660254037844388,-0.9884683243281114,0.15142777750457667,0.9749279121818236,-0.22252093395631434
0.0,0.0,0.0,0.0,0.0,0.8,0.7961308855873245,-0.4999999999999997,-0.8660254037844388,-0.9377521321470804,0.3473052528448203,0.43388373911755823,-0.900968867902419
0.0,0.0,0.0,0.0,0.0,0.8,0.7961757709053369,-0.4999999999999997,-0.8660254037844388,-0.8486442574947509,0.5289640103269624,-0.433883739117558,-0.9009688679024191
0.0,0.0,0.0,0.0,0.0,0.8,0.7962206562233494,-0.4999999999999997,-0.8660254037844388,-0.7247927872291207,0.6889669190756859,-0.9749279121818236,-0.2225209339563146
0.0,0.0,0.0,0.0,0.0,0.8,0.7963553121773869,-0.4999999999999997,-0.8660254037844388,-0.20129852008866114,0.9795299412524943,0.7818314824680298,0.6234898018587336
0.0,0.0,0.0,0.0,0.0,0.8,0.7964001974953993,-0.4999999999999997,-0.8660254037844388,-2.4492935982947064e-16,1.0,0.9749279121818236,-0.22252093395631434
0.0,0.0,0.0,0.0,0.0,0.8,0.7964450828134118,-0.8660254037844385,-0.5000000000000004,0.20129852008866006,0.9795299412524945,0.43388373911755823,-0.900968867902419
0.0,0.0,0.0,0.0,0.0,0.8,0.7964899681314243,-0.8660254037844385,-0.5000000000000004,0.39435585511331855,0.9189578116202306,-0.433883739117558,-0.9009688679024191
0.0,0.0,0.0,0.0,0.0,0.8,0.7965348534494368,-0.8660254037844385,-0.5000000000000004,0.5712682150947923,0.8207634412072763,-0.9749279121818236,-0.2225209339563146
0.0,0.0,0.0,0.0,0.0,0.8,0.7966695094034741,-0.8660254037844385,-0.5000000000000004,0.9377521321470804,0.3473052528448203,0.7818314824680298,0.6234898018587336
0.0,0.0,0.0,0.0,0.0,0.8,0.7967143947214866,-0.8660254037844385,-0.5000000000000004,0.9884683243281114,0.1514277775045767,0.9749279121818236,-0.22252093395631434
0.0,0.0,0.0,0.0,0.0,0.8,0.7967592800394991,-0.8660254037844385,-0.5000000000000004,0.9987165071710528,-0.05064916883871264,0.43388373911755823,-0.900968867902419
0.0,0.0,0.0,0.0,0.0,0.8,0.7968041653575116,-0.8660254037844385,-0.5000000000000004,0.9680771188662043,-0.2506525322587204,-0.433883739117558,-0.9009688679024191
0.0,0.0,0.0,0.0,0.0,0.8,0.7968490506755241,-0.8660254037844385,-0.5000000000000004,0.8978045395707416,-0.4403941515576344,-0.9749279121818236,-0.2225209339563146
0.0,0.0,0.0,0.0,0.0,0.8,0.7969837066295615,-0.8660254037844385,-0.5000000000000004,0.48530196253108104,-0.8743466161445821,0.7818314824680298,0.6234898018587336
0.0,0.0,0.0,0.0,0.0,0.8,0.797028591947574,-0.8660254037844385,-0.5000000000000004,0.29936312297335804,-0.9541392564000488,0.9749279121818236,-0.22252093395631434
0.0,0.0,0.0,0.0,0.0,0.8,0.7970734772655865,-0.8660254037844385,-0.5000000000000004,0.10116832198743272,-0.994869323391895,0.43388373911755823,-0.900968867902419
0.0,0.0,0.0,0.0,0.0,0.8,0.7971183625835989,-0.8660254037844385,-0.5000000000000004,-0.10116832198743204,-0.9948693233918952,-0.433883739117558,-0.9009688679024191
0.0,0.0,0.0,0.0,0.0,0.8,0.7971632479016114,-0.8660254037844385,-0.5000000000000004,-0.29936312297335776,-0.9541392564000489,-0.9749279121818236,-0.2225209339563146
0.0,0.0,0.0,0.0,0.0,0.8,0.7972979038556489,-0.8660254037844385,-0.5000000000000004,-0.7907757369376986,-0.6121059825476627,0.7818314824680298,0.6234898018587336
0.0,0.0,0.0,0.0,0.0,0.8,0.7973427891736613,-0.8660254037844385,-0.5000000000000004,-0.8978045395707417,-0.44039415155763423,0.9749279121818236,-0.22252093395631434
0.0,0.0,0.0,0.0,0.0,0.8,0.7973876744916738,-0.8660254037844385,-0.5000000000000004,-0.9680771188662041,-0.2506525322587213,0.43388373911755823,-0.900968867902419
0.0,0.0,0.0,0.0,0.0,0.8,0.7974325598096863,-0.8660254037844385,-0.5000000000000004,-0.9987165071710528,-0.05064916883871355,-0.433883739117558,-0.9009688679024191
0.0,0.0,0.0,0.0,0.0,0.8,0.7974774451276988,-0.8660254037844385,-0.5000000000000004,-0.9884683243281114,0.15142777750457667,-0.9749279121818236,-0.2225209339563146
0.0,0.0,0.0,0.0,0.0,0.8,0.7976121010817362,-0.8660254037844385,-0.5000000000000004,-0.7247927872291207,0.6889669190756859,0.7818314824680298,0.6234898018587336
0.0,0.0,0.0,0.0,0.0,0.8,0.7976569863997487,-0.8660254037844385,-0.5000000000000004,-0.5712682150947924,0.8207634412072763,0.9749279121818236,-0.22252093395631434
0.0,0.0,0.0,0.0,0.0,0.8,0.7977018717177612,-0.8660254037844385,-0.5000000000000004,-0.3943558551133187,0.9189578116202306,0.43388373911755823,-0.900968867902419
0.0,0.0,0.0,0.0,0.0,0.8,0.7977467570357737,-0.8660254037844385,-0.5000000000000004,-0.20129852008866114,0.9795299412524943,-0.433883739117558,-0.9009688679024191
0.0,0.0,0.0,0.0,0.0,0.8,0.7977916423537861,-0.8660254037844385,-0.5000000000000004,-2.4492935982947064e-16,1.0,-0.9749279121818236,-0.2225209339563146
0.0,0.0,0.0,0.0,0.0,0.8,0.7979711836258361,-1.0,-1.8369701987210297e-16,0.72479278722912,0.6889669190756866,0.9749279121818236,-0.22252093395631434
0.0,0.0,0.0,0.0,0.0,0.8,0.7980160689438485,-1.0,-1.8369701987210297e-16,0.8486442574947509,0.5289640103269624,0.43388373911755823,-0.900968867902419
0.0,0.0,0.0,0.0,0.0,0.8,0.798060954261861,-1.0,-1.8369701987210297e-16,0.9377521321470804,0.3473052528448203,-0.433883739117558,-0.9009688679024191
0.0,0.0,0.0,0.0,0.0,0.8,0.7981058395798735,-1.0,-1.8369701987210297e-16,0.9884683243281114,0.1514277775045767,-0.9749279121818236,-0.2225209339563146
0.0,0.0,0.0,0.0,0.0,0.8,0.798240495533911,-1.0,-1.8369701987210297e-16,0.8978045395707416,-0.4403941515576344,0.7818314824680298,0.6234898018587336
0.0,0.0,0.0,0.0,0.0,0.8,0.7982853808519234,-1.0,-1.8369701987210297e-16,0.7907757369376989,-0.6121059825476626,0.9749279121818236,-0.22252093395631434
0.0,0.0,0.0,0.0,0.0,0.8,0.7983302661699359,-1.0,-1.8369701987210297e-16,0.6513724827222223,-0.758758122692791,0.43388373911755823,-0.900968867902419
0.0,0.0,0.0,0.0,0.0,0.8,0.7983751514879484,-1.0,-1.8369701987210297e-16,0.48530196253108104,-0.8743466161445821,-0.433883739117558,-0.9009688679024191
0.0,0.0,0.0,0.0,0.0,0.8,0.7984200368059609,-1.0,-1.8369701987210297e-16,0.29936312297335804,-0.9541392564000488,-0.9749279121818236,-0.2225209339563146
0.0,0.0,0.0,0.0,0.0,0.8,0.7985546927599982,-1.0,-1.8369701987210297e-16,-0.29936312297335776,-0.9541392564000489,0.7818314824680298,0.6234898018587336
0.0,0.0,0.0,0.0,0.0,0.8,0.7985995780780107,-1.0,-1.8369701987210297e-16,-0.4853019625310808,-0.8743466161445822,0.9749279121818236,-0.22252093395631434
0.0,0.0,0.0,0.0,0.0,0.8,0.7986444633960232,-1.0,-1.8369701987210297e-16,-0.6513724827222217,-0.7587581226927913,0.43388373911755823,-0.900968867902419
0.0,0.0,0.0,0.0,0.0,0.8,0.7986893487140357,-1.0,-1.8369701987210297e-16,-0.7907757369376986,-0.6121059825476627,-0.433883739117558,-0.9009688679024191
0.0,0.0,0.0,0.0,0.0,0.8,0.7987342340320481,-1.0,-1.8369701987210297e-16,-0.8978045395707417,-0.44039415155763423,-0.9749279121818236,-0.2225209339563146
0.0,0.0,0.0,0.0,0.0,0.8,0.7988688899860856,-1.0,-1.8369701987210297e-16,-0.9884683243281114,0.15142777750457667,0.7818314824680298,0.6234898018587336
0.0,0.0,0.0,0.0,0.0,0.8,0.7989137753040981,-1.0,-1.8369701987210297e-16,-0.9377521321470804,0.3473052528448203,0.9749279121818236,-0.22252093395631434
0.0,0.0,0.0,0.0,0.0,0.8,0.7989586606221105,-1.0,-1.8369701987210297e-16,-0.8486442574947509,0.5289640103269624,0.43388373911755823,-0.900968867902419
0.0,0.0,0.0,0.0,0.0,0.8,0.799003545940123,-1.0,-1.8369701987210297e-16,-0.7247927872291207,0.6889669190756859,-0.433883739117558,-0.9009688679024191
0.0,0.0,0.0,0.0,0.0,0.8,0.7990484312581355,-1.0,-1.8369701987210297e-16,-0.5712682150947924,0.8207634412072763,-0.9749279121818236,-0.2225209339563146
0.0,0.0,0.0,0.0,0.0,0.8,0.7991830872121729,-0.866025403784439,0.49999999999999933,0.20129852008866006,0.9795299412524945,0.7818314824680298,0.6234898018587336
0.0,0.0,0.0,0.0,0.0,0.8,0.7992279725301854,-0.866025403784439,0.49999999999999933,0.39435585511331855,0.9189578116202306,0.9749279121818236,-0.22252093395631434
0.0,0.0,0.0,0.0,0.0,0.8,0.7992728578481979,-0.866025403784439,0.49999999999999933,0.5712682150947923,0.8207634412072763,0.43388373911755823,-0.900968867902419
0.0,0.0,0.0,0.0,0.0,0.8,0.7993177431662104,-0.866025403784439,0.49999999999999933,0.72479278722912,0.6889669190756866,-0.433883739117558,-0.9009688679024191
0.0,0.0,0.0,0.0,0.0,0.8,0.7993626284842229,-0.866025403784439,0.49999999999999933,0.8486442574947509,0.5289640103269624,-0.9749279121818236,-0.2225209339563146
0.0,0.0,0.0,0.0,0.0,0.8,0.7994972844382603,-0.866025403784439,0.49999999999999933,0.9987165071710528,-0.05064916883871264,0.7818314824680298,0.6234898018587336
0.0,0.0,0.0,0.0,0.0,0.8,0.7995421697562728,-0.866025403784439,0.49999999999999933,0.9680771188662043,-0.2506525322587204,0.9749279121818236,-0.22252093395631434
0.0,0.0,0.0,0.0,0.0,0.8,0.7995870550742853,-0.866025403784439,0.49999999999999933,0.8978045395707416,-0.4403941515576344,0.43388373911755823,-0.900968867902419
0.0,0.0,0.0,0.0,0.0,0.8,0.7996319403922977,-0.866025403784439,0.49999999999999933,0.7907757369376989,-0.6121059825476626,-0.433883739117558,-0.9009688679024191
0.0,0.0,0.0,0.0,0.0,0.8,0.7996768257103102,-0.866025403784439,0.49999999999999933,0.6513724827222223,-0.758758122692791,-0.9749279121818236,-0.2225209339563146
0.0,0.0,0.0,0.0,0.0,0.8,0.7998114816643477,-0.866025403784439,0.49999999999999933,0.10116832198743272,-0.994869323391895,0.7818314824680298,0.6234898018587336
0.0,0.0,0.0,0.0,0.0,0.8,0.7998563669823601,-0.866025403784439,0.49999999999999933,-0.10116832198743204,-0.9948693233918952,0.9749279121818236,-0.22252093395631434
0.0,0.0,0.0,0.0,0.0,0.8,0.7999012523003726,-0.866025403784439,0.49999999999999933,-0.29936312297335776,-0.9541392564000489,0.43388373911755823,-0.900968867902419
0.0,0.0,0.0,0.0,0.0,0.8,0.7999461376183851,-0.866025403784439,0.49999999999999933,-0.4853019625310808,-0.8743466161445822,-0.433883739117558,-0.9009688679024191
0.0,0.0,0.0,0.0,0.0,0.8,0.7999910229363976,-0.866025403784439,0.49999999999999933,-0.6513724827222217,-0.7587581226927913,-0.9749279121818236,-0.2225209339563146
0.0,0.0,0.0,0.0,0.0,0.8,0.800125678890435,-0.866025403784439,0.49999999999999933,-0.9680771188662041,-0.2506525322587213,0.7818314824680298,0.6234898018587336
0.0,0.0,0.0,0.0,0.0,0.8,0.8001705642084475,-0.866025403784439,0.49999999999999933,-0.9987165071710528,-0.05064916883871355,0.9749279121818236,-0.22252093395631434
0.0,0.0,0.0,0.0,0.0,0.8,0.80021544952646,-0.866025403784439,0.49999999999999933,-0.9884683243281114,0.15142777750457667,0.43388373911755823,-0.900968867902419
0.0,0.0,0.0,0.0,0.0,0.8,0.8002603348444725,-0.866025403784439,0.49999999999999933,-0.9377521321470804,0.3473052528448203,-0.433883739117558,-0.9009688679024191
0.0,0.0,0.0,0.0,0.0,0.8,0.800305220162485,-0.866025403784439,0.49999999999999933,-0.8486442574947509,0.5289640103269624,-0.9749279121818236,-0.2225209339563146
0.0,0.0,0.0,0.0,0.0,0.8,0.8004398761165223,-0.866025403784439,0.49999999999999933,-0.3943558551133187,0.9189578116202306,0.7818314824680298,0.6234898018587336
0.0,0.0,0.0,0.0,0.0,0.8,0.8004847614345348,-0.866025403784439,0.49999999999999933,-0.20129852008866114,0.9795299412524943,0.9749279121818236,-0.22252093395631434
0.0,0.0,0.0,0.0,0.0,0.8,0.8005296467525473,-0.866025403784439,0.49999999999999933,-2.4492935982947064e-16,1.0,0.43388373911755823,-0.900968867902419
0.0,0.0,0.0,0.0,0.0,0.8,0.8005745320705597,-0.5000000000000012,0.8660254037844379,0.20129852008866006,0.9795299412524945,-0.433883739117558,-0.9009688679024191
0.0,0.0,0.0,0.0,0.0,0.8,0.8006194173885722,-0.5000000000000012,0.8660254037844379,0.39435585511331855,0.9189578116202306,-0.9749279121818236,-0.2225209339563146
0.0,0.0,0.0,0.0,0.0,0.8,0.8007540733426097,-0.5000000000000012,0.8660254037844379,0.8486442574947509,0.5289640103269624,0.7818314824680298,0.6234898018587336
0.0,0.0,0.0,0.0,0.0,0.8,0.8007989586606221,-0.5000000000000012,0.8660254037844379,0.9377521321470804,0.3473052528448203,0.9749279121818236,-0.22252093395631434
0.0,0.0,0.0,0.0,0.0,0.8,0.8008438439786346,-0.5000000000000012,0.8660254037844379,0.9884683243281114,0.1514277775045767,0.43388373911755823,-0.900968867902419
0.0,0.0,0.0,0.0,0.0,0.8,0.8008887292966471,-0.5000000000000012,0.8660254037844379,0.9987165071710528,-0.05064916883871264,-0.433883739117558,-0.9009688679024191
0.0,0.0,0.0,0.0,0.0,0.8,0.8009336146146596,-0.5000000000000012,0.8660254037844379,0.9680771188662043,-0.2506525322587204,-0.9749279121818236,-0.2225209339563146
0.0,0.0,0.0,0.0,0.0,0.8,0.801068270568697,-0.5000000000000012,0.8660254037844379,0.6513724827222223,-0.758758122692791,0.7818314824680298,0.6234898018587336
0.0,0.0,0.0,0.0,0.0,0.8,0.8011131558867095,-0.5000000000000012,0.8660254037844379,0.48530196253108104,-0.8743466161445821,0.9749279121818236,-0.22252093395631434
0.0,0.0,0.0,0.0,0.0,0.8,0.801158041204722,-0.5000000000000012,0.8660254037844379,0.29936312297335804,-0.9541392564000488,0.43388373911755823,-0.900968867902419
0.0,0.0,0.0,0.0,0.0,0.8,0.8012029265227345,-0.5000000000000012,0.8660254037844379,0.10116832198743272,-0.994869323391895,-0.433883739117558,-0.9009688679024191
0.0,0.0,0.0,0.0,0.0,0.8,0.8012478118407469,-0.5000000000000012,0.8660254037844379,-0.10116832198743204,-0.9948693233918952,-0.9749279121818236,-0.2225209339563146
0.0,0.0,0.0,0.0,0.0,0.8,0.8013824677947844,-0.5000000000000012,0.8660254037844379,-0.6513724827222217,-0.7587581226927913,0.7818314824680298,0.6234898018587336
0.0,0.0,0.0,0.0,0.0,0.8,0.8014273531127969,-0.5000000000000012,0.8660254037844379,-0.7907757369376986,-0.6121059825476627,0.9749279121818236,-0.22252093395631434
0.0,0.0,0.0,0.0,0.0,0.8,0.8014722384308093,-0.5000000000000012,0.8660254037844379,-0.8978045395707417,-0.44039415155763423,0.43388373911755823,-0.900968867902419
0.0,0.0,0.0,0.0,0.0,0.8,0.8015620090668343,-0.5000000000000012,0.8660254037844379,-0.9987165071710528,-0.05064916883871355,-0.9749279121818236,-0.2225209339563146
0.0,0.0,0.0,0.0,0.0,0.8,0.8016966650208718,-0.5000000000000012,0.8660254037844379,-0.8486442574947509,0.5289640103269624,0.7818314824680298,0.6234898018587336
0.0,0.0,0.0,0.0,0.0,0.8,0.8017415503388842,-0.5000000000000012,0.8660254037844379,-0.7247927872291207,0.6889669190756859,0.9749279121818236,-0.22252093395631434
0.0,0.0,0.0,0.0,0.0,0.8,0.8017864356568967,-0.5000000000000012,0.8660254037844379,-0.5712682150947924,0.8207634412072763,0.43388373911755823,-0.900968867902419
0.0,0.0,0.0,0.0,0.0,0.8,0.8018313209749092,-0.5000000000000012,0.8660254037844379,-0.3943558551133187,0.9189578116202306,-0.433883739117558,-0.9009688679024191
0.0,0.0,0.0,0.0,0.0,0.8,0.8018762062929217,-0.5000000000000012,0.8660254037844379,-0.20129852008866114,0.9795299412524943,-0.9749279121818236,-0.2225209339563146
0.0,0.0,0.0,0.0,0.0,0.8,0.802010862246959,-2.4492935982947064e-16,1.0,0.5712682150947923,0.8207634412072763,0.7818314824680298,0.6234898018587336
0.0,0.0,0.0,0.0,0.0,0.8,0.8020557475649716,-2.4492935982947064e-16,1.0,0.72479278722912,0.6889669190756866,0.9749279121818236,-0.22252093395631434
0.0,0.0,0.0,0.0,0.0,0.8,0.8021455182009966,-2.4492935982947064e-16,1.0,0.9377521321470804,0.3473052528448203,-0.433883739117558,-0.9009688679024191
0.0,0.0,0.0,0.0,0.0,0.8,0.8021904035190089,-2.4492935982947064e-16,1.0,0.9884683243281114,0.1514277775045767,-0.9749279121818236,-0.2225209339563146
0.0,0.0,0.0,0.0,0.0,0.8,0.8023250594730464,-2.4492935982947064e-16,1.0,0.8978045395707416,-0.4403941515576344,0.7818314824680298,0.6234898018587336
0.0,0.0,0.0,0.0,0.0,0.8,0.8023699447910589,-2.4492935982947064e-16,1.0,0.7907757369376989,-0.6121059825476626,0.9749279121818236,-0.22252093395631434
0.0,0.0,0.0,0.0,0.0,0.8,0.8024148301090713,-2.4492935982947064e-16,1.0,0.6513724827222223,-0.758758122692791,0.43388373911755823,-0.900968867902419
0.0,0.0,0.0,0.0,0.0,0.8,0.8024597154270838,-2.4492935982947064e-16,1.0,0.48530196253108104,-0.8743466161445821,-0.433883739117558,-0.9009688679024191
0.0,0.0,0.0,0.0,0.0,0.8,0.8025046007450963,-2.4492935982947064e-16,1.0,0.29936312297335804,-0.9541392564000488,-0.9749279121818236,-0.2225209339563146
0.0,0.0,0.0,0.0,0.0,0.8,0.8026392566991337,-2.4492935982947064e-16,1.0,-0.29936312297335776,-0.9541392564000489,0.7818314824680298,0.6234898018587336
0.0,0.0,0.0,0.0,0.0,0.8,0.8026841420171462,-2.4492935982947064e-16,1.0,-0.4853019625310808,-0.8743466161445822,0.9749279121818236,-0.22252093395631434
0.0,0.0,0.0,0.0,0.0,0.8,0.8027290273351587,-2.4492935982947064e-16,1.0,-0.6513724827222217,-0.7587581226927913,0.43388373911755823,-0.900968867902419
0.0,0.0,0.0,0.0,0.0,0.8,0.8027739126531712,-2.4492935982947064e-16,1.0,-0.7907757369376986,-0.6121059825476627,-0.433883739117558,-0.9009688679024191
0.0,0.0,0.0,0.0,0.0,0.8,0.8028187979711837,-2.4492935982947064e-16,1.0,-0.8978045395707417,-0.44039415155763423,-0.9749279121818236,-0.2225209339563146
0.0,0.0,0.0,0.0,0.0,0.8,0.8029534539252211,-2.4492935982947064e-16,1.0,-0.9884683243281114,0.15142777750457667,0.7818314824680298,0.6234898018587336
0.0,0.0,0.0,0.0,0.0,0.8,0.8030432245612461,-2.4492935982947064e-16,1.0,-0.8486442574947509,0.5289640103269624,0.43388373911755823,-0.900968867902419
0.0,0.0,0.0,0.0,0.0,0.8,0.8030881098792585,-2.4492935982947064e-16,1.0,-0.7247927872291207,0.6889669190756859,-0.433883739117558,-0.9009688679024191
0.0,0.0,0.0,0.0,0.0,0.8,0.803132995197271,-2.4492935982947064e-16,1.0,-0.5712682150947924,0.8207634412072763,-0.9749279121818236,-0.2225209339563146
0.0,0.0,0.0,0.0,0.0,0.8,0.8032676511513085,-2.4492935982947064e-16,1.0,-2.4492935982947064e-16,1.0,0.7818314824680298,0.6234898018587336
0.0,0.0,0.0,0.0,0.0,0.8166666666666667,0.8033574217873334,0.49999999999999994,0.8660254037844387,0.39435585511331855,0.9189578116202306,0.43388373911755823,-0.900968867902419
0.0,0.0,0.0,0.0,0.0,0.8166666666666667,0.8034023071053459,0.49999999999999994,0.8660254037844387,0.5712682150947923,0.8207634412072763,-0.433883739117558,-0.9009688679024191
0.0,0.0,0.0,0.0,0.0,0.8166666666666667,0.8034471924233584,0.49999999999999994,0.8660254037844387,0.72479278722912,0.6889669190756866,-0.9749279121818236,-0.2225209339563146
0.0,0.0,0.0,0.0,0.0,0.8166666666666667,0.8035818483773958,0.49999999999999994,0.8660254037844387,0.9884683243281114,0.1514277775045767,0.7818314824680298,0.6234898018587336
0.0,0.0,0.0,0.0,0.0,0.8166666666666667,0.8036267336954083,0.49999999999999994,0.8660254037844387,0.9987165071710528,-0.05064916883871264,0.9749279121818236,-0.22252093395631434
0.0,0.0,0.0,0.0,0.0,0.8166666666666667,0.8036716190134208,0.49999999999999994,0.8660254037844387,0.9680771188662043,-0.2506525322587204,0.43388373911755823,-0.900968867902419
0.0,0.0,0.0,0.0,0.0,0.8166666666666667,0.8037165043314333,0.49999999999999994,0.8660254037844387,0.8978045395707416,-0.4403941515576344,-0.433883739117558,-0.9009688679024191
0.0,0.0,0.0,0.0,0.0,0.8166666666666667,0.8037613896494458,0.49999999999999994,0.8660254037844387,0.7907757369376989,-0.6121059825476626,-0.9749279121818236,-0.2225209339563146
0.0,0.0,0.0,0.0,0.0,0.8166666666666667,0.8038960456034832,0.49999999999999994,0.8660254037844387,0.29936312297335804,-0.9541392564000488,0.7818314824680298,0.6234898018587336
0.0,0.0,0.0,0.0,0.0,0.8166666666666667,0.8039409309214957,0.49999999999999994,0.8660254037844387,0.10116832198743272,-0.994869323391895,0.9749279121818236,-0.22252093395631434
0.0,0.0,0.0,0.0,0.0,0.8166666666666667,0.8039858162395082,0.49999999999999994,0.8660254037844387,-0.10116832198743204,-0.9948693233918952,0.43388373911755823,-0.900968867902419
0.0,0.0,0.0,0.0,0.0,0.8166666666666667,0.8040307015575205,0.49999999999999994,0.8660254037844387,-0.29936312297335776,-0.9541392564000489,-0.433883739117558,-0.9009688679024191
0.0,0.0,0.0,0.0,0.0,0.8166666666666667,0.804075586875533,0.49999999999999994,0.8660254037844387,-0.4853019625310808,-0.8743466161445822,-0.9749279121818236,-0.2225209339563146
0.0,0.0,0.0,0.0,0.0,0.8166666666666667,0.8042551281475829,0.49999999999999994,0.8660254037844387,-0.9680771188662041,-0.2506525322587213,0.9749279121818236,-0.22252093395631434
0.0,0.0,0.0,0.0,0.0,0.8166666666666667,0.8043000134655954,0.49999999999999994,0.8660254037844387,-0.9987165071710528,-0.05064916883871355,0.43388373911755823,-0.900968867902419
0.0,0.0,0.0,0.0,0.0,0.8166666666666667,0.8043448987836079,0.49999999999999994,0.8660254037844387,-0.9884683243281114,0.15142777750457667,-0.433883739117558,-0.9009688679024191
0.0,0.0,0.0,0.0,0.0,0.8166666666666667,0.8043897841016204,0.49999999999999994,0.8660254037844387,-0.9377521321470804,0.3473052528448203,-0.9749279121818236,-0.2225209339563146
0.0,0.0,0.0,0.0,0.0,0.8166666666666667,0.8045244400556578,0.49999999999999994,0.8660254037844387,-0.5712682150947924,0.8207634412072763,0.7818314824680298,0.6234898018587336
0.0,0.0,0.0,0.0,0.0,0.8166666666666667,0.8045693253736703,0.49999999999999994,0.8660254037844387,-0.3943558551133187,0.9189578116202306,0.9749279121818236,-0.22252093395631434
0.0,0.0,0.0,0.0,0.0,0.8166666666666667,0.8046142106916828,0.49999999999999994,0.8660254037844387,-0.20129852008866114,0.9795299412524943,0.43388373911755823,-0.900968867902419
0.0,0.0,0.0,0.0,0.0,0.8166666666666667,0.8046590960096953,0.49999999999999994,0.8660254037844387,-2.4492935982947064e-16,1.0,-0.433883739117558,-0.9009688679024191
0.0,0.0,0.0,0.0,0.0,0.8166666666666667,0.8047039813277077,0.8660254037844386,0.5000000000000001,0.20129852008866006,0.9795299412524945,-0.9749279121818236,-0.2225209339563146
0.0,0.0,0.0,0.0,0.0,0.8166666666666667,0.8048386372817452,0.8660254037844386,0.5000000000000001,0.72479278722912,0.6889669190756866,0.7818314824680298,0.6234898018587336
0.0,0.0,0.0,0.0,0.0,0.8166666666666667,0.8048835225997577,0.8660254037844386,0.5000000000000001,0.8486442574947509,0.5289640103269624,0.9749279121818236,-0.22252093395631434
0.0,0.0,0.0,0.0,0.0,0.8166666666666667,0.8049284079177702,0.8660254037844386,0.5000000000000001,0.9377521321470804,0.3473052528448203,0.43388373911755823,-0.900968867902419
0.0,0.0,0.0,0.0,0.0,0.8166666666666667,0.8049732932357826,0.8660254037844386,0.5000000000000001,0.9884683243281114,0.1514277775045767,-0.433883739117558,-0.9009688679024191
0.0,0.0,0.0,0.0,0.0,0.8166666666666667,0.8050181785537951,0.8660254037844386,0.5000000000000001,0.9987165071710528,-0.05064916883871264,-0.9749279121818236,-0.2225209339563146
0.0,0.0,0.0,0.0,0.0,0.8166666666666667,0.8051528345078326,0.8660254037844386,0.5000000000000001,0.7907757369376989,-0.6121059825476626,0.7818314824680298,0.6234898018587336
0.0,0.0,0.0,0.0,0.0,0.8166666666666667,0.805197719825845,0.8660254037844386,0.5000000000000001,0.6513724827222223,-0.758758122692791,0.9749279121818236,-0.22252093395631434
0.0,0.0,0.0,0.0,0.0,0.8166666666666667,0.8052426051438575,0.8660254037844386,0.5000000000000001,0.48530196253108104,-0.8743466161445821,0.43388373911755823,-0.900968867902419
0.0,0.0,0.0,0.0,0.0,0.8166666666666667,0.80528749046187,0.8660254037844386,0.5000000000000001,0.29936312297335804,-0.9541392564000488,-0.433883739117558,-0.9009688679024191
0.0,0.0,0.0,0.0,0.0,0.8166666666666667,0.8053323757798825,0.8660254037844386,0.5000000000000001,0.10116832198743272,-0.994869323391895,-0.9749279121818236,-0.2225209339563146
0.0,0.0,0.0,0.0,0.0,0.8166666666666667,0.8055119170519324,0.8660254037844386,0.5000000000000001,-0.6513724827222217,-0.7587581226927913,0.9749279121818236,-0.22252093395631434
0.0,0.0,0.0,0.0,0.0,0.8166666666666667,0.8055568023699449,0.8660254037844386,0.5000000000000001,-0.7907757369376986,-0.6121059825476627,0.43388373911755823,-0.900968867902419
0.0,0.0,0.0,0.0,0.0,0.8166666666666667,0.8056016876879574,0.8660254037844386,0.5000000000000001,-0.8978045395707417,-0.44039415155763423,-0.433883739117558,-0.9009688679024191
0.0,0.0,0.0,0.0,0.0,0.8166666666666667,0.8056465730059698,0.8660254037844386,0.5000000000000001,-0.9680771188662041,-0.2506525322587213,-0.9749279121818236,-0.2225209339563146
0.0,0.0,0.0,0.0,0.0,0.8166666666666667,0.8057812289600073,0.8660254037844386,0.5000000000000001,-0.9377521321470804,0.3473052528448203,0.7818314824680298,0.6234898018587336
0.0,0.0,0.0,0.0,0.0,0.8166666666666667,0.8058261142780198,0.8660254037844386,0.5000000000000001,-0.8486442574947509,0.5289640103269624,0.9749279121818236,-0.22252093395631434
0.0,0.0,0.0,0.0,0.0,0.8166666666666667,0.8058709995960321,0.8660254037844386,0.5000000000000001,-0.7247927872291207,0.6889669190756859,0.43388373911755823,-0.900968867902419
0.0,0.0,0.0,0.0,0.0,0.8166666666666667,0.8059158849140446,0.8660254037844386,0.5000000000000001,-0.5712682150947924,0.8207634412072763,-0.433883739117558,-0.9009688679024191
0.0,0.0,0.0,0.0,0.0,0.8166666666666667,0.8059607702320571,1.0,6.123233995736766e-17,0.20129852008866006,0.9795299412524945,-0.9749279121818236,-0.2225209339563146
0.0,0.0,0.0,0.0,0.0,0.8166666666666667,0.8060954261860945,1.0,6.123233995736766e-17,0.72479278722912,0.6889669190756866,0.7818314824680298,0.6234898018587336
0.0,0.0,0.0,0.0,0.0,0.8166666666666667,0.806140311504107,1.0,6.123233995736766e-17,0.8486442574947509,0.5289640103269624,0.9749279121818236,-0.22252093395631434
0.0,0.0,0.0,0.0,0.0,0.8166666666666667,0.8061851968221195,1.0,6.123233995736766e-17,0.9377521321470804,0.3473052528448203,0.43388373911755823,-0.900968867902419
0.0,0.0,0.0,0.0,0.0,0.8166666666666667,0.806230082140132,1.0,6.123233995736766e-17,0.9884683243281114,0.1514277775045767,-0.433883739117558,-0.9009688679024191
0.0,0.0,0.0,0.0,0.0,0.8166666666666667,0.8062749674581445,1.0,6.123233995736766e-17,0.9987165071710528,-0.05064916883871264,-0.9749279121818236,-0.2225209339563146
0.0,0.0,0.0,0.0,0.0,0.8166666666666667,0.8064096234121819,1.0,6.123233995736766e-17,0.7907757369376989,-0.6121059825476626,0.7818314824680298,0.6234898018587336
0.0,0.0,0.0,0.0,0.0,0.8166666666666667,0.8064545087301944,1.0,6.123233995736766e-17,0.6513724827222223,-0.758758122692791,0.9749279121818236,-0.22252093395631434
0.0,0.0,0.0,0.0,0.0,0.8166666666666667,0.8064993940482069,1.0,6.123233995736766e-17,0.48530196253108104,-0.8743466161445821,0.43388373911755823,-0.900968867902419
0.0,0.0,0.0,0.0,0.0,0.8166666666666667,0.8065442793662193,1.0,6.123233995736766e-17,0.29936312297335804,-0.9541392564000488,-0.433883739117558,-0.9009688679024191
0.0,0.0,0.0,0.0,0.0,0.8166666666666667,0.8065891646842318,1.0,6.123233995736766e-17,0.10116832198743272,-0.994869323391895,-0.9749279121818236,-0.2225209339563146
0.0,0.0,0.0,0.0,0.0,0.8166666666666667,0.8067238206382693,1.0,6.123233995736766e-17,-0.4853019625310808,-0.8743466161445822,0.7818314824680298,0.6234898018587336
0.0,0.0,0.0,0.0,0.0,0.8166666666666667,0.8067687059562818,1.0,6.123233995736766e-17,-0.6513724827222217,-0.7587581226927913,0.9749279121818236,-0.22252093395631434
0.0,0.0,0.0,0.0,0.0,0.8166666666666667,0.8068135912742942,1.0,6.123233995736766e-17,-0.7907757369376986,-0.6121059825476627,0.43388373911755823,-0.900968867902419
0.0,0.0,0.0,0.0,0.0,0.8166666666666667,0.8068584765923067,1.0,6.123233995736766e-17,-0.8978045395707417,-0.44039415155763423,-0.433883739117558,-0.9009688679024191
0.0,0.0,0.0,0.0,0.0,0.8166666666666667,0.8069033619103192,1.0,6.123233995736766e-17,-0.9680771188662041,-0.2506525322587213,-0.9749279121818236,-0.2225209339563146
0.0,0.0,0.0,0.0,0.0,0.8166666666666667,0.8070380178643566,1.0,6.123233995736766e-17,-0.9377521321470804,0.3473052528448203,0.7818314824680298,0.6234898018587336
0.0,0.0,0.0,0.0,0.0,0.8166666666666667,0.8070829031823691,1.0,6.123233995736766e-17,-0.8486442574947509,0.5289640103269624,0.9749279121818236,-0.22252093395631434
0.0,0.0,0.0,0.0,0.0,0.8166666666666667,0.8071277885003816,1.0,6.123233995736766e-17,-0.7247927872291207,0.6889669190756859,0.43388373911755823,-0.900968867902419
0.0,0.0,0.0,0.0,0.0,0.8166666666666667,0.8071726738183941,1.0,6.123233995736766e-17,-0.5712682150947924,0.8207634412072763,-0.433883739117558,-0.9009688679024191
0.0,0.0,0.0,0.0,0.0,0.8166666666666667,0.8072175591364066,1.0,6.123233995736766e-17,-0.3943558551133187,0.9189578116202306,-0.9749279121818236,-0.2225209339563146
0.0,0.0,0.0,0.0,0.0,0.8166666666666667,0.807352215090444,0.8660254037844387,-0.4999999999999998,0.20129852008866006,0.9795299412524945,0.7818314824680298,0.6234898018587336
0.0,0.0,0.0,0.0,0.0,0.8166666666666667,0.8073971004084565,0.8660254037844387,-0.4999999999999998,0.39435585511331855,0.9189578116202306,0.9749279121818236,-0.22252093395631434
0.0,0.0,0.0,0.0,0.0,0.8166666666666667,0.807441985726469,0.8660254037844387,-0.4999999999999998,0.5712682150947923,0.8207634412072763,0.43388373911755823,-0.900968867902419
0.0,0.0,0.0,0.0,0.0,0.8166666666666667,0.8074868710444814,0.8660254037844387,-0.4999999999999998,0.72479278722912,0.6889669190756866,-0.433883739117558,-0.9009688679024191
0.0,0.0,0.0,0.0,0.0,0.8166666666666667,0.8075317563624939,0.8660254037844387,-0.4999999999999998,0.8486442574947509,0.5289640103269624,-0.9749279121818236,-0.2225209339563146
0.0,0.0,0.0,0.0,0.0,0.8166666666666667,0.8076664123165314,0.8660254037844387,-0.4999999999999998,0.9987165071710528,-0.05064916883871264,0.7818314824680298,0.6234898018587336
0.0,0.0,0.0,0.0,0.0,0.8166666666666667,0.8077112976345437,0.8660254037844387,-0.4999999999999998,0.9680771188662043,-0.2506525322587204,0.9749279121818236,-0.22252093395631434
0.0,0.0,0.0,0.0,0.0,0.8166666666666667,0.8077561829525562,0.8660254037844387,-0.4999999999999998,0.8978045395707416,-0.4403941515576344,0.43388373911755823,-0.900968867902419
0.0,0.0,0.0,0.0,0.0,0.8166666666666667,0.8078010682705687,0.8660254037844387,-0.4999999999999998,0.7907757369376989,-0.6121059825476626,-0.433883739117558,-0.9009688679024191
0.0,0.0,0.0,0.0,0.0,0.8166666666666667,0.8078459535885812,0.8660254037844387,-0.4999999999999998,0.6513724827222223,-0.758758122692791,-0.9749279121818236,-0.2225209339563146
0.0,0.0,0.0,0.0,0.0,0.8166666666666667,0.8079806095426186,0.8660254037844387,-0.4999999999999998,0.10116832198743272,-0.994869323391895,0.7818314824680298,0.6234898018587336
0.0,0.0,0.0,0.0,0.0,0.8166666666666667,0.8080254948606311,0.8660254037844387,-0.4999999999999998,-0.10116832198743204,-0.9948693233918952,0.9749279121818236,-0.22252093395631434
0.0,0.0,0.0,0.0,0.0,0.8166666666666667,0.8080703801786436,0.8660254037844387,-0.4999999999999998,-0.29936312297335776,-0.9541392564000489,0.43388373911755823,-0.900968867902419
0.0,0.0,0.0,0.0,0.0,0.8166666666666667,0.8081152654966561,0.8660254037844387,-0.4999999999999998,-0.4853019625310808,-0.8743466161445822,-0.433883739117558,-0.9009688679024191
0.0,0.0,0.0,0.0,0.0,0.8166666666666667,0.808294806768706,0.8660254037844387,-0.4999999999999998,-0.9680771188662041,-0.2506525322587213,0.7818314824680298,0.6234898018587336
0.0,0.0,0.0,0.0,0.0,0.8166666666666667,0.8083396920867185,0.8660254037844387,-0.4999999999999998,-0.9987165071710528,-0.05064916883871355,0.9749279121818236,-0.22252093395631434
0.0,0.0,0.0,0.0,0.0,0.8166666666666667,0.808384577404731,0.8660254037844387,-0.4999999999999998,-0.9884683243281114,0.15142777750457667,0.43388373911755823,-0.900968867902419
0.0,0.0,0.0,0.0,0.0,0.8166666666666667,0.8084294627227434,0.8660254037844387,-0.4999999999999998,-0.9377521321470804,0.3473052528448203,-0.433883739117558,-0.9009688679024191
0.0,0.0,0.0,0.0,0.0,0.8166666666666667,0.8084743480407559,0.8660254037844387,-0.4999999999999998,-0.8486442574947509,0.5289640103269624,-0.9749279121818236,-0.2225209339563146
0.0,0.0,0.0,0.0,0.0,0.8166666666666667,0.8086090039947934,0.8660254037844387,-0.4999999999999998,-0.3943558551133187,0.9189578116202306,0.7818314824680298,0.6234898018587336
0.0,0.0,0.0,0.0,0.0,0.8166666666666667,0.8086538893128058,0.8660254037844387,-0.4999999999999998,-0.20129852008866114,0.9795299412524943,0.9749279121818236,-0.22252093395631434
0.0,0.0,0.0,0.0,0.0,0.8166666666666667,0.8086987746308183,0.5000000000000003,-0.8660254037844385,0.20129852008866006,0.9795299412524945,0.43388373911755823,-0.900968867902419
0.0,0.0,0.0,0.0,0.0,0.8166666666666667,0.8087436599488308,0.5000000000000003,-0.8660254037844385,0.39435585511331855,0.9189578116202306,-0.433883739117558,-0.9009688679024191
0.0,0.0,0.0,0.0,0.0,0.8166666666666667,0.8087885452668433,0.5000000000000003,-0.8660254037844385,0.5712682150947923,0.8207634412072763,-0.9749279121818236,-0.2225209339563146
0.0,0.0,0.0,0.0,0.0,0.8166666666666667,0.8089232012208807,0.5000000000000003,-0.8660254037844385,0.9377521321470804,0.3473052528448203,0.7818314824680298,0.6234898018587336
0.0,0.0,0.0,0.0,0.0,0.8166666666666667,0.8089680865388932,0.5000000000000003,-0.8660254037844385,0.9884683243281114,0.1514277775045767,0.9749279121818236,-0.22252093395631434
0.0,0.0,0.0,0.0,0.0,0.8166666666666667,0.8090129718569057,0.5000000000000003,-0.8660254037844385,0.9987165071710528,-0.05064916883871264,0.43388373911755823,-0.900968867902419
0.0,0.0,0.0,0.0,0.0,0.8166666666666667,0.8090578571749182,0.5000000000000003,-0.8660254037844385,0.9680771188662043,-0.2506525322587204,-0.433883739117558,-0.9009688679024191
0.0,0.0,0.0,0.0,0.0,0.8166666666666667,0.8091027424929306,0.5000000000000003,-0.8660254037844385,0.8978045395707416,-0.4403941515576344,-0.9749279121818236,-0.2225209339563146
0.0,0.0,0.0,0.0,0.0,0.8166666666666667,0.8092373984469681,0.5000000000000003,-0.8660254037844385,0.48530196253108104,-0.8743466161445821,0.7818314824680298,0.6234898018587336
0.0,0.0,0.0,0.0,0.0,0.8166666666666667,0.8092822837649806,0.5000000000000003,-0.8660254037844385,0.29936312297335804,-0.9541392564000488,0.9749279121818236,-0.22252093395631434
0.0,0.0,0.0,0.0,0.0,0.8166666666666667,0.809327169082993,0.5000000000000003,-0.8660254037844385,0.10116832198743272,-0.994869323391895,0.43388373911755823,-0.900968867902419
0.0,0.0,0.0,0.0,0.0,0.8166666666666667,0.8093720544010055,0.5000000000000003,-0.8660254037844385,-0.10116832198743204,-0.9948693233918952,-0.433883739117558,-0.9009688679024191
0.0,0.0,0.0,0.0,0.0,0.8166666666666667,0.809416939719018,0.5000000000000003,-0.8660254037844385,-0.29936312297335776,-0.9541392564000489,-0.9749279121818236,-0.2225209339563146
0.0,0.0,0.0,0.0,0.0,0.8166666666666667,0.8095515956730553,0.5000000000000003,-0.8660254037844385,-0.7907757369376986,-0.6121059825476627,0.7818314824680298,0.6234898018587336
0.0,0.0,0.0,0.0,0.0,0.8166666666666667,0.8095964809910678,0.5000000000000003,-0.8660254037844385,-0.8978045395707417,-0.44039415155763423,0.9749279121818236,-0.22252093395631434
0.0,0.0,0.0,0.0,0.0,0.8166666666666667,0.8096413663090803,0.5000000000000003,-0.8660254037844385,-0.9680771188662041,-0.2506525322587213,0.43388373911755823,-0.900968867902419
0.0,0.0,0.0,0.0,0.0,0.8166666666666667,0.8096862516270928,0.5000000000000003,-0.8660254037844385,-0.9987165071710528,-0.05064916883871355,-0.433883739117558,-0.9009688679024191
0.0,0.0,0.0,0.0,0.0,0.8166666666666667,0.8097311369451053,0.5000000000000003,-0.8660254037844385,-0.9884683243281114,0.15142777750457667,-0.9749279121818236,-0.2225209339563146
0.0,0.0,0.0,0.0,0.0,0.8166666666666667,0.8099106782171552,0.5000000000000003,-0.8660254037844385,-0.5712682150947924,0.8207634412072763,0.9749279121818236,-0.22252093395631434
0.0,0.0,0.0,0.0,0.0,0.8166666666666667,0.8099555635351677,0.5000000000000003,-0.8660254037844385,-0.3943558551133187,0.9189578116202306,0.43388373911755823,-0.900968867902419
0.0,0.0,0.0,0.0,0.0,0.8166666666666667,0.8100004488531802,0.5000000000000003,-0.8660254037844385,-0.20129852008866114,0.9795299412524943,-0.433883739117558,-0.9009688679024191
0.0,0.0,0.0,0.0,0.0,0.8166666666666667,0.8100453341711926,0.5000000000000003,-0.8660254037844385,-2.4492935982947064e-16,1.0,-0.9749279121818236,-0.2225209339563146
0.0,0.0,0.0,0.0,0.0,0.8166666666666667,0.8101799901252301,1.2246467991473532e-16,-1.0,0.5712682150947923,0.8207634412072763,0.7818314824680298,0.6234898018587336
0.0,0.0,0.0,0.0,0.0,0.8166666666666667,0.8102248754432426,1.2246467991473532e-16,-1.0,0.72479278722912,0.6889669190756866,0.9749279121818236,-0.22252093395631434
0.0,0.0,0.0,0.0,0.0,0.8166666666666667,0.810269760761255,1.2246467991473532e-16,-1.0,0.8486442574947509,0.5289640103269624,0.43388373911755823,-0.900968867902419
0.0,0.0,0.0,0.0,0.0,0.8166666666666667,0.8103146460792675,1.2246467991473532e-16,-1.0,0.9377521321470804,0.3473052528448203,-0.433883739117558,-0.9009688679024191
0.0,0.0,0.0,0.0,0.0,0.8166666666666667,0.81035953139728,1.2246467991473532e-16,-1.0,0.9884683243281114,0.1514277775045767,-0.9749279121818236,-0.2225209339563146
0.0,0.0,0.0,0.0,0.0,0.8166666666666667,0.8104941873513174,1.2246467991473532e-16,-1.0,0.8978045395707416,-0.4403941515576344,0.7818314824680298,0.6234898018587336
0.0,0.0,0.0,0.0,0.0,0.8166666666666667,0.8105390726693299,1.2246467991473532e-16,-1.0,0.7907757369376989,-0.6121059825476626,0.9749279121818236,-0.22252093395631434
0.0,0.0,0.0,0.0,0.0,0.8166666666666667,0.8105839579873424,1.2246467991473532e-16,-1.0,0.6513724827222223,-0.758758122692791,0.43388373911755823,-0.900968867902419
0.0,0.0,0.0,0.0,0.0,0.8166666666666667,0.8106288433053549,1.2246467991473532e-16,-1.0,0.48530196253108104,-0.8743466161445821,-0.433883739117558,-0.9009688679024191
0.0,0.0,0.0,0.0,0.0,0.8166666666666667,0.8106737286233674,1.2246467991473532e-16,-1.0,0.29936312297335804,-0.9541392564000488,-0.9749279121818236,-0.2225209339563146
0.0,0.0,0.0,0.0,0.0,0.8166666666666667,0.8108083845774048,1.2246467991473532e-16,-1.0,-0.29936312297335776,-0.9541392564000489,0.7818314824680298,0.6234898018587336
0.0,0.0,0.0,0.0,0.0,0.8166666666666667,0.8108532698954173,1.2246467991473532e-16,-1.0,-0.4853019625310808,-0.8743466161445822,0.9749279121818236,-0.22252093395631434
0.0,0.0,0.0,0.0,0.0,0.8166666666666667,0.8108981552134298,1.2246467991473532e-16,-1.0,-0.6513724827222217,-0.7587581226927913,0.43388373911755823,-0.900968867902419
0.0,0.0,0.0,0.0,0.0,0.8166666666666667,0.8109430405314422,1.2246467991473532e-16,-1.0,-0.7907757369376986,-0.6121059825476627,-0.433883739117558,-0.9009688679024191
0.0,0.0,0.0,0.0,0.0,0.8166666666666667,0.8109879258494547,1.2246467991473532e-16,-1.0,-0.8978045395707417,-0.44039415155763423,-0.9749279121818236,-0.2225209339563146
0.0,0.0,0.0,0.0,0.0,0.8166666666666667,0.8111225818034922,1.2246467991473532e-16,-1.0,-0.9884683243281114,0.15142777750457667,0.7818314824680298,0.6234898018587336
0.0,0.0,0.0,0.0,0.0,0.8166666666666667,0.8111674671215046,1.2246467991473532e-16,-1.0,-0.9377521321470804,0.3473052528448203,0.9749279121818236,-0.22252093395631434
0.0,0.0,0.0,0.0,0.0,0.8166666666666667,0.8112123524395171,1.2246467991473532e-16,-1.0,-0.8486442574947509,0.5289640103269624,0.43388373911755823,-0.900968867902419
0.0,0.0,0.0,0.0,0.0,0.8166666666666667,0.8112572377575296,1.2246467991473532e-16,-1.0,-0.7247927872291207,0.6889669190756859,-0.433883739117558,-0.9009688679024191
0.0,0.0,0.0,0.0,0.0,0.8166666666666667,0.8113021230755421,1.2246467991473532e-16,-1.0,-0.5712682150947924,0.8207634412072763,-0.9749279121818236,-0.2225209339563146
0.0,0.0,0.0,0.0,0.0,0.8166666666666667,0.8114367790295794,-0.4999999999999997,-0.8660254037844388,0.20129852008866006,0.9795299412524945,0.7818314824680298,0.6234898018587336
0.0,0.0,0.0,0.0,0.0,0.8166666666666667,0.811481664347592,-0.4999999999999997,-0.8660254037844388,0.39435585511331855,0.9189578116202306,0.9749279121818236,-0.22252093395631434
0.0,0.0,0.0,0.0,0.0,0.8166666666666667,0.8115265496656044,-0.4999999999999997,-0.8660254037844388,0.5712682150947923,0.8207634412072763,0.43388373911755823,-0.900968867902419
0.0,0.0,0.0,0.0,0.0,0.8166666666666667,0.8116163203016293,-0.4999999999999997,-0.8660254037844388,0.8486442574947509,0.5289640103269624,-0.9749279121818236,-0.2225209339563146
0.0,0.0,0.0,0.0,0.0,0.8166666666666667,0.8117509762556668,-0.4999999999999997,-0.8660254037844388,0.9987165071710528,-0.05064916883871264,0.7818314824680298,0.6234898018587336
0.0,0.0,0.0,0.0,0.0,0.8166666666666667,0.8117958615736793,-0.4999999999999997,-0.8660254037844388,0.9680771188662043,-0.2506525322587204,0.9749279121818236,-0.22252093395631434
0.0,0.0,0.0,0.0,0.0,0.8166666666666667,0.8118407468916918,-0.4999999999999997,-0.8660254037844388,0.8978045395707416,-0.4403941515576344,0.43388373911755823,-0.900968867902419
0.0,0.0,0.0,0.0,0.0,0.8166666666666667,0.8118856322097042,-0.4999999999999997,-0.8660254037844388,0.7907757369376989,-0.6121059825476626,-0.433883739117558,-0.9009688679024191
0.0,0.0,0.0,0.0,0.0,0.8166666666666667,0.8119305175277167,-0.4999999999999997,-0.8660254037844388,0.6513724827222223,-0.758758122692791,-0.9749279121818236,-0.2225209339563146
0.0,0.0,0.0,0.0,0.0,0.8166666666666667,0.8120651734817542,-0.4999999999999997,-0.8660254037844388,0.10116832198743272,-0.994869323391895,0.7818314824680298,0.6234898018587336
0.0,0.0,0.0,0.0,0.0,0.8166666666666667,0.8121100587997666,-0.4999999999999997,-0.8660254037844388,-0.10116832198743204,-0.9948693233918952,0.9749279121818236,-0.22252093395631434
0.0,0.0,0.0,0.0,0.0,0.8166666666666667,0.8121549441177791,-0.4999999999999997,-0.8660254037844388,-0.29936312297335776,-0.9541392564000489,0.43388373911755823,-0.900968867902419
0.0,0.0,0.0,0.0,0.0,0.8166666666666667,0.8121998294357916,-0.4999999999999997,-0.8660254037844388,-0.4853019625310808,-0.8743466161445822,-0.433883739117558,-0.9009688679024191
0.0,0.0,0.0,0.0,0.0,0.8166666666666667,0.8122447147538041,-0.4999999999999997,-0.8660254037844388,-0.6513724827222217,-0.7587581226927913,-0.9749279121818236,-0.2225209339563146
0.0,0.0,0.0,0.0,0.0,0.8166666666666667,0.8123793707078415,-0.4999999999999997,-0.8660254037844388,-0.9680771188662041,-0.2506525322587213,0.7818314824680298,0.6234898018587336
0.0,0.0,0.0,0.0,0.0,0.8166666666666667,0.812424256025854,-0.4999999999999997,-0.8660254037844388,-0.9987165071710528,-0.05064916883871355,0.9749279121818236,-0.22252093395631434
0.0,0.0,0.0,0.0,0.0,0.8166666666666667,0.8124691413438665,-0.4999999999999997,-0.8660254037844388,-0.9884683243281114,0.15142777750457667,0.43388373911755823,-0.900968867902419
0.0,0.0,0.0,0.0,0.0,0.8166666666666667,0.812514026661879,-0.4999999999999997,-0.8660254037844388,-0.9377521321470804,0.3473052528448203,-0.433883739117558,-0.9009688679024191
0.0,0.0,0.0,0.0,0.0,0.8166666666666667,0.8125589119798914,-0.4999999999999997,-0.8660254037844388,-0.8486442574947509,0.5289640103269624,-0.9749279121818236,-0.2225209339563146
0.0,0.0,0.0,0.0,0.0,0.8166666666666667,0.8126935679339289,-0.4999999999999997,-0.8660254037844388,-0.3943558551133187,0.9189578116202306,0.7818314824680298,0.6234898018587336
0.0,0.0,0.0,0.0,0.0,0.8166666666666667,0.8127384532519414,-0.4999999999999997,-0.8660254037844388,-0.20129852008866114,0.9795299412524943,0.9749279121818236,-0.22252093395631434
0.0,0.0,0.0,0.0,0.0,0.8166666666666667,0.8127833385699538,-0.4999999999999997,-0.8660254037844388,-2.4492935982947064e-16,1.0,0.43388373911755823,-0.900968867902419
0.0,0.0,0.0,0.0,0.0,0.8166666666666667,0.8128282238879663,-0.8660254037844385,-0.5000000000000004,0.20129852008866006,0.9795299412524945,-0.433883739117558,-0.9009688679024191
0.0,0.0,0.0,0.0,0.0,0.8166666666666667,0.8128731092059788,-0.8660254037844385,-0.5000000000000004,0.39435585511331855,0.9189578116202306,-0.9749279121818236,-0.2225209339563146
0.0,0.0,0.0,0.0,0.0,0.8166666666666667,0.8130077651600162,-0.8660254037844385,-0.5000000000000004,0.8486442574947509,0.5289640103269624,0.7818314824680298,0.6234898018587336
0.0,0.0,0.0,0.0,0.0,0.8166666666666667,0.8130526504780287,-0.8660254037844385,-0.5000000000000004,0.9377521321470804,0.3473052528448203,0.9749279121818236,-0.22252093395631434
0.0,0.0,0.0,0.0,0.0,0.8166666666666667,0.8130975357960412,-0.8660254037844385,-0.5000000000000004,0.9884683243281114,0.1514277775045767,0.43388373911755823,-0.900968867902419
0.0,0.0,0.0,0.0,0.0,0.8166666666666667,0.8131424211140537,-0.8660254037844385,-0.5000000000000004,0.9987165071710528,-0.05064916883871264,-0.433883739117558,-0.9009688679024191
0.0,0.0,0.0,0.0,0.0,0.8166666666666667,0.8131873064320662,-0.8660254037844385,-0.5000000000000004,0.9680771188662043,-0.2506525322587204,-0.9749279121818236,-0.2225209339563146
0.0,0.0,0.0,0.0,0.0,0.8166666666666667,0.8133219623861035,-0.8660254037844385,-0.5000000000000004,0.6513724827222223,-0.758758122692791,0.7818314824680298,0.6234898018587336
0.0,0.0,0.0,0.0,0.0,0.8166666666666667,0.813366847704116,-0.8660254037844385,-0.5000000000000004,0.48530196253108104,-0.8743466161445821,0.9749279121818236,-0.22252093395631434
0.0,0.0,0.0,0.0,0.0,0.8166666666666667,0.8134117330221285,-0.8660254037844385,-0.5000000000000004,0.29936312297335804,-0.9541392564000488,0.43388373911755823,-0.900968867902419
0.0,0.0,0.0,0.0,0.0,0.8166666666666667,0.813456618340141,-0.8660254037844385,-0.5000000000000004,0.10116832198743272,-0.994869323391895,-0.433883739117558,-0.9009688679024191
0.0,0.0,0.0,0.0,0.0,0.8166666666666667,0.8135015036581534,-0.8660254037844385,-0.5000000000000004,-0.10116832198743204,-0.9948693233918952,-0.9749279121818236,-0.2225209339563146
0.0,0.0,0.0,0.0,0.0,0.8166666666666667,0.8136361596121909,-0.8660254037844385,-0.5000000000000004,-0.6513724827222217,-0.7587581226927913,0.7818314824680298,0.6234898018587336
0.0,0.0,0.0,0.0,0.0,0.8166666666666667,0.8136810449302034,-0.8660254037844385,-0.5000000000000004,-0.7907757369376986,-0.6121059825476627,0.9749279121818236,-0.22252093395631434
0.0,0.0,0.0,0.0,0.0,0.8166666666666667,0.8137259302482158,-0.8660254037844385,-0.5000000000000004,-0.8978045395707417,-0.44039415155763423,0.43388373911755823,-0.900968867902419
0.0,0.0,0.0,0.0,0.0,0.8166666666666667,0.8137708155662283,-0.8660254037844385,-0.5000000000000004,-0.9680771188662041,-0.2506525322587213,-0.433883739117558,-0.9009688679024191
0.0,0.0,0.0,0.0,0.0,0.8166666666666667,0.8138157008842408,-0.8660254037844385,-0.5000000000000004,-0.9987165071710528,-0.05064916883871355,-0.9749279121818236,-0.2225209339563146
0.0,0.0,0.0,0.0,0.0,0.8166666666666667,0.8139503568382782,-0.8660254037844385,-0.5000000000000004,-0.8486442574947509,0.5289640103269624,0.7818314824680298,0.6234898018587336
0.0,0.0,0.0,0.0,0.0,0.8166666666666667,0.8139952421562907,-0.8660254037844385,-0.5000000000000004,-0.7247927872291207,0.6889669190756859,0.9749279121818236,-0.22252093395631434
0.0,0.0,0.0,0.0,0.0,0.8166666666666667,0.8140401274743032,-0.8660254037844385,-0.5000000000000004,-0.5712682150947924,0.8207634412072763,0.43388373911755823,-0.900968867902419
0.0,0.0,0.0,0.0,0.0,0.8166666666666667,0.8140850127923157,-0.8660254037844385,-0.5000000000000004,-0.3943558551133187,0.9189578116202306,-0.433883739117558,-0.9009688679024191
0.0,0.0,0.0,0.0,0.0,0.8166666666666667,0.8141298981103282,-0.8660254037844385,-0.5000000000000004,-0.20129852008866114,0.9795299412524943,-0.9749279121818236,-0.2225209339563146
0.0,0.0,0.0,0.0,0.0,0.8166666666666667,0.8143094393823781,-1.0,-1.8369701987210297e-16,0.5712682150947923,0.8207634412072763,0.9749279121818236,-0.22252093395631434
0.0,0.0,0.0,0.0,0.0,0.8166666666666667,0.8143543247003906,-1.0,-1.8369701987210297e-16,0.72479278722912,0.6889669190756866,0.43388373911755823,-0.900968867902419
0.0,0.0,0.0,0.0,0.0,0.8166666666666667,0.814399210018403,-1.0,-1.8369701987210297e-16,0.8486442574947509,0.5289640103269624,-0.433883739117558,-0.9009688679024191
0.0,0.0,0.0,0.0,0.0,0.8166666666666667,0.8144440953364155,-1.0,-1.8369701987210297e-16,0.9377521321470804,0.3473052528448203,-0.9749279121818236,-0.2225209339563146
0.0,0.0,0.0,0.0,0.0,0.8166666666666667,0.814578751290453,-1.0,-1.8369701987210297e-16,0.9680771188662043,-0.2506525322587204,0.7818314824680298,0.6234898018587336
0.0,0.0,0.0,0.0,0.0,0.8166666666666667,0.8146236366084654,-1.0,-1.8369701987210297e-16,0.8978045395707416,-0.4403941515576344,0.9749279121818236,-0.22252093395631434
0.0,0.0,0.0,0.0,0.0,0.8166666666666667,0.8146685219264779,-1.0,-1.8369701987210297e-16,0.7907757369376989,-0.6121059825476626,0.43388373911755823,-0.900968867902419
-0.2098116088064646,-0.2098116088064646,-0.2098116088064646,-0.2098116088064646,7.719573989259581,0.8166666666666667,0.8147134072444904,-1.0,-1.8369701987210297e-16,0.6513724827222223,-0.758758122692791,-0.433883739117558,-0.9009688679024191
0.0,0.0,0.0,0.0,-7.719573989259581,0.8166666666666667,0.8147582925625029,-1.0,-1.8369701987210297e-16,0.48530196253108104,-0.8743466161445821,-0.9749279121818236,-0.2225209339563146
0.0,0.0,0.0,0.0,0.0,0.8166666666666667,0.8148929485165403,-1.0,-1.8369701987210297e-16,-0.10116832198743204,-0.9948693233918952,0.7818314824680298,0.6234898018587336
0.0,0.0,0.0,0.0,0.0,0.8166666666666667,0.8149378338345528,-1.0,-1.8369701987210297e-16,-0.29936312297335776,-0.9541392564000489,0.9749279121818236,-0.22252093395631434
0.0,0.0,0.0,0.0,0.0,0.8166666666666667,0.8149827191525653,-1.0,-1.8369701987210297e-16,-0.4853019625310808,-0.8743466161445822,0.43388373911755823,-0.900968867902419
-0.00873643462356055,-0.00873643462356055,0.058885292151305814,-0.00873643462356055,7.352441100243583,0.8166666666666667,0.8150276044705778,-1.0,-1.8369701987210297e-16,-0.6513724827222217,-0.7587581226927913,-0.433883739117558,-0.9009688679024191
0.0,0.0,-0.06762172677486636,0.0,-7.352441100243583,0.8166666666666667,0.8150724897885903,-1.0,-1.8369701987210297e-16,-0.7907757369376986,-0.6121059825476627,-0.9749279121818236,-0.2225209339563146
0.0,0.0,0.0,0.0,0.0,0.8166666666666667,0.8152071457426276,-1.0,-1.8369701987210297e-16,-0.9987165071710528,-0.05064916883871355,0.7818314824680298,0.6234898018587336
0.0,0.0,0.0,0.0,0.0,0.8166666666666667,0.8152520310606401,-1.0,-1.8369701987210297e-16,-0.9884683243281114,0.15142777750457667,0.9749279121818236,-0.22252093395631434
0.0,0.0,0.0,0.0,0.0,0.8166666666666667,0.8152969163786526,-1.0,-1.8369701987210297e-16,-0.9377521321470804,0.3473052528448203,0.43388373911755823,-0.900968867902419
0.0,0.0,0.0,0.0,0.0,0.8166666666666667,0.815341801696665,-1.0,-1.8369701987210297e-16,-0.8486442574947509,0.5289640103269624,-0.433883739117558,-0.9009688679024191
0.0,0.0,0.0,0.0,0.0,0.8166666666666667,0.8153866870146775,-1.0,-1.8369701987210297e-16,-0.7247927872291207,0.6889669190756859,-0.9749279121818236,-0.2225209339563146
0.0,0.0,0.0,0.0,0.0,0.8166666666666667,0.815521342968715,-1.0,-1.8369701987210297e-16,-0.20129852008866114,0.9795299412524943,0.7818314824680298,0.6234898018587336
0.0,0.0,0.0,0.0,0.0,0.8166666666666667,0.8155662282867274,-0.866025403784439,0.49999999999999933,0.20129852008866006,0.9795299412524945,0.9749279121818236,-0.22252093395631434
0.0,0.0,0.0,0.0,0.0,0.8166666666666667,0.8156111136047399,-0.866025403784439,0.49999999999999933,0.39435585511331855,0.9189578116202306,0.43388373911755823,-0.900968867902419
0.0,0.0,0.0,0.0,0.0,0.8166666666666667,0.8156559989227524,-0.866025403784439,0.49999999999999933,0.5712682150947923,0.8207634412072763,-0.433883739117558,-0.9009688679024191
0.0,0.0,0.0,0.0,0.0,0.8166666666666667,0.8157008842407649,-0.866025403784439,0.49999999999999933,0.72479278722912,0.6889669190756866,-0.9749279121818236,-0.2225209339563146
0.0,0.0,0.0,0.0,0.0,0.8166666666666667,0.8158355401948023,-0.866025403784439,0.49999999999999933,0.9884683243281114,0.1514277775045767,0.7818314824680298,0.6234898018587336
0.0,0.0,0.0,0.0,0.0,0.8166666666666667,0.8158804255128148,-0.866025403784439,0.49999999999999933,0.9987165071710528,-0.05064916883871264,0.9749279121818236,-0.22252093395631434
0.0,0.0,0.0,0.0,0.0,0.8166666666666667,0.8159253108308273,-0.866025403784439,0.49999999999999933,0.9680771188662043,-0.2506525322587204,0.43388373911755823,-0.900968867902419
0.0,0.0,0.0,0.0,0.0,0.8166666666666667,0.8159701961488398,-0.866025403784439,0.49999999999999933,0.8978045395707416,-0.4403941515576344,-0.433883739117558,-0.9009688679024191
0.0,0.0,0.0,0.0,0.0,0.8166666666666667,0.8160150814668522,-0.866025403784439,0.49999999999999933,0.7907757369376989,-0.6121059825476626,-0.9749279121818236,-0.2225209339563146
0.0,0.0,0.0,0.0,0.0,0.8166666666666667,0.8161497374208897,-0.866025403784439,0.49999999999999933,0.29936312297335804,-0.9541392564000488,0.7818314824680298,0.6234898018587336
0.0,0.0,0.0,0.0,0.0,0.8166666666666667,0.8161946227389022,-0.866025403784439,0.49999999999999933,0.10116832198743272,-0.994869323391895,0.9749279121818236,-0.22252093395631434
0.0,0.0,0.0,0.0,0.0,0.8166666666666667,0.8162395080569146,-0.866025403784439,0.49999999999999933,-0.10116832198743204,-0.9948693233918952,0.43388373911755823,-0.900968867902419
0.0,0.0,0.0,0.0,0.0,0.8166666666666667,0.8162843933749271,-0.866025403784439,0.49999999999999933,-0.29936312297335776,-0.9541392564000489,-0.433883739117558,-0.9009688679024191
0.0,0.0,0.0,0.0,0.0,0.8166666666666667,0.8163292786929396,-0.866025403784439,0.49999999999999933,-0.4853019625310808,-0.8743466161445822,-0.9749279121818236,-0.2225209339563146
0.0,0.0,0.0,0.0,0.0,0.8166666666666667,0.816463934646977,-0.866025403784439,0.49999999999999933,-0.8978045395707417,-0.44039415155763423,0.7818314824680298,0.6234898018587336
0.0,0.0,0.0,0.0,0.0,0.8166666666666667,0.8165088199649895,-0.866025403784439,0.49999999999999933,-0.9680771188662041,-0.2506525322587213,0.9749279121818236,-0.22252093395631434
0.0,0.0,0.0,0.0,0.0,0.8166666666666667,0.816553705283002,-0.866025403784439,0.49999999999999933,-0.9987165071710528,-0.05064916883871355,0.43388373911755823,-0.900968867902419
0.0,0.0,0.0,0.0,0.0,0.8166666666666667,0.8165985906010145,-0.866025403784439,0.49999999999999933,-0.9884683243281114,0.15142777750457667,-0.433883739117558,-0.9009688679024191
0.0,0.0,0.0,0.0,0.0,0.8166666666666667,0.816643475919027,-0.866025403784439,0.49999999999999933,-0.9377521321470804,0.3473052528448203,-0.9749279121818236,-0.2225209339563146
0.0,0.0,0.0,0.0,0.0,0.8166666666666667,0.8167781318730644,-0.866025403784439,0.49999999999999933,-0.5712682150947924,0.8207634412072763,0.7818314824680298,0.6234898018587336
0.0,0.0,0.0,0.0,0.0,0.8166666666666667,0.8168230171910769,-0.866025403784439,0.49999999999999933,-0.3943558551133187,0.9189578116202306,0.9749279121818236,-0.22252093395631434
0.0,0.0,0.0,0.0,0.0,0.8166666666666667,0.8168679025090894,-0.866025403784439,0.49999999999999933,-0.20129852008866114,0.9795299412524943,0.43388373911755823,-0.900968867902419
0.0,0.0,0.0,0.0,0.0,0.8166666666666667,0.8169127878271019,-0.866025403784439,0.49999999999999933,-2.4492935982947064e-16,1.0,-0.433883739117558,-0.9009688679024191
0.0,0.0,0.0,0.0,0.0,0.8166666666666667,0.8169576731451142,-0.5000000000000012,0.8660254037844379,0.20129852008866006,0.9795299412524945,-0.9749279121818236,-0.2225209339563146
0.0,0.0,0.0,0.0,0.0,0.8166666666666667,0.8170923290991517,-0.5000000000000012,0.8660254037844379,0.72479278722912,0.6889669190756866,0.7818314824680298,0.6234898018587336
0.0,0.0,0.0,0.0,0.0,0.8166666666666667,0.8171372144171642,-0.5000000000000012,0.8660254037844379,0.8486442574947509,0.5289640103269624,0.9749279121818236,-0.22252093395631434
0.0,0.0,0.0,0.0,0.0,0.8166666666666667,0.8171820997351766,-0.5000000000000012,0.8660254037844379,0.9377521321470804,0.3473052528448203,0.43388373911755823,-0.900968867902419
0.0,0.0,0.0,0.0,0.0,0.8166666666666667,0.8172269850531891,-0.5000000000000012,0.8660254037844379,0.9884683243281114,0.1514277775045767,-0.433883739117558,-0.9009688679024191
0.0,0.0,0.0,0.0,0.0,0.8166666666666667,0.8172718703712016,-0.5000000000000012,0.8660254037844379,0.9987165071710528,-0.05064916883871264,-0.9749279121818236,-0.2225209339563146
0.0,0.0,0.0,0.0,0.0,0.8166666666666667,0.817406526325239,-0.5000000000000012,0.8660254037844379,0.7907757369376989,-0.6121059825476626,0.7818314824680298,0.6234898018587336
0.0,0.0,0.0,0.0,0.0,0.8166666666666667,0.8174514116432515,-0.5000000000000012,0.8660254037844379,0.6513724827222223,-0.758758122692791,0.9749279121818236,-0.22252093395631434
0.0,0.0,0.0,0.0,0.0,0.8166666666666667,0.817496296961264,-0.5000000000000012,0.8660254037844379,0.48530196253108104,-0.8743466161445821,0.43388373911755823,-0.900968867902419
0.0,0.0,0.0,0.0,0.0,0.8166666666666667,0.8175411822792765,-0.5000000000000012,0.8660254037844379,0.29936312297335804,-0.9541392564000488,-0.433883739117558,-0.9009688679024191
0.0,0.0,0.0,0.0,0.0,0.8166666666666667,0.817586067597289,-0.5000000000000012,0.8660254037844379,0.10116832198743272,-0.994869323391895,-0.9749279121818236,-0.2225209339563146
0.0,0.0,0.0,0.0,0.0,0.8166666666666667,0.8177207235513264,-0.5000000000000012,0.8660254037844379,-0.4853019625310808,-0.8743466161445822,0.7818314824680298,0.6234898018587336
0.0,0.0,0.0,0.0,0.0,0.8166666666666667,0.8177656088693389,-0.5000000000000012,0.8660254037844379,-0.6513724827222217,-0.7587581226927913,0.9749279121818236,-0.22252093395631434
0.0,0.0,0.0,0.0,0.0,0.8166666666666667,0.8178104941873514,-0.5000000000000012,0.8660254037844379,-0.7907757369376986,-0.6121059825476627,0.43388373911755823,-0.900968867902419
0.0,0.0,0.0,0.0,0.0,0.8166666666666667,0.8178553795053638,-0.5000000000000012,0.8660254037844379,-0.8978045395707417,-0.44039415155763423,-0.433883739117558,-0.9009688679024191
0.0,0.0,0.0,0.0,0.0,0.8166666666666667,0.8179002648233763,-0.5000000000000012,0.8660254037844379,-0.9680771188662041,-0.2506525322587213,-0.9749279121818236,-0.2225209339563146
0.0,0.0,0.0,0.0,0.0,0.8166666666666667,0.8180349207774138,-0.5000000000000012,0.8660254037844379,-0.9377521321470804,0.3473052528448203,0.7818314824680298,0.6234898018587336
0.0,0.0,0.0,0.0,0.0,0.8166666666666667,0.8180798060954262,-0.5000000000000012,0.8660254037844379,-0.8486442574947509,0.5289640103269624,0.9749279121818236,-0.22252093395631434
0.0,0.0,0.0,0.0,0.0,0.8166666666666667,0.8181246914134387,-0.5000000000000012,0.8660254037844379,-0.7247927872291207,0.6889669190756859,0.43388373911755823,-0.900968867902419
0.0,0.0,0.0,0.0,0.0,0.8166666666666667,0.8182144620494637,-0.5000000000000012,0.8660254037844379,-0.3943558551133187,0.9189578116202306,-0.9749279121818236,-0.2225209339563146
0.0,0.0,0.0,0.0,0.0,0.8166666666666667,0.8183491180035011,-2.4492935982947064e-16,1.0,0.39435585511331855,0.9189578116202306,0.7818314824680298,0.6234898018587336
0.0,0.0,0.0,0.0,0.0,0.8166666666666667,0.8183940033215136,-2.4492935982947064e-16,1.0,0.5712682150947923,0.8207634412072763,0.9749279121818236,-0.22252093395631434
0.0,0.0,0.0,0.0,0.0,0.8166666666666667,0.8184388886395261,-2.4492935982947064e-16,1.0,0.72479278722912,0.6889669190756866,0.43388373911755823,-0.900968867902419
0.0,0.0,0.0,0.0,0.0,0.8166666666666667,0.8184837739575386,-2.4492935982947064e-16,1.0,0.8486442574947509,0.5289640103269624,-0.433883739117558,-0.9009688679024191
0.0,0.0,0.0,0.0,0.0,0.8166666666666667,0.8185286592755511,-2.4492935982947064e-16,1.0,0.9377521321470804,0.3473052528448203,-0.9749279121818236,-0.2225209339563146
0.0,0.0,0.0,0.0,0.0,0.8166666666666667,0.8186633152295885,-2.4492935982947064e-16,1.0,0.9680771188662043,-0.2506525322587204,0.7818314824680298,0.6234898018587336
0.0,0.0,0.0,0.0,0.0,0.8166666666666667,0.818708200547601,-2.4492935982947064e-16,1.0,0.8978045395707416,-0.4403941515576344,0.9749279121818236,-0.22252093395631434
0.0,0.0,0.0,0.0,0.0,0.8166666666666667,0.8187530858656135,-2.4492935982947064e-16,1.0,0.7907757369376989,-0.6121059825476626,0.43388373911755823,-0.900968867902419
0.0,0.0,0.0,0.0,0.0,0.8166666666666667,0.8187979711836259,-2.4492935982947064e-16,1.0,0.6513724827222223,-0.758758122692791,-0.433883739117558,-0.9009688679024191
0.0,0.0,0.0,0.0,0.0,0.8166666666666667,0.8188428565016383,-2.4492935982947064e-16,1.0,0.48530196253108104,-0.8743466161445821,-0.9749279121818236,-0.2225209339563146
0.0,0.0,0.0,0.0,0.0,0.8166666666666667,0.8189775124556758,-2.4492935982947064e-16,1.0,-0.10116832198743204,-0.9948693233918952,0.7818314824680298,0.6234898018587336
0.0,0.0,0.0,0.0,0.0,0.8166666666666667,0.8190223977736882,-2.4492935982947064e-16,1.0,-0.29936312297335776,-0.9541392564000489,0.9749279121818236,-0.22252093395631434
0.0,0.0,0.0,0.0,0.0,0.8166666666666667,0.8190672830917007,-2.4492935982947064e-16,1.0,-0.4853019625310808,-0.8743466161445822,0.43388373911755823,-0.900968867902419
0.0,0.0,0.0,0.0,0.0,0.8166666666666667,0.8191121684097132,-2.4492935982947064e-16,1.0,-0.6513724827222217,-0.7587581226927913,-0.433883739117558,-0.9009688679024191
0.0,0.0,0.0,0.0,0.0,0.8166666666666667,0.8191570537277257,-2.4492935982947064e-16,1.0,-0.7907757369376986,-0.6121059825476627,-0.9749279121818236,-0.2225209339563146
0.0,0.0,0.0,0.0,0.0,0.8166666666666667,0.8192917096817631,-2.4492935982947064e-16,1.0,-0.9987165071710528,-0.05064916883871355,0.7818314824680298,0.6234898018587336
0.0,0.0,0.0,0.0,0.0,0.8166666666666667,0.8193365949997756,-2.4492935982947064e-16,1.0,-0.9884683243281114,0.15142777750457667,0.9749279121818236,-0.22252093395631434
0.0,0.0,0.0,0.0,0.0,0.8166666666666667,0.8194263656358006,-2.4492935982947064e-16,1.0,-0.8486442574947509,0.5289640103269624,-0.433883739117558,-0.9009688679024191
0.0,0.0,0.0,0.0,0.0,0.8166666666666667,0.819471250953813,-2.4492935982947064e-16,1.0,-0.7247927872291207,0.6889669190756859,-0.9749279121818236,-0.2225209339563146
0.0,0.0,0.0,0.0,0.0,0.8166666666666667,0.8196059069078505,-2.4492935982947064e-16,1.0,-0.20129852008866114,0.9795299412524943,0.7818314824680298,0.6234898018587336
0.0,0.0,0.0,0.0,0.0,0.8166666666666667,0.819650792225863,-2.4492935982947064e-16,1.0,-2.4492935982947064e-16,1.0,0.9749279121818236,-0.22252093395631434
0.0,0.0,0.0,0.0,0.0,0.8333333333333334,0.8197405628618879,0.49999999999999994,0.8660254037844387,0.39435585511331855,0.9189578116202306,-0.433883739117558,-0.9009688679024191
0.0,0.0,0.0,0.0,0.0,0.8333333333333334,0.8197854481799004,0.49999999999999994,0.8660254037844387,0.5712682150947923,0.8207634412072763,-0.9749279121818236,-0.2225209339563146
0.0,0.0,0.0,0.0,0.0,0.8333333333333334,0.8199201041339378,0.49999999999999994,0.8660254037844387,0.9377521321470804,0.3473052528448203,0.7818314824680298,0.6234898018587336
0.0,0.0,0.0,0.0,0.0,0.8333333333333334,0.8199649894519503,0.49999999999999994,0.8660254037844387,0.9884683243281114,0.1514277775045767,0.9749279121818236,-0.22252093395631434
0.0,0.0,0.0,0.0,0.0,0.8333333333333334,0.8200098747699628,0.49999999999999994,0.8660254037844387,0.9987165071710528,-0.05064916883871264,0.43388373911755823,-0.900968867902419
0.0,0.0,0.0,0.0,0.0,0.8333333333333334,0.8200547600879753,0.49999999999999994,0.8660254037844387,0.9680771188662043,-0.2506525322587204,-0.433883739117558,-0.9009688679024191
0.0,0.0,0.0,0.0,0.0,0.8333333333333334,0.8200996454059878,0.49999999999999994,0.8660254037844387,0.8978045395707416,-0.4403941515576344,-0.9749279121818236,-0.2225209339563146
0.0,0.0,0.0,0.0,0.0,0.8333333333333334,0.8202343013600252,0.49999999999999994,0.8660254037844387,0.48530196253108104,-0.8743466161445821,0.7818314824680298,0.6234898018587336
0.0,0.0,0.0,0.0,0.0,0.8333333333333334,0.8202791866780377,0.49999999999999994,0.8660254037844387,0.29936312297335804,-0.9541392564000488,0.9749279121818236,-0.22252093395631434
0.0,0.0,0.0,0.0,0.0,0.8333333333333334,0.8203240719960502,0.49999999999999994,0.8660254037844387,0.10116832198743272,-0.994869323391895,0.43388373911755823,-0.900968867902419
0.0,0.0,0.0,0.0,0.0,0.8333333333333334,0.8203689573140627,0.49999999999999994,0.8660254037844387,-0.10116832198743204,-0.9948693233918952,-0.433883739117558,-0.9009688679024191
0.0,0.0,0.0,0.0,0.0,0.8333333333333334,0.8204138426320751,0.49999999999999994,0.8660254037844387,-0.29936312297335776,-0.9541392564000489,-0.9749279121818236,-0.2225209339563146
0.0,0.0,0.0,0.0,0.0,0.8333333333333334,0.8205933839041251,0.49999999999999994,0.8660254037844387,-0.8978045395707417,-0.44039415155763423,0.9749279121818236,-0.22252093395631434
0.0,0.0,0.0,0.0,0.0,0.8333333333333334,0.8206382692221375,0.49999999999999994,0.8660254037844387,-0.9680771188662041,-0.2506525322587213,0.43388373911755823,-0.900968867902419
0.0,0.0,0.0,0.0,0.0,0.8333333333333334,0.82068315454015,0.49999999999999994,0.8660254037844387,-0.9987165071710528,-0.05064916883871355,-0.433883739117558,-0.9009688679024191
0.0,0.0,0.0,0.0,0.0,0.8333333333333334,0.8207280398581625,0.49999999999999994,0.8660254037844387,-0.9884683243281114,0.15142777750457667,-0.9749279121818236,-0.2225209339563146
0.0,0.0,0.0,0.0,0.0,0.8333333333333334,0.8208626958121998,0.49999999999999994,0.8660254037844387,-0.7247927872291207,0.6889669190756859,0.7818314824680298,0.6234898018587336
0.0,0.0,0.0,0.0,0.0,0.8333333333333334,0.8209075811302123,0.49999999999999994,0.8660254037844387,-0.5712682150947924,0.8207634412072763,0.9749279121818236,-0.22252093395631434
0.0,0.0,0.0,0.0,0.0,0.8333333333333334,0.8209524664482248,0.49999999999999994,0.8660254037844387,-0.3943558551133187,0.9189578116202306,0.43388373911755823,-0.900968867902419
0.0,0.0,0.0,0.0,0.0,0.8333333333333334,0.8209973517662373,0.49999999999999994,0.8660254037844387,-0.20129852008866114,0.9795299412524943,-0.433883739117558,-0.9009688679024191
0.0,0.0,0.0,0.0,0.0,0.8333333333333334,0.8210422370842498,0.49999999999999994,0.8660254037844387,-2.4492935982947064e-16,1.0,-0.9749279121818236,-0.2225209339563146
0.0,0.0,0.0,0.0,0.0,0.8333333333333334,0.8211768930382872,0.8660254037844386,0.5000000000000001,0.5712682150947923,0.8207634412072763,0.7818314824680298,0.6234898018587336
0.0,0.0,0.0,0.0,0.0,0.8333333333333334,0.8212217783562997,0.8660254037844386,0.5000000000000001,0.72479278722912,0.6889669190756866,0.9749279121818236,-0.22252093395631434
0.0,0.0,0.0,0.0,0.0,0.8333333333333334,0.8212666636743122,0.8660254037844386,0.5000000000000001,0.8486442574947509,0.5289640103269624,0.43388373911755823,-0.900968867902419
0.0,0.0,0.0,0.0,0.0,0.8333333333333334,0.8213115489923246,0.8660254037844386,0.5000000000000001,0.9377521321470804,0.3473052528448203,-0.433883739117558,-0.9009688679024191
0.0,0.0,0.0,0.0,0.0,0.8333333333333334,0.8213564343103371,0.8660254037844386,0.5000000000000001,0.9884683243281114,0.1514277775045767,-0.9749279121818236,-0.2225209339563146
0.0,0.0,0.0,0.0,0.0,0.8333333333333334,0.8214910902643746,0.8660254037844386,0.5000000000000001,0.8978045395707416,-0.4403941515576344,0.7818314824680298,0.6234898018587336
0.0,0.0,0.0,0.0,0.0,0.8333333333333334,0.821535975582387,0.8660254037844386,0.5000000000000001,0.7907757369376989,-0.6121059825476626,0.9749279121818236,-0.22252093395631434
0.0,0.0,0.0,0.0,0.0,0.8333333333333334,0.8215808609003995,0.8660254037844386,0.5000000000000001,0.6513724827222223,-0.758758122692791,0.43388373911755823,-0.900968867902419
0.0,0.0,0.0,0.0,0.0,0.8333333333333334,0.821625746218412,0.8660254037844386,0.5000000000000001,0.48530196253108104,-0.8743466161445821,-0.433883739117558,-0.9009688679024191
0.0,0.0,0.0,0.0,0.0,0.8333333333333334,0.8216706315364245,0.8660254037844386,0.5000000000000001,0.29936312297335804,-0.9541392564000488,-0.9749279121818236,-0.2225209339563146
0.0,0.0,0.0,0.0,0.0,0.8333333333333334,0.8218501728084744,0.8660254037844386,0.5000000000000001,-0.4853019625310808,-0.8743466161445822,0.9749279121818236,-0.22252093395631434
0.0,0.0,0.0,0.0,0.0,0.8333333333333334,0.8218950581264869,0.8660254037844386,0.5000000000000001,-0.6513724827222217,-0.7587581226927913,0.43388373911755823,-0.900968867902419
0.0,0.0,0.0,0.0,0.0,0.8333333333333334,0.8219399434444994,0.8660254037844386,0.5000000000000001,-0.7907757369376986,-0.6121059825476627,-0.433883739117558,-0.9009688679024191
0.0,0.0,0.0,0.0,0.0,0.8333333333333334,0.8219848287625119,0.8660254037844386,0.5000000000000001,-0.8978045395707417,-0.44039415155763423,-0.9749279121818236,-0.2225209339563146
0.0,0.0,0.0,0.0,0.0,0.8333333333333334,0.8221194847165493,0.8660254037844386,0.5000000000000001,-0.9884683243281114,0.15142777750457667,0.7818314824680298,0.6234898018587336
0.0,0.0,0.0,0.0,0.0,0.8333333333333334,0.8221643700345618,0.8660254037844386,0.5000000000000001,-0.9377521321470804,0.3473052528448203,0.9749279121818236,-0.22252093395631434
0.0,0.0,0.0,0.0,0.0,0.8333333333333334,0.8222092553525743,0.8660254037844386,0.5000000000000001,-0.8486442574947509,0.5289640103269624,0.43388373911755823,-0.900968867902419
0.0,0.0,0.0,0.0,0.0,0.8333333333333334,0.8222541406705867,0.8660254037844386,0.5000000000000001,-0.7247927872291207,0.6889669190756859,-0.433883739117558,-0.9009688679024191
0.0,0.0,0.0,0.0,0.0,0.8333333333333334,0.8222990259885992,0.8660254037844386,0.5000000000000001,-0.5712682150947924,0.8207634412072763,-0.9749279121818236,-0.2225209339563146
0.0,0.0,0.0,0.0,0.0,0.8333333333333334,0.8224336819426367,1.0,6.123233995736766e-17,0.39435585511331855,0.9189578116202306,0.7818314824680298,0.6234898018587336
0.0,0.0,0.0,0.0,0.0,0.8333333333333334,0.822478567260649,1.0,6.123233995736766e-17,0.5712682150947923,0.8207634412072763,0.9749279121818236,-0.22252093395631434
0.0,0.0,0.0,0.0,0.0,0.8333333333333334,0.8225234525786616,1.0,6.123233995736766e-17,0.72479278722912,0.6889669190756866,0.43388373911755823,-0.900968867902419
0.0,0.0,0.0,0.0,0.0,0.8333333333333334,0.822568337896674,1.0,6.123233995736766e-17,0.8486442574947509,0.5289640103269624,-0.433883739117558,-0.9009688679024191
0.0,0.0,0.0,0.0,0.0,0.8333333333333334,0.8226132232146866,1.0,6.123233995736766e-17,0.9377521321470804,0.3473052528448203,-0.9749279121818236,-0.2225209339563146
-0.07892344542919769,-0.07892344542919769,-0.07892344542919769,-0.07892344542919769,4.605170185988092,0.8333333333333334,0.8227478791687239,1.0,6.123233995736766e-17,0.9680771188662043,-0.2506525322587204,0.7818314824680298,0.6234898018587336
0.0,0.0,0.0,0.0,-4.605170185988091,0.8333333333333334,0.8227927644867364,1.0,6.123233995736766e-17,0.8978045395707416,-0.4403941515576344,0.9749279121818236,-0.22252093395631434
0.0,0.0,0.0,0.0,0.0,0.8333333333333334,0.8228376498047489,1.0,6.123233995736766e-17,0.7907757369376989,-0.6121059825476626,0.43388373911755823,-0.900968867902419
0.0,0.0,0.0,0.0,0.0,0.8333333333333334,0.8228825351227614,1.0,6.123233995736766e-17,0.6513724827222223,-0.758758122692791,-0.433883739117558,-0.9009688679024191
0.0,0.0,0.0,0.0,0.0,0.8333333333333334,0.8229274204407738,1.0,6.123233995736766e-17,0.48530196253108104,-0.8743466161445821,-0.9749279121818236,-0.2225209339563146
0.0,0.0,0.0,0.0,0.0,0.8333333333333334,0.8230620763948113,1.0,6.123233995736766e-17,-0.10116832198743204,-0.9948693233918952,0.7818314824680298,0.6234898018587336
0.0,0.0,0.0,0.0,0.0,0.8333333333333334,0.8231069617128238,1.0,6.123233995736766e-17,-0.29936312297335776,-0.9541392564000489,0.9749279121818236,-0.22252093395631434
0.0,0.0,0.0,0.0,0.0,0.8333333333333334,0.8231518470308362,1.0,6.123233995736766e-17,-0.4853019625310808,-0.8743466161445822,0.43388373911755823,-0.900968867902419
0.0,0.0,0.0,0.0,0.0,0.8333333333333334,0.8231967323488487,1.0,6.123233995736766e-17,-0.6513724827222217,-0.7587581226927913,-0.433883739117558,-0.9009688679024191
0.0,0.0,0.0,0.0,0.0,0.8333333333333334,0.8232416176668612,1.0,6.123233995736766e-17,-0.7907757369376986,-0.6121059825476627,-0.9749279121818236,-0.2225209339563146
0.0,0.0,0.0,0.0,0.0,0.8333333333333334,0.8233762736208987,1.0,6.123233995736766e-17,-0.9987165071710528,-0.05064916883871355,0.7818314824680298,0.6234898018587336
0.0,0.0,0.0,0.0,0.0,0.8333333333333334,0.8234211589389111,1.0,6.123233995736766e-17,-0.9884683243281114,0.15142777750457667,0.9749279121818236,-0.22252093395631434
0.0,0.0,0.0,0.0,0.0,0.8333333333333334,0.8234660442569236,1.0,6.123233995736766e-17,-0.9377521321470804,0.3473052528448203,0.43388373911755823,-0.900968867902419
0.0,0.0,0.0,0.0,0.0,0.8333333333333334,0.8235109295749361,1.0,6.123233995736766e-17,-0.8486442574947509,0.5289640103269624,-0.433883739117558,-0.9009688679024191
0.0,0.0,0.0,0.0,0.0,0.8333333333333334,0.8235558148929486,1.0,6.123233995736766e-17,-0.7247927872291207,0.6889669190756859,-0.9749279121818236,-0.2225209339563146
0.0,0.0,0.0,0.0,0.0,0.8333333333333334,0.823690470846986,1.0,6.123233995736766e-17,-0.20129852008866114,0.9795299412524943,0.7818314824680298,0.6234898018587336
0.0,0.0,0.0,0.0,0.0,0.8333333333333334,0.8237353561649985,1.0,6.123233995736766e-17,-2.4492935982947064e-16,1.0,0.9749279121818236,-0.22252093395631434
0.0,0.0,0.0,0.0,0.0,0.8333333333333334,0.823780241483011,0.8660254037844387,-0.4999999999999998,0.20129852008866006,0.9795299412524945,0.43388373911755823,-0.900968867902419
0.0,0.0,0.0,0.0,0.0,0.8333333333333334,0.8238251268010235,0.8660254037844387,-0.4999999999999998,0.39435585511331855,0.9189578116202306,-0.433883739117558,-0.9009688679024191
0.0,0.0,0.0,0.0,0.0,0.8333333333333334,0.8238700121190359,0.8660254037844387,-0.4999999999999998,0.5712682150947923,0.8207634412072763,-0.9749279121818236,-0.2225209339563146
0.0,0.0,0.0,0.0,0.0,0.8333333333333334,0.8240046680730734,0.8660254037844387,-0.4999999999999998,0.9377521321470804,0.3473052528448203,0.7818314824680298,0.6234898018587336
0.0,0.0,0.0,0.0,0.0,0.8333333333333334,0.8240495533910859,0.8660254037844387,-0.4999999999999998,0.9884683243281114,0.1514277775045767,0.9749279121818236,-0.22252093395631434
0.0,0.0,0.0,0.0,0.0,0.8333333333333334,0.8240944387090983,0.8660254037844387,-0.4999999999999998,0.9987165071710528,-0.05064916883871264,0.43388373911755823,-0.900968867902419
0.0,0.0,0.0,0.0,0.0,0.8333333333333334,0.8241393240271108,0.8660254037844387,-0.4999999999999998,0.9680771188662043,-0.2506525322587204,-0.433883739117558,-0.9009688679024191
0.0,0.0,0.0,0.0,0.0,0.8333333333333334,0.8243188652991607,0.8660254037844387,-0.4999999999999998,0.48530196253108104,-0.8743466161445821,0.7818314824680298,0.6234898018587336
0.0,0.0,0.0,0.0,0.0,0.8333333333333334,0.8243637506171732,0.8660254037844387,-0.4999999999999998,0.29936312297335804,-0.9541392564000488,0.9749279121818236,-0.22252093395631434
0.0,0.0,0.0,0.0,0.0,0.8333333333333334,0.8244086359351857,0.8660254037844387,-0.4999999999999998,0.10116832198743272,-0.994869323391895,0.43388373911755823,-0.900968867902419
0.0,0.0,0.0,0.0,0.0,0.8333333333333334,0.8244535212531982,0.8660254037844387,-0.4999999999999998,-0.10116832198743204,-0.9948693233918952,-0.433883739117558,-0.9009688679024191
0.0,0.0,0.0,0.0,0.0,0.8333333333333334,0.8244984065712107,0.8660254037844387,-0.4999999999999998,-0.29936312297335776,-0.9541392564000489,-0.9749279121818236,-0.2225209339563146
0.0,0.0,0.0,0.0,0.0,0.8333333333333334,0.824633062525248,0.8660254037844387,-0.4999999999999998,-0.7907757369376986,-0.6121059825476627,0.7818314824680298,0.6234898018587336
0.0,0.0,0.0,0.0,0.0,0.8333333333333334,0.8246779478432605,0.8660254037844387,-0.4999999999999998,-0.8978045395707417,-0.44039415155763423,0.9749279121818236,-0.22252093395631434
0.0,0.0,0.0,0.0,0.0,0.8333333333333334,0.824722833161273,0.8660254037844387,-0.4999999999999998,-0.9680771188662041,-0.2506525322587213,0.43388373911755823,-0.900968867902419
0.0,0.0,0.0,0.0,0.0,0.8333333333333334,0.8247677184792854,0.8660254037844387,-0.4999999999999998,-0.9987165071710528,-0.05064916883871355,-0.433883739117558,-0.9009688679024191
0.0,0.0,0.0,0.0,0.0,0.8333333333333334,0.8248126037972979,0.8660254037844387,-0.4999999999999998,-0.9884683243281114,0.15142777750457667,-0.9749279121818236,-0.2225209339563146
0.0,0.0,0.0,0.0,0.0,0.8333333333333334,0.8249472597513354,0.8660254037844387,-0.4999999999999998,-0.7247927872291207,0.6889669190756859,0.7818314824680298,0.6234898018587336
0.0,0.0,0.0,0.0,0.0,0.8333333333333334,0.8249921450693478,0.8660254037844387,-0.4999999999999998,-0.5712682150947924,0.8207634412072763,0.9749279121818236,-0.22252093395631434
0.0,0.0,0.0,0.0,0.0,0.8333333333333334,0.8250370303873603,0.8660254037844387,-0.4999999999999998,-0.3943558551133187,0.9189578116202306,0.43388373911755823,-0.900968867902419
0.0,0.0,0.0,0.0,0.0,0.8333333333333334,0.8250819157053728,0.8660254037844387,-0.4999999999999998,-0.20129852008866114,0.9795299412524943,-0.433883739117558,-0.9009688679024191
0.0,0.0,0.0,0.0,0.0,0.8333333333333334,0.8251268010233853,0.5000000000000003,-0.8660254037844385,0.20129852008866006,0.9795299412524945,-0.9749279121818236,-0.2225209339563146
0.0,0.0,0.0,0.0,0.0,0.8333333333333334,0.8252614569774227,0.5000000000000003,-0.8660254037844385,0.72479278722912,0.6889669190756866,0.7818314824680298,0.6234898018587336
0.0,0.0,0.0,0.0,0.0,0.8333333333333334,0.8253063422954352,0.5000000000000003,-0.8660254037844385,0.8486442574947509,0.5289640103269624,0.9749279121818236,-0.22252093395631434
0.0,0.0,0.0,0.0,0.0,0.8333333333333334,0.8253512276134477,0.5000000000000003,-0.8660254037844385,0.9377521321470804,0.3473052528448203,0.43388373911755823,-0.900968867902419
0.0,0.0,0.0,0.0,0.0,0.8333333333333334,0.8253961129314602,0.5000000000000003,-0.8660254037844385,0.9884683243281114,0.1514277775045767,-0.433883739117558,-0.9009688679024191
0.0,0.0,0.0,0.0,0.0,0.8333333333333334,0.8254409982494727,0.5000000000000003,-0.8660254037844385,0.9987165071710528,-0.05064916883871264,-0.9749279121818236,-0.2225209339563146
0.0,0.0,0.0,0.0,0.0,0.8333333333333334,0.8255756542035101,0.5000000000000003,-0.8660254037844385,0.7907757369376989,-0.6121059825476626,0.7818314824680298,0.6234898018587336
0.0,0.0,0.0,0.0,0.0,0.8333333333333334,0.8256205395215226,0.5000000000000003,-0.8660254037844385,0.6513724827222223,-0.758758122692791,0.9749279121818236,-0.22252093395631434
0.0,0.0,0.0,0.0,0.0,0.8333333333333334,0.8256654248395351,0.5000000000000003,-0.8660254037844385,0.48530196253108104,-0.8743466161445821,0.43388373911755823,-0.900968867902419
0.0,0.0,0.0,0.0,0.0,0.8333333333333334,0.8257103101575475,0.5000000000000003,-0.8660254037844385,0.29936312297335804,-0.9541392564000488,-0.433883739117558,-0.9009688679024191
0.0,0.0,0.0,0.0,0.0,0.8333333333333334,0.82575519547556,0.5000000000000003,-0.8660254037844385,0.10116832198743272,-0.994869323391895,-0.9749279121818236,-0.2225209339563146
0.0,0.0,0.0,0.0,0.0,0.8333333333333334,0.8258898514295975,0.5000000000000003,-0.8660254037844385,-0.4853019625310808,-0.8743466161445822,0.7818314824680298,0.6234898018587336
0.0,0.0,0.0,0.0,0.0,0.8333333333333334,0.8259347367476099,0.5000000000000003,-0.8660254037844385,-0.6513724827222217,-0.7587581226927913,0.9749279121818236,-0.22252093395631434
0.0,0.0,0.0,0.0,0.0,0.8333333333333334,0.8259796220656224,0.5000000000000003,-0.8660254037844385,-0.7907757369376986,-0.6121059825476627,0.43388373911755823,-0.900968867902419
0.0,0.0,0.0,0.0,0.0,0.8333333333333334,0.8260245073836349,0.5000000000000003,-0.8660254037844385,-0.8978045395707417,-0.44039415155763423,-0.433883739117558,-0.9009688679024191
0.0,0.0,0.0,0.0,0.0,0.8333333333333334,0.8260693927016474,0.5000000000000003,-0.8660254037844385,-0.9680771188662041,-0.2506525322587213,-0.9749279121818236,-0.2225209339563146
0.0,0.0,0.0,0.0,0.0,0.8333333333333334,0.8262489339736973,0.5000000000000003,-0.8660254037844385,-0.8486442574947509,0.5289640103269624,0.9749279121818236,-0.22252093395631434
0.0,0.0,0.0,0.0,0.0,0.8333333333333334,0.8262938192917098,0.5000000000000003,-0.8660254037844385,-0.7247927872291207,0.6889669190756859,0.43388373911755823,-0.900968867902419
0.0,0.0,0.0,0.0,0.0,0.8333333333333334,0.8263387046097223,0.5000000000000003,-0.8660254037844385,-0.5712682150947924,0.8207634412072763,-0.433883739117558,-0.9009688679024191
0.0,0.0,0.0,0.0,0.0,0.8333333333333334,0.8263835899277346,0.5000000000000003,-0.8660254037844385,-0.3943558551133187,0.9189578116202306,-0.9749279121818236,-0.2225209339563146
0.0,0.0,0.0,0.0,0.0,0.8333333333333334,0.8265182458817721,1.2246467991473532e-16,-1.0,0.20129852008866006,0.9795299412524945,0.7818314824680298,0.6234898018587336
0.0,0.0,0.0,0.0,0.0,0.8333333333333334,0.8265631311997846,1.2246467991473532e-16,-1.0,0.39435585511331855,0.9189578116202306,0.9749279121818236,-0.22252093395631434
0.0,0.0,0.0,0.0,0.0,0.8333333333333334,0.826608016517797,1.2246467991473532e-16,-1.0,0.5712682150947923,0.8207634412072763,0.43388373911755823,-0.900968867902419
0.0,0.0,0.0,0.0,0.0,0.8333333333333334,0.8266529018358095,1.2246467991473532e-16,-1.0,0.72479278722912,0.6889669190756866,-0.433883739117558,-0.9009688679024191
0.0,0.0,0.0,0.0,0.0,0.8333333333333334,0.826697787153822,1.2246467991473532e-16,-1.0,0.8486442574947509,0.5289640103269624,-0.9749279121818236,-0.2225209339563146
0.0,0.0,0.0,0.0,0.0,0.8333333333333334,0.8268324431078595,1.2246467991473532e-16,-1.0,0.9987165071710528,-0.05064916883871264,0.7818314824680298,0.6234898018587336
0.0,0.0,0.0,0.0,0.0,0.8333333333333334,0.8268773284258719,1.2246467991473532e-16,-1.0,0.9680771188662043,-0.2506525322587204,0.9749279121818236,-0.22252093395631434
0.0,0.0,0.0,0.0,0.0,0.8333333333333334,0.8269222137438844,1.2246467991473532e-16,-1.0,0.8978045395707416,-0.4403941515576344,0.43388373911755823,-0.900968867902419
-0.01856295039846401,-0.01856295039846401,-0.01856295039846401,-0.01856295039846401,8.406261630708956,0.8333333333333334,0.8269670990618969,1.2246467991473532e-16,-1.0,0.7907757369376989,-0.6121059825476626,-0.433883739117558,-0.9009688679024191
-0.010953011653078774,-0.010953011653078774,-0.010953011653078774,-0.010953011653078774,-1.5045244240523816,0.8333333333333334,0.8270119843799094,1.2246467991473532e-16,-1.0,0.6513724827222223,-0.758758122692791,-0.9749279121818236,-0.2225209339563146
0.0,0.0,0.0,0.0,-6.901737206656574,0.8333333333333334,0.8271466403339468,1.2246467991473532e-16,-1.0,0.10116832198743272,-0.994869323391895,0.7818314824680298,0.6234898018587336
0.0,0.0,0.0,0.0,0.0,0.8333333333333334,0.8271915256519593,1.2246467991473532e-16,-1.0,-0.10116832198743204,-0.9948693233918952,0.9749279121818236,-0.22252093395631434
0.0,0.0,0.0,0.0,0.0,0.8333333333333334,0.8272364109699718,1.2246467991473532e-16,-1.0,-0.29936312297335776,-0.9541392564000489,0.43388373911755823,-0.900968867902419
0.0,0.0,0.0,0.0,0.0,0.8333333333333334,0.8272812962879843,1.2246467991473532e-16,-1.0,-0.4853019625310808,-0.8743466161445822,-0.433883739117558,-0.9009688679024191
0.0,0.0,0.0,0.0,0.0,0.8333333333333334,0.8273261816059967,1.2246467991473532e-16,-1.0,-0.6513724827222217,-0.7587581226927913,-0.9749279121818236,-0.2225209339563146
0.0,0.0,0.0,0.0,0.0,0.8333333333333334,0.8274608375600342,1.2246467991473532e-16,-1.0,-0.9680771188662041,-0.2506525322587213,0.7818314824680298,0.6234898018587336
0.0,0.0,0.0,0.0,0.0,0.8333333333333334,0.8275057228780467,1.2246467991473532e-16,-1.0,-0.9987165071710528,-0.05064916883871355,0.9749279121818236,-0.22252093395631434
0.0,0.0,0.0,0.0,0.0,0.8333333333333334,0.8275506081960591,1.2246467991473532e-16,-1.0,-0.9884683243281114,0.15142777750457667,0.43388373911755823,-0.900968867902419
0.0,0.0,0.0,0.0,0.0,0.8333333333333334,0.8275954935140716,1.2246467991473532e-16,-1.0,-0.9377521321470804,0.3473052528448203,-0.433883739117558,-0.9009688679024191
0.0,0.0,0.0,0.0,0.0,0.8333333333333334,0.8276403788320841,1.2246467991473532e-16,-1.0,-0.8486442574947509,0.5289640103269624,-0.9749279121818236,-0.2225209339563146
0.0,0.0,0.0,0.0,0.0,0.8333333333333334,0.8277750347861215,1.2246467991473532e-16,-1.0,-0.3943558551133187,0.9189578116202306,0.7818314824680298,0.6234898018587336
0.0,0.0,0.0,0.0,0.0,0.8333333333333334,0.827819920104134,1.2246467991473532e-16,-1.0,-0.20129852008866114,0.9795299412524943,0.9749279121818236,-0.22252093395631434
0.0,0.0,0.0,0.0,0.0,0.8333333333333334,0.8278648054221465,-0.4999999999999997,-0.8660254037844388,0.20129852008866006,0.9795299412524945,0.43388373911755823,-0.900968867902419
0.0,0.0,0.0,0.0,0.0,0.8333333333333334,0.827909690740159,-0.4999999999999997,-0.8660254037844388,0.39435585511331855,0.9189578116202306,-0.433883739117558,-0.9009688679024191
0.0,0.0,0.0,0.0,0.0,0.8333333333333334,0.8280892320122089,-0.4999999999999997,-0.8660254037844388,0.9377521321470804,0.3473052528448203,0.7818314824680298,0.6234898018587336
0.0,0.0,0.0,0.0,0.0,0.8333333333333334,0.8281341173302214,-0.4999999999999997,-0.8660254037844388,0.9884683243281114,0.1514277775045767,0.9749279121818236,-0.22252093395631434
0.0,0.0,0.0,0.0,0.0,0.8333333333333334,0.8281790026482339,-0.4999999999999997,-0.8660254037844388,0.9987165071710528,-0.05064916883871264,0.43388373911755823,-0.900968867902419
0.0,0.0,0.0,0.0,0.0,0.8333333333333334,0.8282238879662462,-0.4999999999999997,-0.8660254037844388,0.9680771188662043,-0.2506525322587204,-0.433883739117558,-0.9009688679024191
0.0,0.0,0.0,0.0,0.0,0.8333333333333334,0.8282687732842587,-0.4999999999999997,-0.8660254037844388,0.8978045395707416,-0.4403941515576344,-0.9749279121818236,-0.2225209339563146
0.0,0.0,0.0,0.0,0.0,0.8333333333333334,0.8284034292382962,-0.4999999999999997,-0.8660254037844388,0.48530196253108104,-0.8743466161445821,0.7818314824680298,0.6234898018587336
0.0,0.0,0.0,0.0,0.0,0.8333333333333334,0.8284483145563087,-0.4999999999999997,-0.8660254037844388,0.29936312297335804,-0.9541392564000488,0.9749279121818236,-0.22252093395631434
0.0,0.0,0.0,0.0,0.0,0.8333333333333334,0.8284931998743211,-0.4999999999999997,-0.8660254037844388,0.10116832198743272,-0.994869323391895,0.43388373911755823,-0.900968867902419
0.0,0.0,0.0,0.0,0.0,0.8333333333333334,0.8285380851923336,-0.4999999999999997,-0.8660254037844388,-0.10116832198743204,-0.9948693233918952,-0.433883739117558,-0.9009688679024191
0.0,0.0,0.0,0.0,0.0,0.8333333333333334,0.8285829705103461,-0.4999999999999997,-0.8660254037844388,-0.29936312297335776,-0.9541392564000489,-0.9749279121818236,-0.2225209339563146
0.0,0.0,0.0,0.0,0.0,0.8333333333333334,0.8287176264643835,-0.4999999999999997,-0.8660254037844388,-0.7907757369376986,-0.6121059825476627,0.7818314824680298,0.6234898018587336
0.0,0.0,0.0,0.0,0.0,0.8333333333333334,0.828762511782396,-0.4999999999999997,-0.8660254037844388,-0.8978045395707417,-0.44039415155763423,0.9749279121818236,-0.22252093395631434
0.0,0.0,0.0,0.0,0.0,0.8333333333333334,0.8288073971004085,-0.4999999999999997,-0.8660254037844388,-0.9680771188662041,-0.2506525322587213,0.43388373911755823,-0.900968867902419
0.0,0.0,0.0,0.0,0.0,0.8333333333333334,0.828852282418421,-0.4999999999999997,-0.8660254037844388,-0.9987165071710528,-0.05064916883871355,-0.433883739117558,-0.9009688679024191
0.0,0.0,0.0,0.0,0.0,0.8333333333333334,0.8288971677364335,-0.4999999999999997,-0.8660254037844388,-0.9884683243281114,0.15142777750457667,-0.9749279121818236,-0.2225209339563146
0.0,0.0,0.0,0.0,0.0,0.8333333333333334,0.8290318236904709,-0.4999999999999997,-0.8660254037844388,-0.7247927872291207,0.6889669190756859,0.7818314824680298,0.6234898018587336
0.0,0.0,0.0,0.0,0.0,0.8333333333333334,0.8290767090084834,-0.4999999999999997,-0.8660254037844388,-0.5712682150947924,0.8207634412072763,0.9749279121818236,-0.22252093395631434
0.0,0.0,0.0,0.0,0.0,0.8333333333333334,0.8291215943264959,-0.4999999999999997,-0.8660254037844388,-0.3943558551133187,0.9189578116202306,0.43388373911755823,-0.900968867902419
0.0,0.0,0.0,0.0,0.0,0.8333333333333334,0.8291664796445083,-0.4999999999999997,-0.8660254037844388,-0.20129852008866114,0.9795299412524943,-0.433883739117558,-0.9009688679024191
0.0,0.0,0.0,0.0,0.0,0.8333333333333334,0.8292113649625208,-0.4999999999999997,-0.8660254037844388,-2.4492935982947064e-16,1.0,-0.9749279121818236,-0.2225209339563146
0.0,0.0,0.0,0.0,0.0,0.8333333333333334,0.8293460209165583,-0.8660254037844385,-0.5000000000000004,0.5712682150947923,0.8207634412072763,0.7818314824680298,0.6234898018587336
0.0,0.0,0.0,0.0,0.0,0.8333333333333334,0.8293909062345707,-0.8660254037844385,-0.5000000000000004,0.72479278722912,0.6889669190756866,0.9749279121818236,-0.22252093395631434
0.0,0.0,0.0,0.0,0.0,0.8333333333333334,0.8294357915525832,-0.8660254037844385,-0.5000000000000004,0.8486442574947509,0.5289640103269624,0.43388373911755823,-0.900968867902419
0.0,0.0,0.0,0.0,0.0,0.8333333333333334,0.8294806768705957,-0.8660254037844385,-0.5000000000000004,0.9377521321470804,0.3473052528448203,-0.433883739117558,-0.9009688679024191
0.0,0.0,0.0,0.0,0.0,0.8333333333333334,0.8295255621886082,-0.8660254037844385,-0.5000000000000004,0.9884683243281114,0.1514277775045767,-0.9749279121818236,-0.2225209339563146
0.0,0.0,0.0,0.0,0.0,0.8333333333333334,0.8296602181426456,-0.8660254037844385,-0.5000000000000004,0.8978045395707416,-0.4403941515576344,0.7818314824680298,0.6234898018587336
0.0,0.0,0.0,0.0,0.0,0.8333333333333334,0.8297051034606581,-0.8660254037844385,-0.5000000000000004,0.7907757369376989,-0.6121059825476626,0.9749279121818236,-0.22252093395631434
0.0,0.0,0.0,0.0,0.0,0.8333333333333334,0.8297499887786706,-0.8660254037844385,-0.5000000000000004,0.6513724827222223,-0.758758122692791,0.43388373911755823,-0.900968867902419
0.0,0.0,0.0,0.0,0.0,0.8333333333333334,0.8297948740966831,-0.8660254037844385,-0.5000000000000004,0.48530196253108104,-0.8743466161445821,-0.433883739117558,-0.9009688679024191
0.0,0.0,0.0,0.0,0.0,0.8333333333333334,0.8298397594146955,-0.8660254037844385,-0.5000000000000004,0.29936312297335804,-0.9541392564000488,-0.9749279121818236,-0.2225209339563146
0.0,0.0,0.0,0.0,0.0,0.8333333333333334,0.829974415368733,-0.8660254037844385,-0.5000000000000004,-0.29936312297335776,-0.9541392564000489,0.7818314824680298,0.6234898018587336
0.0,0.0,0.0,0.0,0.0,0.8333333333333334,0.8300193006867455,-0.8660254037844385,-0.5000000000000004,-0.4853019625310808,-0.8743466161445822,0.9749279121818236,-0.22252093395631434
0.0,0.0,0.0,0.0,0.0,0.8333333333333334,0.830064186004758,-0.8660254037844385,-0.5000000000000004,-0.6513724827222217,-0.7587581226927913,0.43388373911755823,-0.900968867902419
0.0,0.0,0.0,0.0,0.0,0.8333333333333334,0.8301090713227703,-0.8660254037844385,-0.5000000000000004,-0.7907757369376986,-0.6121059825476627,-0.433883739117558,-0.9009688679024191
0.0,0.0,0.0,0.0,0.0,0.8333333333333334,0.8301539566407828,-0.8660254037844385,-0.5000000000000004,-0.8978045395707417,-0.44039415155763423,-0.9749279121818236,-0.2225209339563146
0.0,0.0,0.0,0.0,0.0,0.8333333333333334,0.8302886125948203,-0.8660254037844385,-0.5000000000000004,-0.9884683243281114,0.15142777750457667,0.7818314824680298,0.6234898018587336
0.0,0.0,0.0,0.0,0.0,0.8333333333333334,0.8303334979128327,-0.8660254037844385,-0.5000000000000004,-0.9377521321470804,0.3473052528448203,0.9749279121818236,-0.22252093395631434
0.22243840722494776,0.22243840722494776,0.22243840722494776,0.22243840722494776,7.787382026484701,0.8333333333333334,0.8303783832308452,-0.8660254037844385,-0.5000000000000004,-0.8486442574947509,0.5289640103269624,0.43388373911755823,-0.900968867902419
0.0,0.0,0.0,0.0,-7.787382026484701,0.8333333333333334,0.8304232685488577,-0.8660254037844385,-0.5000000000000004,-0.7247927872291207,0.6889669190756859,-0.433883739117558,-0.9009688679024191
0.0,0.0,0.0,0.0,0.0,0.8333333333333334,0.8304681538668702,-0.8660254037844385,-0.5000000000000004,-0.5712682150947924,0.8207634412072763,-0.9749279121818236,-0.2225209339563146
0.058059270270244476,0.058059270270244476,0.058059270270244476,0.058059270270244476,4.605170185988092,0.8333333333333334,0.8306028098209076,-0.8660254037844385,-0.5000000000000004,-2.4492935982947064e-16,1.0,0.7818314824680298,0.6234898018587336
0.0,0.0,0.0,0.0,-4.605170185988091,0.8333333333333334,0.8306476951389201,-1.0,-1.8369701987210297e-16,0.20129852008866006,0.9795299412524945,0.9749279121818236,-0.22252093395631434
0.0,0.0,0.0,0.0,0.0,0.8333333333333334,0.8306925804569326,-1.0,-1.8369701987210297e-16,0.39435585511331855,0.9189578116202306,0.43388373911755823,-0.900968867902419
0.0,0.0,0.0,0.0,0.0,0.8333333333333334,0.8307374657749451,-1.0,-1.8369701987210297e-16,0.5712682150947923,0.8207634412072763,-0.433883739117558,-0.9009688679024191
0.0,0.0,0.0,0.0,0.0,0.8333333333333334,0.8307823510929575,-1.0,-1.8369701987210297e-16,0.72479278722912,0.6889669190756866,-0.9749279121818236,-0.2225209339563146
0.0,0.0,0.0,0.0,0.0,0.8333333333333334,0.8309618923650075,-1.0,-1.8369701987210297e-16,0.9987165071710528,-0.05064916883871264,0.9749279121818236,-0.22252093395631434
0.0,0.0,0.0,0.0,0.0,0.8333333333333334,0.8310067776830199,-1.0,-1.8369701987210297e-16,0.9680771188662043,-0.2506525322587204,0.43388373911755823,-0.900968867902419
0.0,0.0,0.0,0.0,0.0,0.8333333333333334,0.8310516630010324,-1.0,-1.8369701987210297e-16,0.8978045395707416,-0.4403941515576344,-0.433883739117558,-0.9009688679024191
0.0,0.0,0.0,0.0,0.0,0.8333333333333334,0.8310965483190449,-1.0,-1.8369701987210297e-16,0.7907757369376989,-0.6121059825476626,-0.9749279121818236,-0.2225209339563146
0.0,0.0,0.0,0.0,0.0,0.8333333333333334,0.8312312042730823,-1.0,-1.8369701987210297e-16,0.29936312297335804,-0.9541392564000488,0.7818314824680298,0.6234898018587336
0.0,0.0,0.0,0.0,0.0,0.8333333333333334,0.8312760895910948,-1.0,-1.8369701987210297e-16,0.10116832198743272,-0.994869323391895,0.9749279121818236,-0.22252093395631434
0.0,0.0,0.0,0.0,0.0,0.8333333333333334,0.8313209749091073,-1.0,-1.8369701987210297e-16,-0.10116832198743204,-0.9948693233918952,0.43388373911755823,-0.900968867902419
0.0,0.0,0.0,0.0,0.0,0.8333333333333334,0.8313658602271198,-1.0,-1.8369701987210297e-16,-0.29936312297335776,-0.9541392564000489,-0.433883739117558,-0.9009688679024191
0.0,0.0,0.0,0.0,0.0,0.8333333333333334,0.8314107455451323,-1.0,-1.8369701987210297e-16,-0.4853019625310808,-0.8743466161445822,-0.9749279121818236,-0.2225209339563146
-0.11036467652370613,-0.11036467652370613,-0.11036467652370613,-0.11036467652370613,5.049856007249537,0.8333333333333334,0.8315454014991697,-1.0,-1.8369701987210297e-16,-0.8978045395707417,-0.44039415155763423,0.7818314824680298,0.6234898018587336
0.0,0.0,0.0,0.0,-5.049856007249537,0.8333333333333334,0.8315902868171822,-1.0,-1.8369701987210297e-16,-0.9680771188662041,-0.2506525322587213,0.9749279121818236,-0.22252093395631434
0.0,0.0,0.0,0.0,0.0,0.8333333333333334,0.8316351721351947,-1.0,-1.8369701987210297e-16,-0.9987165071710528,-0.05064916883871355,0.43388373911755823,-0.900968867902419
0.0,0.0,0.0,0.0,0.0,0.8333333333333334,0.8316800574532071,-1.0,-1.8369701987210297e-16,-0.9884683243281114,0.15142777750457667,-0.433883739117558,-0.9009688679024191
0.0,0.0,0.0,0.0,0.0,0.8333333333333334,0.8317249427712196,-1.0,-1.8369701987210297e-16,-0.9377521321470804,0.3473052528448203,-0.9749279121818236,-0.2225209339563146
0.0,0.0,0.0,0.0,0.0,0.8333333333333334,0.831859598725257,-1.0,-1.8369701987210297e-16,-0.5712682150947924,0.8207634412072763,0.7818314824680298,0.6234898018587336
0.0,0.0,0.0,0.0,0.0,0.8333333333333334,0.8319044840432696,-1.0,-1.8369701987210297e-16,-0.3943558551133187,0.9189578116202306,0.9749279121818236,-0.22252093395631434
0.0,0.0,0.0,0.0,0.0,0.8333333333333334,0.8319493693612819,-1.0,-1.8369701987210297e-16,-0.20129852008866114,0.9795299412524943,0.43388373911755823,-0.900968867902419
0.0,0.0,0.0,0.0,0.0,0.8333333333333334,0.8319942546792944,-0.866025403784439,0.49999999999999933,0.20129852008866006,0.9795299412524945,-0.433883739117558,-0.9009688679024191
0.0751426469545591,0.0751426469545591,0.0751426469545591,0.0751426469545591,4.605170185988092,0.8333333333333334,0.8320391399973069,-0.866025403784439,0.49999999999999933,0.39435585511331855,0.9189578116202306,-0.9749279121818236,-0.2225209339563146
0.0,0.0,0.0,0.0,-4.605170185988091,0.8333333333333334,0.8321737959513443,-0.866025403784439,0.49999999999999933,0.8486442574947509,0.5289640103269624,0.7818314824680298,0.6234898018587336
0.0,0.0,0.0,0.0,0.0,0.8333333333333334,0.8322186812693568,-0.866025403784439,0.49999999999999933,0.9377521321470804,0.3473052528448203,0.9749279121818236,-0.22252093395631434
0.0,0.0,0.0,0.0,0.0,0.8333333333333334,0.8322635665873693,-0.866025403784439,0.49999999999999933,0.9884683243281114,0.1514277775045767,0.43388373911755823,-0.900968867902419
0.0,0.0,0.0,0.0,0.0,0.8333333333333334,0.8323084519053818,-0.866025403784439,0.49999999999999933,0.9987165071710528,-0.05064916883871264,-0.433883739117558,-0.9009688679024191
-0.007265245372122414,-0.007265245372122414,-0.007265245372122414,-0.007265245372122414,8.772610303280743,0.8333333333333334,0.8323533372233943,-0.866025403784439,0.49999999999999933,0.9680771188662043,-0.2506525322587204,-0.9749279121818236,-0.2225209339563146
0.0,0.0,0.0,0.0,-8.772610303280743,0.8333333333333334,0.8324879931774317,-0.866025403784439,0.49999999999999933,0.6513724827222223,-0.758758122692791,0.7818314824680298,0.6234898018587336
0.0,0.0,0.0,0.0,0.0,0.8333333333333334,0.8325328784954442,-0.866025403784439,0.49999999999999933,0.48530196253108104,-0.8743466161445821,0.9749279121818236,-0.22252093395631434
0.0,0.0,0.0,0.0,0.0,0.8333333333333334,0.8325777638134567,-0.866025403784439,0.49999999999999933,0.29936312297335804,-0.9541392564000488,0.43388373911755823,-0.900968867902419
0.0,0.0,0.0,0.0,0.0,0.8333333333333334,0.8326226491314691,-0.866025403784439,0.49999999999999933,0.10116832198743272,-0.994869323391895,-0.433883739117558,-0.9009688679024191
0.0,0.0,0.0,0.0,0.0,0.8333333333333334,0.8326675344494816,-0.866025403784439,0.49999999999999933,-0.10116832198743204,-0.9948693233918952,-0.9749279121818236,-0.2225209339563146
0.0,0.0,0.0,0.0,0.0,0.8333333333333334,0.8328021904035191,-0.866025403784439,0.49999999999999933,-0.6513724827222217,-0.7587581226927913,0.7818314824680298,0.6234898018587336
0.0,0.0,0.0,0.0,0.0,0.8333333333333334,0.8328470757215315,-0.866025403784439,0.49999999999999933,-0.7907757369376986,-0.6121059825476627,0.9749279121818236,-0.22252093395631434
0.0,0.0,0.0,0.0,0.0,0.8333333333333334,0.832891961039544,-0.866025403784439,0.49999999999999933,-0.8978045395707417,-0.44039415155763423,0.43388373911755823,-0.900968867902419
0.0,0.0,0.0,0.0,0.0,0.8333333333333334,0.8329368463575565,-0.866025403784439,0.49999999999999933,-0.9680771188662041,-0.2506525322587213,-0.433883739117558,-0.9009688679024191
0.0,0.0,0.0,0.0,0.0,0.8333333333333334,0.832981731675569,-0.866025403784439,0.49999999999999933,-0.9987165071710528,-0.05064916883871355,-0.9749279121818236,-0.2225209339563146
0.0,0.0,0.0,0.0,0.0,0.8333333333333334,0.8331163876296064,-0.866025403784439,0.49999999999999933,-0.8486442574947509,0.5289640103269624,0.7818314824680298,0.6234898018587336
0.0,0.0,0.0,0.0,0.0,0.8333333333333334,0.8331612729476189,-0.866025403784439,0.49999999999999933,-0.7247927872291207,0.6889669190756859,0.9749279121818236,-0.22252093395631434
0.0,0.0,0.0,0.0,0.0,0.8333333333333334,0.8332061582656314,-0.866025403784439,0.49999999999999933,-0.5712682150947924,0.8207634412072763,0.43388373911755823,-0.900968867902419
0.0,0.0,0.0,0.0,0.0,0.8333333333333334,0.8332510435836439,-0.866025403784439,0.49999999999999933,-0.3943558551133187,0.9189578116202306,-0.433883739117558,-0.9009688679024191
0.0,0.0,0.0,0.0,0.0,0.8333333333333334,0.8332959289016563,-0.866025403784439,0.49999999999999933,-0.20129852008866114,0.9795299412524943,-0.9749279121818236,-0.2225209339563146
0.0,0.0,0.0,0.0,0.0,0.8333333333333334,0.8334305848556938,-0.5000000000000012,0.8660254037844379,0.39435585511331855,0.9189578116202306,0.7818314824680298,0.6234898018587336
0.0,0.0,0.0,0.0,0.0,0.8333333333333334,0.8334754701737063,-0.5000000000000012,0.8660254037844379,0.5712682150947923,0.8207634412072763,0.9749279121818236,-0.22252093395631434
0.0,0.0,0.0,0.0,0.0,0.8333333333333334,0.8335203554917188,-0.5000000000000012,0.8660254037844379,0.72479278722912,0.6889669190756866,0.43388373911755823,-0.900968867902419
0.0,0.0,0.0,0.0,0.0,0.8333333333333334,0.8335652408097312,-0.5000000000000012,0.8660254037844379,0.8486442574947509,0.5289640103269624,-0.433883739117558,-0.9009688679024191
0.0,0.0,0.0,0.0,0.0,0.8333333333333334,0.8336101261277437,-0.5000000000000012,0.8660254037844379,0.9377521321470804,0.3473052528448203,-0.9749279121818236,-0.2225209339563146
0.0,0.0,0.0,0.0,0.0,0.8333333333333334,0.8337447820817812,-0.5000000000000012,0.8660254037844379,0.9680771188662043,-0.2506525322587204,0.7818314824680298,0.6234898018587336
0.0,0.0,0.0,0.0,0.0,0.8333333333333334,0.8337896673997935,-0.5000000000000012,0.8660254037844379,0.8978045395707416,-0.4403941515576344,0.9749279121818236,-0.22252093395631434
0.0,0.0,0.0,0.0,0.0,0.8333333333333334,0.833834552717806,-0.5000000000000012,0.8660254037844379,0.7907757369376989,-0.6121059825476626,0.43388373911755823,-0.900968867902419
0.0,0.0,0.0,0.0,0.0,0.8333333333333334,0.8338794380358185,-0.5000000000000012,0.8660254037844379,0.6513724827222223,-0.758758122692791,-0.433883739117558,-0.9009688679024191
0.0,0.0,0.0,0.0,0.0,0.8333333333333334,0.833924323353831,-0.5000000000000012,0.8660254037844379,0.48530196253108104,-0.8743466161445821,-0.9749279121818236,-0.2225209339563146
0.0,0.0,0.0,0.0,0.0,0.8333333333333334,0.8340589793078684,-0.5000000000000012,0.8660254037844379,-0.10116832198743204,-0.9948693233918952,0.7818314824680298,0.6234898018587336
0.0,0.0,0.0,0.0,0.0,0.8333333333333334,0.8341038646258809,-0.5000000000000012,0.8660254037844379,-0.29936312297335776,-0.9541392564000489,0.9749279121818236,-0.22252093395631434
0.022318575352911908,0.022318575352911908,0.022318575352911908,0.022318575352911908,6.373319789577012,0.8333333333333334,0.8341487499438934,-0.5000000000000012,0.8660254037844379,-0.4853019625310808,-0.8743466161445822,0.43388373911755823,-0.900968867902419
-0.027540506157934862,-0.027540506157934862,-0.027540506157934862,-0.027540506157934862,0.5581520160224405,0.8333333333333334,0.8341936352619059,-0.5000000000000012,0.8660254037844379,-0.6513724827222217,-0.7587581226927913,-0.433883739117558,-0.9009688679024191
0.0,0.0,0.0,0.0,-6.931471805599453,0.8333333333333334,0.8342385205799183,-0.5000000000000012,0.8660254037844379,-0.7907757369376986,-0.6121059825476627,-0.9749279121818236,-0.2225209339563146
0.0,0.0,0.0,0.0,0.0,0.8333333333333334,0.8343731765339558,-0.5000000000000012,0.8660254037844379,-0.9987165071710528,-0.05064916883871355,0.7818314824680298,0.6234898018587336
0.0,0.0,0.0,0.0,0.0,0.8333333333333334,0.8344180618519683,-0.5000000000000012,0.8660254037844379,-0.9884683243281114,0.15142777750457667,0.9749279121818236,-0.22252093395631434
0.0,0.0,0.0,0.0,0.0,0.8333333333333334,0.8344629471699807,-0.5000000000000012,0.8660254037844379,-0.9377521321470804,0.3473052528448203,0.43388373911755823,-0.900968867902419
0.0,0.0,0.0,0.0,0.0,0.8333333333333334,0.8345527178060057,-0.5000000000000012,0.8660254037844379,-0.7247927872291207,0.6889669190756859,-0.9749279121818236,-0.2225209339563146
0.0,0.0,0.0,0.0,0.0,0.8333333333333334,0.8346873737600431,-0.5000000000000012,0.8660254037844379,-0.20129852008866114,0.9795299412524943,0.7818314824680298,0.6234898018587336
0.0,0.0,0.0,0.0,0.0,0.8333333333333334,0.8347322590780556,-2.4492935982947064e-16,1.0,0.20129852008866006,0.9795299412524945,0.9749279121818236,-0.22252093395631434
0.0,0.0,0.0,0.0,0.0,0.8333333333333334,0.8347771443960681,-2.4492935982947064e-16,1.0,0.39435585511331855,0.9189578116202306,0.43388373911755823,-0.900968867902419
0.0,0.0,0.0,0.0,0.0,0.8333333333333334,0.8348220297140806,-2.4492935982947064e-16,1.0,0.5712682150947923,0.8207634412072763,-0.433883739117558,-0.9009688679024191
0.0,0.0,0.0,0.0,0.0,0.8333333333333334,0.8348669150320931,-2.4492935982947064e-16,1.0,0.72479278722912,0.6889669190756866,-0.9749279121818236,-0.2225209339563146
0.0,0.0,0.0,0.0,0.0,0.8333333333333334,0.8350015709861305,-2.4492935982947064e-16,1.0,0.9884683243281114,0.1514277775045767,0.7818314824680298,0.6234898018587336
0.0,0.0,0.0,0.0,0.0,0.8333333333333334,0.835046456304143,-2.4492935982947064e-16,1.0,0.9987165071710528,-0.05064916883871264,0.9749279121818236,-0.22252093395631434
0.0,0.0,0.0,0.0,0.0,0.8333333333333334,0.8350913416221555,-2.4492935982947064e-16,1.0,0.9680771188662043,-0.2506525322587204,0.43388373911755823,-0.900968867902419
0.0,0.0,0.0,0.0,0.0,0.8333333333333334,0.835136226940168,-2.4492935982947064e-16,1.0,0.8978045395707416,-0.4403941515576344,-0.433883739117558,-0.9009688679024191
0.0,0.0,0.0,0.0,0.0,0.8333333333333334,0.8351811122581804,-2.4492935982947064e-16,1.0,0.7907757369376989,-0.6121059825476626,-0.9749279121818236,-0.2225209339563146
0.0,0.0,0.0,0.0,0.0,0.8333333333333334,0.8353157682122179,-2.4492935982947064e-16,1.0,0.29936312297335804,-0.9541392564000488,0.7818314824680298,0.6234898018587336
0.0,0.0,0.0,0.0,0.0,0.8333333333333334,0.8353606535302304,-2.4492935982947064e-16,1.0,0.10116832198743272,-0.994869323391895,0.9749279121818236,-0.22252093395631434
0.0,0.0,0.0,0.0,0.0,0.8333333333333334,0.8354055388482428,-2.4492935982947064e-16,1.0,-0.10116832198743204,-0.9948693233918952,0.43388373911755823,-0.900968867902419
0.10084776070946513,0.10084776070946513,0.10084776070946513,0.10084776070946513,4.90527477843843,0.8333333333333334,0.8354504241662553,-2.4492935982947064e-16,1.0,-0.29936312297335776,-0.9541392564000489,-0.433883739117558,-0.9009688679024191
0.0,0.0,0.0,0.0,-4.90527477843843,0.8333333333333334,0.8354953094842678,-2.4492935982947064e-16,1.0,-0.4853019625310808,-0.8743466161445822,-0.9749279121818236,-0.2225209339563146
0.0,0.0,0.0,0.0,0.0,0.8333333333333334,0.8356299654383051,-2.4492935982947064e-16,1.0,-0.8978045395707417,-0.44039415155763423,0.7818314824680298,0.6234898018587336
0.0,0.0,0.0,0.0,0.0,0.8333333333333334,0.8356748507563176,-2.4492935982947064e-16,1.0,-0.9680771188662041,-0.2506525322587213,0.9749279121818236,-0.22252093395631434
0.0,0.0,0.0,0.0,0.0,0.8333333333333334,0.8357197360743301,-2.4492935982947064e-16,1.0,-0.9987165071710528,-0.05064916883871355,0.43388373911755823,-0.900968867902419
0.0,0.0,0.0,0.0,0.0,0.8333333333333334,0.8357646213923426,-2.4492935982947064e-16,1.0,-0.9884683243281114,0.15142777750457667,-0.433883739117558,-0.9009688679024191
0.0,0.0,0.0,0.0,0.0,0.8333333333333334,0.8359441626643925,-2.4492935982947064e-16,1.0,-0.5712682150947924,0.8207634412072763,0.7818314824680298,0.6234898018587336
0.0,0.0,0.0,0.0,0.0,0.8333333333333334,0.835989047982405,-2.4492935982947064e-16,1.0,-0.3943558551133187,0.9189578116202306,0.9749279121818236,-0.22252093395631434
0.0,0.0,0.0,0.0,0.0,0.8333333333333334,0.8360339333004175,-2.4492935982947064e-16,1.0,-0.20129852008866114,0.9795299412524943,0.43388373911755823,-0.900968867902419
0.0,0.0,0.0,0.0,0.0,0.8333333333333334,0.8360788186184299,-2.4492935982947064e-16,1.0,-2.4492935982947064e-16,1.0,-0.433883739117558,-0.9009688679024191
0.0,0.0,0.0,0.0,0.0,0.85,0.8362583598904799,0.49999999999999994,0.8660254037844387,0.72479278722912,0.6889669190756866,0.7818314824680298,0.6234898018587336
0.0,0.0,0.0,0.0,0.0,0.85,0.8363032452084923,0.49999999999999994,0.8660254037844387,0.8486442574947509,0.5289640103269624,0.9749279121818236,-0.22252093395631434
0.0,0.0,0.0,0.0,0.0,0.85,0.8363481305265048,0.49999999999999994,0.8660254037844387,0.9377521321470804,0.3473052528448203,0.43388373911755823,-0.900968867902419
0.0,0.0,0.0,0.0,0.0,0.85,0.8363930158445173,0.49999999999999994,0.8660254037844387,0.9884683243281114,0.1514277775045767,-0.433883739117558,-0.9009688679024191
0.11970959962712831,0.11998946866818368,0.11970959962712831,0.11998946866818368,6.467698726104354,0.85,0.8364379011625298,0.49999999999999994,0.8660254037844387,0.9987165071710528,-0.05064916883871264,-0.9749279121818236,-0.2225209339563146
0.0002798690410552671,0.0,0.0002798690410552671,0.0,-6.467698726104354,0.85,0.8365725571165672,0.49999999999999994,0.8660254037844387,0.7907757369376989,-0.6121059825476626,0.7818314824680298,0.6234898018587336
0.0,0.0,0.0,0.0,0.0,0.85,0.8366174424345797,0.49999999999999994,0.8660254037844387,0.6513724827222223,-0.758758122692791,0.9749279121818236,-0.22252093395631434
0.0,0.0,0.0,0.0,0.0,0.85,0.8366623277525922,0.49999999999999994,0.8660254037844387,0.48530196253108104,-0.8743466161445821,0.43388373911755823,-0.900968867902419
0.0,0.0,0.0,0.0,0.0,0.85,0.8367072130706047,0.49999999999999994,0.8660254037844387,0.29936312297335804,-0.9541392564000488,-0.433883739117558,-0.9009688679024191
0.0,0.0,0.0,0.0,0.0,0.85,0.8367520983886172,0.49999999999999994,0.8660254037844387,0.10116832198743272,-0.994869323391895,-0.9749279121818236,-0.2225209339563146
0.0,0.0,0.0,0.0,0.0,0.85,0.8369316396606671,0.49999999999999994,0.8660254037844387,-0.6513724827222217,-0.7587581226927913,0.9749279121818236,-0.22252093395631434
0.0,0.0,0.0,0.0,0.0,0.85,0.8369765249786796,0.49999999999999994,0.8660254037844387,-0.7907757369376986,-0.6121059825476627,0.43388373911755823,-0.900968867902419
0.0,0.0,0.0,0.0,0.0,0.85,0.837021410296692,0.49999999999999994,0.8660254037844387,-0.8978045395707417,-0.44039415155763423,-0.433883739117558,-0.9009688679024191
0.0,0.0,0.0,0.0,0.0,0.85,0.8370662956147045,0.49999999999999994,0.8660254037844387,-0.9680771188662041,-0.2506525322587213,-0.9749279121818236,-0.2225209339563146
-0.04963013460741132,-0.04963013460741132,-0.04963013460741132,-0.04963013460741132,6.80903930604298,0.85,0.837200951568742,0.49999999999999994,0.8660254037844387,-0.9377521321470804,0.3473052528448203,0.7818314824680298,0.6234898018587336
0.0,0.0,0.0,0.0,-6.80903930604298,0.85,0.8372458368867544,0.49999999999999994,0.8660254037844387,-0.8486442574947509,0.5289640103269624,0.9749279121818236,-0.22252093395631434
0.0,0.0,0.0,0.0,0.0,0.85,0.8372907222047669,0.49999999999999994,0.8660254037844387,-0.7247927872291207,0.6889669190756859,0.43388373911755823,-0.900968867902419
0.0,0.0,0.0,0.0,0.0,0.85,0.8373356075227794,0.49999999999999994,0.8660254037844387,-0.5712682150947924,0.8207634412072763,-0.433883739117558,-0.9009688679024191
0.0,0.0,0.0,0.0,0.0,0.85,0.8373804928407919,0.49999999999999994,0.8660254037844387,-0.3943558551133187,0.9189578116202306,-0.9749279121818236,-0.2225209339563146
0.0,0.0,0.0,0.0,0.0,0.85,0.8375151487948292,0.8660254037844386,0.5000000000000001,0.20129852008866006,0.9795299412524945,0.7818314824680298,0.6234898018587336
0.0,0.0,0.0,0.0,0.0,0.85,0.8375600341128417,0.8660254037844386,0.5000000000000001,0.39435585511331855,0.9189578116202306,0.9749279121818236,-0.22252093395631434
0.0,0.0,0.0,0.0,0.0,0.85,0.8376049194308542,0.8660254037844386,0.5000000000000001,0.5712682150947923,0.8207634412072763,0.43388373911755823,-0.900968867902419
0.0,0.0,0.0,0.0,0.0,0.85,0.8376498047488667,0.8660254037844386,0.5000000000000001,0.72479278722912,0.6889669190756866,-0.433883739117558,-0.9009688679024191
0.0,0.0,0.0,0.0,0.0,0.85,0.8376946900668791,0.8660254037844386,0.5000000000000001,0.8486442574947509,0.5289640103269624,-0.9749279121818236,-0.2225209339563146
0.0,0.0,0.0,0.0,0.0,0.85,0.8378293460209166,0.8660254037844386,0.5000000000000001,0.9987165071710528,-0.05064916883871264,0.7818314824680298,0.6234898018587336
0.0,0.0,0.0,0.0,0.0,0.85,0.8378742313389291,0.8660254037844386,0.5000000000000001,0.9680771188662043,-0.2506525322587204,0.9749279121818236,-0.22252093395631434
0.0,0.0,0.0,0.0,0.0,0.85,0.8379191166569415,0.8660254037844386,0.5000000000000001,0.8978045395707416,-0.4403941515576344,0.43388373911755823,-0.900968867902419
0.0,0.0,0.0,0.0,0.0,0.85,0.837964001974954,0.8660254037844386,0.5000000000000001,0.7907757369376989,-0.6121059825476626,-0.433883739117558,-0.9009688679024191
0.0,0.0,0.0,0.0,0.0,0.85,0.8380088872929665,0.8660254037844386,0.5000000000000001,0.6513724827222223,-0.758758122692791,-0.9749279121818236,-0.2225209339563146
0.0,0.0,0.0,0.0,0.0,0.85,0.8381884285650164,0.8660254037844386,0.5000000000000001,-0.10116832198743204,-0.9948693233918952,0.9749279121818236,-0.22252093395631434
0.0,0.0,0.0,0.0,0.0,0.85,0.8382333138830289,0.8660254037844386,0.5000000000000001,-0.29936312297335776,-0.9541392564000489,0.43388373911755823,-0.900968867902419
0.07232064070576942,0.07232064070576942,0.07232064070576942,0.07232064070576942,7.478169694159785,0.85,0.8382781992010414,0.8660254037844386,0.5000000000000001,-0.4853019625310808,-0.8743466161445822,-0.433883739117558,-0.9009688679024191
0.0,0.0,0.0,0.0,-7.478169694159785,0.85,0.8383230845190539,0.8660254037844386,0.5000000000000001,-0.6513724827222217,-0.7587581226927913,-0.9749279121818236,-0.2225209339563146
0.038736531215020166,0.038736531215020166,0.038736531215020166,0.038736531215020166,6.988413181999592,0.85,0.8384577404730913,0.8660254037844386,0.5000000000000001,-0.9680771188662041,-0.2506525322587213,0.7818314824680298,0.6234898018587336
0.0,0.0,0.0,0.0,-6.988413181999592,0.85,0.8385026257911038,0.8660254037844386,0.5000000000000001,-0.9987165071710528,-0.05064916883871355,0.9749279121818236,-0.22252093395631434
0.0,0.0,0.0,0.0,0.0,0.85,0.8385475111091163,0.8660254037844386,0.5000000000000001,-0.9884683243281114,0.15142777750457667,0.43388373911755823,-0.900968867902419
0.0,0.0,0.0,0.0,0.0,0.85,0.8385923964271288,0.8660254037844386,0.5000000000000001,-0.9377521321470804,0.3473052528448203,-0.433883739117558,-0.9009688679024191
0.0,0.0,0.0,0.0,0.0,0.85,0.8386372817451412,0.8660254037844386,0.5000000000000001,-0.8486442574947509,0.5289640103269624,-0.9749279121818236,-0.2225209339563146
0.0,0.0,0.0,0.0,0.0,0.85,0.8387719376991787,1.0,6.123233995736766e-17,0.20129852008866006,0.9795299412524945,0.7818314824680298,0.6234898018587336
0.0,0.0,0.0,0.0,0.0,0.85,0.8388168230171912,1.0,6.123233995736766e-17,0.39435585511331855,0.9189578116202306,0.9749279121818236,-0.22252093395631434
0.0,0.0,0.0,0.0,0.0,0.85,0.8388617083352036,1.0,6.123233995736766e-17,0.5712682150947923,0.8207634412072763,0.43388373911755823,-0.900968867902419
0.0,0.0,0.0,0.0,0.0,0.85,0.8389065936532161,1.0,6.123233995736766e-17,0.72479278722912,0.6889669190756866,-0.433883739117558,-0.9009688679024191
0.0,0.0,0.0,0.0,0.0,0.85,0.8389514789712286,1.0,6.123233995736766e-17,0.8486442574947509,0.5289640103269624,-0.9749279121818236,-0.2225209339563146
0.0,0.0,0.0,0.0,0.0,0.85,0.839086134925266,1.0,6.123233995736766e-17,0.9987165071710528,-0.05064916883871264,0.7818314824680298,0.6234898018587336
0.0,0.0,0.0,0.0,0.0,0.85,0.8391310202432785,1.0,6.123233995736766e-17,0.9680771188662043,-0.2506525322587204,0.9749279121818236,-0.22252093395631434
0.0,0.0,0.0,0.0,0.0,0.85,0.839175905561291,1.0,6.123233995736766e-17,0.8978045395707416,-0.4403941515576344,0.43388373911755823,-0.900968867902419
-0.029206104138738583,-0.029206104138738583,-0.029206104138738583,-0.029206104138738583,6.655440350367647,0.85,0.8392207908793035,1.0,6.123233995736766e-17,0.7907757369376989,-0.6121059825476626,-0.433883739117558,-0.9009688679024191
0.0,0.0,0.0,0.0,-6.655440350367647,0.85,0.839265676197316,1.0,6.123233995736766e-17,0.6513724827222223,-0.758758122692791,-0.9749279121818236,-0.2225209339563146
0.0,0.0,0.0,0.0,0.0,0.85,0.8394003321513533,1.0,6.123233995736766e-17,0.10116832198743272,-0.994869323391895,0.7818314824680298,0.6234898018587336
0.0,0.0,0.0,0.0,0.0,0.85,0.8394452174693658,1.0,6.123233995736766e-17,-0.10116832198743204,-0.9948693233918952,0.9749279121818236,-0.22252093395631434
0.0,0.0,0.0,0.0,0.0,0.85,0.8394901027873783,1.0,6.123233995736766e-17,-0.29936312297335776,-0.9541392564000489,0.43388373911755823,-0.900968867902419
0.0,0.0,0.0,0.0,0.0,0.85,0.8395349881053907,1.0,6.123233995736766e-17,-0.4853019625310808,-0.8743466161445822,-0.433883739117558,-0.9009688679024191
0.0,0.0,0.0,0.0,0.0,0.85,0.8395798734234032,1.0,6.123233995736766e-17,-0.6513724827222217,-0.7587581226927913,-0.9749279121818236,-0.2225209339563146
0.0,0.0,0.0,0.0,0.0,0.85,0.8397145293774407,1.0,6.123233995736766e-17,-0.9680771188662041,-0.2506525322587213,0.7818314824680298,0.6234898018587336
0.0,0.0,0.0,0.0,0.0,0.85,0.8397594146954531,1.0,6.123233995736766e-17,-0.9987165071710528,-0.05064916883871355,0.9749279121818236,-0.22252093395631434
0.0,0.0,0.0,0.0,0.0,0.85,0.8398043000134656,1.0,6.123233995736766e-17,-0.9884683243281114,0.15142777750457667,0.43388373911755823,-0.900968867902419
0.0,0.0,0.0,0.0,0.0,0.85,0.8398491853314781,1.0,6.123233995736766e-17,-0.9377521321470804,0.3473052528448203,-0.433883739117558,-0.9009688679024191
0.0,0.0,0.0,0.0,0.0,0.85,0.8398940706494906,1.0,6.123233995736766e-17,-0.8486442574947509,0.5289640103269624,-0.9749279121818236,-0.2225209339563146
0.0,0.0,0.0,0.0,0.0,0.85,0.840028726603528,1.0,6.123233995736766e-17,-0.3943558551133187,0.9189578116202306,0.7818314824680298,0.6234898018587336
0.0,0.0,0.0,0.0,0.0,0.85,0.8400736119215405,1.0,6.123233995736766e-17,-0.20129852008866114,0.9795299412524943,0.9749279121818236,-0.22252093395631434
0.0,0.0,0.0,0.0,0.0,0.85,0.840118497239553,1.0,6.123233995736766e-17,-2.4492935982947064e-16,1.0,0.43388373911755823,-0.900968867902419
0.0,0.0,0.0,0.0,0.0,0.85,0.8401633825575655,0.8660254037844387,-0.4999999999999998,0.20129852008866006,0.9795299412524945,-0.433883739117558,-0.9009688679024191
0.0,0.0,0.0,0.0,0.0,0.85,0.8403429238296154,0.8660254037844387,-0.4999999999999998,0.8486442574947509,0.5289640103269624,0.7818314824680298,0.6234898018587336
0.0,0.0,0.0,0.0,0.0,0.85,0.8403878091476279,0.8660254037844387,-0.4999999999999998,0.9377521321470804,0.3473052528448203,0.9749279121818236,-0.22252093395631434
0.0,0.0,0.0,0.0,0.0,0.85,0.8404326944656404,0.8660254037844387,-0.4999999999999998,0.9884683243281114,0.1514277775045767,0.43388373911755823,-0.900968867902419
0.0,0.0,0.0,0.0,0.0,0.85,0.8404775797836528,0.8660254037844387,-0.4999999999999998,0.9987165071710528,-0.05064916883871264,-0.433883739117558,-0.9009688679024191
0.0,0.0,0.0,0.0,0.0,0.85,0.8405224651016653,0.8660254037844387,-0.4999999999999998,0.9680771188662043,-0.2506525322587204,-0.9749279121818236,-0.2225209339563146
0.0,0.0,0.0,0.0,0.0,0.85,0.8406571210557028,0.8660254037844387,-0.4999999999999998,0.6513724827222223,-0.758758122692791,0.7818314824680298,0.6234898018587336
0.0,0.0,0.0,0.0,0.0,0.85,0.8407020063737152,0.8660254037844387,-0.4999999999999998,0.48530196253108104,-0.8743466161445821,0.9749279121818236,-0.22252093395631434
0.0,0.0,0.0,0.0,0.0,0.85,0.8407468916917277,0.8660254037844387,-0.4999999999999998,0.29936312297335804,-0.9541392564000488,0.43388373911755823,-0.900968867902419
0.0,0.0,0.0,0.0,0.0,0.85,0.8407917770097402,0.8660254037844387,-0.4999999999999998,0.10116832198743272,-0.994869323391895,-0.433883739117558,-0.9009688679024191
0.0,0.0,0.0,0.0,0.0,0.85,0.8408366623277527,0.8660254037844387,-0.4999999999999998,-0.10116832198743204,-0.9948693233918952,-0.9749279121818236,-0.2225209339563146
0.0,0.0,0.0,0.0,0.0,0.85,0.8409713182817901,0.8660254037844387,-0.4999999999999998,-0.6513724827222217,-0.7587581226927913,0.7818314824680298,0.6234898018587336
0.0,0.0,0.0,0.0,0.0,0.85,0.8410162035998026,0.8660254037844387,-0.4999999999999998,-0.7907757369376986,-0.6121059825476627,0.9749279121818236,-0.22252093395631434
0.0,0.0,0.0,0.0,0.0,0.85,0.8410610889178151,0.8660254037844387,-0.4999999999999998,-0.8978045395707417,-0.44039415155763423,0.43388373911755823,-0.900968867902419
0.0,0.0,0.0,0.0,0.0,0.85,0.8411059742358276,0.8660254037844387,-0.4999999999999998,-0.9680771188662041,-0.2506525322587213,-0.433883739117558,-0.9009688679024191
0.0,0.0,0.0,0.0,0.0,0.85,0.84115085955384,0.8660254037844387,-0.4999999999999998,-0.9987165071710528,-0.05064916883871355,-0.9749279121818236,-0.2225209339563146
0.0,0.0,0.0,0.0,0.0,0.85,0.8412855155078774,0.8660254037844387,-0.4999999999999998,-0.8486442574947509,0.5289640103269624,0.7818314824680298,0.6234898018587336
0.0,0.0,0.0,0.0,0.0,0.85,0.84133040082589,0.8660254037844387,-0.4999999999999998,-0.7247927872291207,0.6889669190756859,0.9749279121818236,-0.22252093395631434
0.0,0.0,0.0,0.0,0.0,0.85,0.8413752861439023,0.8660254037844387,-0.4999999999999998,-0.5712682150947924,0.8207634412072763,0.43388373911755823,-0.900968867902419
0.1723350537221108,0.17688674024480738,0.17688674024480738,0.17688674024480738,6.5638555265321274,0.85,0.8414201714619148,0.8660254037844387,-0.4999999999999998,-0.3943558551133187,0.9189578116202306,-0.433883739117558,-0.9009688679024191
0.004551686522696643,0.0,0.0,0.0,-6.5638555265321274,0.85,0.8414650567799273,0.8660254037844387,-0.4999999999999998,-0.20129852008866114,0.9795299412524943,-0.9749279121818236,-0.2225209339563146
0.0,0.0,0.0,0.0,0.0,0.85,0.8415997127339647,0.5000000000000003,-0.8660254037844385,0.5712682150947923,0.8207634412072763,0.7818314824680298,0.6234898018587336
0.0,0.0,0.0,0.0,0.0,0.85,0.8416445980519772,0.5000000000000003,-0.8660254037844385,0.72479278722912,0.6889669190756866,0.9749279121818236,-0.22252093395631434
0.0,0.0,0.0,0.0,0.0,0.85,0.8416894833699897,0.5000000000000003,-0.8660254037844385,0.8486442574947509,0.5289640103269624,0.43388373911755823,-0.900968867902419
0.0,0.0,0.0,0.0,0.0,0.85,0.8417343686880022,0.5000000000000003,-0.8660254037844385,0.9377521321470804,0.3473052528448203,-0.433883739117558,-0.9009688679024191
0.0,0.0,0.0,0.0,0.0,0.85,0.8417792540060147,0.5000000000000003,-0.8660254037844385,0.9884683243281114,0.1514277775045767,-0.9749279121818236,-0.2225209339563146
0.0,0.0,0.0,0.0,0.0,0.85,0.8419139099600521,0.5000000000000003,-0.8660254037844385,0.8978045395707416,-0.4403941515576344,0.7818314824680298,0.6234898018587336
0.010390856529174567,0.010390856529174567,0.010390856529174567,0.010390856529174567,8.1786387885907,0.85,0.8419587952780646,0.5000000000000003,-0.8660254037844385,0.7907757369376989,-0.6121059825476626,0.9749279121818236,-0.22252093395631434
0.0,0.0,0.0,0.0,-8.1786387885907,0.85,0.8420036805960771,0.5000000000000003,-0.8660254037844385,0.6513724827222223,-0.758758122692791,0.43388373911755823,-0.900968867902419
0.0,0.0,0.0,0.0,0.0,0.85,0.8420485659140896,0.5000000000000003,-0.8660254037844385,0.48530196253108104,-0.8743466161445821,-0.433883739117558,-0.9009688679024191
0.0,0.0,0.0,0.0,0.0,0.85,0.842093451232102,0.5000000000000003,-0.8660254037844385,0.29936312297335804,-0.9541392564000488,-0.9749279121818236,-0.2225209339563146
0.0,0.0,0.0,0.0,0.0,0.85,0.8422281071861395,0.5000000000000003,-0.8660254037844385,-0.29936312297335776,-0.9541392564000489,0.7818314824680298,0.6234898018587336
0.0,0.0,0.0,0.0,0.0,0.85,0.842272992504152,0.5000000000000003,-0.8660254037844385,-0.4853019625310808,-0.8743466161445822,0.9749279121818236,-0.22252093395631434
0.0,0.0,0.0,0.0,0.0,0.85,0.8423178778221644,0.5000000000000003,-0.8660254037844385,-0.6513724827222217,-0.7587581226927913,0.43388373911755823,-0.900968867902419
0.0,0.0,0.0,0.0,0.0,0.85,0.8423627631401769,0.5000000000000003,-0.8660254037844385,-0.7907757369376986,-0.6121059825476627,-0.433883739117558,-0.9009688679024191
0.0,0.0,0.0,0.0,0.0,0.85,0.8424076484581894,0.5000000000000003,-0.8660254037844385,-0.8978045395707417,-0.44039415155763423,-0.9749279121818236,-0.2225209339563146
0.0,0.0,0.0,0.0,0.0,0.85,0.8425423044122268,0.5000000000000003,-0.8660254037844385,-0.9884683243281114,0.15142777750457667,0.7818314824680298,0.6234898018587336
0.0,0.0,0.0,0.0,0.0,0.85,0.8425871897302393,0.5000000000000003,-0.8660254037844385,-0.9377521321470804,0.3473052528448203,0.9749279121818236,-0.22252093395631434
0.0,0.0,0.0,0.0,0.0,0.85,0.8426320750482518,0.5000000000000003,-0.8660254037844385,-0.8486442574947509,0.5289640103269624,0.43388373911755823,-0.900968867902419
0.0,0.0,0.0,0.0,0.0,0.85,0.8426769603662643,0.5000000000000003,-0.8660254037844385,-0.7247927872291207,0.6889669190756859,-0.433883739117558,-0.9009688679024191
0.0,0.0,0.0,0.0,0.0,0.85,0.8427218456842768,0.5000000000000003,-0.8660254037844385,-0.5712682150947924,0.8207634412072763,-0.9749279121818236,-0.2225209339563146
0.0,0.0,0.0,0.0,0.0,0.85,0.8429013869563267,1.2246467991473532e-16,-1.0,0.20129852008866006,0.9795299412524945,0.9749279121818236,-0.22252093395631434
0.08297700116808238,0.08297700116808238,0.08297700116808238,0.08297700116808238,8.003363058629947,0.85,0.8429462722743392,1.2246467991473532e-16,-1.0,0.39435585511331855,0.9189578116202306,0.43388373911755823,-0.900968867902419
0.0,0.0,0.0,0.0,-8.003363058629947,0.85,0.8429911575923515,1.2246467991473532e-16,-1.0,0.5712682150947923,0.8207634412072763,-0.433883739117558,-0.9009688679024191
0.011311237344616564,0.011311237344616564,0.011311237344616564,0.011311237344616564,7.351158226430694,0.85,0.843036042910364,1.2246467991473532e-16,-1.0,0.72479278722912,0.6889669190756866,-0.9749279121818236,-0.2225209339563146
0.0038779234933970235,0.0038779234933970235,0.0038779234933970235,0.0038779234933970235,0.2928037225718357,0.85,0.8431706988644015,1.2246467991473532e-16,-1.0,0.9884683243281114,0.1514277775045767,0.7818314824680298,0.6234898018587336
-0.006129958585893436,-0.006129958585893436,-0.006129958585893436,-0.006129958585893436,-0.322773392263051,0.85,0.8432155841824139,1.2246467991473532e-16,-1.0,0.9987165071710528,-0.05064916883871264,0.9749279121818236,-0.22252093395631434
-0.004519342517959272,-0.004519342517959272,-0.004519342517959272,-0.004519342517959272,0.2772107725844855,0.85,0.8432604695004264,1.2246467991473532e-16,-1.0,0.9680771188662043,-0.2506525322587204,0.43388373911755823,-0.900968867902419
-0.009723904685777043,-0.009723904685777043,-0.009723904685777043,-0.009723904685777043,-0.06417100304987423,0.85,0.8433053548184389,1.2246467991473532e-16,-1.0,0.8978045395707416,-0.4403941515576344,-0.433883739117558,-0.9009688679024191
0.0,0.0,0.0,0.0,-7.53422832627409,0.85,0.8433502401364514,1.2246467991473532e-16,-1.0,0.7907757369376989,-0.6121059825476626,-0.9749279121818236,-0.2225209339563146
-0.0031233281480676166,-0.0031233281480676166,-0.0031233281480676166,-0.0031233281480676166,7.434847875211999,0.85,0.8434848960904888,1.2246467991473532e-16,-1.0,0.29936312297335804,-0.9541392564000488,0.7818314824680298,0.6234898018587336
-0.00564678808300005,-0.00564678808300005,-0.00564678808300005,-0.00564678808300005,0.051204742651140764,0.85,0.8435297814085013,1.2246467991473532e-16,-1.0,0.10116832198743272,-0.994869323391895,0.9749279121818236,-0.22252093395631434
0.0,0.0,0.0,0.0,-7.48605261786314,0.85,0.8435746667265138,1.2246467991473532e-16,-1.0,-0.10116832198743204,-0.9948693233918952,0.43388373911755823,-0.900968867902419
-0.010118120402112067,-0.010118120402112067,-0.010118120402112067,-0.010118120402112067,7.667158255319148,0.85,0.8436195520445263,1.2246467991473532e-16,-1.0,-0.29936312297335776,-0.9541392564000489,-0.433883739117558,-0.9009688679024191
0.0,0.0,0.0,0.0,-7.667158255319148,0.85,0.8436644373625388,1.2246467991473532e-16,-1.0,-0.4853019625310808,-0.8743466161445822,-0.9749279121818236,-0.2225209339563146
0.0,0.0,0.0,0.0,0.0,0.85,0.8437990933165762,1.2246467991473532e-16,-1.0,-0.8978045395707417,-0.44039415155763423,0.7818314824680298,0.6234898018587336
0.0,0.0,0.0,0.0,0.0,0.85,0.8438439786345887,1.2246467991473532e-16,-1.0,-0.9680771188662041,-0.2506525322587213,0.9749279121818236,-0.22252093395631434
0.0,0.0,0.0,0.0,0.0,0.85,0.8438888639526012,1.2246467991473532e-16,-1.0,-0.9987165071710528,-0.05064916883871355,0.43388373911755823,-0.900968867902419
0.014721627516897571,0.014721627516897571,0.014721627516897571,0.014721627516897571,7.149131598557407,0.85,0.8439337492706136,1.2246467991473532e-16,-1.0,-0.9884683243281114,0.15142777750457667,-0.433883739117558,-0.9009688679024191
0.0,0.0,0.0,0.0,-7.149131598557407,0.85,0.8439786345886261,1.2246467991473532e-16,-1.0,-0.9377521321470804,0.3473052528448203,-0.9749279121818236,-0.2225209339563146
0.0,0.0,0.0,0.0,0.0,0.85,0.8441132905426636,1.2246467991473532e-16,-1.0,-0.5712682150947924,0.8207634412072763,0.7818314824680298,0.6234898018587336
0.0,0.0,0.0,0.0,0.0,0.85,0.844158175860676,1.2246467991473532e-16,-1.0,-0.3943558551133187,0.9189578116202306,0.9749279121818236,-0.22252093395631434
0.0,0.0,0.0,0.0,0.0,0.85,0.8442030611786885,1.2246467991473532e-16,-1.0,-0.20129852008866114,0.9795299412524943,0.43388373911755823,-0.900968867902419
0.0,0.0,0.0,0.0,0.0,0.85,0.844247946496701,-0.4999999999999997,-0.8660254037844388,0.20129852008866006,0.9795299412524945,-0.433883739117558,-0.9009688679024191
0.0,0.0,0.0,0.0,0.0,0.85,0.8442928318147135,-0.4999999999999997,-0.8660254037844388,0.39435585511331855,0.9189578116202306,-0.9749279121818236,-0.2225209339563146
0.0,0.0,0.0,0.0,0.0,0.85,0.8444723730867634,-0.4999999999999997,-0.8660254037844388,0.9377521321470804,0.3473052528448203,0.9749279121818236,-0.22252093395631434
0.0,0.0,0.0,0.0,0.0,0.85,0.8445172584047759,-0.4999999999999997,-0.8660254037844388,0.9884683243281114,0.1514277775045767,0.43388373911755823,-0.900968867902419
-0.014933559635397064,-0.014933559635397064,-0.014933559635397064,-0.014933559635397064,7.693025748417888,0.85,0.8445621437227884,-0.4999999999999997,-0.8660254037844388,0.9987165071710528,-0.05064916883871264,-0.433883739117558,-0.9009688679024191
0.021177060248192225,0.021177060248192225,0.021177060248192225,0.021177060248192225,-1.1621481206920028,0.85,0.8446070290408008,-0.4999999999999997,-0.8660254037844388,0.9680771188662043,-0.2506525322587204,-0.9749279121818236,-0.2225209339563146
0.0,0.0,0.0,0.0,-6.530877627725885,0.85,0.8447416849948383,-0.4999999999999997,-0.8660254037844388,0.6513724827222223,-0.758758122692791,0.7818314824680298,0.6234898018587336
0.0,0.0,0.0,0.0,0.0,0.85,0.8447865703128508,-0.4999999999999997,-0.8660254037844388,0.48530196253108104,-0.8743466161445821,0.9749279121818236,-0.22252093395631434
0.0,0.0,0.0,0.0,0.0,0.85,0.8448314556308631,-0.4999999999999997,-0.8660254037844388,0.29936312297335804,-0.9541392564000488,0.43388373911755823,-0.900968867902419
0.0,0.0,0.0,0.0,0.0,0.85,0.8448763409488756,-0.4999999999999997,-0.8660254037844388,0.10116832198743272,-0.994869323391895,-0.433883739117558,-0.9009688679024191
0.0,0.0,0.0,0.0,0.0,0.85,0.8449212262668881,-0.4999999999999997,-0.8660254037844388,-0.10116832198743204,-0.9948693233918952,-0.9749279121818236,-0.2225209339563146
0.0,0.0,0.0,0.0,0.0,0.85,0.8450558822209255,-0.4999999999999997,-0.8660254037844388,-0.6513724827222217,-0.7587581226927913,0.7818314824680298,0.6234898018587336
0.0,0.0,0.0,0.0,0.0,0.85,0.845100767538938,-0.4999999999999997,-0.8660254037844388,-0.7907757369376986,-0.6121059825476627,0.9749279121818236,-0.22252093395631434
0.0,0.0,0.0,0.0,0.0,0.85,0.8451456528569505,-0.4999999999999997,-0.8660254037844388,-0.8978045395707417,-0.44039415155763423,0.43388373911755823,-0.900968867902419
-0.023086068259382017,-0.023086068259382017,-0.023086068259382017,-0.023086068259382017,6.380122536899765,0.85,0.845190538174963,-0.4999999999999997,-0.8660254037844388,-0.9680771188662041,-0.2506525322587213,-0.433883739117558,-0.9009688679024191
0.0,0.0,0.0,0.0,-6.380122536899766,0.85,0.8452354234929755,-0.4999999999999997,-0.8660254037844388,-0.9987165071710528,-0.05064916883871355,-0.9749279121818236,-0.2225209339563146
0.0,0.0,0.0,0.0,0.0,0.85,0.8453700794470129,-0.4999999999999997,-0.8660254037844388,-0.8486442574947509,0.5289640103269624,0.7818314824680298,0.6234898018587336
0.0,0.0,0.0,0.0,0.0,0.85,0.8454149647650254,-0.4999999999999997,-0.8660254037844388,-0.7247927872291207,0.6889669190756859,0.9749279121818236,-0.22252093395631434
0.0,0.0,0.0,0.0,0.0,0.85,0.8454598500830379,-0.4999999999999997,-0.8660254037844388,-0.5712682150947924,0.8207634412072763,0.43388373911755823,-0.900968867902419
0.0,0.0,0.0,0.0,0.0,0.85,0.8455047354010504,-0.4999999999999997,-0.8660254037844388,-0.3943558551133187,0.9189578116202306,-0.433883739117558,-0.9009688679024191
0.0,0.0,0.0,0.0,0.0,0.85,0.8455496207190628,-0.4999999999999997,-0.8660254037844388,-0.20129852008866114,0.9795299412524943,-0.9749279121818236,-0.2225209339563146
0.0,0.0,0.0,0.0,0.0,0.85,0.8456842766731003,-0.8660254037844385,-0.5000000000000004,0.39435585511331855,0.9189578116202306,0.7818314824680298,0.6234898018587336
0.0,0.0,0.0,0.0,0.0,0.85,0.8457291619911128,-0.8660254037844385,-0.5000000000000004,0.5712682150947923,0.8207634412072763,0.9749279121818236,-0.22252093395631434
0.018094342444127443,0.018094342444127443,0.018094342444127443,0.018094342444127443,7.089243155027514,0.85,0.8457740473091252,-0.8660254037844385,-0.5000000000000004,0.72479278722912,0.6889669190756866,0.43388373911755823,-0.900968867902419
0.0,0.0,0.0,0.0,-7.089243155027514,0.85,0.8458189326271377,-0.8660254037844385,-0.5000000000000004,0.8486442574947509,0.5289640103269624,-0.433883739117558,-0.9009688679024191
0.0,0.0,0.0,0.0,0.0,0.85,0.8458638179451502,-0.8660254037844385,-0.5000000000000004,0.9377521321470804,0.3473052528448203,-0.9749279121818236,-0.2225209339563146
0.0,0.0,0.0,0.0,0.0,0.85,0.8459984738991876,-0.8660254037844385,-0.5000000000000004,0.9680771188662043,-0.2506525322587204,0.7818314824680298,0.6234898018587336
0.0,0.0,0.0,0.0,0.0,0.85,0.8460433592172001,-0.8660254037844385,-0.5000000000000004,0.8978045395707416,-0.4403941515576344,0.9749279121818236,-0.22252093395631434
0.0,0.0,0.0,0.0,0.0,0.85,0.8460882445352126,-0.8660254037844385,-0.5000000000000004,0.7907757369376989,-0.6121059825476626,0.43388373911755823,-0.900968867902419
0.0,0.0,0.0,0.0,0.0,0.85,0.8461331298532251,-0.8660254037844385,-0.5000000000000004,0.6513724827222223,-0.758758122692791,-0.433883739117558,-0.9009688679024191
0.0,0.0,0.0,0.0,0.0,0.85,0.8461780151712376,-0.8660254037844385,-0.5000000000000004,0.48530196253108104,-0.8743466161445821,-0.9749279121818236,-0.2225209339563146
0.0,0.0,0.0,0.0,0.0,0.85,0.846312671125275,-0.8660254037844385,-0.5000000000000004,-0.10116832198743204,-0.9948693233918952,0.7818314824680298,0.6234898018587336
0.0,0.0,0.0,0.0,0.0,0.85,0.8463575564432875,-0.8660254037844385,-0.5000000000000004,-0.29936312297335776,-0.9541392564000489,0.9749279121818236,-0.22252093395631434
0.0,0.0,0.0,0.0,0.0,0.85,0.8464024417613,-0.8660254037844385,-0.5000000000000004,-0.4853019625310808,-0.8743466161445822,0.43388373911755823,-0.900968867902419
0.0,0.0,0.0,0.0,0.0,0.85,0.8464473270793124,-0.8660254037844385,-0.5000000000000004,-0.6513724827222217,-0.7587581226927913,-0.433883739117558,-0.9009688679024191
0.0,0.0,0.0,0.0,0.0,0.85,0.8464922123973249,-0.8660254037844385,-0.5000000000000004,-0.7907757369376986,-0.6121059825476627,-0.9749279121818236,-0.2225209339563146
0.02654205654817872,0.02654205654817872,0.02654205654817872,0.02654205654817872,4.68213122712422,0.85,0.8466268683513624,-0.8660254037844385,-0.5000000000000004,-0.9987165071710528,-0.05064916883871355,0.7818314824680298,0.6234898018587336
0.0,0.0,0.0,0.0,-4.68213122712422,0.85,0.8466717536693747,-0.8660254037844385,-0.5000000000000004,-0.9884683243281114,0.15142777750457667,0.9749279121818236,-0.22252093395631434
0.0,0.0,0.0,0.0,0.0,0.85,0.8467166389873872,-0.8660254037844385,-0.5000000000000004,-0.9377521321470804,0.3473052528448203,0.43388373911755823,-0.900968867902419
0.0,0.0,0.0,0.0,0.0,0.85,0.8467615243053997,-0.8660254037844385,-0.5000000000000004,-0.8486442574947509,0.5289640103269624,-0.433883739117558,-0.9009688679024191
0.0,0.0,0.0,0.0,0.0,0.85,0.8468064096234122,-0.8660254037844385,-0.5000000000000004,-0.7247927872291207,0.6889669190756859,-0.9749279121818236,-0.2225209339563146
0.0,0.0,0.0,0.0,0.0,0.85,0.8469410655774496,-0.8660254037844385,-0.5000000000000004,-0.20129852008866114,0.9795299412524943,0.7818314824680298,0.6234898018587336
0.0,0.0,0.0,0.0,0.0,0.85,0.8469859508954621,-0.8660254037844385,-0.5000000000000004,-2.4492935982947064e-16,1.0,0.9749279121818236,-0.22252093395631434
0.0,0.0,0.0,0.0,0.0,0.85,0.8470308362134746,-1.0,-1.8369701987210297e-16,0.20129852008866006,0.9795299412524945,0.43388373911755823,-0.900968867902419
0.0,0.0,0.0,0.0,0.0,0.85,0.8470757215314871,-1.0,-1.8369701987210297e-16,0.39435585511331855,0.9189578116202306,-0.433883739117558,-0.9009688679024191
0.0,0.0,0.0,0.0,0.0,0.85,0.8471206068494996,-1.0,-1.8369701987210297e-16,0.5712682150947923,0.8207634412072763,-0.9749279121818236,-0.2225209339563146
0.0,0.0,0.0,0.0,0.0,0.85,0.8473001481215495,-1.0,-1.8369701987210297e-16,0.9884683243281114,0.1514277775045767,0.9749279121818236,-0.22252093395631434
0.0,0.0,0.0,0.0,0.0,0.85,0.847345033439562,-1.0,-1.8369701987210297e-16,0.9987165071710528,-0.05064916883871264,0.43388373911755823,-0.900968867902419
0.0,0.0,0.0,0.0,0.0,0.85,0.8473899187575744,-1.0,-1.8369701987210297e-16,0.9680771188662043,-0.2506525322587204,-0.433883739117558,-0.9009688679024191
0.0,0.0,0.0,0.0,0.0,0.85,0.8474348040755869,-1.0,-1.8369701987210297e-16,0.8978045395707416,-0.4403941515576344,-0.9749279121818236,-0.2225209339563146
0.0,0.0,0.0,0.0,0.0,0.85,0.8475694600296244,-1.0,-1.8369701987210297e-16,0.48530196253108104,-0.8743466161445821,0.7818314824680298,0.6234898018587336
0.0,0.0,0.0,0.0,0.0,0.85,0.8476143453476368,-1.0,-1.8369701987210297e-16,0.29936312297335804,-0.9541392564000488,0.9749279121818236,-0.22252093395631434
0.0,0.0,0.0,0.0,0.0,0.85,0.8476592306656493,-1.0,-1.8369701987210297e-16,0.10116832198743272,-0.994869323391895,0.43388373911755823,-0.900968867902419
0.0,0.0,0.0,0.0,0.0,0.85,0.8477041159836618,-1.0,-1.8369701987210297e-16,-0.10116832198743204,-0.9948693233918952,-0.433883739117558,-0.9009688679024191
0.0,0.0,0.0,0.0,0.0,0.85,0.8477490013016743,-1.0,-1.8369701987210297e-16,-0.29936312297335776,-0.9541392564000489,-0.9749279121818236,-0.2225209339563146
0.0,0.0,0.0,0.0,0.0,0.85,0.8478836572557117,-1.0,-1.8369701987210297e-16,-0.7907757369376986,-0.6121059825476627,0.7818314824680298,0.6234898018587336
0.0,0.0,0.0,0.0,0.0,0.85,0.8479285425737242,-1.0,-1.8369701987210297e-16,-0.8978045395707417,-0.44039415155763423,0.9749279121818236,-0.22252093395631434
0.0,0.0,0.0,0.0,0.0,0.85,0.8479734278917367,-1.0,-1.8369701987210297e-16,-0.9680771188662041,-0.2506525322587213,0.43388373911755823,-0.900968867902419
0.0,0.0,0.0,0.0,0.0,0.85,0.8480183132097492,-1.0,-1.8369701987210297e-16,-0.9987165071710528,-0.05064916883871355,-0.433883739117558,-0.9009688679024191
0.0,0.0,0.0,0.0,0.0,0.85,0.8480631985277616,-1.0,-1.8369701987210297e-16,-0.9884683243281114,0.15142777750457667,-0.9749279121818236,-0.2225209339563146
0.0,0.0,0.0,0.0,0.0,0.85,0.8481978544817991,-1.0,-1.8369701987210297e-16,-0.7247927872291207,0.6889669190756859,0.7818314824680298,0.6234898018587336
0.0,0.0,0.0,0.0,0.0,0.85,0.8482427397998116,-1.0,-1.8369701987210297e-16,-0.5712682150947924,0.8207634412072763,0.9749279121818236,-0.22252093395631434
0.0,0.0,0.0,0.0,0.0,0.85,0.848287625117824,-1.0,-1.8369701987210297e-16,-0.3943558551133187,0.9189578116202306,0.43388373911755823,-0.900968867902419
0.0,0.0,0.0,0.0,0.0,0.85,0.8483325104358365,-1.0,-1.8369701987210297e-16,-0.20129852008866114,0.9795299412524943,-0.433883739117558,-0.9009688679024191
0.0,0.0,0.0,0.0,0.0,0.85,0.848377395753849,-0.866025403784439,0.49999999999999933,0.20129852008866006,0.9795299412524945,-0.9749279121818236,-0.2225209339563146
0.0,0.0,0.0,0.0,0.0,0.85,0.8485120517078865,-0.866025403784439,0.49999999999999933,0.72479278722912,0.6889669190756866,0.7818314824680298,0.6234898018587336
0.0,0.0,0.0,0.0,0.0,0.85,0.8485569370258988,-0.866025403784439,0.49999999999999933,0.8486442574947509,0.5289640103269624,0.9749279121818236,-0.22252093395631434
0.0,0.0,0.0,0.0,0.0,0.85,0.8486018223439113,-0.866025403784439,0.49999999999999933,0.9377521321470804,0.3473052528448203,0.43388373911755823,-0.900968867902419
0.0,0.0,0.0,0.0,0.0,0.85,0.8486467076619238,-0.866025403784439,0.49999999999999933,0.9884683243281114,0.1514277775045767,-0.433883739117558,-0.9009688679024191
0.0,0.0,0.0,0.0,0.0,0.85,0.8486915929799363,-0.866025403784439,0.49999999999999933,0.9987165071710528,-0.05064916883871264,-0.9749279121818236,-0.2225209339563146
0.0,0.0,0.0,0.0,0.0,0.85,0.8488262489339737,-0.866025403784439,0.49999999999999933,0.7907757369376989,-0.6121059825476626,0.7818314824680298,0.6234898018587336
0.0,0.0,0.0,0.0,0.0,0.85,0.8488711342519862,-0.866025403784439,0.49999999999999933,0.6513724827222223,-0.758758122692791,0.9749279121818236,-0.22252093395631434
0.0,0.0,0.0,0.0,0.0,0.85,0.8489160195699987,-0.866025403784439,0.49999999999999933,0.48530196253108104,-0.8743466161445821,0.43388373911755823,-0.900968867902419
0.0,0.0,0.0,0.0,0.0,0.85,0.8489609048880112,-0.866025403784439,0.49999999999999933,0.29936312297335804,-0.9541392564000488,-0.433883739117558,-0.9009688679024191
0.0,0.0,0.0,0.0,0.0,0.85,0.8490057902060236,-0.866025403784439,0.49999999999999933,0.10116832198743272,-0.994869323391895,-0.9749279121818236,-0.2225209339563146
0.0,0.0,0.0,0.0,0.0,0.85,0.8491404461600611,-0.866025403784439,0.49999999999999933,-0.4853019625310808,-0.8743466161445822,0.7818314824680298,0.6234898018587336
0.0,0.0,0.0,0.0,0.0,0.85,0.8491853314780736,-0.866025403784439,0.49999999999999933,-0.6513724827222217,-0.7587581226927913,0.9749279121818236,-0.22252093395631434
0.0,0.0,0.0,0.0,0.0,0.85,0.849230216796086,-0.866025403784439,0.49999999999999933,-0.7907757369376986,-0.6121059825476627,0.43388373911755823,-0.900968867902419
0.0,0.0,0.0,0.0,0.0,0.85,0.8492751021140985,-0.866025403784439,0.49999999999999933,-0.8978045395707417,-0.44039415155763423,-0.433883739117558,-0.9009688679024191
0.0,0.0,0.0,0.0,0.0,0.85,0.849319987432111,-0.866025403784439,0.49999999999999933,-0.9680771188662041,-0.2506525322587213,-0.9749279121818236,-0.2225209339563146
0.0,0.0,0.0,0.0,0.0,0.85,0.8494546433861484,-0.866025403784439,0.49999999999999933,-0.9377521321470804,0.3473052528448203,0.7818314824680298,0.6234898018587336
0.0,0.0,0.0,0.0,0.0,0.85,0.8494995287041609,-0.866025403784439,0.49999999999999933,-0.8486442574947509,0.5289640103269624,0.9749279121818236,-0.22252093395631434
0.0,0.0,0.0,0.0,0.0,0.85,0.8495444140221734,-0.866025403784439,0.49999999999999933,-0.7247927872291207,0.6889669190756859,0.43388373911755823,-0.900968867902419
-0.09760727324477407,-0.04974492151344706,-0.09760727324477407,-0.04974492151344706,5.298317366548036,0.85,0.8495892993401859,-0.866025403784439,0.49999999999999933,-0.5712682150947924,0.8207634412072763,-0.433883739117558,-0.9009688679024191
0.04786235173132705,0.0,0.04786235173132705,0.0,-5.298317366548036,0.85,0.8496341846581984,-0.866025403784439,0.49999999999999933,-0.3943558551133187,0.9189578116202306,-0.9749279121818236,-0.2225209339563146
0.0,0.0,0.0,0.0,0.0,0.85,0.8497688406122358,-0.5000000000000012,0.8660254037844379,0.20129852008866006,0.9795299412524945,0.7818314824680298,0.6234898018587336
0.0,0.0,0.0,0.0,0.0,0.85,0.8498137259302483,-0.5000000000000012,0.8660254037844379,0.39435585511331855,0.9189578116202306,0.9749279121818236,-0.22252093395631434
0.0,0.0,0.0,0.0,0.0,0.85,0.8498586112482608,-0.5000000000000012,0.8660254037844379,0.5712682150947923,0.8207634412072763,0.43388373911755823,-0.900968867902419
0.009345833263438227,0.017766967784182353,0.009345833263438227,0.017766967784182353,6.490723534502507,0.85,0.8499034965662732,-0.5000000000000012,0.8660254037844379,0.72479278722912,0.6889669190756866,-0.433883739117558,-0.9009688679024191
-0.0006344248789230064,-0.009055559399667243,-0.0006344248789230064,-0.009055559399667243,-1.8855533485144158,0.85,0.8499483818842857,-0.5000000000000012,0.8660254037844379,0.8486442574947509,0.5289640103269624,-0.9749279121818236,-0.2225209339563146
0.011099570201068384,0.011099570201068384,0.011099570201068384,0.011099570201068384,2.681706225762608,0.85,0.8500830378383232,-0.5000000000000012,0.8660254037844379,0.9987165071710528,-0.05064916883871264,0.7818314824680298,0.6234898018587336
0.0,0.0,0.0,0.0,-7.2868764117507,0.85,0.8501279231563356,-0.5000000000000012,0.8660254037844379,0.9680771188662043,-0.2506525322587204,0.9749279121818236,-0.22252093395631434
0.004408913299549391,0.004408913299549391,0.004408913299549391,0.004408913299549391,6.806829360392176,0.85,0.8501728084743481,-0.5000000000000012,0.8660254037844379,0.8978045395707416,-0.4403941515576344,0.43388373911755823,-0.900968867902419
0.0,0.0,0.0,0.0,-6.806829360392176,0.85,0.8502176937923606,-0.5000000000000012,0.8660254037844379,0.7907757369376989,-0.6121059825476626,-0.433883739117558,-0.9009688679024191
0.0,0.0,0.0,0.0,0.0,0.85,0.8502625791103731,-0.5000000000000012,0.8660254037844379,0.6513724827222223,-0.758758122692791,-0.9749279121818236,-0.2225209339563146
0.0,0.0,0.0,0.0,0.0,0.85,0.8503972350644105,-0.5000000000000012,0.8660254037844379,0.10116832198743272,-0.994869323391895,0.7818314824680298,0.6234898018587336
0.0,0.0,0.0,0.0,0.0,0.85,0.850442120382423,-0.5000000000000012,0.8660254037844379,-0.10116832198743204,-0.9948693233918952,0.9749279121818236,-0.22252093395631434
0.0,0.0,0.0,0.0,0.0,0.85,0.8504870057004354,-0.5000000000000012,0.8660254037844379,-0.29936312297335776,-0.9541392564000489,0.43388373911755823,-0.900968867902419
0.0,0.0,0.0,0.0,0.0,0.85,0.850531891018448,-0.5000000000000012,0.8660254037844379,-0.4853019625310808,-0.8743466161445822,-0.433883739117558,-0.9009688679024191
0.0,0.0,0.0,0.0,0.0,0.85,0.8505767763364604,-0.5000000000000012,0.8660254037844379,-0.6513724827222217,-0.7587581226927913,-0.9749279121818236,-0.2225209339563146
0.0,0.0,0.0,0.0,0.0,0.85,0.8507114322904978,-0.5000000000000012,0.8660254037844379,-0.9680771188662041,-0.2506525322587213,0.7818314824680298,0.6234898018587336
0.0,0.0,0.0,0.0,0.0,0.85,0.8507563176085103,-0.5000000000000012,0.8660254037844379,-0.9987165071710528,-0.05064916883871355,0.9749279121818236,-0.22252093395631434
0.0,0.0,0.0,0.0,0.0,0.85,0.8508012029265228,-0.5000000000000012,0.8660254037844379,-0.9884683243281114,0.15142777750457667,0.43388373911755823,-0.900968867902419
0.0,0.0,0.0,0.0,0.0,0.85,0.8508909735625477,-0.5000000000000012,0.8660254037844379,-0.8486442574947509,0.5289640103269624,-0.9749279121818236,-0.2225209339563146
0.0,0.0,0.0,0.0,0.0,0.85,0.8510256295165852,-0.5000000000000012,0.8660254037844379,-0.3943558551133187,0.9189578116202306,0.7818314824680298,0.6234898018587336
0.0,0.0,0.0,0.0,0.0,0.85,0.8510705148345976,-0.5000000000000012,0.8660254037844379,-0.20129852008866114,0.9795299412524943,0.9749279121818236,-0.22252093395631434
0.0,0.0,0.0,0.0,0.0,0.85,0.8511154001526101,-2.4492935982947064e-16,1.0,0.20129852008866006,0.9795299412524945,0.43388373911755823,-0.900968867902419
0.0,0.0,0.0,0.0,0.0,0.85,0.8511602854706226,-2.4492935982947064e-16,1.0,0.39435585511331855,0.9189578116202306,-0.433883739117558,-0.9009688679024191
0.0,0.0,0.0,0.0,0.0,0.85,0.8512051707886351,-2.4492935982947064e-16,1.0,0.5712682150947923,0.8207634412072763,-0.9749279121818236,-0.2225209339563146
0.0,0.0,0.0,0.0,0.0,0.85,0.8513398267426725,-2.4492935982947064e-16,1.0,0.9377521321470804,0.3473052528448203,0.7818314824680298,0.6234898018587336
0.0,0.0,0.0,0.0,0.0,0.85,0.851384712060685,-2.4492935982947064e-16,1.0,0.9884683243281114,0.1514277775045767,0.9749279121818236,-0.22252093395631434
0.02977990559302654,0.02977990559302654,0.02977990559302654,0.02977990559302654,7.232010331664759,0.85,0.8514295973786975,-2.4492935982947064e-16,1.0,0.9987165071710528,-0.05064916883871264,0.43388373911755823,-0.900968867902419
0.0,0.0,0.0,0.0,-7.232010331664759,0.85,0.85147448269671,-2.4492935982947064e-16,1.0,0.9680771188662043,-0.2506525322587204,-0.433883739117558,-0.9009688679024191
0.0,0.0,0.0,0.0,0.0,0.85,0.8515193680147224,-2.4492935982947064e-16,1.0,0.8978045395707416,-0.4403941515576344,-0.9749279121818236,-0.2225209339563146
0.0,0.0,0.0,0.0,0.0,0.85,0.8516540239687599,-2.4492935982947064e-16,1.0,0.48530196253108104,-0.8743466161445821,0.7818314824680298,0.6234898018587336
0.0,0.0,0.0,0.0,0.0,0.85,0.8516989092867724,-2.4492935982947064e-16,1.0,0.29936312297335804,-0.9541392564000488,0.9749279121818236,-0.22252093395631434
0.0,0.0,0.0,0.0,0.0,0.85,0.8517437946047848,-2.4492935982947064e-16,1.0,0.10116832198743272,-0.994869323391895,0.43388373911755823,-0.900968867902419
0.0,0.0,0.0,0.0,0.0,0.85,0.8517886799227973,-2.4492935982947064e-16,1.0,-0.10116832198743204,-0.9948693233918952,-0.433883739117558,-0.9009688679024191
0.0,0.0,0.0,0.0,0.0,0.85,0.8518335652408098,-2.4492935982947064e-16,1.0,-0.29936312297335776,-0.9541392564000489,-0.9749279121818236,-0.2225209339563146
0.0,0.0,0.0,0.0,0.0,0.85,0.8519682211948473,-2.4492935982947064e-16,1.0,-0.7907757369376986,-0.6121059825476627,0.7818314824680298,0.6234898018587336
0.0,0.0,0.0,0.0,0.0,0.85,0.8520131065128597,-2.4492935982947064e-16,1.0,-0.8978045395707417,-0.44039415155763423,0.9749279121818236,-0.22252093395631434
0.0,0.0,0.0,0.0,0.0,0.85,0.8520579918308722,-2.4492935982947064e-16,1.0,-0.9680771188662041,-0.2506525322587213,0.43388373911755823,-0.900968867902419
0.0,0.0,0.0,0.0,0.0,0.85,0.8521028771488847,-2.4492935982947064e-16,1.0,-0.9987165071710528,-0.05064916883871355,-0.433883739117558,-0.9009688679024191
0.0,0.0,0.0,0.0,0.0,0.85,0.8522824184209346,-2.4492935982947064e-16,1.0,-0.7247927872291207,0.6889669190756859,0.7818314824680298,0.6234898018587336
0.0,0.0,0.0,0.0,0.0,0.85,0.852327303738947,-2.4492935982947064e-16,1.0,-0.5712682150947924,0.8207634412072763,0.9749279121818236,-0.22252093395631434
0.0,0.0,0.0,0.0,0.0,0.85,0.8523721890569596,-2.4492935982947064e-16,1.0,-0.3943558551133187,0.9189578116202306,0.43388373911755823,-0.900968867902419
0.0,0.0,0.0,0.0,0.0,0.85,0.852417074374972,-2.4492935982947064e-16,1.0,-0.20129852008866114,0.9795299412524943,-0.433883739117558,-0.9009688679024191
0.0,0.0,0.0,0.0,0.0,0.85,0.8524619596929844,-2.4492935982947064e-16,1.0,-2.4492935982947064e-16,1.0,-0.9749279121818236,-0.2225209339563146
0.0,0.0,0.0,0.0,0.0,0.8666666666666667,0.8525966156470219,0.49999999999999994,0.8660254037844387,0.5712682150947923,0.8207634412072763,0.7818314824680298,0.6234898018587336
0.0,0.0,0.0,0.0,0.0,0.8666666666666667,0.8526415009650344,0.49999999999999994,0.8660254037844387,0.72479278722912,0.6889669190756866,0.9749279121818236,-0.22252093395631434
0.0,0.0,0.0,0.0,0.0,0.8666666666666667,0.8526863862830468,0.49999999999999994,0.8660254037844387,0.8486442574947509,0.5289640103269624,0.43388373911755823,-0.900968867902419
-0.0462683270888732,-0.0462683270888732,-0.0462683270888732,-0.0462683270888732,6.253828811575473,0.8666666666666667,0.8527312716010593,0.49999999999999994,0.8660254037844387,0.9377521321470804,0.3473052528448203,-0.433883739117558,-0.9009688679024191
0.0,0.0,0.0,0.0,-6.253828811575473,0.8666666666666667,0.8527761569190718,0.49999999999999994,0.8660254037844387,0.9884683243281114,0.1514277775045767,-0.9749279121818236,-0.2225209339563146
0.0,0.0,0.0,0.0,0.0,0.8666666666666667,0.8529108128731092,0.49999999999999994,0.8660254037844387,0.8978045395707416,-0.4403941515576344,0.7818314824680298,0.6234898018587336
0.0,0.0,0.0,0.0,0.0,0.8666666666666667,0.8529556981911217,0.49999999999999994,0.8660254037844387,0.7907757369376989,-0.6121059825476626,0.9749279121818236,-0.22252093395631434
0.0,0.0,0.0,0.0,0.0,0.8666666666666667,0.8530005835091342,0.49999999999999994,0.8660254037844387,0.6513724827222223,-0.758758122692791,0.43388373911755823,-0.900968867902419
0.0,0.0,0.0,0.0,0.0,0.8666666666666667,0.8530454688271467,0.49999999999999994,0.8660254037844387,0.48530196253108104,-0.8743466161445821,-0.433883739117558,-0.9009688679024191
0.0,0.0,0.0,0.0,0.0,0.8666666666666667,0.8530903541451592,0.49999999999999994,0.8660254037844387,0.29936312297335804,-0.9541392564000488,-0.9749279121818236,-0.2225209339563146
0.0,0.0,0.0,0.0,0.0,0.8666666666666667,0.8532698954172091,0.49999999999999994,0.8660254037844387,-0.4853019625310808,-0.8743466161445822,0.9749279121818236,-0.22252093395631434
0.0,0.0,0.0,0.0,0.0,0.8666666666666667,0.8533147807352216,0.49999999999999994,0.8660254037844387,-0.6513724827222217,-0.7587581226927913,0.43388373911755823,-0.900968867902419
0.0,0.0,0.0,0.0,0.0,0.8666666666666667,0.853359666053234,0.49999999999999994,0.8660254037844387,-0.7907757369376986,-0.6121059825476627,-0.433883739117558,-0.9009688679024191
0.0,0.0,0.0,0.0,0.0,0.8666666666666667,0.8534045513712465,0.49999999999999994,0.8660254037844387,-0.8978045395707417,-0.44039415155763423,-0.9749279121818236,-0.2225209339563146
-0.06165641268911641,-0.06165641268911641,-0.06165641268911641,-0.06165641268911641,4.605170185988092,0.8666666666666667,0.853539207325284,0.49999999999999994,0.8660254037844387,-0.9884683243281114,0.15142777750457667,0.7818314824680298,0.6234898018587336
0.0,0.0,0.0,0.0,-4.605170185988091,0.8666666666666667,0.8535840926432965,0.49999999999999994,0.8660254037844387,-0.9377521321470804,0.3473052528448203,0.9749279121818236,-0.22252093395631434
0.0,0.0,0.0,0.0,0.0,0.8666666666666667,0.8536289779613089,0.49999999999999994,0.8660254037844387,-0.8486442574947509,0.5289640103269624,0.43388373911755823,-0.900968867902419
0.0,0.0,0.0,0.0,0.0,0.8666666666666667,0.8536738632793214,0.49999999999999994,0.8660254037844387,-0.7247927872291207,0.6889669190756859,-0.433883739117558,-0.9009688679024191
0.0,0.0,0.0,0.0,0.0,0.8666666666666667,0.8537187485973339,0.49999999999999994,0.8660254037844387,-0.5712682150947924,0.8207634412072763,-0.9749279121818236,-0.2225209339563146
0.0,0.0,0.0,0.0,0.0,0.8666666666666667,0.8538534045513713,0.49999999999999994,0.8660254037844387,-2.4492935982947064e-16,1.0,0.7818314824680298,0.6234898018587336
0.0,0.0,0.0,0.0,0.0,0.8666666666666667,0.8538982898693838,0.8660254037844386,0.5000000000000001,0.20129852008866006,0.9795299412524945,0.9749279121818236,-0.22252093395631434
0.0,0.0,0.0,0.0,0.0,0.8666666666666667,0.8539431751873963,0.8660254037844386,0.5000000000000001,0.39435585511331855,0.9189578116202306,0.43388373911755823,-0.900968867902419
0.0,0.0,0.0,0.0,0.0,0.8666666666666667,0.8539880605054088,0.8660254037844386,0.5000000000000001,0.5712682150947923,0.8207634412072763,-0.433883739117558,-0.9009688679024191
0.0,0.0,0.0,0.0,0.0,0.8666666666666667,0.8540329458234213,0.8660254037844386,0.5000000000000001,0.72479278722912,0.6889669190756866,-0.9749279121818236,-0.2225209339563146
0.0,0.0,0.0,0.0,0.0,0.8666666666666667,0.8541676017774587,0.8660254037844386,0.5000000000000001,0.9884683243281114,0.1514277775045767,0.7818314824680298,0.6234898018587336
0.0,0.0,0.0,0.0,0.0,0.8666666666666667,0.8542124870954712,0.8660254037844386,0.5000000000000001,0.9987165071710528,-0.05064916883871264,0.9749279121818236,-0.22252093395631434
0.0,0.0,0.0,0.0,0.0,0.8666666666666667,0.8542573724134837,0.8660254037844386,0.5000000000000001,0.9680771188662043,-0.2506525322587204,0.43388373911755823,-0.900968867902419
0.0,0.0,0.0,0.0,0.0,0.8666666666666667,0.854302257731496,0.8660254037844386,0.5000000000000001,0.8978045395707416,-0.4403941515576344,-0.433883739117558,-0.9009688679024191
0.0,0.0,0.0,0.0,0.0,0.8666666666666667,0.8543471430495085,0.8660254037844386,0.5000000000000001,0.7907757369376989,-0.6121059825476626,-0.9749279121818236,-0.2225209339563146
0.0,0.0,0.0,0.0,0.0,0.8666666666666667,0.854481799003546,0.8660254037844386,0.5000000000000001,0.29936312297335804,-0.9541392564000488,0.7818314824680298,0.6234898018587336
0.0,0.0,0.0,0.0,0.0,0.8666666666666667,0.8545266843215584,0.8660254037844386,0.5000000000000001,0.10116832198743272,-0.994869323391895,0.9749279121818236,-0.22252093395631434
0.02425305467458101,0.02425305467458101,0.02425305467458101,0.02425305467458101,6.948897222313312,0.8666666666666667,0.8545715696395709,0.8660254037844386,0.5000000000000001,-0.10116832198743204,-0.9948693233918952,0.43388373911755823,-0.900968867902419
0.0,0.0,0.0,0.0,-6.948897222313312,0.8666666666666667,0.8546164549575834,0.8660254037844386,0.5000000000000001,-0.29936312297335776,-0.9541392564000489,-0.433883739117558,-0.9009688679024191
0.0,0.0,0.0,0.0,0.0,0.8666666666666667,0.8546613402755959,0.8660254037844386,0.5000000000000001,-0.4853019625310808,-0.8743466161445822,-0.9749279121818236,-0.2225209339563146
0.0,0.0,0.0,0.0,0.0,0.8666666666666667,0.8548408815476458,0.8660254037844386,0.5000000000000001,-0.9680771188662041,-0.2506525322587213,0.9749279121818236,-0.22252093395631434
0.0,0.0,0.0,0.0,0.0,0.8666666666666667,0.8548857668656583,0.8660254037844386,0.5000000000000001,-0.9987165071710528,-0.05064916883871355,0.43388373911755823,-0.900968867902419
-0.10416438301495422,-0.10416438301495422,-0.10416438301495422,-0.10416438301495422,7.5480289699350145,0.8666666666666667,0.8549306521836708,0.8660254037844386,0.5000000000000001,-0.9884683243281114,0.15142777750457667,-0.433883739117558,-0.9009688679024191
0.026957081203607954,0.026957081203607954,0.026957081203607954,0.026957081203607954,1.7399203813681514,0.8666666666666667,0.8549755375016832,0.8660254037844386,0.5000000000000001,-0.9377521321470804,0.3473052528448203,-0.9749279121818236,-0.2225209339563146
0.0,0.0,0.0,0.0,-9.287949351303165,0.8666666666666667,0.8551101934557207,0.8660254037844386,0.5000000000000001,-0.5712682150947924,0.8207634412072763,0.7818314824680298,0.6234898018587336
-0.07672361053840894,-0.07672361053840894,-0.07672361053840894,-0.07672361053840894,4.605170185988092,0.8666666666666667,0.8551550787737332,1.0,6.123233995736766e-17,0.20129852008866006,0.9795299412524945,0.9749279121818236,-0.22252093395631434
0.0,0.0,0.0,0.0,-4.605170185988091,0.8666666666666667,0.8551999640917457,1.0,6.123233995736766e-17,0.39435585511331855,0.9189578116202306,0.43388373911755823,-0.900968867902419
0.0,0.0,0.0,0.0,0.0,0.8666666666666667,0.8552448494097581,1.0,6.123233995736766e-17,0.5712682150947923,0.8207634412072763,-0.433883739117558,-0.9009688679024191
0.0,0.0,0.0,0.0,0.0,0.8666666666666667,0.8552897347277706,1.0,6.123233995736766e-17,0.72479278722912,0.6889669190756866,-0.9749279121818236,-0.2225209339563146
-0.10821358464023272,-0.10166366677007597,-0.10821358464023272,-0.10166366677007597,7.315883504509785,0.8666666666666667,0.8554243906818081,1.0,6.123233995736766e-17,0.9884683243281114,0.1514277775045767,0.7818314824680298,0.6234898018587336
0.006549917870156824,0.0,0.006549917870156824,0.0,-7.315883504509785,0.8666666666666667,0.8554692759998205,1.0,6.123233995736766e-17,0.9987165071710528,-0.05064916883871264,0.9749279121818236,-0.22252093395631434
0.0,0.0,0.0,0.0,0.0,0.8666666666666667,0.855514161317833,1.0,6.123233995736766e-17,0.9680771188662043,-0.2506525322587204,0.43388373911755823,-0.900968867902419
0.0,0.0,0.0,0.0,0.0,0.8666666666666667,0.8555590466358455,1.0,6.123233995736766e-17,0.8978045395707416,-0.4403941515576344,-0.433883739117558,-0.9009688679024191
0.0,0.0,0.0,0.0,0.0,0.8666666666666667,0.855603931953858,1.0,6.123233995736766e-17,0.7907757369376989,-0.6121059825476626,-0.9749279121818236,-0.2225209339563146
0.0,0.0,0.0,0.0,0.0,0.8666666666666667,0.8557385879078954,1.0,6.123233995736766e-17,0.29936312297335804,-0.9541392564000488,0.7818314824680298,0.6234898018587336
0.0,0.0,0.0,0.0,0.0,0.8666666666666667,0.8557834732259079,1.0,6.123233995736766e-17,0.10116832198743272,-0.994869323391895,0.9749279121818236,-0.22252093395631434
0.0,0.0,0.0,0.0,0.0,0.8666666666666667,0.8558283585439204,1.0,6.123233995736766e-17,-0.10116832198743204,-0.9948693233918952,0.43388373911755823,-0.900968867902419
0.0,0.0,0.0,0.0,0.0,0.8666666666666667,0.8558732438619329,1.0,6.123233995736766e-17,-0.29936312297335776,-0.9541392564000489,-0.433883739117558,-0.9009688679024191
0.0,0.0,0.0,0.0,0.0,0.8666666666666667,0.8559181291799453,1.0,6.123233995736766e-17,-0.4853019625310808,-0.8743466161445822,-0.9749279121818236,-0.2225209339563146
0.0,0.0,0.0,0.0,0.0,0.8666666666666667,0.8560527851339828,1.0,6.123233995736766e-17,-0.8978045395707417,-0.44039415155763423,0.7818314824680298,0.6234898018587336
0.0,0.0,0.0,0.0,0.0,0.8666666666666667,0.8560976704519953,1.0,6.123233995736766e-17,-0.9680771188662041,-0.2506525322587213,0.9749279121818236,-0.22252093395631434
0.0,0.0,0.0,0.0,0.0,0.8666666666666667,0.8561425557700076,1.0,6.123233995736766e-17,-0.9987165071710528,-0.05064916883871355,0.43388373911755823,-0.900968867902419
0.0,0.0,0.0,0.0,0.0,0.8666666666666667,0.8561874410880201,1.0,6.123233995736766e-17,-0.9884683243281114,0.15142777750457667,-0.433883739117558,-0.9009688679024191
0.0,0.0,0.0,0.0,0.0,0.8666666666666667,0.8562323264060326,1.0,6.123233995736766e-17,-0.9377521321470804,0.3473052528448203,-0.9749279121818236,-0.2225209339563146
0.0,0.0,0.0,0.0,0.0,0.8666666666666667,0.85636698236007,1.0,6.123233995736766e-17,-0.5712682150947924,0.8207634412072763,0.7818314824680298,0.6234898018587336
0.0,0.0,0.0,0.0,0.0,0.8666666666666667,0.8564118676780825,1.0,6.123233995736766e-17,-0.3943558551133187,0.9189578116202306,0.9749279121818236,-0.22252093395631434
0.0,0.0,0.0,0.0,0.0,0.8666666666666667,0.856456752996095,1.0,6.123233995736766e-17,-0.20129852008866114,0.9795299412524943,0.43388373911755823,-0.900968867902419
0.0,0.0,0.0,0.0,0.0,0.8666666666666667,0.8565016383141075,1.0,6.123233995736766e-17,-2.4492935982947064e-16,1.0,-0.433883739117558,-0.9009688679024191
0.0,0.0,0.0,0.0,0.0,0.8666666666666667,0.85654652363212,0.8660254037844387,-0.4999999999999998,0.20129852008866006,0.9795299412524945,-0.9749279121818236,-0.2225209339563146
0.03184625027129714,0.03184625027129714,0.03184625027129714,0.03184625027129714,7.285506548522785,0.8666666666666667,0.8566811795861574,0.8660254037844387,-0.4999999999999998,0.72479278722912,0.6889669190756866,0.7818314824680298,0.6234898018587336
0.0,0.0,0.0,0.0,-7.285506548522785,0.8666666666666667,0.8567260649041699,0.8660254037844387,-0.4999999999999998,0.8486442574947509,0.5289640103269624,0.9749279121818236,-0.22252093395631434
0.0,0.0,0.0,0.0,0.0,0.8666666666666667,0.8567709502221824,0.8660254037844387,-0.4999999999999998,0.9377521321470804,0.3473052528448203,0.43388373911755823,-0.900968867902419
0.0,0.0,0.0,0.0,0.0,0.8666666666666667,0.8568158355401948,0.8660254037844387,-0.4999999999999998,0.9884683243281114,0.1514277775045767,-0.433883739117558,-0.9009688679024191
0.0,0.0,0.0,0.0,0.0,0.8666666666666667,0.8568607208582073,0.8660254037844387,-0.4999999999999998,0.9987165071710528,-0.05064916883871264,-0.9749279121818236,-0.2225209339563146
0.0,0.0,0.0,0.0,0.0,0.8666666666666667,0.8569953768122448,0.8660254037844387,-0.4999999999999998,0.7907757369376989,-0.6121059825476626,0.7818314824680298,0.6234898018587336
0.0,0.0,0.0,0.0,0.0,0.8666666666666667,0.8570402621302573,0.8660254037844387,-0.4999999999999998,0.6513724827222223,-0.758758122692791,0.9749279121818236,-0.22252093395631434
0.0,0.0,0.0,0.0,0.0,0.8666666666666667,0.8570851474482697,0.8660254037844387,-0.4999999999999998,0.48530196253108104,-0.8743466161445821,0.43388373911755823,-0.900968867902419
0.0,0.0,0.0,0.0,0.0,0.8666666666666667,0.8571300327662822,0.8660254037844387,-0.4999999999999998,0.29936312297335804,-0.9541392564000488,-0.433883739117558,-0.9009688679024191
0.0,0.0,0.0,0.0,0.0,0.8666666666666667,0.8573095740383321,0.8660254037844387,-0.4999999999999998,-0.4853019625310808,-0.8743466161445822,0.7818314824680298,0.6234898018587336
0.0,0.0,0.0,0.0,0.0,0.8666666666666667,0.8573544593563446,0.8660254037844387,-0.4999999999999998,-0.6513724827222217,-0.7587581226927913,0.9749279121818236,-0.22252093395631434
0.0,0.0,0.0,0.0,0.0,0.8666666666666667,0.8573993446743571,0.8660254037844387,-0.4999999999999998,-0.7907757369376986,-0.6121059825476627,0.43388373911755823,-0.900968867902419
0.0,0.0,0.0,0.0,0.0,0.8666666666666667,0.8574442299923696,0.8660254037844387,-0.4999999999999998,-0.8978045395707417,-0.44039415155763423,-0.433883739117558,-0.9009688679024191
0.0,0.0,0.0,0.0,0.0,0.8666666666666667,0.8574891153103821,0.8660254037844387,-0.4999999999999998,-0.9680771188662041,-0.2506525322587213,-0.9749279121818236,-0.2225209339563146
0.0,0.0,0.0,0.0,0.0,0.8666666666666667,0.8576237712644195,0.8660254037844387,-0.4999999999999998,-0.9377521321470804,0.3473052528448203,0.7818314824680298,0.6234898018587336
0.0,0.0,0.0,0.0,0.0,0.8666666666666667,0.857668656582432,0.8660254037844387,-0.4999999999999998,-0.8486442574947509,0.5289640103269624,0.9749279121818236,-0.22252093395631434
0.0,0.0,0.0,0.0,0.0,0.8666666666666667,0.8577135419004445,0.8660254037844387,-0.4999999999999998,-0.7247927872291207,0.6889669190756859,0.43388373911755823,-0.900968867902419
0.0,0.0,0.0,0.0,0.0,0.8666666666666667,0.8577584272184569,0.8660254037844387,-0.4999999999999998,-0.5712682150947924,0.8207634412072763,-0.433883739117558,-0.9009688679024191
0.0,0.0,0.0,0.0,0.0,0.8666666666666667,0.8578033125364694,0.8660254037844387,-0.4999999999999998,-0.3943558551133187,0.9189578116202306,-0.9749279121818236,-0.2225209339563146
0.0,0.0,0.0,0.0,0.0,0.8666666666666667,0.8579379684905069,0.5000000000000003,-0.8660254037844385,0.39435585511331855,0.9189578116202306,0.7818314824680298,0.6234898018587336
-0.048446459958047146,-0.048446459958047146,-0.048446459958047146,-0.048446459958047146,6.950814768442584,0.8666666666666667,0.8579828538085192,0.5000000000000003,-0.8660254037844385,0.5712682150947923,0.8207634412072763,0.9749279121818236,-0.22252093395631434
0.0,0.0,0.0,0.0,-6.9508147684425845,0.8666666666666667,0.8580277391265317,0.5000000000000003,-0.8660254037844385,0.72479278722912,0.6889669190756866,0.43388373911755823,-0.900968867902419
0.0,0.0,0.0,0.0,0.0,0.8666666666666667,0.8580726244445442,0.5000000000000003,-0.8660254037844385,0.8486442574947509,0.5289640103269624,-0.433883739117558,-0.9009688679024191
0.0,0.0,0.0,0.0,0.0,0.8666666666666667,0.8581175097625567,0.5000000000000003,-0.8660254037844385,0.9377521321470804,0.3473052528448203,-0.9749279121818236,-0.2225209339563146
-0.07488527152795198,-0.07488527152795198,-0.07488527152795198,-0.07488527152795198,7.010311867307229,0.8666666666666667,0.8582521657165941,0.5000000000000003,-0.8660254037844385,0.9680771188662043,-0.2506525322587204,0.7818314824680298,0.6234898018587336
-0.012834790257753503,-0.012834790257753503,-0.012834790257753503,-0.012834790257753503,-0.37831008991159926,0.8666666666666667,0.8582970510346066,0.5000000000000003,-0.8660254037844385,0.8978045395707416,-0.4403941515576344,0.9749279121818236,-0.22252093395631434
0.0,0.0,0.0,0.0,-6.6320017773956295,0.8666666666666667,0.8583419363526191,0.5000000000000003,-0.8660254037844385,0.7907757369376989,-0.6121059825476626,0.43388373911755823,-0.900968867902419
0.0,0.0,0.0,0.0,0.0,0.8666666666666667,0.8583868216706316,0.5000000000000003,-0.8660254037844385,0.6513724827222223,-0.758758122692791,-0.433883739117558,-0.9009688679024191
0.0,0.0,0.0,0.0,0.0,0.8666666666666667,0.858431706988644,0.5000000000000003,-0.8660254037844385,0.48530196253108104,-0.8743466161445821,-0.9749279121818236,-0.2225209339563146
0.0,0.0,0.0,0.0,0.0,0.8666666666666667,0.8585663629426815,0.5000000000000003,-0.8660254037844385,-0.10116832198743204,-0.9948693233918952,0.7818314824680298,0.6234898018587336
0.0,0.0,0.0,0.0,0.0,0.8666666666666667,0.858611248260694,0.5000000000000003,-0.8660254037844385,-0.29936312297335776,-0.9541392564000489,0.9749279121818236,-0.22252093395631434
0.04195552839684055,0.04195552839684055,0.04195552839684055,0.04195552839684055,7.668561108015897,0.8666666666666667,0.8586561335787065,0.5000000000000003,-0.8660254037844385,-0.4853019625310808,-0.8743466161445822,0.43388373911755823,-0.900968867902419
0.0,0.0,0.0,0.0,-7.668561108015897,0.8666666666666667,0.8587010188967189,0.5000000000000003,-0.8660254037844385,-0.6513724827222217,-0.7587581226927913,-0.433883739117558,-0.9009688679024191
0.0,0.0,0.0,0.0,0.0,0.8666666666666667,0.8587459042147314,0.5000000000000003,-0.8660254037844385,-0.7907757369376986,-0.6121059825476627,-0.9749279121818236,-0.2225209339563146
0.0,0.0,0.0,0.0,0.0,0.8666666666666667,0.8588805601687689,0.5000000000000003,-0.8660254037844385,-0.9987165071710528,-0.05064916883871355,0.7818314824680298,0.6234898018587336
0.0,0.0,0.0,0.0,0.0,0.8666666666666667,0.8589254454867813,0.5000000000000003,-0.8660254037844385,-0.9884683243281114,0.15142777750457667,0.9749279121818236,-0.22252093395631434
0.0,0.0,0.0,0.0,0.0,0.8666666666666667,0.8589703308047938,0.5000000000000003,-0.8660254037844385,-0.9377521321470804,0.3473052528448203,0.43388373911755823,-0.900968867902419
0.0,0.0,0.0,0.0,0.0,0.8666666666666667,0.8590152161228063,0.5000000000000003,-0.8660254037844385,-0.8486442574947509,0.5289640103269624,-0.433883739117558,-0.9009688679024191
0.0,0.0,0.0,0.0,0.0,0.8666666666666667,0.8590601014408188,0.5000000000000003,-0.8660254037844385,-0.7247927872291207,0.6889669190756859,-0.9749279121818236,-0.2225209339563146
0.0,0.0,0.0,0.0,0.0,0.8666666666666667,0.8592396427128687,0.5000000000000003,-0.8660254037844385,-2.4492935982947064e-16,1.0,0.9749279121818236,-0.22252093395631434
0.0,0.0,0.0,0.0,0.0,0.8666666666666667,0.8592845280308812,1.2246467991473532e-16,-1.0,0.20129852008866006,0.9795299412524945,0.43388373911755823,-0.900968867902419
0.0,0.0,0.0,0.0,0.0,0.8666666666666667,0.8593294133488937,1.2246467991473532e-16,-1.0,0.39435585511331855,0.9189578116202306,-0.433883739117558,-0.9009688679024191
0.0,0.0,0.0,0.0,0.0,0.8666666666666667,0.8593742986669061,1.2246467991473532e-16,-1.0,0.5712682150947923,0.8207634412072763,-0.9749279121818236,-0.2225209339563146
0.0,0.0,0.0,0.0,0.0,0.8666666666666667,0.8595089546209436,1.2246467991473532e-16,-1.0,0.9377521321470804,0.3473052528448203,0.7818314824680298,0.6234898018587336
0.0,0.0,0.0,0.0,0.0,0.8666666666666667,0.8595538399389561,1.2246467991473532e-16,-1.0,0.9884683243281114,0.1514277775045767,0.9749279121818236,-0.22252093395631434
0.0,0.0,0.0,0.0,0.0,0.8666666666666667,0.8595987252569685,1.2246467991473532e-16,-1.0,0.9987165071710528,-0.05064916883871264,0.43388373911755823,-0.900968867902419
0.0,0.0,0.0,0.0,0.0,0.8666666666666667,0.859643610574981,1.2246467991473532e-16,-1.0,0.9680771188662043,-0.2506525322587204,-0.433883739117558,-0.9009688679024191
0.0,0.0,0.0,0.0,0.0,0.8666666666666667,0.8596884958929935,1.2246467991473532e-16,-1.0,0.8978045395707416,-0.4403941515576344,-0.9749279121818236,-0.2225209339563146
0.0,0.0,0.0,0.0,0.0,0.8666666666666667,0.8598231518470308,1.2246467991473532e-16,-1.0,0.48530196253108104,-0.8743466161445821,0.7818314824680298,0.6234898018587336
-0.05591516311291069,-0.05591516311291069,-0.05591516311291069,-0.05591516311291069,6.773080375655535,0.8666666666666667,0.8598680371650433,1.2246467991473532e-16,-1.0,0.29936312297335804,-0.9541392564000488,0.9749279121818236,-0.22252093395631434
0.0,0.0,0.0,0.0,-6.773080375655535,0.8666666666666667,0.8599129224830558,1.2246467991473532e-16,-1.0,0.10116832198743272,-0.994869323391895,0.43388373911755823,-0.900968867902419
0.0,0.0,0.0,0.0,0.0,0.8666666666666667,0.8599578078010683,1.2246467991473532e-16,-1.0,-0.10116832198743204,-0.9948693233918952,-0.433883739117558,-0.9009688679024191
0.0,0.0,0.0,0.0,0.0,0.8666666666666667,0.8600026931190808,1.2246467991473532e-16,-1.0,-0.29936312297335776,-0.9541392564000489,-0.9749279121818236,-0.2225209339563146
0.0,0.0,0.0,0.0,0.0,0.8666666666666667,0.8601822343911307,1.2246467991473532e-16,-1.0,-0.8978045395707417,-0.44039415155763423,0.9749279121818236,-0.22252093395631434
0.0,0.0,0.0,0.0,0.0,0.8666666666666667,0.8602271197091432,1.2246467991473532e-16,-1.0,-0.9680771188662041,-0.2506525322587213,0.43388373911755823,-0.900968867902419
0.0,0.0,0.0,0.0,0.0,0.8666666666666667,0.8602720050271557,1.2246467991473532e-16,-1.0,-0.9987165071710528,-0.05064916883871355,-0.433883739117558,-0.9009688679024191
0.0,0.0,0.0,0.0,0.0,0.8666666666666667,0.8603168903451681,1.2246467991473532e-16,-1.0,-0.9884683243281114,0.15142777750457667,-0.9749279121818236,-0.2225209339563146
0.0,0.0,0.0,0.0,0.0,0.8666666666666667,0.8604515462992056,1.2246467991473532e-16,-1.0,-0.7247927872291207,0.6889669190756859,0.7818314824680298,0.6234898018587336
0.0,0.0,0.0,0.0,0.0,0.8666666666666667,0.8604964316172181,1.2246467991473532e-16,-1.0,-0.5712682150947924,0.8207634412072763,0.9749279121818236,-0.22252093395631434
0.04069416839551455,0.04069416839551455,0.04069416839551455,0.04069416839551455,6.579251212010101,0.8666666666666667,0.8605413169352305,1.2246467991473532e-16,-1.0,-0.3943558551133187,0.9189578116202306,0.43388373911755823,-0.900968867902419
0.0,0.0,0.0,0.0,-6.579251212010101,0.8666666666666667,0.860586202253243,1.2246467991473532e-16,-1.0,-0.20129852008866114,0.9795299412524943,-0.433883739117558,-0.9009688679024191
0.0,0.0,0.0,0.0,0.0,0.8666666666666667,0.8606310875712555,-0.4999999999999997,-0.8660254037844388,0.20129852008866006,0.9795299412524945,-0.9749279121818236,-0.2225209339563146
0.0,0.0,0.0,0.0,0.0,0.8666666666666667,0.8608106288433054,-0.4999999999999997,-0.8660254037844388,0.8486442574947509,0.5289640103269624,0.9749279121818236,-0.22252093395631434
0.0,0.0,0.0,0.0,0.0,0.8666666666666667,0.8608555141613179,-0.4999999999999997,-0.8660254037844388,0.9377521321470804,0.3473052528448203,0.43388373911755823,-0.900968867902419
0.0,0.0,0.0,0.0,0.0,0.8666666666666667,0.8609003994793304,-0.4999999999999997,-0.8660254037844388,0.9884683243281114,0.1514277775045767,-0.433883739117558,-0.9009688679024191
0.0,0.0,0.0,0.0,0.0,0.8666666666666667,0.8609452847973429,-0.4999999999999997,-0.8660254037844388,0.9987165071710528,-0.05064916883871264,-0.9749279121818236,-0.2225209339563146
0.0,0.0,0.0,0.0,0.0,0.8666666666666667,0.8610799407513803,-0.4999999999999997,-0.8660254037844388,0.7907757369376989,-0.6121059825476626,0.7818314824680298,0.6234898018587336
0.0,0.0,0.0,0.0,0.0,0.8666666666666667,0.8611248260693928,-0.4999999999999997,-0.8660254037844388,0.6513724827222223,-0.758758122692791,0.9749279121818236,-0.22252093395631434
0.0,0.0,0.0,0.0,0.0,0.8666666666666667,0.8611697113874053,-0.4999999999999997,-0.8660254037844388,0.48530196253108104,-0.8743466161445821,0.43388373911755823,-0.900968867902419
0.0,0.0,0.0,0.0,0.0,0.8666666666666667,0.8612145967054177,-0.4999999999999997,-0.8660254037844388,0.29936312297335804,-0.9541392564000488,-0.433883739117558,-0.9009688679024191
0.0,0.0,0.0,0.0,0.0,0.8666666666666667,0.8612594820234302,-0.4999999999999997,-0.8660254037844388,0.10116832198743272,-0.994869323391895,-0.9749279121818236,-0.2225209339563146
0.0,0.0,0.0,0.0,0.0,0.8666666666666667,0.8613941379774677,-0.4999999999999997,-0.8660254037844388,-0.4853019625310808,-0.8743466161445822,0.7818314824680298,0.6234898018587336
0.0,0.0,0.0,0.0,0.0,0.8666666666666667,0.86143902329548,-0.4999999999999997,-0.8660254037844388,-0.6513724827222217,-0.7587581226927913,0.9749279121818236,-0.22252093395631434
0.0,0.0,0.0,0.0,0.0,0.8666666666666667,0.8614839086134926,-0.4999999999999997,-0.8660254037844388,-0.7907757369376986,-0.6121059825476627,0.43388373911755823,-0.900968867902419
-0.0390979623195365,-0.0390979623195365,0.0,-0.0390979623195365,7.704361167910313,0.8666666666666667,0.861528793931505,-0.4999999999999997,-0.8660254037844388,-0.8978045395707417,-0.44039415155763423,-0.433883739117558,-0.9009688679024191
0.0,0.0,-0.0390979623195365,0.0,-7.704361167910313,0.8666666666666667,0.8615736792495176,-0.4999999999999997,-0.8660254037844388,-0.9680771188662041,-0.2506525322587213,-0.9749279121818236,-0.2225209339563146
0.0,0.0,0.0,0.0,0.0,0.8666666666666667,0.8617083352035549,-0.4999999999999997,-0.8660254037844388,-0.9377521321470804,0.3473052528448203,0.7818314824680298,0.6234898018587336
0.0,0.0,0.0,0.0,0.0,0.8666666666666667,0.8617532205215674,-0.4999999999999997,-0.8660254037844388,-0.8486442574947509,0.5289640103269624,0.9749279121818236,-0.22252093395631434
0.0,0.0,0.0,0.0,0.0,0.8666666666666667,0.8617981058395799,-0.4999999999999997,-0.8660254037844388,-0.7247927872291207,0.6889669190756859,0.43388373911755823,-0.900968867902419
0.0,0.0,0.0,0.0,0.0,0.8666666666666667,0.8618429911575924,-0.4999999999999997,-0.8660254037844388,-0.5712682150947924,0.8207634412072763,-0.433883739117558,-0.9009688679024191
0.0648375301355685,0.0648375301355685,0.0648375301355685,0.0648375301355685,4.605170185988092,0.8666666666666667,0.8618878764756049,-0.4999999999999997,-0.8660254037844388,-0.3943558551133187,0.9189578116202306,-0.9749279121818236,-0.2225209339563146
0.0,0.0,0.0,0.0,-4.605170185988091,0.8666666666666667,0.8620225324296423,-0.8660254037844385,-0.5000000000000004,0.20129852008866006,0.9795299412524945,0.7818314824680298,0.6234898018587336
0.0,0.0,0.0,0.0,0.0,0.8666666666666667,0.8620674177476548,-0.8660254037844385,-0.5000000000000004,0.39435585511331855,0.9189578116202306,0.9749279121818236,-0.22252093395631434
0.0,0.0,0.0,0.0,0.0,0.8666666666666667,0.8621123030656673,-0.8660254037844385,-0.5000000000000004,0.5712682150947923,0.8207634412072763,0.43388373911755823,-0.900968867902419
0.0,0.0,0.0,0.0,0.0,0.8666666666666667,0.8621571883836797,-0.8660254037844385,-0.5000000000000004,0.72479278722912,0.6889669190756866,-0.433883739117558,-0.9009688679024191
0.0,0.0,0.0,0.0,0.0,0.8666666666666667,0.8622020737016922,-0.8660254037844385,-0.5000000000000004,0.8486442574947509,0.5289640103269624,-0.9749279121818236,-0.2225209339563146
0.0,0.0,0.0,0.0,0.0,0.8666666666666667,0.8623367296557297,-0.8660254037844385,-0.5000000000000004,0.9987165071710528,-0.05064916883871264,0.7818314824680298,0.6234898018587336
0.0,0.0,0.0,0.0,0.0,0.8666666666666667,0.8623816149737421,-0.8660254037844385,-0.5000000000000004,0.9680771188662043,-0.2506525322587204,0.9749279121818236,-0.22252093395631434
0.0,0.0,0.0,0.0,0.0,0.8666666666666667,0.8624265002917546,-0.8660254037844385,-0.5000000000000004,0.8978045395707416,-0.4403941515576344,0.43388373911755823,-0.900968867902419
-0.015971489195069376,-0.015971489195069376,-0.015971489195069376,-0.015971489195069376,4.605170185988092,0.8666666666666667,0.8624713856097671,-0.8660254037844385,-0.5000000000000004,0.7907757369376989,-0.6121059825476626,-0.433883739117558,-0.9009688679024191
0.0,0.0,0.0,0.0,-4.605170185988091,0.8666666666666667,0.8625162709277796,-0.8660254037844385,-0.5000000000000004,0.6513724827222223,-0.758758122692791,-0.9749279121818236,-0.2225209339563146
0.0,0.0,0.0,0.0,0.0,0.8666666666666667,0.862650926881817,-0.8660254037844385,-0.5000000000000004,0.10116832198743272,-0.994869323391895,0.7818314824680298,0.6234898018587336
0.0,0.0,0.0,0.0,0.0,0.8666666666666667,0.8626958121998295,-0.8660254037844385,-0.5000000000000004,-0.10116832198743204,-0.9948693233918952,0.9749279121818236,-0.22252093395631434
-0.06009311570237592,-0.053021427094006715,-0.06009311570237592,-0.053021427094006715,8.327484416188264,0.8666666666666667,0.862740697517842,-0.8660254037844385,-0.5000000000000004,-0.29936312297335776,-0.9541392564000489,0.43388373911755823,-0.900968867902419
0.002899024493457337,-0.004172664114911908,0.002899024493457337,-0.004172664114911908,-1.2756287932323713,0.8666666666666667,0.8627855828358545,-0.8660254037844385,-0.5000000000000004,-0.4853019625310808,-0.8743466161445822,-0.433883739117558,-0.9009688679024191
0.0,0.0,0.0,0.0,-7.051855622955894,0.8666666666666667,0.8628304681538669,-0.8660254037844385,-0.5000000000000004,-0.6513724827222217,-0.7587581226927913,-0.9749279121818236,-0.2225209339563146
0.0,0.0,0.0,0.0,0.0,0.8666666666666667,0.8629651241079044,-0.8660254037844385,-0.5000000000000004,-0.9680771188662041,-0.2506525322587213,0.7818314824680298,0.6234898018587336
0.0,0.0,0.0,0.0,0.0,0.8666666666666667,0.8630100094259169,-0.8660254037844385,-0.5000000000000004,-0.9987165071710528,-0.05064916883871355,0.9749279121818236,-0.22252093395631434
0.0,0.0,0.0,0.0,0.0,0.8666666666666667,0.8630548947439293,-0.8660254037844385,-0.5000000000000004,-0.9884683243281114,0.15142777750457667,0.43388373911755823,-0.900968867902419
0.0,0.0,0.0,0.0,0.0,0.8666666666666667,0.8630997800619418,-0.8660254037844385,-0.5000000000000004,-0.9377521321470804,0.3473052528448203,-0.433883739117558,-0.9009688679024191
0.0,0.0,0.0,0.0,0.0,0.8666666666666667,0.8631446653799543,-0.8660254037844385,-0.5000000000000004,-0.8486442574947509,0.5289640103269624,-0.9749279121818236,-0.2225209339563146
0.0,0.0,0.0,0.0,0.0,0.8666666666666667,0.8632793213339917,-0.8660254037844385,-0.5000000000000004,-0.3943558551133187,0.9189578116202306,0.7818314824680298,0.6234898018587336
0.0,0.0,0.0,0.0,0.0,0.8666666666666667,0.8633242066520042,-0.8660254037844385,-0.5000000000000004,-0.20129852008866114,0.9795299412524943,0.9749279121818236,-0.22252093395631434
0.0,0.0,0.0,0.0,0.0,0.8666666666666667,0.8633690919700167,-0.8660254037844385,-0.5000000000000004,-2.4492935982947064e-16,1.0,0.43388373911755823,-0.900968867902419
-0.18032937240956176,-0.14104936297427456,-0.14104936297427456,-0.18032937240956176,5.318119993844216,0.8666666666666667,0.8634139772880292,-1.0,-1.8369701987210297e-16,0.20129852008866006,0.9795299412524945,-0.433883739117558,-0.9009688679024191
0.0,-0.03928000943528732,-0.03928000943528732,0.0,-5.318119993844216,0.8666666666666667,0.8634588626060417,-1.0,-1.8369701987210297e-16,0.39435585511331855,0.9189578116202306,-0.9749279121818236,-0.2225209339563146
0.0,0.0,0.0,0.0,0.0,0.8666666666666667,0.8636384038780915,-1.0,-1.8369701987210297e-16,0.9377521321470804,0.3473052528448203,0.9749279121818236,-0.22252093395631434
0.0,0.0,0.0,0.0,0.0,0.8666666666666667,0.863683289196104,-1.0,-1.8369701987210297e-16,0.9884683243281114,0.1514277775045767,0.43388373911755823,-0.900968867902419
0.050329817675371764,0.050329817675371764,0.050329817675371764,0.050329817675371764,6.45833828334479,0.8666666666666667,0.8637281745141165,-1.0,-1.8369701987210297e-16,0.9987165071710528,-0.05064916883871264,-0.433883739117558,-0.9009688679024191
-0.0944314110363058,-0.0944314110363058,-0.0944314110363058,-0.0944314110363058,-1.1402182895005735,0.8666666666666667,0.8637730598321289,-1.0,-1.8369701987210297e-16,0.9680771188662043,-0.2506525322587204,-0.9749279121818236,-0.2225209339563146
0.08670939852152382,0.08670939852152382,0.08670939852152382,0.08670939852152382,-0.712949807856125,0.8666666666666667,0.8639077157861664,-1.0,-1.8369701987210297e-16,0.6513724827222223,-0.758758122692791,0.7818314824680298,0.6234898018587336
-0.07510234356980977,0.051791527563267256,0.051791527563267256,-0.07510234356980977,1.2556160374777743,0.8666666666666667,0.8639526011041789,-1.0,-1.8369701987210297e-16,0.48530196253108104,-0.8743466161445821,0.9749279121818236,-0.22252093395631434
0.0,-0.12689387113307715,-0.12689387113307715,0.0,-5.860786223465865,0.8666666666666667,0.8639974864221913,-1.0,-1.8369701987210297e-16,0.29936312297335804,-0.9541392564000488,0.43388373911755823,-0.900968867902419
0.10241152278728387,0.10241152278728387,0.10241152278728387,0.10241152278728387,5.594711379601839,0.8666666666666667,0.8640423717402038,-1.0,-1.8369701987210297e-16,0.10116832198743272,-0.994869323391895,-0.433883739117558,-0.9009688679024191
-0.08779538878272526,0.04888249327572566,-0.02215455107244287,-0.08779538878272526,1.471755590535119,0.8666666666666667,0.8640872570582163,-1.0,-1.8369701987210297e-16,-0.10116832198743204,-0.9948693233918952,-0.9749279121818236,-0.2225209339563146
0.0,-0.13667788205845097,-0.06564083771028244,0.0,-7.066466970136958,0.8666666666666667,0.8642219130122537,-1.0,-1.8369701987210297e-16,-0.6513724827222217,-0.7587581226927913,0.7818314824680298,0.6234898018587336
0.04148059825036715,0.04148059825036715,0.04148059825036715,0.04148059825036715,8.214465160759186,0.8666666666666667,0.8642667983302662,-1.0,-1.8369701987210297e-16,-0.7907757369376986,-0.6121059825476627,0.9749279121818236,-0.22252093395631434
0.0,0.0,0.0,0.0,-8.214465160759186,0.8666666666666667,0.8643116836482787,-1.0,-1.8369701987210297e-16,-0.8978045395707417,-0.44039415155763423,0.43388373911755823,-0.900968867902419
-0.006416329883362654,0.016788335276697788,0.016788335276697788,-0.006416329883362654,6.99117688712121,0.8666666666666667,0.8643565689662912,-1.0,-1.8369701987210297e-16,-0.9680771188662041,-0.2506525322587213,-0.433883739117558,-0.9009688679024191
-0.03506426836700451,0.03489990965864494,-0.05826893352706495,0.05810457481870541,-1.21043337132888,0.8666666666666667,0.8644014542843037,-1.0,-1.8369701987210297e-16,-0.9987165071710528,-0.05064916883871355,-0.9749279121818236,-0.2225209339563146
0.018263547070326094,-0.07490529611538387,0.018263547070326094,-0.07490529611538387,-1.0622446444972349,0.8666666666666667,0.8645361102383411,-1.0,-1.8369701987210297e-16,-0.8486442574947509,0.5289640103269624,0.7818314824680298,0.6234898018587336
-0.017087741085681455,-0.017087741085681455,-0.017087741085681455,-0.017087741085681455,2.285475265427585,0.8666666666666667,0.8645809955563536,-1.0,-1.8369701987210297e-16,-0.7247927872291207,0.6889669190756859,0.9749279121818236,-0.22252093395631434
0.023229789265876103,0.023229789265876103,0.023229789265876103,0.023229789265876103,-1.7056567701746432,0.8666666666666667,0.8646258808743661,-1.0,-1.8369701987210297e-16,-0.5712682150947924,0.8207634412072763,0.43388373911755823,-0.900968867902419
0.0,0.0,0.0,0.0,-5.298317366548036,0.8666666666666667,0.8646707661923785,-1.0,-1.8369701987210297e-16,-0.3943558551133187,0.9189578116202306,-0.433883739117558,-0.9009688679024191
0.0,0.0,0.0,0.0,0.0,0.8666666666666667,0.864715651510391,-1.0,-1.8369701987210297e-16,-0.20129852008866114,0.9795299412524943,-0.9749279121818236,-0.2225209339563146
0.0,0.0,0.0,0.0,0.0,0.8666666666666667,0.8648503074644285,-0.866025403784439,0.49999999999999933,0.5712682150947923,0.8207634412072763,0.7818314824680298,0.6234898018587336
0.0,0.0,0.0,0.0,0.0,0.8666666666666667,0.8648951927824409,-0.866025403784439,0.49999999999999933,0.72479278722912,0.6889669190756866,0.9749279121818236,-0.22252093395631434
0.0,0.0,0.0,0.0,0.0,0.8666666666666667,0.8649400781004534,-0.866025403784439,0.49999999999999933,0.8486442574947509,0.5289640103269624,0.43388373911755823,-0.900968867902419
0.0,0.0,0.0,0.0,0.0,0.8666666666666667,0.8649849634184659,-0.866025403784439,0.49999999999999933,0.9377521321470804,0.3473052528448203,-0.433883739117558,-0.9009688679024191
0.0,0.0,0.0,0.0,0.0,0.8666666666666667,0.8650298487364784,-0.866025403784439,0.49999999999999933,0.9884683243281114,0.1514277775045767,-0.9749279121818236,-0.2225209339563146
0.0,0.0,0.0,0.0,0.0,0.8666666666666667,0.8651645046905158,-0.866025403784439,0.49999999999999933,0.8978045395707416,-0.4403941515576344,0.7818314824680298,0.6234898018587336
0.0,0.0,0.0,0.0,0.0,0.8666666666666667,0.8652093900085283,-0.866025403784439,0.49999999999999933,0.7907757369376989,-0.6121059825476626,0.9749279121818236,-0.22252093395631434
0.0,0.0,0.0,0.0,0.0,0.8666666666666667,0.8652542753265408,-0.866025403784439,0.49999999999999933,0.6513724827222223,-0.758758122692791,0.43388373911755823,-0.900968867902419
0.0,0.0,0.0,0.0,0.0,0.8666666666666667,0.8652991606445533,-0.866025403784439,0.49999999999999933,0.48530196253108104,-0.8743466161445821,-0.433883739117558,-0.9009688679024191
0.0,0.0,0.0,0.0,0.0,0.8666666666666667,0.8653440459625658,-0.866025403784439,0.49999999999999933,0.29936312297335804,-0.9541392564000488,-0.9749279121818236,-0.2225209339563146
0.0,0.0,0.0,0.0,0.0,0.8666666666666667,0.8654787019166031,-0.866025403784439,0.49999999999999933,-0.29936312297335776,-0.9541392564000489,0.7818314824680298,0.6234898018587336
0.07304135921650837,0.07304135921650837,0.07304135921650837,0.07304135921650837,8.214465160759186,0.8666666666666667,0.8655235872346156,-0.866025403784439,0.49999999999999933,-0.4853019625310808,-0.8743466161445822,0.9749279121818236,-0.22252093395631434
-0.012889566438965914,-0.012889566438965914,-0.012889566438965914,-0.012889566438965914,-0.0008124577291867133,0.8666666666666667,0.8655684725526281,-0.866025403784439,0.49999999999999933,-0.6513724827222217,-0.7587581226927913,0.43388373911755823,-0.900968867902419
0.030170890971465646,0.030170890971465646,0.030170890971465646,0.030170890971465646,-1.3404888688174805,0.8666666666666667,0.8656133578706405,-0.866025403784439,0.49999999999999933,-0.7907757369376986,-0.6121059825476627,-0.433883739117558,-0.9009688679024191
0.0,0.0,0.0,0.0,-6.873163834212518,0.8666666666666667,0.865658243188653,-0.866025403784439,0.49999999999999933,-0.8978045395707417,-0.44039415155763423,-0.9749279121818236,-0.2225209339563146
0.02656704262113058,0.02656704262113058,0.02656704262113058,0.02656704262113058,5.25227342804663,0.8666666666666667,0.8657928991426905,-0.866025403784439,0.49999999999999933,-0.9884683243281114,0.15142777750457667,0.7818314824680298,0.6234898018587336
0.0,0.0,0.0,0.0,-5.25227342804663,0.8666666666666667,0.8658377844607029,-0.866025403784439,0.49999999999999933,-0.9377521321470804,0.3473052528448203,0.9749279121818236,-0.22252093395631434
-0.058180447949754105,-0.058180447949754105,-0.058180447949754105,-0.058180447949754105,6.432940092739179,0.8666666666666667,0.8658826697787154,-0.866025403784439,0.49999999999999933,-0.8486442574947509,0.5289640103269624,0.43388373911755823,-0.900968867902419
0.0,0.0,0.0,0.0,-6.432940092739179,0.8666666666666667,0.8659275550967279,-0.866025403784439,0.49999999999999933,-0.7247927872291207,0.6889669190756859,-0.433883739117558,-0.9009688679024191
0.0,0.0,0.0,0.0,0.0,0.8666666666666667,0.8659724404147404,-0.866025403784439,0.49999999999999933,-0.5712682150947924,0.8207634412072763,-0.9749279121818236,-0.2225209339563146
0.0,0.0,0.0,0.0,0.0,0.8666666666666667,0.8661070963687778,-0.866025403784439,0.49999999999999933,-2.4492935982947064e-16,1.0,0.7818314824680298,0.6234898018587336
0.11283884667015655,0.11283884667015655,0.11283884667015655,0.11283884667015655,5.14166355650266,0.8666666666666667,0.8661519816867903,-0.5000000000000012,0.8660254037844379,0.20129852008866006,0.9795299412524945,0.9749279121818236,-0.22252093395631434
0.0,0.0,0.0,0.0,-5.14166355650266,0.8666666666666667,0.8661968670048028,-0.5000000000000012,0.8660254037844379,0.39435585511331855,0.9189578116202306,0.43388373911755823,-0.900968867902419
0.0,0.0,0.0,0.0,0.0,0.8666666666666667,0.8662417523228153,-0.5000000000000012,0.8660254037844379,0.5712682150947923,0.8207634412072763,-0.433883739117558,-0.9009688679024191
-0.05704468252130999,-0.05543501770849693,-0.05704468252130999,-0.05543501770849693,7.419380582918692,0.8666666666666667,0.8662866376408277,-0.5000000000000012,0.8660254037844379,0.72479278722912,0.6889669190756866,-0.9749279121818236,-0.2225209339563146
0.001609664812813012,0.0,0.001609664812813012,0.0,-7.419380582918692,0.8666666666666667,0.8664212935948652,-0.5000000000000012,0.8660254037844379,0.9884683243281114,0.1514277775045767,0.7818314824680298,0.6234898018587336
0.0,0.0,0.0,0.0,0.0,0.8666666666666667,0.8664661789128777,-0.5000000000000012,0.8660254037844379,0.9987165071710528,-0.05064916883871264,0.9749279121818236,-0.22252093395631434
0.07301013810631644,0.07301013810631644,0.07301013810631644,0.07301013810631644,6.163314804034641,0.8666666666666667,0.8665110642308901,-0.5000000000000012,0.8660254037844379,0.9680771188662043,-0.2506525322587204,0.43388373911755823,-0.900968867902419
0.0,0.0,0.0,0.0,-6.163314804034641,0.8666666666666667,0.8665559495489026,-0.5000000000000012,0.8660254037844379,0.8978045395707416,-0.4403941515576344,-0.433883739117558,-0.9009688679024191
0.016648689697539115,0.016648689697539115,0.016648689697539115,0.016648689697539115,5.66988092298052,0.8666666666666667,0.8666008348669151,-0.5000000000000012,0.8660254037844379,0.7907757369376989,-0.6121059825476626,-0.9749279121818236,-0.2225209339563146
0.0,0.0,0.0,0.0,-5.66988092298052,0.8666666666666667,0.8667354908209525,-0.5000000000000012,0.8660254037844379,0.29936312297335804,-0.9541392564000488,0.7818314824680298,0.6234898018587336
-0.009389716806476503,-0.009389716806476503,-0.009389716806476503,-0.009389716806476503,6.131226489483141,0.8666666666666667,0.866780376138965,-0.5000000000000012,0.8660254037844379,0.10116832198743272,-0.994869323391895,0.9749279121818236,-0.22252093395631434
0.0,0.0,0.0,0.0,-6.131226489483141,0.8666666666666667,0.8668252614569775,-0.5000000000000012,0.8660254037844379,-0.10116832198743204,-0.9948693233918952,0.43388373911755823,-0.900968867902419
0.0,0.0,0.0,0.0,0.0,0.8666666666666667,0.86687014677499,-0.5000000000000012,0.8660254037844379,-0.29936312297335776,-0.9541392564000489,-0.433883739117558,-0.9009688679024191
0.0,0.0,0.0,0.0,0.0,0.8666666666666667,0.8669150320930025,-0.5000000000000012,0.8660254037844379,-0.4853019625310808,-0.8743466161445822,-0.9749279121818236,-0.2225209339563146
0.0,0.0,0.0,0.0,0.0,0.8666666666666667,0.8670496880470399,-0.5000000000000012,0.8660254037844379,-0.8978045395707417,-0.44039415155763423,0.7818314824680298,0.6234898018587336
0.0,0.0,0.0,0.0,0.0,0.8666666666666667,0.8670945733650524,-0.5000000000000012,0.8660254037844379,-0.9680771188662041,-0.2506525322587213,0.9749279121818236,-0.22252093395631434
0.0,0.0,0.0,0.0,0.0,0.8666666666666667,0.8671394586830649,-0.5000000000000012,0.8660254037844379,-0.9987165071710528,-0.05064916883871355,0.43388373911755823,-0.900968867902419
0.0,0.0,0.0,0.0,0.0,0.8666666666666667,0.8672292293190897,-0.5000000000000012,0.8660254037844379,-0.9377521321470804,0.3473052528448203,-0.9749279121818236,-0.2225209339563146
0.0,0.0,0.0,0.0,0.0,0.8666666666666667,0.8673638852731272,-0.5000000000000012,0.8660254037844379,-0.5712682150947924,0.8207634412072763,0.7818314824680298,0.6234898018587336
0.0,0.0,0.0,0.0,0.0,0.8666666666666667,0.8674087705911397,-0.5000000000000012,0.8660254037844379,-0.3943558551133187,0.9189578116202306,0.9749279121818236,-0.22252093395631434
0.0,0.0,0.0,0.0,0.0,0.8666666666666667,0.8674536559091521,-0.5000000000000012,0.8660254037844379,-0.20129852008866114,0.9795299412524943,0.43388373911755823,-0.900968867902419
0.0,0.0,0.0,0.0,0.0,0.8666666666666667,0.8674985412271646,-2.4492935982947064e-16,1.0,0.20129852008866006,0.9795299412524945,-0.433883739117558,-0.9009688679024191
0.0,0.0,0.0,0.0,0.0,0.8666666666666667,0.8675434265451771,-2.4492935982947064e-16,1.0,0.39435585511331855,0.9189578116202306,-0.9749279121818236,-0.2225209339563146
0.0,0.0,0.0,0.0,0.0,0.8666666666666667,0.8676780824992145,-2.4492935982947064e-16,1.0,0.8486442574947509,0.5289640103269624,0.7818314824680298,0.6234898018587336
0.0,0.0,0.0,0.0,0.0,0.8666666666666667,0.867722967817227,-2.4492935982947064e-16,1.0,0.9377521321470804,0.3473052528448203,0.9749279121818236,-0.22252093395631434
0.0,0.0,0.0,0.0,0.0,0.8666666666666667,0.8677678531352395,-2.4492935982947064e-16,1.0,0.9884683243281114,0.1514277775045767,0.43388373911755823,-0.900968867902419
0.021773823541367678,0.021773823541367678,0.021773823541367678,0.021773823541367678,6.810142450115136,0.8666666666666667,0.867812738453252,-2.4492935982947064e-16,1.0,0.9987165071710528,-0.05064916883871264,-0.433883739117558,-0.9009688679024191
0.0,0.0,0.0,0.0,-6.810142450115136,0.8666666666666667,0.8678576237712645,-2.4492935982947064e-16,1.0,0.9680771188662043,-0.2506525322587204,-0.9749279121818236,-0.2225209339563146
